1,0
2,0
3,0
4,1005
5,1005
6,1004
7,1004
8,1005
9,1005
10,1004
11,1004
12,0
13,0
14,0
15,0
16,0
17,0
18,0
19,0
20,1005
21,1005
22,1005
23,1005
24,1005
25,1005
26,1005
27,1005
28,1005
29,0
30,0
31,0
32,0
33,0
34,0
35,0
36,0
37,1005
38,1005
39,1005
40,1005
41,1005
42,1005
43,1005
44,1004
45,0
46,0
47,0
48,0
49,0
50,0
51,0
52,0
53,1005
54,1005
55,1006
56,1005
57,1005
58,1005
59,1005
60,1005
61,1005
62,0
63,0
64,0
65,0
66,0
67,0
68,0
69,0
70,1005
71,1005
72,1005
73,1006
74,1005
75,1005
76,1005
77,1005
78,0
79,0
80,0
81,0
82,0
83,0
84,0
85,0
86,0
87,1005
88,1004
89,1005
90,1005
91,1005
92,1004
93,1005
94,1005
95,0
96,0
97,0
98,0
99,0
100,0
101,0
102,0
103,1005
104,1005
105,1005
106,1005
107,1005
108,1005
109,1005
110,1005
111,1005
112,0
113,0
114,0
115,0
116,0
117,0
118,0
119,0
120,1005
121,1005
122,1005
123,1005
124,1005
125,1005
126,1005
127,1005
128,0
129,0
130,0
131,0
132,0
133,0
134,0
135,0
136,0
137,1004
138,1005
139,1005
140,1005
141,1005
142,1005
143,1005
144,1005
145,0
146,0
147,0
148,0
149,0
150,0
151,0
152,0
153,1004
154,1005
155,1005
156,1005
157,1005
158,1005
159,1005
160,1005
161,1005
162,0
163,0
164,0
165,0
166,0
167,0
168,0
169,0
170,1005
171,1005
172,1005
173,1004
174,1004
175,1004
176,1005
177,1005
178,0
179,0
180,0
181,0
182,0
183,0
184,0
185,0
186,0
187,1005
188,1005
189,1005
190,1005
191,1005
192,1005
193,1005
194,1005
195,0
196,0
197,0
198,0
199,0
200,0
201,0
202,0
203,1006
204,1004
205,1005
206,1005
207,1005
208,1005
209,1005
210,1005
211,1005
212,0
213,0
214,0
215,0
216,0
217,0
218,0
219,0
220,1005
221,1005
222,1005
223,1005
224,1005
225,1005
226,1005
227,1005
228,0
229,0
230,0
231,0
232,0
233,0
234,0
235,0
236,0
237,1005
238,1005
239,1005
240,1005
241,1005
242,1005
243,1005
244,1005
245,0
246,0
247,0
248,0
249,0
250,0
251,0
252,0
253,1005
254,1005
255,1005
256,1005
257,1004
258,1005
259,1004
260,1005
261,0
262,0
263,0
264,0
265,0
266,0
267,0
268,0
269,0
270,1005
271,1005
272,1005
273,1005
274,1005
275,1005
276,1005
277,1005
278,0
279,0
280,0
281,0
282,0
283,0
284,0
285,0
286,1005
287,1005
288,1005
289,1005
290,1005
291,1005
292,1005
293,1005
294,1005
295,0
296,0
297,0
298,0
299,0
300,0
301,0
302,0
303,1005
304,1005
305,1005
306,1005
307,1005
308,1005
309,1005
310,1005
311,0
312,0
313,0
314,0
315,0
316,0
317,0
318,0
319,0
320,1005
321,1005
322,1005
323,1005
324,1005
325,1005
326,1005
327,1005
328,0
329,0
330,0
331,0
332,0
333,0
334,0
335,0
336,1005
337,1005
338,1005
339,1005
340,1005
341,1005
342,1005
343,1005
344,1005
345,0
346,0
347,0
348,0
349,0
350,0
351,0
352,0
353,1005
354,1005
355,1005
356,1005
357,1005
358,1005
359,1005
360,1005
361,0
362,0
363,0
364,0
365,0
366,0
367,0
368,0
369,0
370,1005
371,1005
372,1005
373,1005
374,1005
375,1005
376,1005
377,1005
378,0
379,0
380,0
381,0
382,0
383,0
384,0
385,0
386,1005
387,1005
388,1005
389,1005
390,1005
391,1004
392,1005
393,1005
394,1005
395,0
396,0
397,0
398,0
399,0
400,0
401,0
402,0
403,1005
404,1005
405,1005
406,1005
407,1005
408,1004
409,1005
410,1005
411,0
412,0
413,0
414,0
415,0
416,0
417,0
418,0
419,0
420,1005
421,1005
422,1005
423,1005
424,1005
425,1005
426,1005
427,1004
428,0
429,0
430,0
431,0
432,0
433,0
434,0
435,0
436,1005
437,1004
438,1005
439,1005
440,1005
441,1005
442,1005
443,1005
444,1005
445,0
446,0
447,0
448,0
449,0
450,0
451,0
452,0
453,1005
454,1005
455,1005
456,1005
457,1005
458,1005
459,1005
460,1005
461,0
462,0
463,0
464,0
465,0
466,0
467,0
468,0
469,1005
470,1005
471,1005
472,1005
473,1005
474,1005
475,1005
476,1005
477,1004
478,0
479,0
480,0
481,0
482,0
483,0
484,0
485,0
486,1005
487,1005
488,1005
489,1005
490,1005
491,1005
492,1005
493,1005
494,0
495,0
496,0
497,0
498,0
499,0
500,0
501,0
502,0
503,1005
504,1005
505,1005
506,1005
507,1005
508,1004
509,1005
510,1005
511,0
512,0
513,0
514,0
515,0
516,0
517,0
518,0
519,1005
520,1005
521,1005
522,1005
523,1005
524,1005
525,1004
526,1005
527,1005
528,0
529,0
530,0
531,0
532,0
533,0
534,0
535,0
536,1005
537,1005
538,1005
539,1005
540,1005
541,1004
542,1004
543,1005
544,0
545,0
546,0
547,0
548,0
549,0
550,0
551,0
552,0
553,1005
554,1005
555,1005
556,1005
557,1005
558,1005
559,1005
560,1005
561,0
562,0
563,0
564,0
565,0
566,0
567,0
568,0
569,1004
570,1005
571,1005
572,1005
573,1005
574,1005
575,1005
576,1004
577,1005
578,0
579,0
580,0
581,0
582,0
583,0
584,0
585,0
586,1005
587,1005
588,1005
589,1005
590,1005
591,1005
592,1004
593,1005
594,0
595,0
596,0
597,0
598,0
599,0
600,0
601,0
602,0
603,1005
604,1004
605,1005
606,1005
607,1005
608,1005
609,1005
610,1005
611,0
612,0
613,0
614,0
615,0
616,0
617,0
618,0
619,1005
620,1005
621,1005
622,1005
623,1005
624,1005
625,1004
626,1005
627,1005
628,0
629,0
630,0
631,0
632,0
633,0
634,0
635,0
636,1004
637,1005
638,1005
639,1005
640,1005
641,1005
642,1005
643,1004
644,0
645,0
646,0
647,0
648,0
649,0
650,0
651,0
652,0
653,1005
654,1005
655,1005
656,1005
657,1005
658,1005
659,1005
660,1005
661,0
662,0
663,0
664,0
665,0
666,0
667,0
668,0
669,1005
670,1005
671,1005
672,1005
673,1005
674,1005
675,1005
676,1005
677,0
678,0
679,0
680,0
681,0
682,0
683,0
684,0
685,0
686,1004
687,1005
688,1005
689,1005
690,1005
691,1004
692,1005
693,1005
694,0
695,0
696,0
697,0
698,0
699,0
700,0
701,0
702,1005
703,1005
704,1005
705,1005
706,1005
707,1005
708,1005
709,1005
710,1005
711,0
712,0
713,0
714,0
715,0
716,0
717,0
718,0
719,1005
720,1005
721,1005
722,1005
723,1004
724,1005
725,1005
726,1003
727,0
728,0
729,0
730,0
731,0
732,0
733,0
734,0
735,0
736,1005
737,1005
738,1005
739,1005
740,1005
741,1005
742,1005
743,1005
744,0
745,0
746,0
747,0
748,0
749,0
750,0
751,0
752,1005
753,1004
754,1004
755,1005
756,1005
757,1005
758,1005
759,1005
760,1005
761,0
762,0
763,0
764,0
765,0
766,0
767,0
768,0
769,1005
770,1006
771,1005
772,1005
773,1005
774,1005
775,1005
776,1005
777,0
778,0
779,0
780,0
781,0
782,0
783,0
784,0
785,0
786,1005
787,1005
788,1005
789,1004
790,1005
791,1005
792,1005
793,1005
794,0
795,0
796,0
797,0
798,0
799,0
800,0
801,0
802,1005
803,1005
804,1006
805,1005
806,1005
807,1005
808,1004
809,1004
810,1005
811,0
812,0
813,0
814,0
815,0
816,0
817,0
818,0
819,1005
820,1005
821,1004
822,1005
823,1005
824,1004
825,1004
826,1005
827,0
828,0
829,0
830,0
831,0
832,0
833,0
834,0
835,0
836,1005
837,1005
838,1005
839,1005
840,1005
841,1005
842,1005
843,1005
844,0
845,0
846,0
847,0
848,0
849,0
850,0
851,0
852,1005
853,1005
854,1005
855,1005
856,1005
857,1005
858,1005
859,1005
860,1004
861,0
862,0
863,0
864,0
865,0
866,0
867,0
868,0
869,1005
870,1005
871,1005
872,1005
873,1005
874,1005
875,1005
876,1005
877,0
878,0
879,0
880,0
881,0
882,0
883,0
884,0
885,1005
886,1005
887,1005
888,1005
889,1005
890,1005
891,1004
892,1005
893,1004
894,0
895,0
896,0
897,0
898,0
899,0
900,0
901,0
902,1005
903,1005
904,1005
905,1005
906,1005
907,1005
908,1005
909,1005
910,0
911,0
912,0
913,0
914,0
915,0
916,0
917,0
918,0
919,1005
920,1005
921,1005
922,1005
923,1005
924,1005
925,1005
926,1005
927,0
928,0
929,0
930,0
931,0
932,0
933,0
934,0
935,1005
936,1005
937,1005
938,1005
939,1004
940,1005
941,1005
942,1005
943,1005
944,0
945,0
946,0
947,0
948,0
949,0
950,0
951,0
952,1005
953,1004
954,1005
955,1005
956,1005
957,1005
958,1005
959,1005
960,0
961,0
962,0
963,0
964,0
965,0
966,0
967,0
968,0
969,1005
970,1005
971,1005
972,1005
973,1005
974,1005
975,1005
976,1004
977,0
978,0
979,0
980,0
981,0
982,0
983,0
984,0
985,1004
986,1004
987,1005
988,1005
989,1005
990,1005
991,1005
992,1005
993,1005
994,0
995,0
996,0
997,0
998,0
999,0
1000,0
1001,0
1002,1005
1003,1005
1004,1005
1005,1005
1006,1005
1007,1005
1008,1005
1009,1005
1010,0
1011,0
1012,0
1013,0
1014,0
1015,0
1016,0
1017,0
1018,0
1019,1005
1020,1005
1021,1005
1022,1005
1023,1005
1024,1005
1025,1005
1026,1005
1027,0
1028,0
1029,0
1030,0
1031,0
1032,0
1033,0
1034,0
1035,1005
1036,1005
1037,1005
1038,1005
1039,1005
1040,1005
1041,1005
1042,1005
1043,1005
1044,0
1045,0
1046,0
1047,0
1048,0
1049,0
1050,0
1051,0
1052,1005
1053,1005
1054,1005
1055,1005
1056,1005
1057,1005
1058,1005
1059,1004
1060,0
1061,0
1062,0
1063,0
1064,0
1065,0
1066,0
1067,0
1068,0
1069,1005
1070,1005
1071,1005
1072,1005
1073,1005
1074,1005
1075,1005
1076,1005
1077,0
1078,0
1079,0
1080,0
1081,0
1082,0
1083,0
1084,0
1085,1005
1086,1005
1087,1005
1088,1005
1089,1004
1090,1005
1091,1005
1092,1004
1093,0
1094,0
1095,0
1096,0
1097,0
1098,0
1099,0
1100,0
1101,0
1102,1004
1103,1005
1104,1004
1105,1005
1106,1005
1107,1005
1108,1005
1109,1005
1110,0
1111,0
1112,0
1113,0
1114,0
1115,0
1116,0
1117,0
1118,1005
1119,1005
1120,1005
1121,1005
1122,1005
1123,1005
1124,1005
1125,1005
1126,1004
1127,0
1128,0
1129,0
1130,0
1131,0
1132,0
1133,0
1134,0
1135,1005
1136,1005
1137,1004
1138,1005
1139,1005
1140,1005
1141,1004
1142,1005
1143,0
1144,0
1145,0
1146,0
1147,0
1148,0
1149,0
1150,0
1151,0
1152,1005
1153,1005
1154,1005
1155,1005
1156,1006
1157,1005
1158,1005
1159,1004
1160,0
1161,0
1162,0
1163,0
1164,0
1165,0
1166,0
1167,0
1168,1005
1169,1005
1170,1005
1171,1005
1172,1004
1173,1005
1174,1005
1175,1004
1176,1004
1177,0
1178,0
1179,0
1180,0
1181,0
1182,0
1183,0
1184,0
1185,1005
1186,1005
1187,1005
1188,1005
1189,1005
1190,1005
1191,1005
1192,1005
1193,0
1194,0
1195,0
1196,0
1197,0
1198,0
1199,0
1200,0
1201,0
1202,1005
1203,1005
1204,1005
1205,1005
1206,1005
1207,1005
1208,1005
1209,1005
1210,0
1211,0
1212,0
1213,0
1214,0
1215,0
1216,0
1217,0
1218,1005
1219,1005
1220,1005
1221,1005
1222,1005
1223,1005
1224,1005
1225,1005
1226,1005
1227,0
1228,0
1229,0
1230,0
1231,0
1232,0
1233,0
1234,0
1235,1005
1236,1005
1237,1005
1238,1005
1239,1005
1240,1005
1241,1005
1242,1005
1243,0
1244,0
1245,0
1246,0
1247,0
1248,0
1249,0
1250,0
1251,0
1252,1005
1253,1005
1254,1005
1255,1004
1256,1005
1257,1005
1258,1005
1259,1005
1260,0
1261,0
1262,0
1263,0
1264,0
1265,0
1266,0
1267,0
1268,1005
1269,1005
1270,1005
1271,1005
1272,1005
1273,1005
1274,1005
1275,1005
1276,1004
1277,0
1278,0
1279,0
1280,0
1281,0
1282,0
1283,0
1284,0
1285,1005
1286,1005
1287,1005
1288,1005
1289,1005
1290,1005
1291,1005
1292,1005
1293,0
1294,0
1295,0
1296,0
1297,0
1298,0
1299,0
1300,0
1301,1005
1302,1005
1303,1005
1304,1005
1305,1005
1306,1004
1307,1004
1308,1005
1309,1004
1310,0
1311,0
1312,0
1313,0
1314,0
1315,0
1316,0
1317,0
1318,1005
1319,1005
1320,1005
1321,1004
1322,1004
1323,1005
1324,1004
1325,1004
1326,0
1327,0
1328,0
1329,0
1330,0
1331,0
1332,0
1333,0
1334,0
1335,1005
1336,1005
1337,1005
1338,1005
1339,1005
1340,1005
1341,1005
1342,1005
1343,0
1344,0
1345,0
1346,0
1347,0
1348,0
1349,0
1350,0
1351,1005
1352,1005
1353,1005
1354,1005
1355,1005
1356,1005
1357,1005
1358,1005
1359,1005
1360,0
1361,0
1362,0
1363,0
1364,0
1365,0
1366,0
1367,0
1368,1005
1369,1005
1370,1005
1371,1005
1372,1005
1373,1005
1374,1005
1375,1005
1376,0
1377,0
1378,0
1379,0
1380,0
1381,0
1382,0
1383,0
1384,0
1385,1005
1386,1005
1387,1005
1388,1005
1389,1005
1390,1004
1391,1005
1392,1005
1393,0
1394,0
1395,0
1396,0
1397,0
1398,0
1399,0
1400,0
1401,1005
1402,1005
1403,1006
1404,1005
1405,1005
1406,1005
1407,1005
1408,1005
1409,1004
1410,0
1411,0
1412,0
1413,0
1414,0
1415,0
1416,0
1417,0
1418,1005
1419,1005
1420,1005
1421,1005
1422,1005
1423,1005
1424,1005
1425,1005
1426,0
1427,0
1428,0
1429,0
1430,0
1431,0
1432,0
1433,0
1434,0
1435,1005
1436,1005
1437,1005
1438,1005
1439,1005
1440,1005
1441,1005
1442,1005
1443,0
1444,0
1445,0
1446,0
1447,0
1448,0
1449,0
1450,0
1451,1005
1452,1005
1453,1005
1454,1005
1455,1005
1456,1005
1457,1005
1458,1004
1459,1005
1460,0
1461,0
1462,0
1463,0
1464,0
1465,0
1466,0
1467,0
1468,1005
1469,1004
1470,1005
1471,1005
1472,1005
1473,1004
1474,1005
1475,1005
1476,0
1477,0
1478,0
1479,0
1480,0
1481,0
1482,0
1483,0
1484,0
1485,1005
1486,1005
1487,1004
1488,1005
1489,1004
1490,1005
1491,1005
1492,1005
1493,0
1494,0
1495,0
1496,0
1497,0
1498,0
1499,0
1500,0
1501,1005
1502,1005
1503,1005
1504,1005
1505,1005
1506,1005
1507,1005
1508,1005
1509,0
1510,0
1511,0
1512,0
1513,0
1514,0
1515,0
1516,0
1517,0
1518,1005
1519,1005
1520,1005
1521,1005
1522,1005
1523,1005
1524,1005
1525,1005
1526,0
1527,0
1528,0
1529,0
1530,0
1531,0
1532,0
1533,0
1534,1005
1535,1005
1536,1006
1537,1005
1538,1005
1539,1005
1540,1004
1541,1005
1542,1005
1543,0
1544,0
1545,0
1546,0
1547,0
1548,0
1549,0
1550,0
1551,1005
1552,1005
1553,1005
1554,1005
1555,1005
1556,1005
1557,1005
1558,1005
1559,0
1560,0
1561,0
1562,0
1563,0
1564,0
1565,0
1566,0
1567,0
1568,1005
1569,1005
1570,1005
1571,1005
1572,1005
1573,1005
1574,1005
1575,1005
1576,0
1577,0
1578,0
1579,0
1580,0
1581,0
1582,0
1583,0
1584,1005
1585,1005
1586,1005
1587,1005
1588,1005
1589,1005
1590,1004
1591,1004
1592,1005
1593,0
1594,0
1595,0
1596,0
1597,0
1598,0
1599,0
1600,0
1601,1005
1602,1004
1603,1005
1604,1005
1605,1004
1606,1005
1607,1005
1608,1005
1609,0
1610,0
1611,0
1612,0
1613,0
1614,0
1615,0
1616,0
1617,0
1618,1005
1619,1005
1620,1005
1621,1005
1622,1005
1623,1005
1624,1005
1625,1005
1626,0
1627,0
1628,0
1629,0
1630,0
1631,0
1632,0
1633,0
1634,1005
1635,1005
1636,1005
1637,1005
1638,1005
1639,1005
1640,1005
1641,1005
1642,1004
1643,0
1644,0
1645,0
1646,0
1647,0
1648,0
1649,0
1650,0
1651,1005
1652,1005
1653,1004
1654,1005
1655,1005
1656,1005
1657,1005
1658,1004
1659,0
1660,0
1661,0
1662,0
1663,0
1664,0
1665,0
1666,0
1667,0
1668,1005
1669,1005
1670,1005
1671,1005
1672,1005
1673,1004
1674,1005
1675,1004
1676,0
1677,0
1678,0
1679,0
1680,0
1681,0
1682,0
1683,0
1684,1005
1685,1005
1686,1005
1687,1005
1688,1005
1689,1005
1690,1004
1691,1005
1692,1005
1693,0
1694,0
1695,0
1696,0
1697,0
1698,0
1699,0
1700,0
1701,1005
1702,1005
1703,1005
1704,1005
1705,1005
1706,1005
1707,1005
1708,1005
1709,0
1710,0
1711,0
1712,0
1713,0
1714,0
1715,0
1716,0
1717,1005
1718,1005
1719,1005
1720,1005
1721,1005
1722,1005
1723,1005
1724,1005
1725,1005
1726,0
1727,0
1728,0
1729,0
1730,0
1731,0
1732,0
1733,0
1734,1005
1735,1005
1736,1005
1737,1005
1738,1005
1739,1005
1740,1005
1741,1004
1742,0
1743,0
1744,0
1745,0
1746,0
1747,0
1748,0
1749,0
1750,0
1751,1004
1752,1005
1753,1005
1754,1005
1755,1005
1756,1005
1757,1005
1758,1005
1759,0
1760,0
1761,0
1762,0
1763,0
1764,0
1765,0
1766,0
1767,1005
1768,1004
1769,1005
1770,1005
1771,1005
1772,1005
1773,1005
1774,1005
1775,1004
1776,0
1777,0
1778,0
1779,0
1780,0
1781,0
1782,0
1783,0
1784,1006
1785,1005
1786,1005
1787,1006
1788,1006
1789,1005
1790,1005
1791,1005
1792,0
1793,0
1794,0
1795,0
1796,0
1797,0
1798,0
1799,0
1800,0
1801,1005
1802,1005
1803,1005
1804,1005
1805,1005
1806,1005
1807,1005
1808,1005
1809,0
1810,0
1811,0
1812,0
1813,0
1814,0
1815,0
1816,0
1817,1005
1818,1005
1819,1005
1820,1005
1821,1005
1822,1005
1823,1005
1824,1005
1825,1005
1826,0
1827,0
1828,0
1829,0
1830,0
1831,0
1832,0
1833,0
1834,1005
1835,1004
1836,1005
1837,1004
1838,1005
1839,1005
1840,1005
1841,1005
1842,0
1843,0
1844,0
1845,0
1846,0
1847,0
1848,0
1849,0
1850,0
1851,1005
1852,1005
1853,1005
1854,1005
1855,1005
1856,1005
1857,1005
1858,1005
1859,0
1860,0
1861,0
1862,0
1863,0
1864,0
1865,0
1866,0
1867,1005
1868,1005
1869,1004
1870,1004
1871,1005
1872,1005
1873,1004
1874,1005
1875,1005
1876,0
1877,0
1878,0
1879,0
1880,0
1881,0
1882,0
1883,0
1884,1005
1885,1005
1886,1005
1887,1005
1888,1005
1889,1005
1890,1005
1891,1005
1892,0
1893,0
1894,0
1895,0
1896,0
1897,0
1898,0
1899,0
1900,0
1901,1005
1902,1005
1903,1004
1904,1005
1905,1005
1906,1005
1907,1005
1908,1004
1909,0
1910,0
1911,0
1912,0
1913,0
1914,0
1915,0
1916,0
1917,1004
1918,1005
1919,1005
1920,1005
1921,1005
1922,1005
1923,1005
1924,1005
1925,0
1926,0
1927,0
1928,0
1929,0
1930,0
1931,0
1932,0
1933,0
1934,1005
1935,1005
1936,1005
1937,1004
1938,1005
1939,1005
1940,1005
1941,1004
1942,0
1943,0
1944,0
1945,0
1946,0
1947,0
1948,0
1949,0
1950,1005
1951,1004
1952,1005
1953,1005
1954,1004
1955,1005
1956,1005
1957,1004
1958,1004
1959,0
1960,0
1961,0
1962,0
1963,0
1964,0
1965,0
1966,0
1967,1005
1968,1005
1969,1005
1970,1005
1971,1005
1972,1005
1973,1005
1974,1005
1975,0
1976,0
1977,0
1978,0
1979,0
1980,0
1981,0
1982,0
1983,0
1984,1005
1985,1004
1986,1005
1987,1005
1988,1005
1989,1004
1990,1004
1991,1005
1992,0
1993,0
1994,0
1995,0
1996,0
1997,0
1998,0
1999,0
2000,1005
2001,1005
2002,1005
2003,1006
2004,1005
2005,1005
2006,1005
2007,1004
2008,1005
2009,0
2010,0
2011,0
2012,0
2013,0
2014,0
2015,0
2016,0
2017,1005
2018,1005
2019,1005
2020,1005
2021,1005
2022,1005
2023,1005
2024,1005
2025,0
2026,0
2027,0
2028,0
2029,0
2030,0
2031,0
2032,0
2033,0
2034,1005
2035,1005
2036,1005
2037,1005
2038,1005
2039,1005
2040,1005
2041,1005
2042,0
2043,0
2044,0
2045,0
2046,0
2047,0
2048,0
2049,0
2050,1004
2051,1005
2052,1005
2053,1005
2054,1005
2055,1005
2056,1005
2057,1005
2058,1005
2059,0
2060,0
2061,0
2062,0
2063,0
2064,0
2065,0
2066,0
2067,1005
2068,1006
2069,1005
2070,1005
2071,1005
2072,1005
2073,1006
2074,1005
2075,0
2076,0
2077,0
2078,0
2079,0
2080,0
2081,0
2082,0
2083,0
2084,1005
2085,1004
2086,1005
2087,1005
2088,1005
2089,1005
2090,1005
2091,1005
2092,0
2093,0
2094,0
2095,0
2096,0
2097,0
2098,0
2099,0
2100,1005
2101,1005
2102,1005
2103,1005
2104,1005
2105,1005
2106,1005
2107,1005
2108,1005
2109,0
2110,0
2111,0
2112,0
2113,0
2114,0
2115,0
2116,0
2117,1005
2118,1005
2119,1005
2120,1005
2121,1005
2122,1005
2123,1005
2124,1005
2125,0
2126,0
2127,0
2128,0
2129,0
2130,0
2131,0
2132,0
2133,1004
2134,1005
2135,1005
2136,1005
2137,1005
2138,1005
2139,1005
2140,1005
2141,1005
2142,0
2143,0
2144,0
2145,0
2146,0
2147,0
2148,0
2149,0
2150,1005
2151,1004
2152,1005
2153,1005
2154,1005
2155,1005
2156,1005
2157,1004
2158,0
2159,0
2160,0
2161,0
2162,0
2163,0
2164,0
2165,0
2166,0
2167,1005
2168,1005
2169,1005
2170,1005
2171,1005
2172,1005
2173,1005
2174,1005
2175,0
2176,0
2177,0
2178,0
2179,0
2180,0
2181,0
2182,0
2183,1004
2184,1005
2185,1005
2186,1005
2187,1005
2188,1005
2189,1005
2190,1005
2191,1005
2192,0
2193,0
2194,0
2195,0
2196,0
2197,0
2198,0
2199,0
2200,1005
2201,1005
2202,1005
2203,1005
2204,1005
2205,1005
2206,1005
2207,1005
2208,0
2209,0
2210,0
2211,0
2212,0
2213,0
2214,0
2215,0
2216,0
2217,1004
2218,1005
2219,1005
2220,1005
2221,1005
2222,1004
2223,1005
2224,1005
2225,0
2226,0
2227,0
2228,0
2229,0
2230,0
2231,0
2232,0
2233,1005
2234,1005
2235,1005
2236,1005
2237,1005
2238,1005
2239,1005
2240,1004
2241,1005
2242,0
2243,0
2244,0
2245,0
2246,0
2247,0
2248,0
2249,0
2250,1005
2251,1005
2252,1005
2253,1005
2254,1005
2255,1005
2256,1005
2257,1005
2258,0
2259,0
2260,0
2261,0
2262,0
2263,0
2264,0
2265,0
2266,0
2267,1005
2268,1005
2269,1005
2270,1005
2271,1005
2272,1005
2273,1005
2274,1005
2275,0
2276,0
2277,0
2278,0
2279,0
2280,0
2281,0
2282,0
2283,1005
2284,1005
2285,1005
2286,1005
2287,1005
2288,1005
2289,1005
2290,1005
2291,1004
2292,0
2293,0
2294,0
2295,0
2296,0
2297,0
2298,0
2299,0
2300,1005
2301,1005
2302,1005
2303,1005
2304,1005
2305,1004
2306,1006
2307,1005
2308,0
2309,0
2310,0
2311,0
2312,0
2313,0
2314,0
2315,0
2316,0
2317,1005
2318,1005
2319,1005
2320,1005
2321,1005
2322,1005
2323,1005
2324,1005
2325,0
2326,0
2327,0
2328,0
2329,0
2330,0
2331,0
2332,0
2333,1006
2334,1005
2335,1005
2336,1005
2337,1005
2338,1005
2339,1005
2340,1005
2341,0
2342,0
2343,0
2344,0
2345,0
2346,0
2347,0
2348,0
2349,0
2350,1005
2351,1005
2352,1005
2353,1005
2354,1005
2355,1005
2356,1005
2357,1005
2358,0
2359,0
2360,0
2361,0
2362,0
2363,0
2364,0
2365,0
2366,1005
2367,1005
2368,1005
2369,1005
2370,1005
2371,1005
2372,1005
2373,1005
2374,1005
2375,0
2376,0
2377,0
2378,0
2379,0
2380,0
2381,0
2382,0
2383,1005
2384,1005
2385,1005
2386,1005
2387,1005
2388,1005
2389,1004
2390,1005
2391,0
2392,0
2393,0
2394,0
2395,0
2396,0
2397,0
2398,0
2399,0
2400,1005
2401,1005
2402,1005
2403,1005
2404,1005
2405,1005
2406,1005
2407,1004
2408,0
2409,0
2410,0
2411,0
2412,0
2413,0
2414,0
2415,0
2416,1005
2417,1005
2418,1005
2419,1005
2420,1005
2421,1005
2422,1005
2423,1005
2424,1005
2425,0
2426,0
2427,0
2428,0
2429,0
2430,0
2431,0
2432,0
2433,1005
2434,1004
2435,1005
2436,1004
2437,1005
2438,1005
2439,1005
2440,1005
2441,0
2442,0
2443,0
2444,0
2445,0
2446,0
2447,0
2448,0
2449,0
2450,1005
2451,1005
2452,1005
2453,1005
2454,1005
2455,1005
2456,1006
2457,1005
2458,0
2459,0
2460,0
2461,0
2462,0
2463,0
2464,0
2465,0
2466,1005
2467,1005
2468,1005
2469,1005
2470,1005
2471,1005
2472,1005
2473,1005
2474,1005
2475,0
2476,0
2477,0
2478,0
2479,0
2480,0
2481,0
2482,0
2483,1005
2484,1005
2485,1004
2486,1005
2487,1005
2488,1005
2489,1005
2490,1005
2491,0
2492,0
2493,0
2494,0
2495,0
2496,0
2497,0
2498,0
2499,0
2500,1005
2501,1006
2502,1005
2503,1005
2504,1005
2505,1005
2506,1005
2507,1005
2508,0
2509,0
2510,0
2511,0
2512,0
2513,0
2514,0
2515,0
2516,1005
2517,1004
2518,1006
2519,1004
2520,1005
2521,1004
2522,1004
2523,1005
2524,1005
2525,0
2526,0
2527,0
2528,0
2529,0
2530,0
2531,0
2532,0
2533,1005
2534,1004
2535,1005
2536,1005
2537,1005
2538,1005
2539,1005
2540,1005
2541,0
2542,0
2543,0
2544,0
2545,0
2546,0
2547,0
2548,0
2549,1005
2550,1005
2551,1005
2552,1005
2553,1005
2554,1005
2555,1005
2556,1005
2557,1005
2558,0
2559,0
2560,0
2561,0
2562,0
2563,0
2564,0
2565,0
2566,1005
2567,1004
2568,1005
2569,1005
2570,1005
2571,1005
2572,1005
2573,1004
2574,0
2575,0
2576,0
2577,0
2578,0
2579,0
2580,0
2581,0
2582,0
2583,1004
2584,1005
2585,1005
2586,1004
2587,1004
2588,1004
2589,1005
2590,1004
2591,0
2592,0
2593,0
2594,0
2595,0
2596,0
2597,0
2598,0
2599,1005
2600,1005
2601,1005
2602,1005
2603,1005
2604,1005
2605,1005
2606,1004
2607,1005
2608,0
2609,0
2610,0
2611,0
2612,0
2613,0
2614,0
2615,0
2616,1005
2617,1005
2618,1005
2619,1005
2620,1005
2621,1005
2622,1005
2623,1005
2624,0
2625,0
2626,0
2627,0
2628,0
2629,0
2630,0
2631,0
2632,0
2633,1005
2634,1005
2635,1005
2636,1005
2637,1005
2638,1005
2639,1005
2640,1005
2641,0
2642,0
2643,0
2644,0
2645,0
2646,0
2647,0
2648,0
2649,1004
2650,1005
2651,1005
2652,1005
2653,1005
2654,1005
2655,1005
2656,1005
2657,1004
2658,0
2659,0
2660,0
2661,0
2662,0
2663,0
2664,0
2665,0
2666,1005
2667,1005
2668,1005
2669,1005
2670,1005
2671,1005
2672,1005
2673,1005
2674,0
2675,0
2676,0
2677,0
2678,0
2679,0
2680,0
2681,0
2682,0
2683,1005
2684,1005
2685,1005
2686,1006
2687,1005
2688,1005
2689,1005
2690,1005
2691,0
2692,0
2693,0
2694,0
2695,0
2696,0
2697,0
2698,0
2699,1005
2700,1005
2701,1005
2702,1005
2703,1005
2704,1005
2705,1005
2706,1005
2707,1005
2708,0
2709,0
2710,0
2711,0
2712,0
2713,0
2714,0
2715,0
2716,1005
2717,1005
2718,1005
2719,1005
2720,1005
2721,1005
2722,1005
2723,1005
2724,0
2725,0
2726,0
2727,0
2728,0
2729,0
2730,0
2731,0
2732,0
2733,1005
2734,1004
2735,1005
2736,1005
2737,1005
2738,1005
2739,1005
2740,1005
2741,0
2742,0
2743,0
2744,0
2745,0
2746,0
2747,0
2748,0
2749,1005
2750,1005
2751,1005
2752,1005
2753,1005
2754,1005
2755,1005
2756,1005
2757,0
2758,0
2759,0
2760,0
2761,0
2762,0
2763,0
2764,0
2765,0
2766,1005
2767,1005
2768,1005
2769,1005
2770,1005
2771,1005
2772,1005
2773,1005
2774,0
2775,0
2776,0
2777,0
2778,0
2779,0
2780,0
2781,0
2782,1005
2783,1005
2784,1005
2785,1005
2786,1005
2787,1005
2788,1004
2789,1005
2790,1005
2791,0
2792,0
2793,0
2794,0
2795,0
2796,0
2797,0
2798,0
2799,1004
2800,1005
2801,1005
2802,1005
2803,1005
2804,1005
2805,1005
2806,1005
2807,0
2808,0
2809,0
2810,0
2811,0
2812,0
2813,0
2814,0
2815,0
2816,1005
2817,1004
2818,1005
2819,1004
2820,1005
2821,1005
2822,1005
2823,1005
2824,0
2825,0
2826,0
2827,0
2828,0
2829,0
2830,0
2831,0
2832,1005
2833,1006
2834,1005
2835,1005
2836,1005
2837,1005
2838,1005
2839,1005
2840,1005
2841,0
2842,0
2843,0
2844,0
2845,0
2846,0
2847,0
2848,0
2849,1005
2850,1005
2851,1005
2852,1005
2853,1005
2854,1004
2855,1005
2856,1004
2857,0
2858,0
2859,0
2860,0
2861,0
2862,0
2863,0
2864,0
2865,0
2866,1005
2867,1004
2868,1004
2869,1004
2870,1005
2871,1005
2872,1005
2873,1005
2874,0
2875,0
2876,0
2877,0
2878,0
2879,0
2880,0
2881,0
2882,1004
2883,1005
2884,1005
2885,1005
2886,1005
2887,1005
2888,1005
2889,1005
2890,1005
2891,0
2892,0
2893,0
2894,0
2895,0
2896,0
2897,0
2898,0
2899,1005
2900,1005
2901,1005
2902,1005
2903,1005
2904,1005
2905,1005
2906,1005
2907,0
2908,0
2909,0
2910,0
2911,0
2912,0
2913,0
2914,0
2915,0
2916,1005
2917,1005
2918,1005
2919,1005
2920,1005
2921,1005
2922,1005
2923,1005
2924,0
2925,0
2926,0
2927,0
2928,0
2929,0
2930,0
2931,0
2932,1005
2933,1005
2934,1005
2935,1005
2936,1005
2937,1004
2938,1005
2939,1005
2940,1005
2941,0
2942,0
2943,0
2944,0
2945,0
2946,0
2947,0
2948,0
2949,1005
2950,1005
2951,1005
2952,1005
2953,1005
2954,1005
2955,1005
2956,1005
2957,0
2958,0
2959,0
2960,0
2961,0
2962,0
2963,0
2964,0
2965,1005
2966,1005
2967,1005
2968,1005
2969,1005
2970,1005
2971,1005
2972,1005
2973,1005
2974,0
2975,0
2976,0
2977,0
2978,0
2979,0
2980,0
2981,0
2982,1005
2983,1004
2984,1005
2985,1005
2986,1005
2987,1005
2988,1005
2989,1005
2990,0
2991,0
2992,0
2993,0
2994,0
2995,0
2996,0
2997,0
2998,0
2999,1004
3000,1005
3001,1005
3002,1005
3003,1005
3004,1005
3005,1005
3006,1005
3007,0
3008,0
3009,0
3010,0
3011,0
3012,0
3013,0
3014,0
3015,1005
3016,1005
3017,1005
3018,1005
3019,1005
3020,1005
3021,1005
3022,1005
3023,1005
3024,0
3025,0
3026,0
3027,0
3028,0
3029,0
3030,0
3031,0
3032,1005
3033,1005
3034,1005
3035,1005
3036,1005
3037,1005
3038,1005
3039,1005
3040,0
3041,0
3042,0
3043,0
3044,0
3045,0
3046,0
3047,0
3048,0
3049,1005
3050,1004
3051,1005
3052,1005
3053,1005
3054,1005
3055,1006
3056,1006
3057,0
3058,0
3059,0
3060,0
3061,0
3062,0
3063,0
3064,0
3065,1004
3066,1005
3067,1004
3068,1005
3069,1005
3070,1005
3071,1005
3072,1005
3073,1004
3074,0
3075,0
3076,0
3077,0
3078,0
3079,0
3080,0
3081,0
3082,1005
3083,1005
3084,1005
3085,1005
3086,1005
3087,1005
3088,1005
3089,1005
3090,0
3091,0
3092,0
3093,0
3094,0
3095,0
3096,0
3097,0
3098,0
3099,1005
3100,1005
3101,1005
3102,1005
3103,1005
3104,1005
3105,1005
3106,1005
3107,0
3108,0
3109,0
3110,0
3111,0
3112,0
3113,0
3114,0
3115,1005
3116,1005
3117,1005
3118,1005
3119,1005
3120,1005
3121,1005
3122,1005
3123,1005
3124,0
3125,0
3126,0
3127,0
3128,0
3129,0
3130,0
3131,0
3132,1006
3133,1005
3134,1005
3135,1005
3136,1005
3137,1005
3138,1005
3139,1005
3140,0
3141,0
3142,0
3143,0
3144,0
3145,0
3146,0
3147,0
3148,0
3149,1004
3150,1005
3151,1005
3152,1005
3153,1005
3154,1005
3155,1005
3156,1005
3157,0
3158,0
3159,0
3160,0
3161,0
3162,0
3163,0
3164,0
3165,1005
3166,1005
3167,1005
3168,1005
3169,1005
3170,1005
3171,1005
3172,1005
3173,0
3174,0
3175,0
3176,0
3177,0
3178,0
3179,0
3180,0
3181,0
3182,1005
3183,1005
3184,1005
3185,1005
3186,1005
3187,1004
3188,1004
3189,1004
3190,0
3191,0
3192,0
3193,0
3194,0
3195,0
3196,0
3197,0
3198,1005
3199,1005
3200,1005
3201,1005
3202,1005
3203,1005
3204,1005
3205,1005
3206,1005
3207,0
3208,0
3209,0
3210,0
3211,0
3212,0
3213,0
3214,0
3215,1005
3216,1005
3217,1005
3218,1005
3219,1005
3220,1005
3221,1005
3222,1005
3223,0
3224,0
3225,0
3226,0
3227,0
3228,0
3229,0
3230,0
3231,0
3232,1005
3233,1005
3234,1005
3235,1005
3236,1005
3237,1005
3238,1005
3239,1005
3240,0
3241,0
3242,0
3243,0
3244,0
3245,0
3246,0
3247,0
3248,1004
3249,1005
3250,1005
3251,1005
3252,1005
3253,1005
3254,1005
3255,1004
3256,1005
3257,0
3258,0
3259,0
3260,0
3261,0
3262,0
3263,0
3264,0
3265,1005
3266,1005
3267,1005
3268,1005
3269,1005
3270,1005
3271,1005
3272,1005
3273,0
3274,0
3275,0
3276,0
3277,0
3278,0
3279,0
3280,0
3281,0
3282,1005
3283,1005
3284,1005
3285,1005
3286,1005
3287,1005
3288,1004
3289,1005
3290,0
3291,0
3292,0
3293,0
3294,0
3295,0
3296,0
3297,0
3298,1004
3299,1004
3300,1005
3301,1005
3302,1005
3303,1005
3304,1005
3305,1005
3306,1005
3307,0
3308,0
3309,0
3310,0
3311,0
3312,0
3313,0
3314,0
3315,1005
3316,1004
3317,1005
3318,1005
3319,1005
3320,1005
3321,1005
3322,1005
3323,0
3324,0
3325,0
3326,0
3327,0
3328,0
3329,0
3330,0
3331,0
3332,1004
3333,1005
3334,1004
3335,1005
3336,1005
3337,1004
3338,1005
3339,1005
3340,0
3341,0
3342,0
3343,0
3344,0
3345,0
3346,0
3347,0
3348,1005
3349,1005
3350,1005
3351,1005
3352,1005
3353,1005
3354,1005
3355,1005
3356,1005
3357,0
3358,0
3359,0
3360,0
3361,0
3362,0
3363,0
3364,0
3365,1005
3366,1005
3367,1005
3368,1005
3369,1005
3370,1005
3371,1005
3372,1005
3373,0
3374,0
3375,0
3376,0
3377,0
3378,0
3379,0
3380,0
3381,1005
3382,1005
3383,1005
3384,1005
3385,1005
3386,1005
3387,1005
3388,1005
3389,1005
3390,0
3391,0
3392,0
3393,0
3394,0
3395,0
3396,0
3397,0
3398,1005
3399,1005
3400,1004
3401,1005
3402,1004
3403,1005
3404,1005
3405,1005
3406,0
3407,0
3408,0
3409,0
3410,0
3411,0
3412,0
3413,0
3414,0
3415,1005
3416,1005
3417,1006
3418,1005
3419,1005
3420,1005
3421,1005
3422,1005
3423,0
3424,0
3425,0
3426,0
3427,0
3428,0
3429,0
3430,0
3431,1005
3432,1005
3433,1005
3434,1005
3435,1005
3436,1005
3437,1005
3438,1005
3439,1005
3440,0
3441,0
3442,0
3443,0
3444,0
3445,0
3446,0
3447,0
3448,1005
3449,1005
3450,1005
3451,1005
3452,1004
3453,1005
3454,1005
3455,1005
3456,0
3457,0
3458,0
3459,0
3460,0
3461,0
3462,0
3463,0
3464,0
3465,1005
3466,1005
3467,1005
3468,1006
3469,1004
3470,1005
3471,1004
3472,1004
3473,0
3474,0
3475,0
3476,0
3477,0
3478,0
3479,0
3480,0
3481,1004
3482,1004
3483,1005
3484,1005
3485,1005
3486,1005
3487,1005
3488,1005
3489,1005
3490,0
3491,0
3492,0
3493,0
3494,0
3495,0
3496,0
3497,0
3498,1005
3499,1005
3500,1005
3501,1005
3502,1005
3503,1005
3504,1005
3505,1004
3506,0
3507,0
3508,0
3509,0
3510,0
3511,0
3512,0
3513,0
3514,0
3515,1005
3516,1005
3517,1005
3518,1005
3519,1005
3520,1005
3521,1005
3522,1005
3523,0
3524,0
3525,0
3526,0
3527,0
3528,0
3529,0
3530,0
3531,1005
3532,1005
3533,1005
3534,1005
3535,1005
3536,1006
3537,1005
3538,1005
3539,1004
3540,0
3541,0
3542,0
3543,0
3544,0
3545,0
3546,0
3547,0
3548,1005
3549,1004
3550,1005
3551,1005
3552,1005
3553,1005
3554,1005
3555,1005
3556,0
3557,0
3558,0
3559,0
3560,0
3561,0
3562,0
3563,0
3564,0
3565,1004
3566,1004
3567,1005
3568,1005
3569,1005
3570,1005
3571,1005
3572,1005
3573,0
3574,0
3575,0
3576,0
3577,0
3578,0
3579,0
3580,0
3581,1005
3582,1005
3583,1005
3584,1004
3585,1005
3586,1005
3587,1005
3588,1004
3589,0
3590,0
3591,0
3592,0
3593,0
3594,0
3595,0
3596,0
3597,0
3598,1004
3599,1005
3600,1005
3601,1004
3602,1005
3603,1005
3604,1005
3605,1005
3606,0
3607,0
3608,0
3609,0
3610,0
3611,0
3612,0
3613,0
3614,1005
3615,1005
3616,1004
3617,1005
3618,1004
3619,1005
3620,1005
3621,1005
3622,1005
3623,0
3624,0
3625,0
3626,0
3627,0
3628,0
3629,0
3630,0
3631,1005
3632,1005
3633,1004
3634,1004
3635,1004
3636,1005
3637,1004
3638,1005
3639,0
3640,0
3641,0
3642,0
3643,0
3644,0
3645,0
3646,0
3647,0
3648,1005
3649,1004
3650,1005
3651,1005
3652,1005
3653,1005
3654,1005
3655,1005
3656,0
3657,0
3658,0
3659,0
3660,0
3661,0
3662,0
3663,0
3664,1004
3665,1005
3666,1005
3667,1005
3668,1005
3669,1005
3670,1005
3671,1005
3672,1004
3673,0
3674,0
3675,0
3676,0
3677,0
3678,0
3679,0
3680,0
3681,1004
3682,1004
3683,1004
3684,1004
3685,1005
3686,1005
3687,1004
3688,1005
3689,0
3690,0
3691,0
3692,0
3693,0
3694,0
3695,0
3696,0
3697,0
3698,1005
3699,1005
3700,1004
3701,1005
3702,1005
3703,1005
3704,1005
3705,1005
3706,0
3707,0
3708,0
3709,0
3710,0
3711,0
3712,0
3713,0
3714,1004
3715,1005
3716,1005
3717,1005
3718,1005
3719,1005
3720,1005
3721,1005
3722,1005
3723,0
3724,0
3725,0
3726,0
3727,0
3728,0
3729,0
3730,0
3731,1005
3732,1005
3733,1005
3734,1005
3735,1005
3736,1005
3737,1005
3738,1005
3739,0
3740,0
3741,0
3742,0
3743,0
3744,0
3745,0
3746,0
3747,0
3748,1005
3749,1004
3750,1005
3751,1005
3752,1006
3753,1006
3754,1005
3755,1005
3756,0
3757,0
3758,0
3759,0
3760,0
3761,0
3762,0
3763,0
3764,1005
3765,1005
3766,1005
3767,1005
3768,1005
3769,1005
3770,1005
3771,1005
3772,1005
3773,0
3774,0
3775,0
3776,0
3777,0
3778,0
3779,0
3780,0
3781,1005
3782,1005
3783,1005
3784,1005
3785,1005
3786,1005
3787,1005
3788,1005
3789,0
3790,0
3791,0
3792,0
3793,0
3794,0
3795,0
3796,0
3797,1005
3798,1005
3799,1005
3800,1005
3801,1005
3802,1005
3803,1005
3804,1005
3805,1005
3806,0
3807,0
3808,0
3809,0
3810,0
3811,0
3812,0
3813,0
3814,1004
3815,1005
3816,1005
3817,1005
3818,1005
3819,1005
3820,1005
3821,1005
3822,0
3823,0
3824,0
3825,0
3826,0
3827,0
3828,0
3829,0
3830,0
3831,1005
3832,1004
3833,1005
3834,1005
3835,1005
3836,1004
3837,1005
3838,1005
3839,0
3840,0
3841,0
3842,0
3843,0
3844,0
3845,0
3846,0
3847,1005
3848,1004
3849,1005
3850,1005
3851,1005
3852,1005
3853,1005
3854,1005
3855,1005
3856,0
3857,0
3858,0
3859,0
3860,0
3861,0
3862,0
3863,0
3864,1005
3865,1004
3866,1005
3867,1005
3868,1005
3869,1005
3870,1005
3871,1005
3872,0
3873,0
3874,0
3875,0
3876,0
3877,0
3878,0
3879,0
3880,0
3881,1004
3882,1004
3883,1005
3884,1005
3885,1005
3886,1005
3887,1005
3888,1005
3889,0
3890,0
3891,0
3892,0
3893,0
3894,0
3895,0
3896,0
3897,1005
3898,1005
3899,1005
3900,1005
3901,1005
3902,1005
3903,1005
3904,1005
3905,1005
3906,0
3907,0
3908,0
3909,0
3910,0
3911,0
3912,0
3913,0
3914,1005
3915,1005
3916,1005
3917,1005
3918,1005
3919,1005
3920,1005
3921,1005
3922,0
3923,0
3924,0
3925,0
3926,0
3927,0
3928,0
3929,0
3930,0
3931,1005
3932,1005
3933,1005
3934,1005
3935,1005
3936,1005
3937,1005
3938,1005
3939,0
3940,0
3941,0
3942,0
3943,0
3944,0
3945,0
3946,0
3947,1004
3948,1005
3949,1004
3950,1004
3951,1005
3952,1005
3953,1005
3954,1005
3955,1005
3956,0
3957,0
3958,0
3959,0
3960,0
3961,0
3962,0
3963,0
3964,1005
3965,1005
3966,1005
3967,1004
3968,1005
3969,1005
3970,1005
3971,1005
3972,0
3973,0
3974,0
3975,0
3976,0
3977,0
3978,0
3979,0
3980,0
3981,1005
3982,1005
3983,1005
3984,1005
3985,1005
3986,1005
3987,1004
3988,1005
3989,0
3990,0
3991,0
3992,0
3993,0
3994,0
3995,0
3996,0
3997,1005
3998,1005
3999,1005
4000,1005
4001,1005
4002,1005
4003,1005
4004,1005
4005,0
4006,0
4007,0
4008,0
4009,0
4010,0
4011,0
4012,0
4013,0
4014,1004
4015,1005
4016,1005
4017,1005
4018,1005
4019,1005
4020,1005
4021,1005
4022,0
4023,0
4024,0
4025,0
4026,0
4027,0
4028,0
4029,0
4030,1005
4031,1006
4032,1005
4033,1005
4034,1004
4035,1005
4036,1005
4037,1006
4038,1005
4039,0
4040,0
4041,0
4042,0
4043,0
4044,0
4045,0
4046,0
4047,1005
4048,1004
4049,1005
4050,1005
4051,1005
4052,1005
4053,1005
4054,1005
4055,0
4056,0
4057,0
4058,0
4059,0
4060,0
4061,0
4062,0
4063,0
4064,1004
4065,1004
4066,1004
4067,1004
4068,1005
4069,1005
4070,1005
4071,1005
4072,0
4073,0
4074,0
4075,0
4076,0
4077,0
4078,0
4079,0
4080,1005
4081,1005
4082,1005
4083,1005
4084,1005
4085,1005
4086,1005
4087,1005
4088,1005
4089,0
4090,0
4091,0
4092,0
4093,0
4094,0
4095,0
4096,0
4097,1004
4098,1005
4099,1005
4100,1005
4101,1005
4102,1005
4103,1005
4104,1005
4105,0
4106,0
4107,0
4108,0
4109,0
4110,0
4111,0
4112,0
4113,0
4114,1004
4115,1005
4116,1006
4117,1005
4118,1005
4119,1005
4120,1005
4121,1005
4122,0
4123,0
4124,0
4125,0
4126,0
4127,0
4128,0
4129,0
4130,1005
4131,1005
4132,1004
4133,1005
4134,1005
4135,1005
4136,1005
4137,1005
4138,1005
4139,0
4140,0
4141,0
4142,0
4143,0
4144,0
4145,0
4146,0
4147,1005
4148,1005
4149,1005
4150,1005
4151,1005
4152,1005
4153,1005
4154,1006
4155,0
4156,0
4157,0
4158,0
4159,0
4160,0
4161,0
4162,0
4163,0
4164,1004
4165,1005
4166,1005
4167,1005
4168,1005
4169,1005
4170,1005
4171,1005
4172,0
4173,0
4174,0
4175,0
4176,0
4177,0
4178,0
4179,0
4180,1004
4181,1005
4182,1005
4183,1004
4184,1004
4185,1004
4186,1005
4187,1005
4188,1004
4189,0
4190,0
4191,0
4192,0
4193,0
4194,0
4195,0
4196,0
4197,1005
4198,1005
4199,1005
4200,1005
4201,1005
4202,1005
4203,1005
4204,1005
4205,0
4206,0
4207,0
4208,0
4209,0
4210,0
4211,0
4212,0
4213,1005
4214,1005
4215,1005
4216,1005
4217,1005
4218,1005
4219,1005
4220,1005
4221,1005
4222,0
4223,0
4224,0
4225,0
4226,0
4227,0
4228,0
4229,0
4230,1005
4231,1005
4232,1006
4233,1004
4234,1005
4235,1004
4236,1004
4237,1005
4238,0
4239,0
4240,0
4241,0
4242,0
4243,0
4244,0
4245,0
4246,0
4247,1005
4248,1005
4249,1005
4250,1004
4251,1004
4252,1005
4253,1005
4254,1005
4255,0
4256,0
4257,0
4258,0
4259,0
4260,0
4261,0
4262,0
4263,1005
4264,1005
4265,1005
4266,1004
4267,1004
4268,1005
4269,1005
4270,1005
4271,1005
4272,0
4273,0
4274,0
4275,0
4276,0
4277,0
4278,0
4279,0
4280,1005
4281,1005
4282,1005
4283,1005
4284,1005
4285,1005
4286,1005
4287,1005
4288,0
4289,0
4290,0
4291,0
4292,0
4293,0
4294,0
4295,0
4296,0
4297,1005
4298,1005
4299,1006
4300,1005
4301,1005
4302,1006
4303,1005
4304,1005
4305,0
4306,0
4307,0
4308,0
4309,0
4310,0
4311,0
4312,0
4313,1005
4314,1005
4315,1005
4316,1005
4317,1005
4318,1006
4319,1005
4320,1004
4321,1004
4322,0
4323,0
4324,0
4325,0
4326,0
4327,0
4328,0
4329,0
4330,1005
4331,1005
4332,1005
4333,1005
4334,1005
4335,1005
4336,1005
4337,1005
4338,0
4339,0
4340,0
4341,0
4342,0
4343,0
4344,0
4345,0
4346,0
4347,1004
4348,1005
4349,1004
4350,1005
4351,1005
4352,1005
4353,1005
4354,1005
4355,0
4356,0
4357,0
4358,0
4359,0
4360,0
4361,0
4362,0
4363,1005
4364,1005
4365,1005
4366,1005
4367,1005
4368,1005
4369,1005
4370,1005
4371,1005
4372,0
4373,0
4374,0
4375,0
4376,0
4377,0
4378,0
4379,0
4380,1004
4381,1004
4382,1005
4383,1005
4384,1005
4385,1005
4386,1005
4387,1005
4388,0
4389,0
4390,0
4391,0
4392,0
4393,0
4394,0
4395,0
4396,0
4397,1004
4398,1005
4399,1005
4400,1005
4401,1005
4402,1004
4403,1005
4404,1006
4405,0
4406,0
4407,0
4408,0
4409,0
4410,0
4411,0
4412,0
4413,1005
4414,1005
4415,1004
4416,1005
4417,1005
4418,1005
4419,1005
4420,1005
4421,0
4422,0
4423,0
4424,0
4425,0
4426,0
4427,0
4428,0
4429,0
4430,1005
4431,1005
4432,1005
4433,1005
4434,1005
4435,1005
4436,1005
4437,1005
4438,0
4439,0
4440,0
4441,0
4442,0
4443,0
4444,0
4445,0
4446,1005
4447,1005
4448,1004
4449,1005
4450,1005
4451,1005
4452,1005
4453,1005
4454,1005
4455,0
4456,0
4457,0
4458,0
4459,0
4460,0
4461,0
4462,0
4463,1004
4464,1005
4465,1004
4466,1005
4467,1005
4468,1005
4469,1005
4470,1005
4471,0
4472,0
4473,0
4474,0
4475,0
4476,0
4477,0
4478,0
4479,0
4480,1004
4481,1004
4482,1005
4483,1004
4484,1005
4485,1005
4486,1005
4487,1005
4488,0
4489,0
4490,0
4491,0
4492,0
4493,0
4494,0
4495,0
4496,1005
4497,1005
4498,1005
4499,1005
4500,1005
4501,1005
4502,1005
4503,1005
4504,1005
4505,0
4506,0
4507,0
4508,0
4509,0
4510,0
4511,0
4512,0
4513,1005
4514,1005
4515,1005
4516,1005
4517,1005
4518,1005
4519,1005
4520,1005
4521,0
4522,0
4523,0
4524,0
4525,0
4526,0
4527,0
4528,0
4529,0
4530,1005
4531,1004
4532,1005
4533,1005
4534,1005
4535,1004
4536,1005
4537,1005
4538,0
4539,0
4540,0
4541,0
4542,0
4543,0
4544,0
4545,0
4546,1005
4547,1005
4548,1005
4549,1005
4550,1004
4551,1005
4552,1005
4553,1005
4554,1005
4555,0
4556,0
4557,0
4558,0
4559,0
4560,0
4561,0
4562,0
4563,1004
4564,1005
4565,1005
4566,1005
4567,1005
4568,1005
4569,1005
4570,1005
4571,0
4572,0
4573,0
4574,0
4575,0
4576,0
4577,0
4578,0
4579,0
4580,1004
4581,1005
4582,1005
4583,1005
4584,1005
4585,1005
4586,1005
4587,1005
4588,0
4589,0
4590,0
4591,0
4592,0
4593,0
4594,0
4595,0
4596,1005
4597,1005
4598,1005
4599,1005
4600,1005
4601,1005
4602,1005
4603,1005
4604,1005
4605,0
4606,0
4607,0
4608,0
4609,0
4610,0
4611,0
4612,0
4613,1005
4614,1004
4615,1005
4616,1005
4617,1005
4618,1005
4619,1005
4620,1005
4621,0
4622,0
4623,0
4624,0
4625,0
4626,0
4627,0
4628,0
4629,1005
4630,1005
4631,1005
4632,1005
4633,1004
4634,1005
4635,1005
4636,1005
4637,1005
4638,0
4639,0
4640,0
4641,0
4642,0
4643,0
4644,0
4645,0
4646,1005
4647,1005
4648,1005
4649,1005
4650,1005
4651,1005
4652,1005
4653,1005
4654,0
4655,0
4656,0
4657,0
4658,0
4659,0
4660,0
4661,0
4662,0
4663,1005
4664,1005
4665,1005
4666,1005
4667,1005
4668,1005
4669,1005
4670,1005
4671,0
4672,0
4673,0
4674,0
4675,0
4676,0
4677,0
4678,0
4679,1005
4680,1005
4681,1005
4682,1005
4683,1005
4684,1005
4685,1005
4686,1005
4687,1005
4688,0
4689,0
4690,0
4691,0
4692,0
4693,0
4694,0
4695,0
4696,1005
4697,1005
4698,1005
4699,1005
4700,1005
4701,1005
4702,1005
4703,1005
4704,0
4705,0
4706,0
4707,0
4708,0
4709,0
4710,0
4711,0
4712,0
4713,1005
4714,1004
4715,1005
4716,1005
4717,1004
4718,1005
4719,1005
4720,1006
4721,0
4722,0
4723,0
4724,0
4725,0
4726,0
4727,0
4728,0
4729,1005
4730,1005
4731,1005
4732,1005
4733,1004
4734,1005
4735,1005
4736,1005
4737,1005
4738,0
4739,0
4740,0
4741,0
4742,0
4743,0
4744,0
4745,0
4746,1005
4747,1005
4748,1005
4749,1005
4750,1005
4751,1005
4752,1005
4753,1005
4754,0
4755,0
4756,0
4757,0
4758,0
4759,0
4760,0
4761,0
4762,0
4763,1006
4764,1005
4765,1005
4766,1004
4767,1004
4768,1004
4769,1005
4770,1004
4771,0
4772,0
4773,0
4774,0
4775,0
4776,0
4777,0
4778,0
4779,1005
4780,1005
4781,1005
4782,1005
4783,1005
4784,1005
4785,1005
4786,1004
4787,1005
4788,0
4789,0
4790,0
4791,0
4792,0
4793,0
4794,0
4795,0
4796,1004
4797,1005
4798,1005
4799,1005
4800,1005
4801,1004
4802,1004
4803,1005
4804,0
4805,0
4806,0
4807,0
4808,0
4809,0
4810,0
4811,0
4812,0
4813,1005
4814,1005
4815,1005
4816,1004
4817,1005
4818,1005
4819,1005
4820,1005
4821,0
4822,0
4823,0
4824,0
4825,0
4826,0
4827,0
4828,0
4829,1005
4830,1005
4831,1005
4832,1005
4833,1005
4834,1005
4835,1005
4836,1005
4837,0
4838,0
4839,0
4840,0
4841,0
4842,0
4843,0
4844,0
4845,0
4846,1005
4847,1005
4848,1005
4849,1005
4850,1005
4851,1005
4852,1005
4853,1005
4854,0
4855,0
4856,0
4857,0
4858,0
4859,0
4860,0
4861,0
4862,1005
4863,1005
4864,1005
4865,1004
4866,1005
4867,1004
4868,1004
4869,1005
4870,1005
4871,0
4872,0
4873,0
4874,0
4875,0
4876,0
4877,0
4878,0
4879,1005
4880,1005
4881,1005
4882,1005
4883,1005
4884,1004
4885,1004
4886,1005
4887,0
4888,0
4889,0
4890,0
4891,0
4892,0
4893,0
4894,0
4895,0
4896,1005
4897,1005
4898,1005
4899,1005
4900,1005
4901,1005
4902,1004
4903,1005
4904,0
4905,0
4906,0
4907,0
4908,0
4909,0
4910,0
4911,0
4912,1005
4913,1005
4914,1005
4915,1004
4916,1005
4917,1005
4918,1005
4919,1005
4920,1005
4921,0
4922,0
4923,0
4924,0
4925,0
4926,0
4927,0
4928,0
4929,1005
4930,1005
4931,1004
4932,1005
4933,1005
4934,1005
4935,1005
4936,1005
4937,0
4938,0
4939,0
4940,0
4941,0
4942,0
4943,0
4944,0
4945,0
4946,1005
4947,1005
4948,1005
4949,1005
4950,1005
4951,1005
4952,1005
4953,1004
4954,0
4955,0
4956,0
4957,0
4958,0
4959,0
4960,0
4961,0
4962,1005
4963,1004
4964,1005
4965,1004
4966,1005
4967,1005
4968,1005
4969,1005
4970,1005
4971,0
4972,0
4973,0
4974,0
4975,0
4976,0
4977,0
4978,0
4979,1004
4980,1005
4981,1005
4982,1005
4983,1005
4984,1005
4985,1005
4986,1005
4987,0
4988,0
4989,0
4990,0
4991,0
4992,0
4993,0
4994,0
4995,0
4996,1005
4997,1005
4998,1005
4999,1004
5000,1004
5001,1005
5002,1005
5003,1005
5004,0
5005,0
5006,0
5007,0
5008,0
5009,0
5010,0
5011,0
5012,1004
5013,1004
5014,1005
5015,1004
5016,1005
5017,1004
5018,1005
5019,1006
5020,1005
5021,0
5022,0
5023,0
5024,0
5025,0
5026,0
5027,0
5028,0
5029,1003
5030,1005
5031,1005
5032,1005
5033,1004
5034,1005
5035,1005
5036,1005
5037,0
5038,0
5039,0
5040,0
5041,0
5042,0
5043,0
5044,0
5045,1005
5046,1005
5047,1005
5048,1005
5049,1005
5050,1005
5051,1005
5052,1005
5053,1005
5054,0
5055,0
5056,0
5057,0
5058,0
5059,0
5060,0
5061,0
5062,1005
5063,1005
5064,1005
5065,1005
5066,1004
5067,1005
5068,1005
5069,1005
5070,0
5071,0
5072,0
5073,0
5074,0
5075,0
5076,0
5077,0
5078,0
5079,1005
5080,1005
5081,1005
5082,1005
5083,1004
5084,1004
5085,1004
5086,1005
5087,0
5088,0
5089,0
5090,0
5091,0
5092,0
5093,0
5094,0
5095,1004
5096,1004
5097,1004
5098,1004
5099,1004
5100,1004
5101,1005
5102,1005
5103,1005
5104,0
5105,0
5106,0
5107,0
5108,0
5109,0
5110,0
5111,0
5112,1004
5113,1005
5114,1005
5115,1006
5116,1005
5117,1005
5118,1005
5119,1005
5120,0
5121,0
5122,0
5123,0
5124,0
5125,0
5126,0
5127,0
5128,0
5129,1005
5130,1005
5131,1005
5132,1005
5133,1005
5134,1004
5135,1005
5136,1005
5137,0
5138,0
5139,0
5140,0
5141,0
5142,0
5143,0
5144,0
5145,1005
5146,1005
5147,1006
5148,1005
5149,1005
5150,1005
5151,1005
5152,1005
5153,1004
5154,0
5155,0
5156,0
5157,0
5158,0
5159,0
5160,0
5161,0
5162,1005
5163,1006
5164,1005
5165,1005
5166,1005
5167,1005
5168,1005
5169,1005
5170,0
5171,0
5172,0
5173,0
5174,0
5175,0
5176,0
5177,0
5178,0
5179,1005
5180,1005
5181,1005
5182,1005
5183,1005
5184,1005
5185,1004
5186,1005
5187,0
5188,0
5189,0
5190,0
5191,0
5192,0
5193,0
5194,0
5195,1004
5196,1005
5197,1004
5198,1005
5199,1005
5200,1005
5201,1005
5202,1004
5203,1005
5204,0
5205,0
5206,0
5207,0
5208,0
5209,0
5210,0
5211,0
5212,1005
5213,1005
5214,1005
5215,1006
5216,1005
5217,1005
5218,1004
5219,1004
5220,0
5221,0
5222,0
5223,0
5224,0
5225,0
5226,0
5227,0
5228,0
5229,1004
5230,1005
5231,1005
5232,1005
5233,1005
5234,1005
5235,1004
5236,1005
5237,0
5238,0
5239,0
5240,0
5241,0
5242,0
5243,0
5244,0
5245,1005
5246,1005
5247,1005
5248,1004
5249,1004
5250,1005
5251,1005
5252,1005
5253,0
5254,0
5255,0
5256,0
5257,0
5258,0
5259,0
5260,0
5261,0
5262,1005
5263,1005
5264,1005
5265,1005
5266,1005
5267,1005
5268,1005
5269,1005
5270,0
5271,0
5272,0
5273,0
5274,0
5275,0
5276,0
5277,0
5278,1005
5279,1005
5280,1005
5281,1005
5282,1005
5283,1006
5284,1005
5285,1005
5286,1005
5287,0
5288,0
5289,0
5290,0
5291,0
5292,0
5293,0
5294,0
5295,1005
5296,1005
5297,1005
5298,1005
5299,1005
5300,1005
5301,1005
5302,1005
5303,0
5304,0
5305,0
5306,0
5307,0
5308,0
5309,0
5310,0
5311,0
5312,1005
5313,1005
5314,1004
5315,1005
5316,1005
5317,1005
5318,1005
5319,1004
5320,0
5321,0
5322,0
5323,0
5324,0
5325,0
5326,0
5327,0
5328,1006
5329,1005
5330,1005
5331,1005
5332,1005
5333,1005
5334,1005
5335,1005
5336,1005
5337,0
5338,0
5339,0
5340,0
5341,0
5342,0
5343,0
5344,0
5345,1005
5346,1005
5347,1005
5348,1005
5349,1005
5350,1005
5351,1005
5352,1006
5353,0
5354,0
5355,0
5356,0
5357,0
5358,0
5359,0
5360,0
5361,0
5362,1004
5363,1005
5364,1005
5365,1005
5366,1005
5367,1005
5368,1005
5369,1006
5370,0
5371,0
5372,0
5373,0
5374,0
5375,0
5376,0
5377,0
5378,1005
5379,1005
5380,1004
5381,1004
5382,1005
5383,1005
5384,1005
5385,1005
5386,1005
5387,0
5388,0
5389,0
5390,0
5391,0
5392,0
5393,0
5394,0
5395,1005
5396,1004
5397,1005
5398,1005
5399,1005
5400,1005
5401,1005
5402,1005
5403,0
5404,0
5405,0
5406,0
5407,0
5408,0
5409,0
5410,0
5411,0
5412,1005
5413,1005
5414,1005
5415,1005
5416,1005
5417,1005
5418,1005
5419,1005
5420,0
5421,0
5422,0
5423,0
5424,0
5425,0
5426,0
5427,0
5428,1005
5429,1005
5430,1005
5431,1005
5432,1005
5433,1005
5434,1005
5435,1005
5436,1004
5437,0
5438,0
5439,0
5440,0
5441,0
5442,0
5443,0
5444,0
5445,1004
5446,1004
5447,1005
5448,1004
5449,1005
5450,1004
5451,1005
5452,1005
5453,0
5454,0
5455,0
5456,0
5457,0
5458,0
5459,0
5460,0
5461,1005
5462,1005
5463,1005
5464,1005
5465,1005
5466,1005
5467,1005
5468,1004
5469,1005
5470,0
5471,0
5472,0
5473,0
5474,0
5475,0
5476,0
5477,0
5478,1005
5479,1005
5480,1005
5481,1005
5482,1005
5483,1005
5484,1005
5485,1005
5486,0
5487,0
5488,0
5489,0
5490,0
5491,0
5492,0
5493,0
5494,0
5495,1005
5496,1006
5497,1005
5498,1005
5499,1005
5500,1005
5501,1005
5502,1005
5503,0
5504,0
5505,0
5506,0
5507,0
5508,0
5509,0
5510,0
5511,1005
5512,1005
5513,1005
5514,1005
5515,1005
5516,1005
5517,1005
5518,1005
5519,1005
5520,0
5521,0
5522,0
5523,0
5524,0
5525,0
5526,0
5527,0
5528,1005
5529,1004
5530,1005
5531,1005
5532,1005
5533,1005
5534,1005
5535,1005
5536,0
5537,0
5538,0
5539,0
5540,0
5541,0
5542,0
5543,0
5544,0
5545,1005
5546,1005
5547,1005
5548,1005
5549,1005
5550,1005
5551,1005
5552,1005
5553,0
5554,0
5555,0
5556,0
5557,0
5558,0
5559,0
5560,0
5561,1005
5562,1005
5563,1005
5564,1004
5565,1005
5566,1005
5567,1005
5568,1005
5569,1005
5570,0
5571,0
5572,0
5573,0
5574,0
5575,0
5576,0
5577,0
5578,1005
5579,1005
5580,1005
5581,1005
5582,1006
5583,1005
5584,1005
5585,1005
5586,0
5587,0
5588,0
5589,0
5590,0
5591,0
5592,0
5593,0
5594,0
5595,1004
5596,1005
5597,1004
5598,1005
5599,1005
5600,1005
5601,1005
5602,1005
5603,0
5604,0
5605,0
5606,0
5607,0
5608,0
5609,0
5610,0
5611,1005
5612,1005
5613,1005
5614,1004
5615,1004
5616,1005
5617,1005
5618,1005
5619,1005
5620,0
5621,0
5622,0
5623,0
5624,0
5625,0
5626,0
5627,0
5628,1004
5629,1005
5630,1005
5631,1005
5632,1005
5633,1005
5634,1005
5635,1005
5636,0
5637,0
5638,0
5639,0
5640,0
5641,0
5642,0
5643,0
5644,0
5645,1005
5646,1005
5647,1005
5648,1005
5649,1005
5650,1005
5651,1005
5652,1005
5653,0
5654,0
5655,0
5656,0
5657,0
5658,0
5659,0
5660,0
5661,1005
5662,1005
5663,1005
5664,1005
5665,1005
5666,1005
5667,1005
5668,1005
5669,0
5670,0
5671,0
5672,0
5673,0
5674,0
5675,0
5676,0
5677,0
5678,1004
5679,1004
5680,1004
5681,1005
5682,1005
5683,1005
5684,1005
5685,1005
5686,0
5687,0
5688,0
5689,0
5690,0
5691,0
5692,0
5693,0
5694,1005
5695,1004
5696,1005
5697,1005
5698,1005
5699,1005
5700,1005
5701,1005
5702,1005
5703,0
5704,0
5705,0
5706,0
5707,0
5708,0
5709,0
5710,0
5711,1005
5712,1005
5713,1005
5714,1005
5715,1005
5716,1005
5717,1005
5718,1005
5719,0
5720,0
5721,0
5722,0
5723,0
5724,0
5725,0
5726,0
5727,0
5728,1005
5729,1005
5730,1005
5731,1005
5732,1005
5733,1005
5734,1005
5735,1005
5736,0
5737,0
5738,0
5739,0
5740,0
5741,0
5742,0
5743,0
5744,1005
5745,1005
5746,1004
5747,1005
5748,1005
5749,1005
5750,1005
5751,1005
5752,1005
5753,0
5754,0
5755,0
5756,0
5757,0
5758,0
5759,0
5760,0
5761,1005
5762,1005
5763,1004
5764,1005
5765,1005
5766,1005
5767,1005
5768,1004
5769,0
5770,0
5771,0
5772,0
5773,0
5774,0
5775,0
5776,0
5777,0
5778,1005
5779,1005
5780,1005
5781,1005
5782,1004
5783,1005
5784,1004
5785,1005
5786,0
5787,0
5788,0
5789,0
5790,0
5791,0
5792,0
5793,0
5794,1005
5795,1005
5796,1005
5797,1005
5798,1005
5799,1005
5800,1005
5801,1005
5802,1005
5803,0
5804,0
5805,0
5806,0
5807,0
5808,0
5809,0
5810,0
5811,1005
5812,1005
5813,1005
5814,1005
5815,1005
5816,1005
5817,1005
5818,1005
5819,0
5820,0
5821,0
5822,0
5823,0
5824,0
5825,0
5826,0
5827,0
5828,1005
5829,1005
5830,1005
5831,1005
5832,1005
5833,1005
5834,1005
5835,1005
5836,0
5837,0
5838,0
5839,0
5840,0
5841,0
5842,0
5843,0
5844,1005
5845,1005
5846,1005
5847,1005
5848,1004
5849,1005
5850,1005
5851,1005
5852,1005
5853,0
5854,0
5855,0
5856,0
5857,0
5858,0
5859,0
5860,0
5861,1005
5862,1005
5863,1005
5864,1005
5865,1005
5866,1005
5867,1005
5868,1006
5869,0
5870,0
5871,0
5872,0
5873,0
5874,0
5875,0
5876,0
5877,1005
5878,1005
5879,1005
5880,1005
5881,1005
5882,1005
5883,1005
5884,1005
5885,1005
5886,0
5887,0
5888,0
5889,0
5890,0
5891,0
5892,0
5893,0
5894,1005
5895,1005
5896,1005
5897,1005
5898,1005
5899,1005
5900,1005
5901,1004
5902,0
5903,0
5904,0
5905,0
5906,0
5907,0
5908,0
5909,0
5910,0
5911,1005
5912,1004
5913,1004
5914,1004
5915,1005
5916,1004
5917,1005
5918,1005
5919,0
5920,0
5921,0
5922,0
5923,0
5924,0
5925,0
5926,0
5927,1005
5928,1005
5929,1005
5930,1005
5931,1005
5932,1005
5933,1004
5934,1005
5935,1005
5936,0
5937,0
5938,0
5939,0
5940,0
5941,0
5942,0
5943,0
5944,1005
5945,1005
5946,1005
5947,1005
5948,1005
5949,1005
5950,1005
5951,1005
5952,0
5953,0
5954,0
5955,0
5956,0
5957,0
5958,0
5959,0
5960,0
5961,1005
5962,1005
5963,1005
5964,1004
5965,1005
5966,1005
5967,1005
5968,1005
5969,0
5970,0
5971,0
5972,0
5973,0
5974,0
5975,0
5976,0
5977,1005
5978,1005
5979,1005
5980,1005
5981,1004
5982,1005
5983,1004
5984,1005
5985,1004
5986,0
5987,0
5988,0
5989,0
5990,0
5991,0
5992,0
5993,0
5994,1005
5995,1005
5996,1005
5997,1005
5998,1005
5999,1005
6000,1005
6001,1004
6002,0
6003,0
6004,0
6005,0
6006,0
6007,0
6008,0
6009,0
6010,0
6011,1005
6012,1005
6013,1005
6014,1005
6015,1004
6016,1005
6017,1004
6018,1005
6019,0
6020,0
6021,0
6022,0
6023,0
6024,0
6025,0
6026,0
6027,1005
6028,1005
6029,1005
6030,1005
6031,1005
6032,1004
6033,1004
6034,1005
6035,1004
6036,0
6037,0
6038,0
6039,0
6040,0
6041,0
6042,0
6043,0
6044,1005
6045,1005
6046,1005
6047,1005
6048,1005
6049,1005
6050,1005
6051,1005
6052,0
6053,0
6054,0
6055,0
6056,0
6057,0
6058,0
6059,0
6060,0
6061,1005
6062,1005
6063,1005
6064,1005
6065,1005
6066,1005
6067,1005
6068,1005
6069,0
6070,0
6071,0
6072,0
6073,0
6074,0
6075,0
6076,0
6077,1005
6078,1005
6079,1005
6080,1005
6081,1005
6082,1005
6083,1005
6084,1005
6085,0
6086,0
6087,0
6088,0
6089,0
6090,0
6091,0
6092,0
6093,0
6094,1005
6095,1005
6096,1005
6097,1005
6098,1005
6099,1004
6100,1005
6101,1004
6102,0
6103,0
6104,0
6105,0
6106,0
6107,0
6108,0
6109,0
6110,1005
6111,1005
6112,1005
6113,1004
6114,1005
6115,1005
6116,1005
6117,1005
6118,1005
6119,0
6120,0
6121,0
6122,0
6123,0
6124,0
6125,0
6126,0
6127,1004
6128,1005
6129,1005
6130,1005
6131,1005
6132,1005
6133,1005
6134,1005
6135,0
6136,0
6137,0
6138,0
6139,0
6140,0
6141,0
6142,0
6143,0
6144,1005
6145,1005
6146,1004
6147,1005
6148,1005
6149,1005
6150,1005
6151,1005
6152,0
6153,0
6154,0
6155,0
6156,0
6157,0
6158,0
6159,0
6160,1004
6161,1005
6162,1005
6163,1005
6164,1005
6165,1005
6166,1005
6167,1005
6168,1005
6169,0
6170,0
6171,0
6172,0
6173,0
6174,0
6175,0
6176,0
6177,1005
6178,1004
6179,1005
6180,1004
6181,1005
6182,1005
6183,1004
6184,1005
6185,0
6186,0
6187,0
6188,0
6189,0
6190,0
6191,0
6192,0
6193,0
6194,1005
6195,1005
6196,1004
6197,1005
6198,1005
6199,1005
6200,1005
6201,1005
6202,0
6203,0
6204,0
6205,0
6206,0
6207,0
6208,0
6209,0
6210,1005
6211,1005
6212,1005
6213,1004
6214,1005
6215,1005
6216,1005
6217,1005
6218,1005
6219,0
6220,0
6221,0
6222,0
6223,0
6224,0
6225,0
6226,0
6227,1005
6228,1005
6229,1004
6230,1005
6231,1005
6232,1004
6233,1005
6234,1004
6235,0
6236,0
6237,0
6238,0
6239,0
6240,0
6241,0
6242,0
6243,0
6244,1004
6245,1005
6246,1005
6247,1005
6248,1004
6249,1005
6250,1004
6251,1005
6252,0
6253,0
6254,0
6255,0
6256,0
6257,0
6258,0
6259,0
6260,1005
6261,1005
6262,1005
6263,1005
6264,1005
6265,1005
6266,1005
6267,1005
6268,1004
6269,0
6270,0
6271,0
6272,0
6273,0
6274,0
6275,0
6276,0
6277,1005
6278,1005
6279,1005
6280,1005
6281,1004
6282,1005
6283,1005
6284,1005
6285,0
6286,0
6287,0
6288,0
6289,0
6290,0
6291,0
6292,0
6293,1004
6294,1005
6295,1005
6296,1005
6297,1005
6298,1005
6299,1004
6300,1004
6301,1005
6302,0
6303,0
6304,0
6305,0
6306,0
6307,0
6308,0
6309,0
6310,1005
6311,1005
6312,1004
6313,1005
6314,1004
6315,1005
6316,1005
6317,1005
6318,0
6319,0
6320,0
6321,0
6322,0
6323,0
6324,0
6325,0
6326,0
6327,1005
6328,1005
6329,1005
6330,1006
6331,1005
6332,1005
6333,1005
6334,1004
6335,0
6336,0
6337,0
6338,0
6339,0
6340,0
6341,0
6342,0
6343,1005
6344,1005
6345,1005
6346,1005
6347,1005
6348,1005
6349,1005
6350,1005
6351,1005
6352,0
6353,0
6354,0
6355,0
6356,0
6357,0
6358,0
6359,0
6360,1004
6361,1005
6362,1005
6363,1005
6364,1005
6365,1005
6366,1005
6367,1005
6368,0
6369,0
6370,0
6371,0
6372,0
6373,0
6374,0
6375,0
6376,0
6377,1005
6378,1004
6379,1005
6380,1005
6381,1005
6382,1005
6383,1006
6384,1004
6385,0
6386,0
6387,0
6388,0
6389,0
6390,0
6391,0
6392,0
6393,1005
6394,1005
6395,1005
6396,1005
6397,1005
6398,1005
6399,1005
6400,1005
6401,1005
6402,0
6403,0
6404,0
6405,0
6406,0
6407,0
6408,0
6409,0
6410,1005
6411,1005
6412,1005
6413,1005
6414,1005
6415,1005
6416,1005
6417,1005
6418,0
6419,0
6420,0
6421,0
6422,0
6423,0
6424,0
6425,0
6426,0
6427,1005
6428,1004
6429,1005
6430,1005
6431,1005
6432,1005
6433,1005
6434,1005
6435,0
6436,0
6437,0
6438,0
6439,0
6440,0
6441,0
6442,0
6443,1005
6444,1005
6445,1005
6446,1005
6447,1005
6448,1005
6449,1005
6450,1005
6451,1005
6452,0
6453,0
6454,0
6455,0
6456,0
6457,0
6458,0
6459,0
6460,1004
6461,1005
6462,1005
6463,1005
6464,1005
6465,1005
6466,1005
6467,1006
6468,0
6469,0
6470,0
6471,0
6472,0
6473,0
6474,0
6475,0
6476,0
6477,1005
6478,1005
6479,1005
6480,1005
6481,1004
6482,1005
6483,1005
6484,1005
6485,0
6486,0
6487,0
6488,0
6489,0
6490,0
6491,0
6492,0
6493,1005
6494,1005
6495,1005
6496,1004
6497,1005
6498,1005
6499,1005
6500,1005
6501,0
6502,0
6503,0
6504,0
6505,0
6506,0
6507,0
6508,0
6509,0
6510,1005
6511,1005
6512,1005
6513,1004
6514,1005
6515,1004
6516,1005
6517,1005
6518,0
6519,0
6520,0
6521,0
6522,0
6523,0
6524,0
6525,0
6526,1005
6527,1005
6528,1005
6529,1004
6530,1005
6531,1005
6532,1005
6533,1004
6534,1005
6535,0
6536,0
6537,0
6538,0
6539,0
6540,0
6541,0
6542,0
6543,1004
6544,1004
6545,1004
6546,1005
6547,1005
6548,1005
6549,1005
6550,1005
6551,0
6552,0
6553,0
6554,0
6555,0
6556,0
6557,0
6558,0
6559,0
6560,1005
6561,1005
6562,1005
6563,1005
6564,1005
6565,1005
6566,1005
6567,1005
6568,0
6569,0
6570,0
6571,0
6572,0
6573,0
6574,0
6575,0
6576,1005
6577,1004
6578,1005
6579,1005
6580,1005
6581,1005
6582,1005
6583,1005
6584,1005
6585,0
6586,0
6587,0
6588,0
6589,0
6590,0
6591,0
6592,0
6593,1005
6594,1004
6595,1005
6596,1005
6597,1005
6598,1005
6599,1004
6600,1004
6601,0
6602,0
6603,0
6604,0
6605,0
6606,0
6607,0
6608,0
6609,0
6610,1005
6611,1005
6612,1005
6613,1004
6614,1005
6615,1005
6616,1005
6617,1004
6618,0
6619,0
6620,0
6621,0
6622,0
6623,0
6624,0
6625,0
6626,1005
6627,1005
6628,1005
6629,1005
6630,1005
6631,1005
6632,1005
6633,1005
6634,1005
6635,0
6636,0
6637,0
6638,0
6639,0
6640,0
6641,0
6642,0
6643,1004
6644,1005
6645,1005
6646,1005
6647,1005
6648,1005
6649,1005
6650,1005
6651,0
6652,0
6653,0
6654,0
6655,0
6656,0
6657,0
6658,0
6659,0
6660,1004
6661,1005
6662,1005
6663,1004
6664,1004
6665,1005
6666,1005
6667,1005
6668,0
6669,0
6670,0
6671,0
6672,0
6673,0
6674,0
6675,0
6676,1005
6677,1005
6678,1005
6679,1005
6680,1005
6681,1005
6682,1005
6683,1005
6684,1004
6685,0
6686,0
6687,0
6688,0
6689,0
6690,0
6691,0
6692,0
6693,1005
6694,1004
6695,1005
6696,1005
6697,1005
6698,1005
6699,1005
6700,1005
6701,0
6702,0
6703,0
6704,0
6705,0
6706,0
6707,0
6708,0
6709,1005
6710,1005
6711,1005
6712,1005
6713,1004
6714,1005
6715,1005
6716,1005
6717,1005
6718,0
6719,0
6720,0
6721,0
6722,0
6723,0
6724,0
6725,0
6726,1005
6727,1004
6728,1005
6729,1005
6730,1005
6731,1005
6732,1004
6733,1005
6734,0
6735,0
6736,0
6737,0
6738,0
6739,0
6740,0
6741,0
6742,0
6743,1004
6744,1005
6745,1004
6746,1005
6747,1005
6748,1004
6749,1005
6750,1005
6751,0
6752,0
6753,0
6754,0
6755,0
6756,0
6757,0
6758,0
6759,1004
6760,1005
6761,1005
6762,1004
6763,1005
6764,1004
6765,1005
6766,1004
6767,1005
6768,0
6769,0
6770,0
6771,0
6772,0
6773,0
6774,0
6775,0
6776,1005
6777,1005
6778,1005
6779,1005
6780,1005
6781,1005
6782,1005
6783,1005
6784,0
6785,0
6786,0
6787,0
6788,0
6789,0
6790,0
6791,0
6792,0
6793,1005
6794,1005
6795,1005
6796,1005
6797,1004
6798,1005
6799,1005
6800,1005
6801,0
6802,0
6803,0
6804,0
6805,0
6806,0
6807,0
6808,0
6809,1005
6810,1005
6811,1005
6812,1004
6813,1005
6814,1005
6815,1005
6816,1005
6817,1004
6818,0
6819,0
6820,0
6821,0
6822,0
6823,0
6824,0
6825,0
6826,1005
6827,1005
6828,1005
6829,1006
6830,1005
6831,1005
6832,1005
6833,1004
6834,0
6835,0
6836,0
6837,0
6838,0
6839,0
6840,0
6841,0
6842,0
6843,1005
6844,1005
6845,1005
6846,1005
6847,1005
6848,1005
6849,1005
6850,1006
6851,0
6852,0
6853,0
6854,0
6855,0
6856,0
6857,0
6858,0
6859,1005
6860,1004
6861,1005
6862,1005
6863,1005
6864,1005
6865,1005
6866,1005
6867,1005
6868,0
6869,0
6870,0
6871,0
6872,0
6873,0
6874,0
6875,0
6876,1005
6877,1005
6878,1005
6879,1005
6880,1005
6881,1005
6882,1005
6883,1005
6884,0
6885,0
6886,0
6887,0
6888,0
6889,0
6890,0
6891,0
6892,0
6893,1005
6894,1005
6895,1005
6896,1005
6897,1005
6898,1005
6899,1005
6900,1005
6901,0
6902,0
6903,0
6904,0
6905,0
6906,0
6907,0
6908,0
6909,1004
6910,1005
6911,1005
6912,1005
6913,1004
6914,1005
6915,1005
6916,1005
6917,0
6918,0
6919,0
6920,0
6921,0
6922,0
6923,0
6924,0
6925,0
6926,1005
6927,1005
6928,1005
6929,1005
6930,1005
6931,1005
6932,1005
6933,1005
6934,0
6935,0
6936,0
6937,0
6938,0
6939,0
6940,0
6941,0
6942,1005
6943,1004
6944,1004
6945,1005
6946,1005
6947,1005
6948,1005
6949,1005
6950,1005
6951,0
6952,0
6953,0
6954,0
6955,0
6956,0
6957,0
6958,0
6959,1005
6960,1005
6961,1005
6962,1004
6963,1004
6964,1005
6965,1005
6966,1005
6967,0
6968,0
6969,0
6970,0
6971,0
6972,0
6973,0
6974,0
6975,0
6976,1005
6977,1005
6978,1005
6979,1005
6980,1005
6981,1005
6982,1005
6983,1005
6984,0
6985,0
6986,0
6987,0
6988,0
6989,0
6990,0
6991,0
6992,1005
6993,1005
6994,1005
6995,1005
6996,1005
6997,1005
6998,1004
6999,1005
7000,1005
7001,0
7002,0
7003,0
7004,0
7005,0
7006,0
7007,0
7008,0
7009,1005
7010,1005
7011,1005
7012,1005
7013,1005
7014,1005
7015,1005
7016,1005
7017,0
7018,0
7019,0
7020,0
7021,0
7022,0
7023,0
7024,0
7025,0
7026,1004
7027,1004
7028,1004
7029,1005
7030,1005
7031,1005
7032,1004
7033,1005
7034,0
7035,0
7036,0
7037,0
7038,0
7039,0
7040,0
7041,0
7042,1005
7043,1004
7044,1005
7045,1004
7046,1004
7047,1004
7048,1005
7049,1005
7050,1005
7051,0
7052,0
7053,0
7054,0
7055,0
7056,0
7057,0
7058,0
7059,1005
7060,1005
7061,1005
7062,1005
7063,1005
7064,1004
7065,1005
7066,1005
7067,0
7068,0
7069,0
7070,0
7071,0
7072,0
7073,0
7074,0
7075,0
7076,1005
7077,1005
7078,1005
7079,1004
7080,1005
7081,1005
7082,1005
7083,1004
7084,0
7085,0
7086,0
7087,0
7088,0
7089,0
7090,0
7091,0
7092,1004
7093,1005
7094,1005
7095,1005
7096,1005
7097,1005
7098,1005
7099,1005
7100,1005
7101,0
7102,0
7103,0
7104,0
7105,0
7106,0
7107,0
7108,0
7109,1004
7110,1005
7111,1005
7112,1005
7113,1005
7114,1005
7115,1005
7116,1005
7117,0
7118,0
7119,0
7120,0
7121,0
7122,0
7123,0
7124,0
7125,1004
7126,1005
7127,1005
7128,1005
7129,1005
7130,1005
7131,1005
7132,1005
7133,1005
7134,0
7135,0
7136,0
7137,0
7138,0
7139,0
7140,0
7141,0
7142,1005
7143,1005
7144,1005
7145,1005
7146,1005
7147,1005
7148,1005
7149,1005
7150,0
7151,0
7152,0
7153,0
7154,0
7155,0
7156,0
7157,0
7158,0
7159,1005
7160,1004
7161,1005
7162,1005
7163,1005
7164,1005
7165,1005
7166,1004
7167,0
7168,0
7169,0
7170,0
7171,0
7172,0
7173,0
7174,0
7175,1005
7176,1005
7177,1005
7178,1005
7179,1005
7180,1005
7181,1005
7182,1005
7183,1004
7184,0
7185,0
7186,0
7187,0
7188,0
7189,0
7190,0
7191,0
7192,1005
7193,1005
7194,1004
7195,1005
7196,1005
7197,1005
7198,1005
7199,1005
7200,0
7201,0
7202,0
7203,0
7204,0
7205,0
7206,0
7207,0
7208,0
7209,1005
7210,1005
7211,1004
7212,1005
7213,1005
7214,1005
7215,1005
7216,1005
7217,0
7218,0
7219,0
7220,0
7221,0
7222,0
7223,0
7224,0
7225,1006
7226,1004
7227,1005
7228,1005
7229,1004
7230,1005
7231,1005
7232,1005
7233,1005
7234,0
7235,0
7236,0
7237,0
7238,0
7239,0
7240,0
7241,0
7242,1005
7243,1005
7244,1005
7245,1005
7246,1004
7247,1005
7248,1005
7249,1005
7250,0
7251,0
7252,0
7253,0
7254,0
7255,0
7256,0
7257,0
7258,0
7259,1005
7260,1005
7261,1004
7262,1004
7263,1005
7264,1004
7265,1005
7266,1005
7267,0
7268,0
7269,0
7270,0
7271,0
7272,0
7273,0
7274,0
7275,1005
7276,1004
7277,1004
7278,1005
7279,1005
7280,1005
7281,1004
7282,1005
7283,1004
7284,0
7285,0
7286,0
7287,0
7288,0
7289,0
7290,0
7291,0
7292,1005
7293,1004
7294,1005
7295,1005
7296,1005
7297,1004
7298,1004
7299,1005
7300,0
7301,0
7302,0
7303,0
7304,0
7305,0
7306,0
7307,0
7308,0
7309,1005
7310,1005
7311,1004
7312,1005
7313,1004
7314,1005
7315,1004
7316,1005
7317,0
7318,0
7319,0
7320,0
7321,0
7322,0
7323,0
7324,0
7325,1005
7326,1005
7327,1004
7328,1004
7329,1005
7330,1004
7331,1005
7332,1005
7333,0
7334,0
7335,0
7336,0
7337,0
7338,0
7339,0
7340,0
7341,0
7342,1005
7343,1005
7344,1004
7345,1005
7346,1005
7347,1005
7348,1005
7349,1005
7350,0
7351,0
7352,0
7353,0
7354,0
7355,0
7356,0
7357,0
7358,1005
7359,1005
7360,1005
7361,1005
7362,1005
7363,1005
7364,1005
7365,1005
7366,1005
7367,0
7368,0
7369,0
7370,0
7371,0
7372,0
7373,0
7374,0
7375,1005
7376,1005
7377,1005
7378,1005
7379,1005
7380,1005
7381,1005
7382,1005
7383,0
7384,0
7385,0
7386,0
7387,0
7388,0
7389,0
7390,0
7391,0
7392,1005
7393,1005
7394,1006
7395,1005
7396,1005
7397,1005
7398,1005
7399,1004
7400,0
7401,0
7402,0
7403,0
7404,0
7405,0
7406,0
7407,0
7408,1004
7409,1005
7410,1005
7411,1005
7412,1005
7413,1005
7414,1005
7415,1004
7416,1005
7417,0
7418,0
7419,0
7420,0
7421,0
7422,0
7423,0
7424,0
7425,1005
7426,1005
7427,1005
7428,1005
7429,1005
7430,1004
7431,1005
7432,1004
7433,0
7434,0
7435,0
7436,0
7437,0
7438,0
7439,0
7440,0
7441,0
7442,1005
7443,1005
7444,1005
7445,1005
7446,1005
7447,1005
7448,1005
7449,1004
7450,0
7451,0
7452,0
7453,0
7454,0
7455,0
7456,0
7457,0
7458,1005
7459,1005
7460,1005
7461,1005
7462,1004
7463,1004
7464,1005
7465,1004
7466,1004
7467,0
7468,0
7469,0
7470,0
7471,0
7472,0
7473,0
7474,0
7475,1005
7476,1005
7477,1005
7478,1005
7479,1005
7480,1005
7481,1005
7482,1005
7483,0
7484,0
7485,0
7486,0
7487,0
7488,0
7489,0
7490,0
7491,0
7492,1004
7493,1005
7494,1004
7495,1005
7496,1005
7497,1005
7498,1005
7499,1004
7500,0
7501,0
7502,0
7503,0
7504,0
7505,0
7506,0
7507,0
7508,1005
7509,1005
7510,1005
7511,1005
7512,1005
7513,1005
7514,1005
7515,1005
7516,1004
7517,0
7518,0
7519,0
7520,0
7521,0
7522,0
7523,0
7524,0
7525,1004
7526,1005
7527,1005
7528,1005
7529,1005
7530,1005
7531,1005
7532,1005
7533,0
7534,0
7535,0
7536,0
7537,0
7538,0
7539,0
7540,0
7541,1005
7542,1005
7543,1005
7544,1005
7545,1005
7546,1004
7547,1005
7548,1005
7549,1005
7550,0
7551,0
7552,0
7553,0
7554,0
7555,0
7556,0
7557,0
7558,1004
7559,1005
7560,1005
7561,1004
7562,1005
7563,1005
7564,1004
7565,1005
7566,0
7567,0
7568,0
7569,0
7570,0
7571,0
7572,0
7573,0
7574,0
7575,1005
7576,1005
7577,1005
7578,1005
7579,1005
7580,1005
7581,1004
7582,1005
7583,0
7584,0
7585,0
7586,0
7587,0
7588,0
7589,0
7590,0
7591,1004
7592,1005
7593,1005
7594,1005
7595,1005
7596,1005
7597,1005
7598,1005
7599,1005
7600,0
7601,0
7602,0
7603,0
7604,0
7605,0
7606,0
7607,0
7608,1005
7609,1006
7610,1004
7611,1004
7612,1005
7613,1005
7614,1005
7615,1005
7616,0
7617,0
7618,0
7619,0
7620,0
7621,0
7622,0
7623,0
7624,0
7625,1005
7626,1005
7627,1005
7628,1005
7629,1005
7630,1005
7631,1005
7632,1005
7633,0
7634,0
7635,0
7636,0
7637,0
7638,0
7639,0
7640,0
7641,1005
7642,1005
7643,1005
7644,1005
7645,1005
7646,1004
7647,1004
7648,1005
7649,1005
7650,0
7651,0
7652,0
7653,0
7654,0
7655,0
7656,0
7657,0
7658,1005
7659,1005
7660,1005
7661,1005
7662,1005
7663,1004
7664,1005
7665,1004
7666,0
7667,0
7668,0
7669,0
7670,0
7671,0
7672,0
7673,0
7674,0
7675,1005
7676,1005
7677,1004
7678,1004
7679,1005
7680,1005
7681,1005
7682,1004
7683,0
7684,0
7685,0
7686,0
7687,0
7688,0
7689,0
7690,0
7691,1005
7692,1005
7693,1005
7694,1005
7695,1004
7696,1005
7697,1004
7698,1005
7699,1004
7700,0
7701,0
7702,0
7703,0
7704,0
7705,0
7706,0
7707,0
7708,1005
7709,1005
7710,1004
7711,1005
7712,1005
7713,1004
7714,1005
7715,1005
7716,0
7717,0
7718,0
7719,0
7720,0
7721,0
7722,0
7723,0
7724,0
7725,1005
7726,1005
7727,1005
7728,1005
7729,1005
7730,1005
7731,1005
7732,1005
7733,0
7734,0
7735,0
7736,0
7737,0
7738,0
7739,0
7740,0
7741,1005
7742,1005
7743,1005
7744,1005
7745,1005
7746,1004
7747,1004
7748,1004
7749,0
7750,0
7751,0
7752,0
7753,0
7754,0
7755,0
7756,0
7757,0
7758,1005
7759,1005
7760,1005
7761,1005
7762,1005
7763,1005
7764,1005
7765,1005
7766,0
7767,0
7768,0
7769,0
7770,0
7771,0
7772,0
7773,0
7774,1005
7775,1005
7776,1005
7777,1005
7778,1005
7779,1004
7780,1005
7781,1005
7782,1005
7783,0
7784,0
7785,0
7786,0
7787,0
7788,0
7789,0
7790,0
7791,1005
7792,1005
7793,1004
7794,1005
7795,1005
7796,1005
7797,1005
7798,1005
7799,0
7800,0
7801,0
7802,0
7803,0
7804,0
7805,0
7806,0
7807,0
7808,1005
7809,1004
7810,1005
7811,1005
7812,1005
7813,1005
7814,1005
7815,1005
7816,0
7817,0
7818,0
7819,0
7820,0
7821,0
7822,0
7823,0
7824,1005
7825,1004
7826,1004
7827,1005
7828,1004
7829,1004
7830,1005
7831,1005
7832,1005
7833,0
7834,0
7835,0
7836,0
7837,0
7838,0
7839,0
7840,0
7841,1005
7842,1005
7843,1005
7844,1004
7845,1005
7846,1005
7847,1005
7848,1005
7849,0
7850,0
7851,0
7852,0
7853,0
7854,0
7855,0
7856,0
7857,0
7858,1005
7859,1005
7860,1005
7861,1004
7862,1005
7863,1005
7864,1005
7865,1005
7866,0
7867,0
7868,0
7869,0
7870,0
7871,0
7872,0
7873,0
7874,1005
7875,1005
7876,1005
7877,1005
7878,1004
7879,1005
7880,1005
7881,1005
7882,1005
7883,0
7884,0
7885,0
7886,0
7887,0
7888,0
7889,0
7890,0
7891,1005
7892,1005
7893,1005
7894,1005
7895,1005
7896,1005
7897,1005
7898,1005
7899,0
7900,0
7901,0
7902,0
7903,0
7904,0
7905,0
7906,0
7907,0
7908,1005
7909,1005
7910,1004
7911,1005
7912,1005
7913,1005
7914,1005
7915,1004
7916,0
7917,0
7918,0
7919,0
7920,0
7921,0
7922,0
7923,0
7924,1005
7925,1004
7926,1005
7927,1004
7928,1004
7929,1005
7930,1005
7931,1005
7932,1004
7933,0
7934,0
7935,0
7936,0
7937,0
7938,0
7939,0
7940,0
7941,1005
7942,1005
7943,1005
7944,1005
7945,1004
7946,1005
7947,1005
7948,1004
7949,0
7950,0
7951,0
7952,0
7953,0
7954,0
7955,0
7956,0
7957,1005
7958,1005
7959,1004
7960,1005
7961,1005
7962,1004
7963,1005
7964,1005
7965,1005
7966,0
7967,0
7968,0
7969,0
7970,0
7971,0
7972,0
7973,0
7974,1005
7975,1005
7976,1005
7977,1005
7978,1005
7979,1005
7980,1005
7981,1004
7982,0
7983,0
7984,0
7985,0
7986,0
7987,0
7988,0
7989,0
7990,0
7991,1005
7992,1005
7993,1004
7994,1005
7995,1005
7996,1005
7997,1005
7998,1005
7999,0
8000,0
8001,0
8002,0
8003,0
8004,0
8005,0
8006,0
8007,1005
8008,1004
8009,1005
8010,1005
8011,1004
8012,1005
8013,1004
8014,1005
8015,1004
8016,0
8017,0
8018,0
8019,0
8020,0
8021,0
8022,0
8023,0
8024,1005
8025,1005
8026,1005
8027,1005
8028,1004
8029,1005
8030,1005
8031,1005
8032,0
8033,0
8034,0
8035,0
8036,0
8037,0
8038,0
8039,0
8040,0
8041,1005
8042,1005
8043,1004
8044,1005
8045,1004
8046,1005
8047,1005
8048,1004
8049,0
8050,0
8051,0
8052,0
8053,0
8054,0
8055,0
8056,0
8057,1005
8058,1005
8059,1005
8060,1005
8061,1005
8062,1005
8063,1005
8064,1005
8065,1005
8066,0
8067,0
8068,0
8069,0
8070,0
8071,0
8072,0
8073,0
8074,1005
8075,1005
8076,1005
8077,1005
8078,1005
8079,1005
8080,1005
8081,1005
8082,0
8083,0
8084,0
8085,0
8086,0
8087,0
8088,0
8089,0
8090,0
8091,1005
8092,1005
8093,1005
8094,1004
8095,1005
8096,1005
8097,1005
8098,1005
8099,0
8100,0
8101,0
8102,0
8103,0
8104,0
8105,0
8106,0
8107,1005
8108,1005
8109,1004
8110,1005
8111,1005
8112,1005
8113,1004
8114,1004
8115,1005
8116,0
8117,0
8118,0
8119,0
8120,0
8121,0
8122,0
8123,0
8124,1004
8125,1005
8126,1005
8127,1004
8128,1005
8129,1005
8130,1005
8131,1004
8132,0
8133,0
8134,0
8135,0
8136,0
8137,0
8138,0
8139,0
8140,0
8141,1005
8142,1005
8143,1004
8144,1005
8145,1005
8146,1005
8147,1004
8148,1005
8149,0
8150,0
8151,0
8152,0
8153,0
8154,0
8155,0
8156,0
8157,1005
8158,1005
8159,1005
8160,1005
8161,1004
8162,1006
8163,1005
8164,1005
8165,0
8166,0
8167,0
8168,0
8169,0
8170,0
8171,0
8172,0
8173,0
8174,1005
8175,1005
8176,1005
8177,1005
8178,1005
8179,1004
8180,1005
8181,1005
8182,0
8183,0
8184,0
8185,0
8186,0
8187,0
8188,0
8189,0
8190,1005
8191,1005
8192,1005
8193,1004
8194,1005
8195,1005
8196,1005
8197,1004
8198,1005
8199,0
8200,0
8201,0
8202,0
8203,0
8204,0
8205,0
8206,0
8207,1005
8208,1005
8209,1005
8210,1005
8211,1004
8212,1005
8213,1005
8214,1005
8215,0
8216,0
8217,0
8218,0
8219,0
8220,0
8221,0
8222,0
8223,0
8224,1004
8225,1005
8226,1005
8227,1005
8228,1005
8229,1004
8230,1004
8231,1005
8232,0
8233,0
8234,0
8235,0
8236,0
8237,0
8238,0
8239,0
8240,1005
8241,1004
8242,1004
8243,1004
8244,1005
8245,1005
8246,1004
8247,1005
8248,1005
8249,0
8250,0
8251,0
8252,0
8253,0
8254,0
8255,0
8256,0
8257,1005
8258,1005
8259,1005
8260,1005
8261,1005
8262,1005
8263,1004
8264,1005
8265,0
8266,0
8267,0
8268,0
8269,0
8270,0
8271,0
8272,0
8273,0
8274,1005
8275,1005
8276,1005
8277,1005
8278,1005
8279,1005
8280,1005
8281,1005
8282,0
8283,0
8284,0
8285,0
8286,0
8287,0
8288,0
8289,0
8290,1005
8291,1005
8292,1005
8293,1004
8294,1004
8295,1005
8296,1004
8297,1004
8298,1004
8299,0
8300,0
8301,0
8302,0
8303,0
8304,0
8305,0
8306,0
8307,1005
8308,1005
8309,1005
8310,1005
8311,1005
8312,1005
8313,1004
8314,1005
8315,0
8316,0
8317,0
8318,0
8319,0
8320,0
8321,0
8322,0
8323,0
8324,1005
8325,1005
8326,1004
8327,1005
8328,1005
8329,1005
8330,1004
8331,1004
8332,0
8333,0
8334,0
8335,0
8336,0
8337,0
8338,0
8339,0
8340,1005
8341,1005
8342,1005
8343,1005
8344,1005
8345,1005
8346,1005
8347,1005
8348,1004
8349,0
8350,0
8351,0
8352,0
8353,0
8354,0
8355,0
8356,0
8357,1006
8358,1005
8359,1005
8360,1004
8361,1004
8362,1005
8363,1005
8364,1005
8365,0
8366,0
8367,0
8368,0
8369,0
8370,0
8371,0
8372,0
8373,1005
8374,1005
8375,1006
8376,1005
8377,1005
8378,1005
8379,1004
8380,1004
8381,1004
8382,0
8383,0
8384,0
8385,0
8386,0
8387,0
8388,0
8389,0
8390,1005
8391,1005
8392,1005
8393,1005
8394,1005
8395,1004
8396,1004
8397,1005
8398,0
8399,0
8400,0
8401,0
8402,0
8403,0
8404,0
8405,0
8406,0
8407,1005
8408,1005
8409,1005
8410,1005
8411,1005
8412,1005
8413,1004
8414,1005
8415,0
8416,0
8417,0
8418,0
8419,0
8420,0
8421,0
8422,0
8423,1005
8424,1004
8425,1005
8426,1005
8427,1004
8428,1006
8429,1005
8430,1005
8431,1005
8432,0
8433,0
8434,0
8435,0
8436,0
8437,0
8438,0
8439,0
8440,1005
8441,1005
8442,1004
8443,1004
8444,1004
8445,1005
8446,1005
8447,1005
8448,0
8449,0
8450,0
8451,0
8452,0
8453,0
8454,0
8455,0
8456,0
8457,1005
8458,1005
8459,1005
8460,1005
8461,1005
8462,1005
8463,1005
8464,1005
8465,0
8466,0
8467,0
8468,0
8469,0
8470,0
8471,0
8472,0
8473,1005
8474,1005
8475,1005
8476,1005
8477,1005
8478,1005
8479,1004
8480,1005
8481,1005
8482,0
8483,0
8484,0
8485,0
8486,0
8487,0
8488,0
8489,0
8490,1005
8491,1005
8492,1005
8493,1005
8494,1005
8495,1004
8496,1005
8497,1004
8498,0
8499,0
8500,0
8501,0
8502,0
8503,0
8504,0
8505,0
8506,0
8507,1005
8508,1005
8509,1004
8510,1005
8511,1004
8512,1004
8513,1005
8514,1004
8515,0
8516,0
8517,0
8518,0
8519,0
8520,0
8521,0
8522,0
8523,1005
8524,1005
8525,1005
8526,1005
8527,1005
8528,1005
8529,1005
8530,1005
8531,1004
8532,0
8533,0
8534,0
8535,0
8536,0
8537,0
8538,0
8539,0
8540,1005
8541,1005
8542,1005
8543,1005
8544,1005
8545,1005
8546,1005
8547,1005
8548,0
8549,0
8550,0
8551,0
8552,0
8553,0
8554,0
8555,0
8556,0
8557,1005
8558,1005
8559,1005
8560,1005
8561,1004
8562,1005
8563,1004
8564,1005
8565,0
8566,0
8567,0
8568,0
8569,0
8570,0
8571,0
8572,0
8573,1004
8574,1005
8575,1004
8576,1004
8577,1004
8578,1005
8579,1004
8580,1005
8581,0
8582,0
8583,0
8584,0
8585,0
8586,0
8587,0
8588,0
8589,0
8590,1005
8591,1005
8592,1005
8593,1005
8594,1005
8595,1004
8596,1005
8597,1005
8598,0
8599,0
8600,0
8601,0
8602,0
8603,0
8604,0
8605,0
8606,1005
8607,1005
8608,1005
8609,1005
8610,1004
8611,1005
8612,1005
8613,1005
8614,1005
8615,0
8616,0
8617,0
8618,0
8619,0
8620,0
8621,0
8622,0
8623,1005
8624,1005
8625,1005
8626,1005
8627,1005
8628,1005
8629,1005
8630,1005
8631,0
8632,0
8633,0
8634,0
8635,0
8636,0
8637,0
8638,0
8639,0
8640,1005
8641,1005
8642,1005
8643,1005
8644,1004
8645,1005
8646,1005
8647,1005
8648,0
8649,0
8650,0
8651,0
8652,0
8653,0
8654,0
8655,0
8656,1005
8657,1005
8658,1005
8659,1005
8660,1005
8661,1005
8662,1005
8663,1005
8664,1004
8665,0
8666,0
8667,0
8668,0
8669,0
8670,0
8671,0
8672,0
8673,1005
8674,1005
8675,1005
8676,1005
8677,1005
8678,1005
8679,1005
8680,1005
8681,0
8682,0
8683,0
8684,0
8685,0
8686,0
8687,0
8688,0
8689,0
8690,1005
8691,1004
8692,1005
8693,1005
8694,1005
8695,1005
8696,1004
8697,1005
8698,0
8699,0
8700,0
8701,0
8702,0
8703,0
8704,0
8705,0
8706,1005
8707,1004
8708,1005
8709,1005
8710,1005
8711,1005
8712,1005
8713,1005
8714,1005
8715,0
8716,0
8717,0
8718,0
8719,0
8720,0
8721,0
8722,0
8723,1005
8724,1005
8725,1005
8726,1005
8727,1005
8728,1005
8729,1005
8730,1004
8731,0
8732,0
8733,0
8734,0
8735,0
8736,0
8737,0
8738,0
8739,0
8740,1005
8741,1005
8742,1005
8743,1005
8744,1005
8745,1004
8746,1005
8747,1005
8748,0
8749,0
8750,0
8751,0
8752,0
8753,0
8754,0
8755,0
8756,1005
8757,1005
8758,1005
8759,1005
8760,1005
8761,1005
8762,1005
8763,1004
8764,1005
8765,0
8766,0
8767,0
8768,0
8769,0
8770,0
8771,0
8772,0
8773,1004
8774,1005
8775,1004
8776,1004
8777,1004
8778,1004
8779,1005
8780,1005
8781,0
8782,0
8783,0
8784,0
8785,0
8786,0
8787,0
8788,0
8789,1005
8790,1005
8791,1005
8792,1005
8793,1005
8794,1005
8795,1004
8796,1004
8797,1004
8798,0
8799,0
8800,0
8801,0
8802,0
8803,0
8804,0
8805,0
8806,1005
8807,1004
8808,1005
8809,1005
8810,1005
8811,1005
8812,1005
8813,1005
8814,0
8815,0
8816,0
8817,0
8818,0
8819,0
8820,0
8821,0
8822,0
8823,1005
8824,1006
8825,1005
8826,1005
8827,1005
8828,1004
8829,1005
8830,1005
8831,0
8832,0
8833,0
8834,0
8835,0
8836,0
8837,0
8838,0
8839,1005
8840,1005
8841,1005
8842,1005
8843,1005
8844,1005
8845,1005
8846,1004
8847,1004
8848,0
8849,0
8850,0
8851,0
8852,0
8853,0
8854,0
8855,0
8856,1005
8857,1005
8858,1005
8859,1005
8860,1005
8861,1005
8862,1005
8863,1005
8864,0
8865,0
8866,0
8867,0
8868,0
8869,0
8870,0
8871,0
8872,0
8873,1005
8874,1005
8875,1005
8876,1005
8877,1005
8878,1004
8879,1005
8880,1004
8881,0
8882,0
8883,0
8884,0
8885,0
8886,0
8887,0
8888,0
8889,1005
8890,1005
8891,1006
8892,1005
8893,1005
8894,1006
8895,1006
8896,1005
8897,1005
8898,0
8899,0
8900,0
8901,0
8902,0
8903,0
8904,0
8905,0
8906,1005
8907,1005
8908,1005
8909,1005
8910,1004
8911,1005
8912,1005
8913,1005
8914,0
8915,0
8916,0
8917,0
8918,0
8919,0
8920,0
8921,0
8922,0
8923,1005
8924,1005
8925,1005
8926,1005
8927,1004
8928,1005
8929,1005
8930,1005
8931,0
8932,0
8933,0
8934,0
8935,0
8936,0
8937,0
8938,0
8939,1004
8940,1005
8941,1005
8942,1005
8943,1004
8944,1005
8945,1005
8946,1005
8947,1004
8948,0
8949,0
8950,0
8951,0
8952,0
8953,0
8954,0
8955,0
8956,1005
8957,1005
8958,1005
8959,1005
8960,1005
8961,1005
8962,1005
8963,1005
8964,0
8965,0
8966,0
8967,0
8968,0
8969,0
8970,0
8971,0
8972,0
8973,1005
8974,1005
8975,1005
8976,1005
8977,1005
8978,1005
8979,1005
8980,1005
8981,0
8982,0
8983,0
8984,0
8985,0
8986,0
8987,0
8988,0
8989,1005
8990,1005
8991,1005
8992,1005
8993,1005
8994,1005
8995,1005
8996,1005
8997,0
8998,0
8999,0
9000,0
9001,0
9002,0
9003,0
9004,0
9005,0
9006,1006
9007,1005
9008,1005
9009,1004
9010,1005
9011,1005
9012,1005
9013,1004
9014,0
9015,0
9016,0
9017,0
9018,0
9019,0
9020,0
9021,0
9022,1005
9023,1005
9024,1005
9025,1005
9026,1005
9027,1005
9028,1004
9029,1005
9030,1005
9031,0
9032,0
9033,0
9034,0
9035,0
9036,0
9037,0
9038,0
9039,1005
9040,1005
9041,1005
9042,1004
9043,1005
9044,1005
9045,1004
9046,1005
9047,0
9048,0
9049,0
9050,0
9051,0
9052,0
9053,0
9054,0
9055,0
9056,1005
9057,1005
9058,1005
9059,1005
9060,1004
9061,1005
9062,1005
9063,1004
9064,0
9065,0
9066,0
9067,0
9068,0
9069,0
9070,0
9071,0
9072,1005
9073,1005
9074,1005
9075,1005
9076,1005
9077,1004
9078,1005
9079,1005
9080,1005
9081,0
9082,0
9083,0
9084,0
9085,0
9086,0
9087,0
9088,0
9089,1005
9090,1006
9091,1005
9092,1005
9093,1005
9094,1005
9095,1005
9096,1005
9097,0
9098,0
9099,0
9100,0
9101,0
9102,0
9103,0
9104,0
9105,0
9106,1005
9107,1005
9108,1005
9109,1005
9110,1005
9111,1004
9112,1005
9113,1004
9114,0
9115,0
9116,0
9117,0
9118,0
9119,0
9120,0
9121,0
9122,1004
9123,1005
9124,1005
9125,1004
9126,1004
9127,1004
9128,1005
9129,1004
9130,1004
9131,0
9132,0
9133,0
9134,0
9135,0
9136,0
9137,0
9138,0
9139,1005
9140,1005
9141,1005
9142,1005
9143,1005
9144,1005
9145,1005
9146,1005
9147,0
9148,0
9149,0
9150,0
9151,0
9152,0
9153,0
9154,0
9155,0
9156,1005
9157,1005
9158,1005
9159,1005
9160,1005
9161,1005
9162,1005
9163,1005
9164,0
9165,0
9166,0
9167,0
9168,0
9169,0
9170,0
9171,0
9172,1005
9173,1005
9174,1005
9175,1005
9176,1004
9177,1005
9178,1005
9179,1005
9180,1004
9181,0
9182,0
9183,0
9184,0
9185,0
9186,0
9187,0
9188,0
9189,1005
9190,1005
9191,1005
9192,1005
9193,1005
9194,1005
9195,1004
9196,1004
9197,0
9198,0
9199,0
9200,0
9201,0
9202,0
9203,0
9204,0
9205,1005
9206,1005
9207,1005
9208,1005
9209,1005
9210,1005
9211,1005
9212,1005
9213,1005
9214,0
9215,0
9216,0
9217,0
9218,0
9219,0
9220,0
9221,0
9222,1004
9223,1005
9224,1005
9225,1005
9226,1005
9227,1004
9228,1005
9229,1005
9230,0
9231,0
9232,0
9233,0
9234,0
9235,0
9236,0
9237,0
9238,0
9239,1005
9240,1005
9241,1005
9242,1005
9243,1005
9244,1005
9245,1005
9246,1005
9247,0
9248,0
9249,0
9250,0
9251,0
9252,0
9253,0
9254,0
9255,1004
9256,1004
9257,1005
9258,1005
9259,1005
9260,1005
9261,1005
9262,1005
9263,1006
9264,0
9265,0
9266,0
9267,0
9268,0
9269,0
9270,0
9271,0
9272,1005
9273,1005
9274,1005
9275,1005
9276,1005
9277,1005
9278,1005
9279,1005
9280,0
9281,0
9282,0
9283,0
9284,0
9285,0
9286,0
9287,0
9288,0
9289,1005
9290,1005
9291,1005
9292,1005
9293,1005
9294,1005
9295,1005
9296,1005
9297,0
9298,0
9299,0
9300,0
9301,0
9302,0
9303,0
9304,0
9305,1005
9306,1005
9307,1005
9308,1005
9309,1004
9310,1005
9311,1004
9312,1005
9313,1005
9314,0
9315,0
9316,0
9317,0
9318,0
9319,0
9320,0
9321,0
9322,1005
9323,1005
9324,1005
9325,1005
9326,1005
9327,1005
9328,1005
9329,1005
9330,0
9331,0
9332,0
9333,0
9334,0
9335,0
9336,0
9337,0
9338,0
9339,1005
9340,1005
9341,1005
9342,1004
9343,1004
9344,1005
9345,1005
9346,1005
9347,0
9348,0
9349,0
9350,0
9351,0
9352,0
9353,0
9354,0
9355,1005
9356,1005
9357,1005
9358,1005
9359,1005
9360,1004
9361,1005
9362,1005
9363,1004
9364,0
9365,0
9366,0
9367,0
9368,0
9369,0
9370,0
9371,0
9372,1005
9373,1005
9374,1004
9375,1005
9376,1005
9377,1005
9378,1005
9379,1005
9380,0
9381,0
9382,0
9383,0
9384,0
9385,0
9386,0
9387,0
9388,0
9389,1005
9390,1005
9391,1005
9392,1005
9393,1005
9394,1004
9395,1005
9396,1005
9397,0
9398,0
9399,0
9400,0
9401,0
9402,0
9403,0
9404,0
9405,1005
9406,1005
9407,1005
9408,1004
9409,1005
9410,1004
9411,1005
9412,1005
9413,0
9414,0
9415,0
9416,0
9417,0
9418,0
9419,0
9420,0
9421,0
9422,1005
9423,1005
9424,1005
9425,1005
9426,1005
9427,1004
9428,1004
9429,1005
9430,0
9431,0
9432,0
9433,0
9434,0
9435,0
9436,0
9437,0
9438,1005
9439,1005
9440,1005
9441,1005
9442,1005
9443,1005
9444,1005
9445,1005
9446,1005
9447,0
9448,0
9449,0
9450,0
9451,0
9452,0
9453,0
9454,0
9455,1005
9456,1005
9457,1005
9458,1004
9459,1005
9460,1005
9461,1005
9462,1004
9463,0
9464,0
9465,0
9466,0
9467,0
9468,0
9469,0
9470,0
9471,0
9472,1005
9473,1004
9474,1005
9475,1005
9476,1004
9477,1005
9478,1005
9479,1005
9480,0
9481,0
9482,0
9483,0
9484,0
9485,0
9486,0
9487,0
9488,1005
9489,1005
9490,1005
9491,1005
9492,1004
9493,1004
9494,1005
9495,1004
9496,1005
9497,0
9498,0
9499,0
9500,0
9501,0
9502,0
9503,0
9504,0
9505,1005
9506,1005
9507,1004
9508,1005
9509,1005
9510,1005
9511,1005
9512,1005
9513,0
9514,0
9515,0
9516,0
9517,0
9518,0
9519,0
9520,0
9521,0
9522,1005
9523,1005
9524,1005
9525,1005
9526,1004
9527,1004
9528,1005
9529,1005
9530,0
9531,0
9532,0
9533,0
9534,0
9535,0
9536,0
9537,0
9538,1005
9539,1005
9540,1005
9541,1005
9542,1005
9543,1005
9544,1005
9545,1005
9546,1005
9547,0
9548,0
9549,0
9550,0
9551,0
9552,0
9553,0
9554,0
9555,1005
9556,1004
9557,1004
9558,1005
9559,1005
9560,1005
9561,1004
9562,1004
9563,0
9564,0
9565,0
9566,0
9567,0
9568,0
9569,0
9570,0
9571,0
9572,1005
9573,1005
9574,1005
9575,1005
9576,1005
9577,1005
9578,1005
9579,1005
9580,0
9581,0
9582,0
9583,0
9584,0
9585,0
9586,0
9587,0
9588,1005
9589,1005
9590,1005
9591,1005
9592,1005
9593,1005
9594,1004
9595,1004
9596,1005
9597,0
9598,0
9599,0
9600,0
9601,0
9602,0
9603,0
9604,0
9605,1005
9606,1005
9607,1005
9608,1005
9609,1004
9610,1005
9611,1005
9612,1004
9613,0
9614,0
9615,0
9616,0
9617,0
9618,0
9619,0
9620,0
9621,1005
9622,1005
9623,1005
9624,1005
9625,1005
9626,1003
9627,1004
9628,1004
9629,1004
9630,0
9631,0
9632,0
9633,0
9634,0
9635,0
9636,0
9637,0
9638,1005
9639,1005
9640,1005
9641,1005
9642,1005
9643,1005
9644,1005
9645,1006
9646,0
9647,0
9648,0
9649,0
9650,0
9651,0
9652,0
9653,0
9654,0
9655,1005
9656,1005
9657,1005
9658,1005
9659,1005
9660,1005
9661,1005
9662,1005
9663,0
9664,0
9665,0
9666,0
9667,0
9668,0
9669,0
9670,0
9671,1004
9672,1005
9673,1006
9674,1005
9675,1005
9676,1005
9677,1005
9678,1004
9679,1005
9680,0
9681,0
9682,0
9683,0
9684,0
9685,0
9686,0
9687,0
9688,1005
9689,1005
9690,1005
9691,1005
9692,1005
9693,1005
9694,1005
9695,1005
9696,0
9697,0
9698,0
9699,0
9700,0
9701,0
9702,0
9703,0
9704,0
9705,1005
9706,1004
9707,1005
9708,1005
9709,1005
9710,1005
9711,1005
9712,1005
9713,0
9714,0
9715,0
9716,0
9717,0
9718,0
9719,0
9720,0
9721,1005
9722,1005
9723,1005
9724,1005
9725,1005
9726,1005
9727,1005
9728,1005
9729,1005
9730,0
9731,0
9732,0
9733,0
9734,0
9735,0
9736,0
9737,0
9738,1005
9739,1005
9740,1005
9741,1005
9742,1005
9743,1005
9744,1005
9745,1004
9746,0
9747,0
9748,0
9749,0
9750,0
9751,0
9752,0
9753,0
9754,0
9755,1005
9756,1005
9757,1005
9758,1005
9759,1005
9760,1005
9761,1005
9762,1004
9763,0
9764,0
9765,0
9766,0
9767,0
9768,0
9769,0
9770,0
9771,1004
9772,1005
9773,1004
9774,1005
9775,1005
9776,1005
9777,1005
9778,1005
9779,1005
9780,0
9781,0
9782,0
9783,0
9784,0
9785,0
9786,0
9787,0
9788,1005
9789,1004
9790,1005
9791,1004
9792,1005
9793,1004
9794,1004
9795,1005
9796,0
9797,0
9798,0
9799,0
9800,0
9801,0
9802,0
9803,0
9804,0
9805,1005
9806,1005
9807,1005
9808,1005
9809,1005
9810,1005
9811,1005
9812,1004
9813,0
9814,0
9815,0
9816,0
9817,0
9818,0
9819,0
9820,0
9821,1005
9822,1005
9823,1005
9824,1005
9825,1005
9826,1005
9827,1005
9828,1005
9829,0
9830,0
9831,0
9832,0
9833,0
9834,0
9835,0
9836,0
9837,0
9838,1005
9839,1004
9840,1005
9841,1005
9842,1005
9843,1005
9844,1005
9845,1005
9846,0
9847,0
9848,0
9849,0
9850,0
9851,0
9852,0
9853,0
9854,1005
9855,1005
9856,1005
9857,1005
9858,1005
9859,1004
9860,1005
9861,1005
9862,1004
9863,0
9864,0
9865,0
9866,0
9867,0
9868,0
9869,0
9870,0
9871,1005
9872,1005
9873,1005
9874,1005
9875,1005
9876,1005
9877,1004
9878,1005
9879,0
9880,0
9881,0
9882,0
9883,0
9884,0
9885,0
9886,0
9887,0
9888,1005
9889,1005
9890,1005
9891,1005
9892,1004
9893,1004
9894,1005
9895,1005
9896,0
9897,0
9898,0
9899,0
9900,0
9901,0
9902,0
9903,0
9904,1005
9905,1005
9906,1005
9907,1005
9908,1004
9909,1005
9910,1004
9911,1004
9912,1005
9913,0
9914,0
9915,0
9916,0
9917,0
9918,0
9919,0
9920,0
9921,1005
9922,1005
9923,1005
9924,1005
9925,1005
9926,1005
9927,1004
9928,1005
9929,0
9930,0
9931,0
9932,0
9933,0
9934,0
9935,0
9936,0
9937,0
9938,1005
9939,1005
9940,1005
9941,1005
9942,1005
9943,1005
9944,1005
9945,1005
9946,0
9947,0
9948,0
9949,0
9950,0
9951,0
9952,0
9953,0
9954,1005
9955,1005
9956,1005
9957,1005
9958,1005
9959,1005
9960,1004
9961,1005
9962,1004
9963,0
9964,0
9965,0
9966,0
9967,0
9968,0
9969,0
9970,0
9971,1005
9972,1005
9973,1005
9974,1005
9975,1005
9976,1005
9977,1004
9978,1005
9979,0
9980,0
9981,0
9982,0
9983,0
9984,0
9985,0
9986,0
9987,0
9988,1005
9989,1005
9990,1005
9991,1004
9992,1005
9993,1005
9994,1005
9995,1005
9996,0
9997,0
9998,0
9999,0
10000,0
