⸮⸮⸮⸮⸮⸮⸮⸮⸮⸮⸮⸮⸮⸮⸮⸮⸮⸮⸮⸮⸮⸮⸮⸮⸮⸮⸮⸮⸮⸮⸮⸮⸮⸮⸮⸮⸮⸮⸮⸮⸮⸮⸮⸮⸮⸮⸮⸮⸮⸮⸮⸮⸮⸮⸮⸮⸮⸮⸮⸮⸮⸮⸮⸮⸮⸮⸮⸮⸮⸮⸮⸮⸮⸮⸮⸮⸮⸮⸮⸮⸮⸮⸮⸮⸮⸮⸮⸮⸮⸮⸮⸮⸮⸮⸮⸮⸮⸮⸮⸮⸮⸮⸮⸮⸮⸮⸮⸮⸮⸮⸮⸮⸮⸮⸮⸮⸮⸮⸮⸮⸮⸮⸮⸮⸮⸮⸮⸮⸮⸮⸮⸮⸮⸮⸮⸮⸮⸮⸮⸮⸮⸮⸮⸮⸮⸮⸮⸮⸮⸮⸮⸮⸮⸮⸮⸮⸮⸮⸮⸮⸮⸮⸮⸮⸮1,386
2,385
3,385
4,387
5,390
6,394
7,398
8,402
9,405
10,406
11,406
12,403
13,398
14,393
15,389
16,385
17,383
18,382
19,381
20,382
21,384
22,388
23,391
24,395
25,399
26,401
27,402
28,402
29,398
30,393
31,388
32,384
33,381
34,379
35,378
36,378
37,379
38,382
39,385
40,389
41,394
42,397
43,399
44,399
45,397
46,393
47,388
48,384
49,379
50,377
51,375
52,375
53,375
54,376
55,380
56,384
57,387
58,392
59,394
60,396
61,396
62,393
63,388
64,383
65,379
66,375
67,373
68,372
69,371
70,372
71,374
72,378
73,381
74,386
75,390
76,392
77,393
78,392
79,388
80,384
81,379
82,374
83,371
84,370
85,369
86,369
87,370
88,373
89,376
90,380
91,385
92,388
93,389
94,390
95,388
96,384
97,379
98,374
99,370
100,367
101,366
102,365
103,366
104,367
105,370
106,374
107,378
108,382
109,385
110,386
111,387
112,384
113,379
114,374
115,370
116,366
117,364
118,363
119,362
120,363
121,365
122,368
123,372
124,376
125,380
126,382
127,383
128,382
129,379
130,374
131,369
132,365
133,362
134,360
135,359
136,359
137,360
138,363
139,366
140,370
141,375
142,378
143,380
144,380
145,379
146,374
147,369
148,365
149,361
150,358
151,357
152,356
153,356
154,358
155,361
156,365
157,369
158,373
159,376
160,377
161,378
162,375
163,370
164,365
165,361
166,357
167,355
168,353
169,353
170,354
171,356
172,359
173,363
174,367
175,371
176,373
177,374
178,373
179,370
180,365
181,360
182,356
183,353
184,351
185,350
186,350
187,351
188,353
189,357
190,361
191,365
192,369
193,370
194,371
195,369
196,365
197,360
198,356
199,352
200,349
201,347
202,347
203,347
204,348
205,351
206,355
207,359
208,363
209,366
210,367
211,368
212,365
213,360
214,355
215,351
216,347
217,345
218,344
219,343
220,344
221,346
222,349
223,353
224,357
225,361
226,363
227,364
228,364
229,360
230,355
231,351
232,346
233,343
234,341
235,340
236,340
237,341
238,344
239,347
240,351
241,355
242,359
243,361
244,361
245,360
246,356
247,351
248,346
249,342
250,339
251,338
252,337
253,337
254,339
255,342
256,345
257,349
258,354
259,357
260,358
261,358
262,356
263,351
264,346
265,342
266,338
267,336
268,335
269,334
270,335
271,337
272,340
273,344
274,348
275,352
276,355
277,355
278,355
279,352
280,347
281,342
282,338
283,335
284,333
285,332
286,332
287,333
288,335
289,339
290,342
291,347
292,350
293,352
294,353
295,352
296,347
297,342
298,338
299,334
300,331
301,330
302,329
303,329
304,330
305,333
306,337
307,341
308,345
309,348
310,350
311,350
312,348
313,343
314,338
315,334
316,330
317,328
318,327
319,326
320,327
321,329
322,332
323,336
324,340
325,344
326,346
327,347
328,347
329,343
330,339
331,334
332,330
333,326
334,324
335,323
336,323
337,324
338,327
339,330
340,334
341,338
342,342
343,344
344,344
345,343
346,339
347,334
348,329
349,325
350,323
351,321
352,320
353,321
354,322
355,325
356,329
357,333
358,337
359,340
360,341
361,341
362,339
363,334
364,330
365,325
366,321
367,319
368,318
369,317
370,318
371,320
372,323
373,327
374,331
375,335
376,337
377,338
378,338
379,335
380,330
381,325
382,321
383,317
384,316
385,315
386,315
387,316
388,318
389,322
390,325
391,330
392,333
393,335
394,336
395,335
396,331
397,326
398,321
399,317
400,314
401,313
402,312
403,312
404,313
405,316
406,320
407,324
408,328
409,331
410,333
411,333
412,331
413,326
414,321
415,317
416,313
417,311
418,309
419,309
420,310
421,311
422,315
423,319
424,323
425,327
426,330
427,331
428,330
429,327
430,322
431,317
432,313
433,310
434,308
435,307
436,307
437,307
438,310
439,313
440,317
441,322
442,325
443,327
444,328
445,327
446,323
447,318
448,313
449,309
450,306
451,305
452,304
453,304
454,305
455,308
456,312
457,316
458,320
459,324
460,325
461,325
462,323
463,318
464,313
465,309
466,305
467,303
468,302
469,301
470,302
471,303
472,307
473,310
474,315
475,319
476,322
477,323
478,323
479,319
480,314
481,310
482,305
483,302
484,300
485,299
486,299
487,300
488,302
489,306
490,309
491,314
492,318
493,320
494,320
495,319
496,315
497,310
498,306
499,301
500,299
501,297
502,296
503,297
504,298
505,301
506,305
507,308
508,313
509,316
510,318
511,318
512,316
513,311
514,306
515,302
516,298
517,295
518,294
519,294
520,294
521,296
522,299
523,303
524,307
525,312
526,314
527,315
528,315
529,312
530,307
531,302
532,298
533,294
534,292
535,291
536,291
537,292
538,294
539,298
540,302
541,306
542,310
543,312
544,312
545,312
546,308
547,303
548,298
549,294
550,291
551,289
552,289
553,289
554,290
555,293
556,297
557,300
558,305
559,308
560,310
561,310
562,308
563,304
564,299
565,294
566,290
567,288
568,286
569,287
570,287
571,288
572,292
573,295
574,300
575,304
576,307
577,308
578,308
579,305
580,300
581,295
582,290
583,287
584,285
585,284
586,284
587,285
588,287
589,291
590,294
591,299
592,303
593,305
594,305
595,305
596,301
597,296
598,291
599,287
600,284
601,282
602,282
603,282
604,283
605,286
606,290
607,293
608,298
609,301
610,303
611,303
612,301
613,297
614,292
615,287
616,283
617,281
618,280
619,280
620,280
621,282
622,285
623,289
624,293
625,297
626,300
627,301
628,301
629,298
630,293
631,288
632,284
633,280
634,278
635,277
636,277
637,278
638,280
639,284
640,287
641,292
642,296
643,298
644,298
645,298
646,294
647,289
648,284
649,280
650,277
651,275
652,275
653,275
654,276
655,279
656,283
657,286
658,291
659,294
660,296
661,296
662,294
663,290
664,285
665,280
666,276
667,274
668,273
669,273
670,273
671,274
672,278
673,281
674,285
675,290
676,293
677,293
678,294
679,291
680,286
681,281
682,277
683,273
684,271
685,270
686,270
687,271
688,273
689,276
690,280
691,285
692,289
693,291
694,291
695,291
696,287
697,282
698,278
699,273
700,270
701,269
702,268
703,268
704,269
705,272
706,276
707,279
708,284
709,287
710,289
711,289
712,288
713,283
714,278
715,274
716,270
717,267
718,266
719,266
720,266
721,268
722,271
723,275
724,279
725,283
726,286
727,287
728,287
729,284
730,279
731,275
732,270
733,267
734,265
735,264
736,264
737,264
738,266
739,270
740,274
741,278
742,282
743,284
744,285
745,284
746,281
747,276
748,271
749,267
750,264
751,262
752,262
753,262
754,263
755,265
756,269
757,273
758,278
759,281
760,283
761,283
762,282
763,277
764,272
765,268
766,264
767,261
768,260
769,260
770,260
771,261
772,265
773,269
774,273
775,277
776,280
777,281
778,281
779,279
780,274
781,269
782,265
783,261
784,259
785,258
786,258
787,259
788,261
789,264
790,268
791,272
792,276
793,279
794,279
795,279
796,275
797,270
798,265
799,261
800,258
801,256
802,256
803,256
804,257
805,259
806,263
807,267
808,272
809,275
810,277
811,277
812,276
813,271
814,266
815,262
816,258
817,255
818,254
819,254
820,254
821,255
822,258
823,262
824,266
825,271
826,274
827,274
828,275
829,272
830,267
831,263
832,258
833,255
834,253
835,252
836,252
837,252
838,254
839,258
840,262
841,266
842,270
843,272
844,273
845,273
846,269
847,264
848,259
849,255
850,252
851,250
852,250
853,250
854,251
855,253
856,257
857,261
858,266
859,269
860,271
861,271
862,270
863,266
864,261
865,256
866,252
867,250
868,248
869,248
870,248
871,250
872,253
873,257
874,261
875,265
876,268
877,269
878,269
879,267
880,262
881,257
882,253
883,249
884,247
885,246
886,246
887,246
888,248
889,252
890,256
891,260
892,264
893,266
894,267
895,267
896,263
897,258
898,253
899,249
900,246
901,244
902,244
903,244
904,245
905,247
906,251
907,255
908,259
909,263
910,264
911,265
912,264
913,259
914,255
915,250
916,246
917,244
918,242
919,242
920,242
921,243
922,246
923,250
924,254
925,259
926,262
927,263
928,263
929,261
930,256
931,251
932,247
933,243
934,241
935,240
936,240
937,240
938,242
939,246
940,249
941,254
942,258
943,260
944,261
945,261
946,257
947,252
948,248
949,243
950,240
951,238
952,238
953,238
954,239
955,241
956,245
957,249
958,253
959,257
960,258
961,259
962,258
963,254
964,249
965,244
966,240
967,238
968,236
969,236
970,236
971,237
972,240
973,244
974,248
975,253
976,256
977,256
978,257
979,255
980,250
981,245
982,241
983,237
984,235
985,234
986,234
987,234
988,236
989,239
990,243
991,248
992,252
993,254
994,255
995,255
996,251
997,246
998,242
999,237
1000,234
1001,233
1002,232
1003,232
1004,233
1005,235
1006,239
1007,243
1008,247
1009,251
1010,253
1011,253
1012,252
1013,248
1014,243
1015,239
1016,234
1017,232
1018,230
1019,230
1020,230
1021,232
1022,235
1023,239
1024,243
1025,247
1026,250
1027,251
1028,251
1029,249
1030,245
1031,240
1032,236
1033,232
1034,230
1035,229
1036,228
1037,229
1038,231
1039,234
1040,238
1041,243
1042,247
1043,249
1044,250
1045,250
1046,247
1047,242
1048,237
1049,233
1050,230
1051,228
1052,227
1053,227
1054,228
1055,230
1056,234
1057,238
1058,242
1059,246
1060,247
1061,248
1062,247
1063,243
1064,238
1065,234
1066,230
1067,227
1068,225
1069,225
1070,225
1071,227
1072,230
1073,234
1074,238
1075,242
1076,245
1077,246
1078,247
1079,245
1080,240
1081,235
1082,231
1083,227
1084,225
1085,224
1086,224
1087,224
1088,226
1089,229
1090,233
1091,238
1092,242
1093,244
1094,245
1095,245
1096,242
1097,237
1098,232
1099,228
1100,225
1101,223
1102,222
1103,222
1104,223
1105,225
1106,229
1107,233
1108,238
1109,241
1110,243
1111,244
1112,243
1113,239
1114,234
1115,229
1116,225
1117,222
1118,221
1119,220
1120,220
1121,222
1122,225
1123,228
1124,233
1125,237
1126,241
1127,241
1128,242
1129,240
1130,235
1131,230
1132,226
1133,222
1134,220
1135,219
1136,219
1137,219
1138,221
1139,224
1140,228
1141,232
1142,237
1143,239
1144,240
1145,240
1146,237
1147,232
1148,227
1149,223
1150,220
1151,218
1152,217
1153,217
1154,218
1155,220
1156,224
1157,228
1158,232
1159,236
1160,237
1161,238
1162,238
1163,234
1164,229
1165,224
1166,220
1167,217
1168,216
1169,215
1170,215
1171,217
1172,220
1173,224
1174,228
1175,232
1176,236
1177,237
1178,237
1179,235
1180,231
1181,226
1182,222
1183,218
1184,215
1185,215
1186,214
1187,215
1188,217
1189,220
1190,224
1191,228
1192,233
1193,235
1194,236
1195,236
1196,233
1197,228
1198,223
1199,219
1200,216
1201,214
1202,213
1203,213
1204,214
1205,216
1206,220
1207,224
1208,228
1209,232
1210,234
1211,235
1212,234
1213,230
1214,225
1215,220
1216,216
1217,214
1218,213
1219,212
1220,212
1221,213
1222,216
1223,220
1224,224
1225,228
1226,232
1227,233
1228,233
1229,232
1230,227
1231,222
1232,218
1233,214
1234,212
1235,211
1236,210
1237,211
1238,212
1239,216
1240,220
1241,224
1242,228
1243,231
1244,232
1245,232
1246,229
1247,224
1248,219
1249,215
1250,212
1251,210
1252,209
1253,209
1254,210
1255,212
1256,216
1257,220
1258,224
1259,228
1260,230
1261,231
1262,230
1263,226
1264,221
1265,216
1266,212
1267,209
1268,208
1269,208
1270,208
1271,209
1272,212
1273,216
1274,220
1275,224
1276,228
1277,229
1278,229
1279,228
1280,223
1281,219
1282,214
1283,210
1284,208
1285,207
1286,207
1287,207
1288,209
1289,212
1290,216
1291,220
1292,225
1293,227
1294,228
1295,228
1296,226
1297,221
1298,216
1299,212
1300,208
1301,207
1302,206
1303,206
1304,207
1305,209
1306,213
1307,217
1308,221
1309,225
1310,227
1311,228
1312,227
1313,223
1314,218
1315,214
1316,209
1317,207
1318,206
1319,205
1320,205
1321,206
1322,209
1323,213
1324,217
1325,221
1326,224
1327,226
1328,226
1329,224
1330,220
1331,215
1332,211
1333,207
1334,205
1335,204
1336,203
1337,203
1338,205
1339,208
1340,212
1341,217
1342,221
1343,223
1344,224
1345,225
1346,222
1347,217
1348,212
1349,208
1350,205
1351,203
1352,202
1353,202
1354,203
1355,205
1356,209
1357,212
1358,217
1359,221
1360,223
1361,223
1362,223
1363,219
1364,214
1365,210
1366,206
1367,203
1368,202
1369,201
1370,201
1371,202
1372,205
1373,209
1374,213
1375,218
1376,220
1377,222
1378,223
1379,221
1380,217
1381,212
1382,207
1383,204
1384,201
1385,200
1386,200
1387,200
1388,202
1389,205
1390,209
1391,213
1392,218
1393,220
1394,221
1395,221
1396,219
1397,214
1398,209
1399,205
1400,201
1401,200
1402,199
1403,199
1404,199
1405,201
1406,205
1407,209
1408,213
1409,217
1410,219
1411,220
1412,220
1413,216
1414,211
1415,206
1416,202
1417,199
1418,198
1419,197
1420,197
1421,198
1422,201
1423,205
1424,209
1425,214
1426,217
1427,218
1428,219
1429,218
1430,213
1431,208
1432,204
1433,200
1434,198
1435,197
1436,196
1437,196
1438,198
1439,201
1440,205
1441,209
1442,214
1443,216
1444,217
1445,218
1446,215
1447,210
1448,206
1449,201
1450,198
1451,196
1452,195
1453,195
1454,196
1455,198
1456,202
1457,205
1458,210
1459,214
1460,216
1461,217
1462,217
1463,213
1464,208
1465,203
1466,199
1467,196
1468,195
1469,195
1470,194
1471,195
1472,198
1473,202
1474,206
1475,210
1476,213
1477,215
1478,216
1479,214
1480,210
1481,205
1482,201
1483,197
1484,194
1485,194
1486,193
1487,193
1488,195
1489,198
1490,202
1491,206
1492,211
1493,213
1494,214
1495,215
1496,212
1497,207
1498,203
1499,198
1500,195
1501,193
1502,192
1503,192
1504,193
1505,195
1506,198
1507,202
1508,207
1509,210
1510,213
1511,214
1512,213
1513,210
1514,205
1515,200
1516,196
1517,193
1518,192
1519,191
1520,191
1521,192
1522,195
1523,199
1524,203
1525,208
1526,211
1527,212
1528,213
1529,212
1530,207
1531,203
1532,198
1533,194
1534,192
1535,191
1536,190
1537,191
1538,192
1539,195
1540,199
1541,203
1542,208
1543,210
1544,212
1545,212
1546,209
1547,205
1548,200
1549,196
1550,192
1551,191
1552,190
1553,189
1554,190
1555,192
1556,196
1557,199
1558,204
1559,208
1560,210
1561,211
1562,211
1563,207
1564,202
1565,198
1566,193
1567,191
1568,190
1569,189
1570,189
1571,190
1572,193
1573,197
1574,200
1575,205
1576,208
1577,210
1578,210
1579,209
1580,205
1581,200
1582,196
1583,192
1584,190
1585,189
1586,188
1587,188
1588,190
1589,193
1590,197
1591,201
1592,206
1593,208
1594,209
1595,210
1596,207
1597,203
1598,198
1599,194
1600,190
1601,189
1602,188
1603,187
1604,188
1605,190
1606,194
1607,198
1608,202
1609,206
1610,208
1611,209
1612,209
1613,206
1614,200
1615,196
1616,192
1617,189
1618,188
1619,187
1620,187
1621,187
1622,191
1623,194
1624,198
1625,203
1626,206
1627,208
1628,208
1629,207
1630,203
1631,198
1632,194
1633,190
1634,188
1635,186
1636,186
1637,186
1638,188
1639,191
1640,195
1641,199
1642,203
1643,206
1644,207
1645,208
1646,206
1647,201
1648,196
1649,192
1650,188
1651,186
1652,185
1653,185
1654,186
1655,188
1656,191
1657,195
1658,200
1659,203
1660,206
1661,207
1662,207
1663,203
1664,198
1665,194
1666,190
1667,187
1668,185
1669,184
1670,184
1671,185
1672,188
1673,192
1674,196
1675,200
1676,204
1677,206
1678,206
1679,205
1680,201
1681,196
1682,192
1683,188
1684,186
1685,184
1686,184
1687,184
1688,185
1689,188
1690,192
1691,196
1692,201
1693,204
1694,205
1695,205
1696,203
1697,198
1698,194
1699,189
1700,186
1701,184
1702,183
1703,182
1704,183
1705,185
1706,189
1707,192
1708,197
1709,201
1710,203
1711,204
1712,205
1713,201
1714,196
1715,192
1716,187
1717,185
1718,183
1719,182
1720,182
1721,183
1722,186
1723,190
1724,193
1725,198
1726,201
1727,203
1728,204
1729,203
1730,199
1731,194
1732,189
1733,185
1734,183
1735,182
1736,181
1737,181
1738,183
1739,186
1740,190
1741,194
1742,198
1743,201
1744,203
1745,203
1746,201
1747,196
1748,191
1749,187
1750,183
1751,181
1752,180
1753,180
1754,180
1755,183
1756,186
1757,190
1758,194
1759,198
1760,201
1761,202
1762,202
1763,199
1764,194
1765,189
1766,185
1767,182
1768,180
1769,180
1770,179
1771,180
1772,183
1773,187
1774,190
1775,195
1776,199
1777,201
1778,202
1779,201
1780,197
1781,192
1782,187
1783,183
1784,181
1785,180
1786,179
1787,179
1788,181
1789,183
1790,188
1791,192
1792,196
1793,199
1794,201
1795,201
1796,199
1797,195
1798,190
1799,185
1800,182
1801,180
1802,179
1803,179
1804,179
1805,181
1806,185
1807,189
1808,193
1809,197
1810,200
1811,201
1812,201
1813,198
1814,193
1815,188
1816,184
1817,181
1818,180
1819,178
1820,178
1821,179
1822,182
1823,186
1824,189
1825,194
1826,197
1827,200
1828,200
1829,199
1830,195
1831,190
1832,186
1833,182
1834,180
1835,178
1836,178
1837,178
1838,179
1839,182
1840,186
1841,190
1842,194
1843,198
1844,199
1845,199
1846,198
1847,193
1848,188
1849,184
1850,180
1851,178
1852,177
1853,177
1854,177
1855,179
1856,183
1857,187
1858,191
1859,195
1860,198
1861,199
1862,199
1863,196
1864,191
1865,186
1866,182
1867,179
1868,177
1869,177
1870,176
1871,177
1872,180
1873,184
1874,187
1875,192
1876,195
1877,198
1878,198
1879,198
1880,194
1881,189
1882,184
1883,180
1884,178
1885,176
1886,176
1887,176
1888,177
1889,180
1890,184
1891,188
1892,193
1893,196
1894,197
1895,198
1896,196
1897,191
1898,186
1899,182
1900,178
1901,177
1902,176
1903,175
1904,176
1905,177
1906,181
1907,185
1908,189
1909,193
1910,196
1911,197
1912,197
1913,194
1914,189
1915,185
1916,180
1917,178
1918,176
1919,175
1920,175
1921,176
1922,178
1923,182
1924,186
1925,190
1926,194
1927,196
1928,197
1929,196
1930,192
1931,187
1932,183
1933,179
1934,176
1935,175
1936,174
1937,174
1938,176
1939,179
1940,183
1941,187
1942,191
1943,195
1944,196
1945,197
1946,195
1947,190
1948,186
1949,181
1950,178
1951,176
1952,175
1953,174
1954,174
1955,176
1956,180
1957,184
1958,188
1959,192
1960,195
1961,196
1962,196
1963,193
1964,188
1965,184
1966,179
1967,176
1968,175
1969,174
1970,174
1971,175
1972,177
1973,181
1974,185
1975,189
1976,193
1977,195
1978,196
1979,195
1980,191
1981,186
1982,182
1983,178
1984,176
1985,174
1986,174
1987,174
1988,175
1989,178
1990,182
1991,186
1992,190
1993,194
1994,195
1995,196
1996,194
1997,189
1998,185
1999,180
2000,177
2001,175
2002,173
2003,173
2004,173
2005,175
2006,179
2007,182
2008,187
2009,191
2010,193
2011,195
2012,195
2013,192
2014,187
2015,182
2016,178
2017,175
2018,173
2019,172
2020,172
2021,173
2022,175
2023,179
2024,183
2025,187
2026,191
2027,193
2028,194
2029,194
2030,190
2031,185
2032,180
2033,176
2034,174
2035,172
2036,172
2037,172
2038,173
2039,176
2040,180
2041,184
2042,188
2043,192
2044,193
2045,194
2046,192
2047,188
2048,183
2049,179
2050,175
2051,173
2052,172
2053,171
2054,172
2055,174
2056,177
2057,181
2058,185
2059,189
2060,192
2061,193
2062,194
2063,191
2064,186
2065,181
2066,177
2067,174
2068,172
2069,171
2070,171
2071,172
2072,174
2073,177
2074,182
2075,186
2076,190
2077,192
2078,193
2079,193
2080,189
2081,184
2082,179
2083,175
2084,173
2085,171
2086,171
2087,171
2088,172
2089,175
2090,179
2091,183
2092,187
2093,191
2094,192
2095,193
2096,191
2097,187
2098,182
2099,178
2100,174
2101,172
2102,171
2103,170
2104,171
2105,172
2106,176
2107,180
2108,184
2109,188
2110,191
2111,192
2112,192
2113,190
2114,185
2115,180
2116,176
2117,173
2118,171
2119,170
2120,170
2121,171
2122,173
2123,177
2124,181
2125,185
2126,189
2127,191
2128,192
2129,192
2130,188
2131,183
2132,179
2133,175
2134,172
2135,171
2136,170
2137,170
2138,171
2139,174
2140,178
2141,182
2142,186
2143,190
2144,191
2145,192
2146,191
2147,186
2148,181
2149,177
2150,174
2151,171
2152,170
2153,170
2154,170
2155,172
2156,175
2157,179
2158,183
2159,187
2160,190
2161,191
2162,192
2163,189
2164,184
2165,179
2166,175
2167,172
2168,170
2169,169
2170,169
2171,170
2172,172
2173,176
2174,180
2175,184
2176,188
2177,191
2178,191
2179,191
2180,187
2181,182
2182,178
2183,174
2184,171
2185,170
2186,169
2187,169
2188,170
2189,173
2190,177
2191,181
2192,185
2193,189
2194,191
2195,191
2196,190
2197,186
2198,181
2199,176
2200,173
2201,170
2202,169
2203,169
2204,169
2205,171
2206,174
2207,178
2208,182
2209,186
2210,189
2211,190
2212,191
2213,188
2214,183
2215,179
2216,175
2217,171
2218,169
2219,169
2220,168
2221,169
2222,171
2223,175
2224,179
2225,183
2226,187
2227,189
2228,190
2229,190
2230,186
2231,181
2232,177
2233,173
2234,170
2235,168
2236,167
2237,167
2238,169
2239,172
2240,175
2241,179
2242,184
2243,187
2244,189
2245,190
2246,188
2247,184
2248,179
2249,175
2250,171
2251,169
2252,168
2253,167
2254,167
2255,169
2256,172
2257,176
2258,180
2259,185
2260,188
2261,189
2262,190
2263,187
2264,182
2265,177
2266,173
2267,170
2268,168
2269,167
2270,167
2271,167
2272,170
2273,173
2274,177
2275,181
2276,186
2277,188
2278,189
2279,189
2280,185
2281,180
2282,176
2283,172
2284,169
2285,167
2286,167
2287,167
2288,168
2289,171
2290,175
2291,178
2292,183
2293,187
2294,188
2295,189
2296,188
2297,183
2298,179
2299,174
2300,171
2301,168
2302,167
2303,166
2304,167
2305,168
2306,172
2307,175
2308,179
2309,184
2310,187
2311,188
2312,189
2313,186
2314,182
2315,177
2316,173
2317,170
2318,168
2319,167
2320,166
2321,167
2322,169
2323,173
2324,177
2325,181
2326,185
2327,188
2328,189
2329,189
2330,185
2331,180
2332,176
2333,172
2334,169
2335,167
2336,167
2337,166
2338,167
2339,170
2340,174
2341,178
2342,183
2343,186
2344,188
2345,189
2346,188
2347,183
2348,179
2349,174
2350,171
2351,168
2352,167
2353,166
2354,167
2355,168
2356,171
2357,176
2358,179
2359,184
2360,187
2361,188
2362,189
2363,186
2364,182
2365,177
2366,173
2367,169
2368,167
2369,166
2370,166
2371,166
2372,169
2373,172
2374,176
2375,180
2376,184
2377,187
2378,188
2379,188
2380,184
2381,179
2382,175
2383,171
2384,168
2385,166
2386,166
2387,165
2388,166
2389,169
2390,173
2391,176
2392,181
2393,184
2394,187
2395,187
2396,186
2397,182
2398,177
2399,173
2400,169
2401,167
2402,165
2403,165
2404,165
2405,167
2406,170
2407,174
2408,178
2409,182
2410,185
2411,187
2412,187
2413,185
2414,180
2415,175
2416,171
2417,168
2418,166
2419,165
2420,165
2421,165
2422,167
2423,171
2424,175
2425,179
2426,183
2427,186
2428,187
2429,187
2430,183
2431,178
2432,174
2433,170
2434,167
2435,165
2436,165
2437,165
2438,166
2439,168
2440,172
2441,176
2442,180
2443,184
2444,186
2445,187
2446,186
2447,182
2448,177
2449,172
2450,169
2451,166
2452,165
2453,164
2454,164
2455,166
2456,169
2457,173
2458,177
2459,181
2460,185
2461,186
2462,187
2463,184
2464,180
2465,175
2466,171
2467,167
2468,165
2469,164
2470,164
2471,165
2472,167
2473,170
2474,174
2475,179
2476,183
2477,185
2478,186
2479,186
2480,183
2481,178
2482,173
2483,169
2484,166
2485,165
2486,164
2487,164
2488,165
2489,168
2490,171
2491,175
2492,180
2493,184
2494,186
2495,186
2496,185
2497,181
2498,176
2499,172
2500,168
2501,166
2502,164
2503,164
2504,164
2505,165
2506,168
2507,173
2508,176
2509,181
2510,184
2511,186
2512,186
2513,184
2514,179
2515,174
2516,170
2517,167
2518,165
2519,164
2520,164
2521,164
2522,166
2523,170
2524,174
2525,178
2526,182
2527,185
2528,186
2529,186
2530,182
2531,178
2532,173
2533,169
2534,166
2535,164
2536,163
2537,163
2538,164
2539,167
2540,171
2541,174
2542,179
2543,183
2544,185
2545,186
2546,185
2547,181
2548,176
2549,172
2550,168
2551,165
2552,164
2553,163
2554,163
2555,165
2556,168
2557,172
2558,176
2559,180
2560,184
2561,185
2562,186
2563,184
2564,179
2565,174
2566,171
2567,167
2568,164
2569,164
2570,163
2571,164
2572,166
2573,169
2574,173
2575,177
2576,182
2577,184
2578,185
2579,185
2580,182
2581,177
2582,172
2583,169
2584,166
2585,164
2586,163
2587,163
2588,164
2589,166
2590,170
2591,174
2592,178
2593,182
2594,184
2595,185
2596,184
2597,180
2598,175
2599,171
2600,167
2601,164
2602,163
2603,162
2604,162
2605,164
2606,167
2607,171
2608,175
2609,179
2610,183
2611,184
2612,185
2613,183
2614,178
2615,174
2616,170
2617,166
2618,164
2619,163
2620,162
2621,163
2622,165
2623,168
2624,172
2625,176
2626,181
2627,183
2628,184
2629,185
2630,181
2631,177
2632,172
2633,168
2634,165
2635,163
2636,163
2637,162
2638,163
2639,166
2640,169
2641,173
2642,178
2643,181
2644,183
2645,184
2646,184
2647,180
2648,175
2649,171
2650,167
2651,164
2652,163
2653,162
2654,162
2655,164
2656,167
2657,171
2658,175
2659,179
2660,183
2661,184
2662,185
2663,183
2664,178
2665,173
2666,169
2667,166
2668,163
2669,162
2670,162
2671,162
2672,164
2673,168
2674,171
2675,176
2676,180
2677,183
2678,184
2679,184
2680,181
2681,176
2682,172
2683,168
2684,164
2685,163
2686,162
2687,162
2688,163
2689,165
2690,169
2691,173
2692,177
2693,181
2694,183
2695,184
2696,183
2697,179
2698,175
2699,171
2700,167
2701,164
2702,162
2703,162
2704,162
2705,164
2706,167
2707,171
2708,174
2709,179
2710,182
2711,184
2712,184
2713,182
2714,178
2715,173
2716,169
2717,165
2718,163
2719,162
2720,162
2721,162
2722,164
2723,167
2724,171
2725,175
2726,180
2727,183
2728,184
2729,184
2730,181
2731,176
2732,172
2733,168
2734,164
2735,162
2736,162
2737,162
2738,163
2739,165
2740,169
2741,172
2742,177
2743,181
2744,183
2745,184
2746,183
2747,179
2748,174
2749,170
2750,166
2751,163
2752,162
2753,161
2754,161
2755,163
2756,166
2757,169
2758,173
2759,178
2760,181
2761,183
2762,184
2763,182
2764,177
2765,173
2766,169
2767,165
2768,163
2769,162
2770,161
2771,162
2772,164
2773,167
2774,171
2775,175
2776,179
2777,182
2778,184
2779,184
2780,181
2781,176
2782,172
2783,167
2784,164
2785,162
2786,161
2787,161
2788,162
2789,164
2790,168
2791,172
2792,176
2793,180
2794,182
2795,183
2796,183
2797,179
2798,174
2799,170
2800,166
2801,163
2802,161
2803,161
2804,160
2805,162
2806,165
2807,168
2808,173
2809,178
2810,181
2811,183
2812,183
2813,182
2814,177
2815,173
2816,169
2817,165
2818,163
2819,161
2820,161
2821,161
2822,163
2823,167
2824,170
2825,175
2826,179
2827,182
2828,183
2829,183
2830,181
2831,176
2832,172
2833,167
2834,164
2835,162
2836,161
2837,161
2838,162
2839,164
2840,168
2841,171
2842,176
2843,180
2844,182
2845,183
2846,183
2847,179
2848,174
2849,170
2850,166
2851,163
2852,161
2853,160
2854,161
2855,162
2856,165
2857,168
2858,172
2859,177
2860,181
2861,182
2862,183
2863,181
2864,177
2865,172
2866,168
2867,164
2868,162
2869,161
2870,160
2871,161
2872,162
2873,166
2874,169
2875,174
2876,178
2877,181
2878,182
2879,183
2880,180
2881,175
2882,171
2883,166
2884,163
2885,161
2886,160
2887,160
2888,161
2889,163
2890,167
2891,170
2892,175
2893,179
2894,181
2895,182
2896,182
2897,178
2898,173
2899,169
2900,165
2901,162
2902,160
2903,160
2904,160
2905,161
2906,164
2907,168
2908,171
2909,176
2910,180
2911,182
2912,182
2913,181
2914,176
2915,172
2916,167
2917,164
2918,161
2919,160
2920,160
2921,160
2922,161
2923,165
2924,169
2925,173
2926,177
2927,180
2928,182
2929,182
2930,179
2931,174
2932,170
2933,166
2934,162
2935,160
2936,160
2937,160
2938,160
2939,162
2940,166
2941,170
2942,174
2943,178
2944,181
2945,182
2946,181
2947,178
2948,173
2949,169
2950,165
2951,162
2952,160
2953,159
2954,159
2955,161
2956,164
2957,167
2958,171
2959,176
2960,179
2961,181
2962,182
2963,181
2964,176
2965,172
2966,167
2967,163
2968,161
2969,159
2970,159
2971,160
2972,161
2973,165
2974,168
2975,172
2976,177
2977,180
2978,181
2979,182
2980,179
2981,174
2982,170
2983,166
2984,162
2985,160
2986,159
2987,159
2988,160
2989,162
2990,165
2991,169
2992,173
2993,178
2994,180
2995,181
2996,181
2997,177
2998,172
2999,168
3000,164
3001,161
3002,159
3003,159
3004,159
3005,160
3006,163
3007,166
3008,170
3009,175
3010,179
3011,180
3012,181
3013,180
3014,176
3015,171
3016,167
3017,163
3018,161
3019,160
3020,159
3021,159
3022,161
3023,164
3024,168
3025,172
3026,177
3027,180
3028,181
3029,182
3030,179
3031,175
3032,170
3033,166
3034,162
3035,160
3036,159
3037,159
3038,160
3039,162
3040,165
3041,169
3042,174
3043,178
3044,180
3045,181
3046,181
3047,178
3048,173
3049,168
3050,164
3051,161
3052,160
3053,159
3054,159
3055,160
3056,162
3057,166
3058,170
3059,175
3060,178
3061,180
3062,181
3063,180
3064,175
3065,171
3066,166
3067,163
3068,160
3069,159
3070,158
3071,159
3072,160
3073,163
3074,167
3075,171
3076,176
3077,179
3078,180
3079,181
3080,179
3081,174
3082,169
3083,165
3084,162
3085,160
3086,159
3087,158
3088,159
3089,161
3090,164
3091,168
3092,173
3093,177
3094,179
3095,180
3096,180
3097,177
3098,172
3099,168
3100,163
3101,161
3102,159
3103,158
3104,158
3105,160
3106,162
3107,166
3108,169
3109,174
3110,178
3111,180
3112,181
3113,179
3114,175
3115,171
3116,166
3117,162
3118,160
3119,159
3120,158
3121,158
3122,160
3123,163
3124,167
3125,171
3126,176
3127,178
3128,180
3129,180
3130,178
3131,173
3132,169
3133,165
3134,161
3135,159
3136,158
3137,158
3138,158
3139,161
3140,164
3141,168
3142,173
3143,177
3144,179
3145,180
3146,180
3147,177
3148,172
3149,168
3150,163
3151,160
3152,159
3153,158
3154,158
3155,159
3156,162
3157,165
3158,169
3159,174
3160,178
3161,179
3162,180
3163,179
3164,175
3165,171
3166,166
3167,162
3168,160
3169,158
3170,158
3171,158
3172,160
3173,163
3174,167
3175,171
3176,176
3177,179
3178,181
3179,181
3180,179
3181,174
3182,169
3183,165
3184,161
3185,159
3186,159
3187,158
3188,159
3189,161
3190,164
3191,168
3192,173
3193,177
3194,179
3195,180
3196,180
3197,176
3198,172
3199,167
3200,163
3201,160
3202,159
3203,158
3204,158
3205,159
3206,162
3207,165
3208,169
3209,174
3210,177
3211,179
3212,180
3213,179
3214,175
3215,170
3216,166
3217,162
3218,159
3219,158
3220,158
3221,158
3222,159
3223,162
3224,166
3225,170
3226,175
3227,178
3228,179
3229,180
3230,178
3231,173
3232,169
3233,165
3234,161
3235,159
3236,158
3237,158
3238,158
3239,160
3240,163
3241,167
3242,172
3243,176
3244,178
3245,179
3246,179
3247,176
3248,172
3249,167
3250,163
3251,160
3252,158
3253,157
3254,157
3255,158
3256,161
3257,165
3258,168
3259,173
3260,177
3261,179
3262,179
3263,178
3264,174
3265,170
3266,165
3267,161
3268,158
3269,157
3270,157
3271,157
3272,158
3273,161
3274,165
3275,169
3276,174
3277,177
3278,179
3279,179
3280,177
3281,172
3282,168
3283,164
3284,160
3285,158
3286,157
3287,157
3288,158
3289,160
3290,163
3291,167
3292,171
3293,176
3294,178
3295,179
3296,179
3297,176
3298,172
3299,167
3300,163
3301,160
3302,158
3303,157
3304,157
3305,158
3306,161
3307,164
3308,168
3309,173
3310,177
3311,179
3312,179
3313,179
3314,175
3315,170
3316,166
3317,162
3318,159
3319,158
3320,157
3321,157
3322,159
3323,161
3324,166
3325,170
3326,174
3327,177
3328,179
3329,179
3330,178
3331,173
3332,169
3333,164
3334,161
3335,158
3336,157
3337,157
3338,157
3339,159
3340,162
3341,166
3342,171
3343,175
3344,178
3345,179
3346,179
3347,176
3348,172
3349,167
3350,162
3351,160
3352,158
3353,157
3354,157
3355,158
3356,160
3357,164
3358,168
3359,172
3360,176
3361,178
3362,179
3363,178
3364,174
3365,170
3366,165
3367,161
3368,159
3369,157
3370,157
3371,157
3372,158
3373,161
3374,165
3375,169
3376,174
3377,177
3378,179
3379,179
3380,177
3381,173
3382,168
3383,164
3384,160
3385,158
3386,157
3387,157
3388,157
3389,159
3390,162
3391,166
3392,171
3393,175
3394,178
3395,179
3396,179
3397,176
3398,172
3399,167
3400,162
3401,159
3402,157
3403,156
3404,157
3405,158
3406,160
3407,164
3408,167
3409,172
3410,176
3411,178
3412,179
3413,178
3414,174
3415,170
3416,165
3417,161
3418,159
3419,157
3420,156
3421,156
3422,158
3423,160
3424,164
3425,168
3426,173
3427,176
3428,178
3429,179
3430,177
3431,173
3432,168
3433,164
3434,160
3435,158
3436,157
3437,156
3438,157
3439,159
3440,162
3441,166
3442,170
3443,174
3444,177
3445,178
3446,178
3447,175
3448,171
3449,166
3450,162
3451,159
3452,157
3453,156
3454,156
3455,157
3456,159
3457,163
3458,167
3459,172
3460,176
3461,178
3462,179
3463,178
3464,174
3465,170
3466,165
3467,161
3468,158
3469,157
3470,156
3471,156
3472,158
3473,160
3474,164
3475,168
3476,173
3477,176
3478,178
3479,178
3480,177
3481,173
3482,168
3483,163
3484,160
3485,157
3486,156
3487,156
3488,156
3489,158
3490,161
3491,165
3492,169
3493,174
3494,176
3495,178
3496,178
3497,175
3498,171
3499,166
3500,162
3501,159
3502,157
3503,156
3504,156
3505,157
3506,159
3507,163
3508,167
3509,171
3510,175
3511,177
3512,178
3513,178
3514,174
3515,169
3516,165
3517,161
3518,158
3519,157
3520,156
3521,156
3522,158
3523,160
3524,164
3525,168
3526,173
3527,176
3528,178
3529,178
3530,177
3531,173
3532,168
3533,164
3534,160
3535,158
3536,157
3537,156
3538,157
3539,158
3540,161
3541,166
3542,170
3543,174
3544,177
3545,178
3546,179
3547,176
3548,172
3549,167
3550,162
3551,159
3552,157
3553,156
3554,156
3555,157
3556,159
3557,163
3558,167
3559,172
3560,175
3561,178
3562,179
3563,178
3564,174
3565,170
3566,165
3567,161
3568,158
3569,157
3570,156
3571,156
3572,158
3573,160
3574,164
3575,168
3576,173
3577,176
3578,178
3579,178
3580,177
3581,173
3582,168
3583,164
3584,160
3585,158
3586,156
3587,156
3588,156
3589,158
3590,161
3591,165
3592,169
3593,174
3594,177
3595,178
3596,178
3597,175
3598,171
3599,166
3600,162
3601,159
3602,157
3603,156
3604,156
3605,157
3606,159
3607,162
3608,166
3609,171
3610,175
3611,177
3612,178
3613,178
3614,174
3615,169
3616,165
3617,161
3618,158
3619,157
3620,156
3621,156
3622,157
3623,160
3624,164
3625,168
3626,173
3627,176
3628,178
3629,178
3630,177
3631,173
3632,168
3633,164
3634,160
3635,158
3636,157
3637,156
3638,156
3639,158
3640,161
3641,165
3642,170
3643,174
3644,177
3645,178
3646,179
3647,176
3648,172
3649,167
3650,163
3651,159
3652,157
3653,157
3654,156
3655,157
3656,159
3657,163
3658,167
3659,172
3660,176
3661,178
3662,179
3663,179
3664,175
3665,170
3666,166
3667,161
3668,159
3669,157
3670,157
3671,157
3672,158
3673,160
3674,164
3675,168
3676,173
3677,176
3678,178
3679,179
3680,177
3681,174
3682,169
3683,164
3684,160
3685,158
3686,157
3687,156
3688,157
3689,158
3690,161
3691,165
3692,169
3693,174
3694,177
3695,178
3696,179
3697,176
3698,172
3699,167
3700,163
3701,159
3702,157
3703,156
3704,156
3705,157
3706,159
3707,163
3708,167
3709,171
3710,175
3711,178
3712,179
3713,178
3714,175
3715,170
3716,165
3717,161
3718,158
3719,157
3720,156
3721,156
3722,157
3723,160
3724,164
3725,167
3726,172
3727,176
3728,178
3729,178
3730,177
3731,173
3732,168
3733,164
3734,160
3735,158
3736,157
3737,156
3738,156
3739,158
3740,161
3741,165
3742,169
3743,174
3744,177
3745,178
3746,178
3747,176
3748,172
3749,167
3750,162
3751,159
3752,157
3753,156
3754,156
3755,157
3756,159
3757,162
3758,166
3759,171
3760,175
3761,177
3762,178
3763,178
3764,175
3765,170
3766,165
3767,161
3768,158
3769,157
3770,156
3771,156
3772,157
3773,160
3774,164
3775,168
3776,173
3777,176
3778,178
3779,179
3780,177
3781,174
3782,169
3783,164
3784,160
3785,158
3786,157
3787,156
3788,157
3789,158
3790,161
3791,165
3792,169
3793,174
3794,177
3795,178
3796,179
3797,177
3798,172
3799,167
3800,163
3801,159
3802,157
3803,156
3804,156
3805,157
3806,159
3807,162
3808,166
3809,171
3810,175
3811,177
3812,178
3813,178
3814,175
3815,170
3816,165
3817,161
3818,158
3819,157
3820,156
3821,156
3822,157
3823,159
3824,163
3825,167
3826,172
3827,176
3828,178
3829,178
3830,177
3831,173
3832,168
3833,164
3834,160
3835,158
3836,156
3837,156
3838,156
3839,157
3840,160
3841,165
3842,169
3843,174
3844,177
3845,178
3846,178
3847,177
3848,172
3849,167
3850,163
3851,159
3852,157
3853,156
3854,156
3855,157
3856,158
3857,162
3858,166
3859,170
3860,175
3861,177
3862,178
3863,178
3864,175
3865,170
3866,165
3867,161
3868,158
3869,157
3870,156
3871,156
3872,157
3873,159
3874,163
3875,167
3876,172
3877,176
3878,177
3879,178
3880,177
3881,173
3882,168
3883,163
3884,160
3885,157
3886,156
3887,156
3888,156
3889,157
3890,160
3891,164
3892,168
3893,173
3894,176
3895,177
3896,178
3897,176
3898,171
3899,166
3900,162
3901,159
3902,156
3903,156
3904,155
3905,156
3906,158
3907,161
3908,165
3909,170
3910,174
3911,176
3912,178
3913,178
3914,175
3915,170
3916,165
3917,161
3918,158
3919,156
3920,156
3921,156
3922,157
3923,159
3924,163
3925,167
3926,172
3927,175
3928,178
3929,178
3930,177
3931,174
3932,169
3933,164
3934,160
3935,158
3936,156
3937,156
3938,156
3939,157
3940,160
3941,164
3942,168
3943,173
3944,176
3945,177
3946,178
3947,176
3948,171
3949,167
3950,162
3951,159
3952,157
3953,156
3954,155
3955,156
3956,157
3957,161
3958,165
3959,169
3960,174
3961,176
3962,177
3963,177
3964,174
3965,169
3966,165
3967,160
3968,158
3969,156
3970,155
3971,155
3972,156
3973,158
3974,162
3975,166
3976,171
3977,175
3978,177
3979,178
3980,177
3981,173
3982,168
3983,164
3984,160
3985,157
3986,156
3987,155
3988,155
3989,157
3990,160
3991,164
3992,168
3993,173
3994,176
3995,178
3996,178
3997,176
3998,172
3999,167
4000,163
4001,159
4002,157
4003,156
4004,156
4005,155
4006,158
4007,161
4008,165
4009,170
4010,174
4011,177
4012,178
4013,178
4014,175
4015,170
4016,165
4017,161
4018,158
4019,156
4020,156
4021,156
4022,156
4023,159
4024,163
4025,166
4026,171
4027,175
4028,177
4029,178
4030,177
4031,173
4032,168
4033,164
4034,160
4035,157
4036,156
4037,155
4038,156
4039,157
4040,160
4041,164
4042,168
4043,173
4044,176
4045,177
4046,178
4047,176
4048,172
4049,167
4050,163
4051,159
4052,157
4053,156
4054,156
4055,156
4056,158
4057,161
4058,165
4059,170
4060,174
4061,177
4062,178
4063,178
4064,175
4065,170
4066,165
4067,161
4068,158
4069,156
4070,156
4071,156
4072,156
4073,159
4074,163
4075,167
4076,171
4077,175
4078,177
4079,178
4080,177
4081,173
4082,168
4083,164
4084,160
4085,157
4086,156
4087,155
4088,155
4089,157
4090,160
4091,164
4092,168
4093,172
4094,176
4095,177
4096,178
4097,176
4098,172
4099,167
4100,163
4101,159
4102,157
4103,156
4104,156
4105,156
4106,158
4107,161
4108,165
4109,169
4110,174
4111,176
4112,178
4113,177
4114,175
4115,170
4116,165
4117,161
4118,158
4119,156
4120,156
4121,155
4122,156
4123,159
4124,163
4125,166
4126,171
4127,175
4128,177
4129,178
4130,177
4131,173
4132,169
4133,164
4134,160
4135,157
4136,156
4137,155
4138,155
4139,156
4140,159
4141,164
4142,168
4143,173
4144,176
4145,177
4146,178
4147,176
4148,172
4149,167
4150,163
4151,159
4152,157
4153,156
4154,156
4155,156
4156,158
4157,161
4158,165
4159,170
4160,174
4161,177
4162,178
4163,178
4164,175
4165,171
4166,166
4167,161
4168,158
4169,157
4170,156
4171,156
4172,156
4173,159
4174,163
4175,167
4176,171
4177,175
4178,177
4179,178
4180,178
4181,174
4182,169
4183,165
4184,161
4185,158
4186,157
4187,156
4188,156
4189,157
4190,160
4191,164
4192,168
4193,173
4194,176
4195,178
4196,178
4197,177
4198,173
4199,168
4200,163
4201,160
4202,158
4203,157
4204,156
4205,156
4206,158
4207,162
4208,166
4209,170
4210,174
4211,177
4212,178
4213,179
4214,175
4215,171
4216,166
4217,162
4218,159
4219,157
4220,156
4221,156
4222,157
4223,159
4224,163
4225,167
4226,171
4227,175
4228,177
4229,178
4230,178
4231,174
4232,169
4233,164
4234,160
4235,158
4236,156
4237,156
4238,155
4239,157
4240,160
4241,164
4242,168
4243,172
4244,176
4245,178
4246,178
4247,177
4248,172
4249,168
4250,163
4251,160
4252,158
4253,156
4254,156
4255,156
4256,158
4257,161
4258,165
4259,170
4260,174
4261,177
4262,178
4263,179
4264,176
4265,171
4266,166
4267,162
4268,159
4269,157
4270,156
4271,156
4272,156
4273,159
4274,163
4275,167
4276,171
4277,175
4278,177
4279,178
4280,178
4281,174
4282,169
4283,165
4284,161
4285,158
4286,156
4287,156
4288,155
4289,157
4290,160
4291,164
4292,168
4293,173
4294,176
4295,178
4296,178
4297,177
4298,172
4299,168
4300,163
4301,159
4302,157
4303,156
4304,156
4305,156
4306,157
4307,161
4308,165
4309,169
4310,174
4311,177
4312,178
4313,179
4314,176
4315,171
4316,166
4317,162
4318,159
4319,157
4320,156
4321,156
4322,156
4323,159
4324,162
4325,166
4326,171
4327,175
4328,177
4329,178
4330,178
4331,174
4332,170
4333,165
4334,161
4335,158
4336,157
4337,156
4338,156
4339,157
4340,160
4341,164
4342,168
4343,173
4344,176
4345,177
4346,178
4347,177
4348,173
4349,168
4350,163
4351,160
4352,157
4353,156
4354,156
4355,156
4356,158
4357,161
4358,165
4359,169
4360,174
4361,177
4362,178
4363,179
4364,176
4365,171
4366,166
4367,162
4368,158
4369,157
4370,156
4371,156
4372,156
4373,159
4374,162
4375,166
4376,171
4377,175
4378,177
4379,178
4380,178
4381,174
4382,169
4383,165
4384,161
4385,158
4386,157
4387,156
4388,155
4389,156
4390,160
4391,164
4392,167
4393,172
4394,176
4395,178
4396,178
4397,177
4398,173
4399,168
4400,163
4401,159
4402,157
4403,156
4404,156
4405,156
4406,158
4407,161
4408,165
4409,169
4410,174
4411,177
4412,178
4413,179
4414,176
4415,171
4416,167
4417,162
4418,159
4419,157
4420,156
4421,156
4422,156
4423,159
4424,162
4425,166
4426,171
4427,175
4428,177
4429,178
4430,178
4431,174
4432,170
4433,165
4434,161
4435,158
4436,156
4437,156
4438,155
4439,156
4440,159
4441,163
4442,167
4443,172
4444,176
4445,177
4446,178
4447,177
4448,173
4449,168
4450,164
4451,160
4452,157
4453,156
4454,156
4455,155
4456,157
4457,160
4458,164
4459,169
4460,173
4461,176
4462,178
4463,178
4464,176
4465,171
4466,166
4467,162
4468,159
4469,157
4470,156
4471,155
4472,156
4473,158
4474,162
4475,166
4476,171
4477,175
4478,177
4479,178
4480,178
4481,175
4482,170
4483,165
4484,161
4485,158
4486,157
4487,156
4488,156
4489,156
4490,160
4491,164
4492,167
4493,172
4494,176
4495,178
4496,179
4497,177
4498,173
4499,168
4500,164
4501,160
4502,157
4503,156
4504,156
4505,156
4506,157
4507,161
4508,165
4509,169
4510,173
4511,176
4512,178
4513,179
4514,176
4515,171
4516,167
4517,162
4518,159
4519,157
4520,156
4521,156
4522,156
4523,159
4524,162
4525,166
4526,171
4527,174
4528,177
4529,178
4530,178
4531,174
4532,170
4533,165
4534,161
4535,158
4536,157
4537,156
4538,155
4539,157
4540,159
4541,163
4542,167
4543,172
4544,175
4545,177
4546,178
4547,177
4548,173
4549,168
4550,163
4551,159
4552,157
4553,156
4554,155
4555,155
4556,157
4557,160
4558,164
4559,168
4560,173
4561,176
4562,177
4563,178
4564,176
4565,171
4566,166
4567,161
4568,158
4569,157
4570,156
4571,155
4572,156
4573,157
4574,161
4575,165
4576,170
4577,174
4578,176
4579,177
4580,178
4581,174
4582,169
4583,165
4584,160
4585,157
4586,156
4587,155
4588,155
4589,156
4590,159
4591,163
4592,167
4593,172
4594,175
4595,177
4596,178
4597,177
4598,173
4599,168
4600,163
4601,160
4602,157
4603,156
4604,156
4605,155
4606,157
4607,160
4608,164
4609,168
4610,173
4611,176
4612,177
4613,178
4614,176
4615,171
4616,166
4617,162
4618,159
4619,157
4620,156
4621,155
4622,156
4623,158
4624,162
4625,165
4626,170
4627,174
4628,177
4629,178
4630,178
4631,175
4632,170
4633,165
4634,161
4635,158
4636,156
4637,156
4638,155
4639,156
4640,159
4641,163
4642,167
4643,172
4644,175
4645,177
4646,178
4647,177
4648,173
4649,168
4650,164
4651,159
4652,157
4653,156
4654,155
4655,155
4656,157
4657,159
4658,164
4659,168
4660,173
4661,176
4662,177
4663,178
4664,176
4665,171
4666,166
4667,162
4668,158
4669,156
4670,155
4671,155
4672,155
4673,157
4674,161
4675,165
4676,169
4677,174
4678,176
4679,178
4680,178
4681,174
4682,170
4683,165
4684,161
4685,158
4686,156
4687,155
4688,155
4689,156
4690,159
4691,163
4692,166
4693,171
4694,175
4695,177
4696,178
4697,177
4698,173
4699,168
4700,164
4701,159
4702,157
4703,156
4704,155
4705,155
4706,157
4707,160
4708,164
4709,168
4710,173
4711,176
4712,177
4713,178
4714,176
4715,171
4716,166
4717,162
4718,158
4719,156
4720,155
4721,155
4722,155
4723,157
4724,161
4725,165
4726,169
4727,174
4728,176
4729,178
4730,178
4731,175
4732,170
4733,165
4734,161
4735,158
4736,156
4737,155
4738,155
4739,156
4740,159
4741,162
4742,166
4743,171
4744,175
4745,177
4746,178
4747,177
4748,173
4749,168
4750,164
4751,160
4752,157
4753,156
4754,155
4755,155
4756,157
4757,160
4758,164
4759,168
4760,173
4761,176
4762,177
4763,178
4764,176
4765,171
4766,167
4767,162
4768,159
4769,157
4770,155
4771,155
4772,155
4773,157
4774,160
4775,165
4776,169
4777,173
4778,176
4779,177
4780,178
4781,175
4782,169
4783,165
4784,161
4785,158
4786,156
4787,155
4788,155
4789,156
4790,159
4791,162
4792,166
4793,171
4794,175
4795,177
4796,178
4797,177
4798,173
4799,168
4800,164
4801,160
4802,157
4803,156
4804,155
4805,155
4806,156
4807,159
4808,163
4809,167
4810,172
4811,175
4812,177
4813,178
4814,176
4815,171
4816,166
4817,162
4818,158
4819,156
4820,155
4821,154
4822,155
4823,157
4824,160
4825,164
4826,168
4827,173
4828,176
4829,177
4830,177
4831,174
4832,169
4833,165
4834,160
4835,157
4836,155
4837,154
4838,154
4839,155
4840,158
4841,162
4842,166
4843,170
4844,174
4845,176
4846,177
4847,176
4848,172
4849,168
4850,163
4851,159
4852,156
4853,155
4854,154
4855,154
4856,156
4857,159
4858,163
4859,167
4860,172
4861,175
4862,177
4863,177
4864,175
4865,171
4866,166
4867,162
4868,158
4869,156
4870,154
4871,154
4872,154
4873,156
4874,160
4875,164
4876,168
4877,173
4878,175
4879,177
4880,177
4881,174
4882,169
4883,164
4884,160
4885,157
4886,155
4887,154
4888,154
4889,155
4890,157
4891,161
4892,165
4893,170
4894,174
4895,176
4896,177
4897,176
4898,172
4899,167
4900,163
4901,159
4902,156
4903,154
4904,154
4905,154
4906,155
4907,158
4908,162
4909,166
4910,171
4911,174
4912,176
4913,177
4914,175
4915,170
4916,166
4917,161
4918,158
4919,155
4920,154
4921,154
4922,154
4923,156
4924,160
4925,163
4926,168
4927,172
4928,175
4929,177
4930,177
4931,174
4932,169
4933,165
4934,160
4935,157
4936,155
4937,154
4938,154
4939,155
4940,157
4941,161
4942,165
4943,170
4944,174
4945,176
4946,177
4947,176
4948,173
4949,168
4950,163
4951,159
4952,156
4953,155
4954,154
4955,154
4956,155
4957,158
4958,162
4959,166
4960,171
4961,174
4962,176
4963,177
4964,175
4965,171
4966,166
4967,162
4968,158
4969,155
4970,154
4971,154
4972,154
4973,156
4974,159
4975,163
4976,167
4977,172
4978,175
4979,177
4980,177
4981,174
4982,169
4983,164
4984,160
4985,157
4986,155
4987,153
4988,154
4989,155
4990,157
4991,161
4992,165
4993,169
4994,173
4995,175
4996,177
4997,176
4998,172
4999,167
5000,163
5001,159
5002,156
5003,155
5004,154
5005,154
5006,155
5007,158
5008,162
5009,166
5010,171
5011,174
5012,176
5013,177
5014,175
5015,171
5016,166
5017,162
5018,158
5019,156
5020,155
5021,154
5022,154
5023,156
5024,160
5025,164
5026,168
5027,172
5028,175
5029,177
5030,177
5031,174
5032,170
5033,165
5034,161
5035,158
5036,156
5037,155
5038,154
5039,155
5040,158
5041,162
5042,166
5043,170
5044,174
5045,177
5046,178
5047,177
5048,174
5049,169
5050,164
5051,160
5052,157
5053,156
5054,154
5055,155
5056,156
5057,159
5058,163
5059,167
5060,172
5061,175
5062,177
5063,178
5064,176
5065,172
5066,167
5067,163
5068,159
5069,157
5070,155
5071,155
5072,155
5073,157
5074,160
5075,164
5076,168
5077,173
5078,176
5079,177
5080,178
5081,175
5082,170
5083,165
5084,161
5085,158
5086,156
5087,155
5088,155
5089,156
5090,158
5091,162
5092,166
5093,170
5094,174
5095,177
5096,178
5097,178
5098,174
5099,169
5100,164
5101,160
5102,157
5103,156
5104,155
5105,155
5106,156
5107,159
5108,163
5109,167
5110,172
5111,175
5112,177
5113,178
5114,176
5115,172
5116,167
5117,163
5118,159
5119,157
5120,155
5121,155
5122,155
5123,157
5124,160
5125,164
5126,168
5127,172
5128,176
5129,177
5130,178
5131,175
5132,170
5133,165
5134,161
5135,158
5136,156
5137,155
5138,155
5139,155
5140,158
5141,161
5142,165
5143,170
5144,174
5145,177
5146,178
5147,177
5148,174
5149,169
5150,164
5151,160
5152,157
5153,156
5154,154
5155,155
5156,156
5157,159
5158,163
5159,167
5160,172
5161,175
5162,177
5163,178
5164,176
5165,172
5166,167
5167,163
5168,159
5169,157
5170,155
5171,155
5172,155
5173,157
5174,160
5175,164
5176,168
5177,173
5178,176
5179,177
5180,178
5181,175
5182,170
5183,166
5184,161
5185,158
5186,156
5187,155
5188,155
5189,155
5190,158
5191,161
5192,165
5193,170
5194,174
5195,177
5196,178
5197,177
5198,174
5199,169
5200,164
5201,160
5202,157
5203,156
5204,155
5205,155
5206,156
5207,159
5208,163
5209,167
5210,172
5211,175
5212,177
5213,178
5214,177
5215,172
5216,168
5217,163
5218,159
5219,156
5220,155
5221,155
5222,155
5223,157
5224,160
5225,164
5226,168
5227,173
5228,176
5229,178
5230,178
5231,176
5232,171
5233,166
5234,162
5235,158
5236,157
5237,155
5238,155
5239,155
5240,158
5241,161
5242,165
5243,170
5244,174
5245,177
5246,178
5247,178
5248,174
5249,170
5250,165
5251,161
5252,158
5253,156
5254,155
5255,155
5256,157
5257,160
5258,163
5259,167
5260,172
5261,175
5262,178
5263,178
5264,177
5265,173
5266,168
5267,164
5268,160
5269,157
5270,156
5271,155
5272,155
5273,157
5274,160
5275,165
5276,168
5277,173
5278,177
5279,178
5280,178
5281,176
5282,171
5283,166
5284,162
5285,158
5286,156
5287,155
5288,154
5289,155
5290,158
5291,161
5292,165
5293,170
5294,174
5295,177
5296,178
5297,178
5298,174
5299,169
5300,165
5301,160
5302,158
5303,155
5304,155
5305,155
5306,156
5307,159
5308,163
5309,167
5310,171
5311,175
5312,177
5313,178
5314,177
5315,173
5316,168
5317,163
5318,159
5319,157
5320,155
5321,155
5322,155
5323,157
5324,160
5325,164
5326,168
5327,172
5328,176
5329,177
5330,178
5331,176
5332,171
5333,166
5334,162
5335,158
5336,156
5337,155
5338,155
5339,155
5340,157
5341,161
5342,165
5343,169
5344,174
5345,177
5346,178
5347,178
5348,174
5349,169
5350,165
5351,160
5352,158
5353,156
5354,155
5355,155
5356,156
5357,159
5358,163
5359,166
5360,171
5361,175
5362,177
5363,178
5364,177
5365,173
5366,168
5367,163
5368,159
5369,157
5370,155
5371,155
5372,155
5373,157
5374,160
5375,164
5376,168
5377,173
5378,176
5379,178
5380,178
5381,176
5382,171
5383,167
5384,162
5385,159
5386,157
5387,155
5388,155
5389,156
5390,158
5391,161
5392,165
5393,170
5394,174
5395,177
5396,178
5397,178
5398,175
5399,170
5400,165
5401,160
5402,158
5403,156
5404,155
5405,155
5406,156
5407,159
5408,163
5409,166
5410,171
5411,175
5412,177
5413,178
5414,177
5415,173
5416,168
5417,164
5418,160
5419,157
5420,155
5421,155
5422,155
5423,157
5424,160
5425,164
5426,168
5427,173
5428,176
5429,178
5430,178
5431,176
5432,171
5433,167
5434,162
5435,159
5436,157
5437,155
5438,155
5439,156
5440,158
5441,161
5442,165
5443,170
5444,174
5445,177
5446,178
5447,178
5448,175
5449,170
5450,165
5451,161
5452,158
5453,156
5454,155
5455,155
5456,156
5457,159
5458,163
5459,166
5460,171
5461,175
5462,177
5463,178
5464,177
5465,173
5466,168
5467,164
5468,160
5469,157
5470,155
5471,155
5472,155
5473,157
5474,160
5475,164
5476,168
5477,173
5478,176
5479,178
5480,178
5481,176
5482,172
5483,167
5484,163
5485,159
5486,156
5487,156
5488,155
5489,156
5490,158
5491,161
5492,165
5493,170
5494,174
5495,177
5496,178
5497,178
5498,175
5499,170
5500,165
5501,161
5502,158
5503,156
5504,155
5505,155
5506,156
5507,159
5508,163
5509,166
5510,171
5511,175
5512,177
5513,178
5514,177
5515,173
5516,168
5517,163
5518,160
5519,157
5520,155
5521,155
5522,155
5523,157
5524,160
5525,164
5526,168
5527,173
5528,176
5529,178
5530,178
5531,176
5532,172
5533,167
5534,163
5535,159
5536,156
5537,155
5538,155
5539,156
5540,158
5541,161
5542,165
5543,169
5544,174
5545,177
5546,178
5547,178
5548,175
5549,170
5550,165
5551,161
5552,158
5553,156
5554,155
5555,155
5556,156
5557,159
5558,162
5559,166
5560,171
5561,175
5562,177
5563,178
5564,177
5565,173
5566,168
5567,163
5568,160
5569,157
5570,155
5571,155
5572,155
5573,156
5574,159
5575,163
5576,167
5577,172
5578,176
5579,177
5580,178
5581,176
5582,171
5583,167
5584,162
5585,159
5586,156
5587,155
5588,155
5589,155
5590,157
5591,161
5592,165
5593,169
5594,173
5595,176
5596,178
5597,178
5598,175
5599,170
5600,165
5601,161
5602,158
5603,156
5604,155
5605,154
5606,156
5607,158
5608,162
5609,166
5610,171
5611,175
5612,177
5613,177
5614,177
5615,173
5616,168
5617,164
5618,160
5619,157
5620,155
5621,155
5622,155
5623,156
5624,159
5625,163
5626,167
5627,172
5628,176
5629,177
5630,178
5631,176
5632,172
5633,167
5634,162
5635,159
5636,156
5637,155
5638,155
5639,155
5640,157
5641,161
5642,165
5643,169
5644,174
5645,177
5646,178
5647,178
5648,175
5649,170
5650,165
5651,161
5652,158
5653,156
5654,155
5655,155
5656,156
5657,158
5658,162
5659,166
5660,170
5661,175
5662,177
5663,178
5664,177
5665,173
5666,168
5667,164
5668,160
5669,157
5670,156
5671,155
5672,155
5673,157
5674,160
5675,164
5676,168
5677,172
5678,176
5679,178
5680,178
5681,177
5682,172
5683,167
5684,163
5685,159
5686,157
5687,156
5688,155
5689,156
5690,158
5691,161
5692,165
5693,169
5694,174
5695,177
5696,178
5697,178
5698,175
5699,170
5700,166
5701,161
5702,158
5703,156
5704,155
5705,155
5706,156
5707,158
5708,162
5709,166
5710,171
5711,175
5712,177
5713,178
5714,178
5715,174
5716,169
5717,165
5718,160
5719,157
5720,156
5721,155
5722,155
5723,157
5724,160
5725,164
5726,168
5727,173
5728,177
5729,178
5730,179
5731,177
5732,173
5733,168
5734,163
5735,160
5736,157
5737,156
5738,156
5739,156
5740,158
5741,161
5742,165
5743,169
5744,174
5745,177
5746,178
5747,179
5748,176
5749,171
5750,166
5751,162
5752,159
5753,157
5754,156
5755,155
5756,156
5757,159
5758,163
5759,166
5760,171
5761,175
5762,178
5763,178
5764,178
5765,174
5766,169
5767,165
5768,161
5769,158
5770,156
5771,156
5772,156
5773,157
5774,160
5775,164
5776,168
5777,173
5778,177
5779,178
5780,179
5781,177
5782,173
5783,168
5784,164
5785,160
5786,157
5787,156
5788,156
5789,156
5790,158
5791,161
5792,165
5793,169
5794,174
5795,177
5796,178
5797,179
5798,176
5799,171
5800,166
5801,162
5802,159
5803,157
5804,156
5805,156
5806,157
5807,159
5808,163
5809,167
5810,171
5811,176
5812,178
5813,179
5814,178
5815,174
5816,170
5817,165
5818,161
5819,158
5820,156
5821,156
5822,156
5823,157
5824,160
5825,164
5826,168
5827,173
5828,177
5829,178
5830,179
5831,177
5832,173
5833,168
5834,164
5835,160
5836,157
5837,156
5838,155
5839,156
5840,158
5841,161
5842,165
5843,169
5844,174
5845,177
5846,178
5847,179
5848,176
5849,171
5850,166
5851,162
5852,159
5853,157
5854,156
5855,156
5856,156
5857,159
5858,162
5859,166
5860,171
5861,175
5862,177
5863,178
5864,178
5865,174
5866,170
5867,165
5868,161
5869,157
5870,156
5871,156
5872,155
5873,157
5874,159
5875,164
5876,167
5877,173
5878,176
5879,178
5880,178
5881,177
5882,172
5883,168
5884,164
5885,160
5886,157
5887,156
5888,155
5889,156
5890,157
5891,161
5892,165
5893,169
5894,174
5895,177
5896,178
5897,179
5898,176
5899,171
5900,166
5901,162
5902,158
5903,156
5904,155
5905,155
5906,156
5907,158
5908,162
5909,166
5910,170
5911,175
5912,177
5913,178
5914,178
5915,174
5916,169
5917,165
5918,160
5919,157
5920,156
5921,155
5922,155
5923,156
5924,159
5925,163
5926,167
5927,172
5928,176
5929,177
5930,178
5931,177
5932,172
5933,168
5934,163
5935,159
5936,157
5937,155
5938,155
5939,155
5940,157
5941,160
5942,164
5943,168
5944,173
5945,176
5946,178
5947,178
5948,175
5949,171
5950,166
5951,162
5952,158
5953,156
5954,155
5955,155
5956,156
5957,158
5958,162
5959,165
5960,170
5961,174
5962,177
5963,178
5964,178
5965,174
5966,169
5967,164
5968,160
5969,157
5970,155
5971,154
5972,154
5973,156
5974,159
5975,162
5976,166
5977,171
5978,175
5979,177
5980,178
5981,176
5982,172
5983,167
5984,163
5985,159
5986,156
5987,155
5988,155
5989,155
5990,157
5991,160
5992,164
5993,168
5994,173
5995,176
5996,177
5997,178
5998,175
5999,171
6000,166
6001,162
6002,158
6003,156
6004,155
6005,155
6006,156
6007,158
6008,161
6009,165
6010,170
6011,175
6012,177
6013,178
6014,178
6015,174
6016,170
6017,165
6018,161
6019,158
6020,156
6021,155
6022,155
6023,156
6024,159
6025,163
6026,167
6027,172
6028,176
6029,178
6030,178
6031,177
6032,173
6033,168
6034,164
6035,160
6036,157
6037,156
6038,155
6039,155
6040,157
6041,160
6042,164
6043,168
6044,173
6045,176
6046,178
6047,178
6048,176
6049,171
6050,166
6051,162
6052,158
6053,156
6054,155
6055,155
6056,155
6057,158
6058,161
6059,165
6060,170
6061,174
6062,177
6063,178
6064,178
6065,175
6066,170
6067,165
6068,161
6069,158
6070,156
6071,155
6072,155
6073,156
6074,159
6075,163
6076,167
6077,172
6078,175
6079,177
6080,178
6081,177
6082,173
6083,168
6084,164
6085,159
6086,157
6087,156
6088,155
6089,155
6090,157
6091,160
6092,164
6093,168
6094,173
6095,176
6096,178
6097,178
6098,176
6099,171
6100,166
6101,162
6102,158
6103,156
6104,155
6105,155
6106,156
6107,158
6108,161
6109,165
6110,170
6111,174
6112,177
6113,178
6114,178
6115,174
6116,170
6117,165
6118,161
6119,158
6120,156
6121,155
6122,155
6123,156
6124,159
6125,163
6126,167
6127,172
6128,176
6129,178
6130,178
6131,177
6132,173
6133,168
6134,164
6135,160
6136,157
6137,156
6138,155
6139,155
6140,157
6141,160
6142,164
6143,168
6144,173
6145,176
6146,178
6147,178
6148,176
6149,171
6150,166
6151,162
6152,158
6153,156
6154,155
6155,155
6156,155
6157,157
6158,161
6159,165
6160,169
6161,174
6162,177
6163,178
6164,177
6165,174
6166,169
6167,165
6168,160
6169,157
6170,155
6171,155
6172,154
6173,155
6174,158
6175,162
6176,166
6177,171
6178,175
6179,177
6180,178
6181,177
6182,172
6183,168
6184,163
6185,159
6186,157
6187,155
6188,155
6189,155
6190,157
6191,160
6192,164
6193,168
6194,173
6195,176
6196,177
6197,178
6198,176
6199,171
6200,166
6201,162
6202,158
6203,156
6204,155
6205,155
6206,155
6207,157
6208,161
6209,165
6210,170
6211,174
6212,177
6213,178
6214,178
6215,175
6216,170
6217,165
6218,161
6219,157
6220,156
6221,155
6222,155
6223,156
6224,159
6225,162
6226,166
6227,171
6228,175
6229,177
6230,178
6231,177
6232,173
6233,168
6234,164
6235,159
6236,157
6237,155
6238,155
6239,155
6240,157
6241,160
6242,164
6243,168
6244,173
6245,176
6246,178
6247,178
6248,176
6249,171
6250,167
6251,162
6252,158
6253,156
6254,155
6255,155
6256,155
6257,157
6258,161
6259,165
6260,170
6261,174
6262,177
6263,178
6264,178
6265,175
6266,170
6267,165
6268,161
6269,157
6270,156
6271,155
6272,155
6273,156
6274,159
6275,162
6276,166
6277,171
6278,175
6279,177
6280,178
6281,177
6282,173
6283,168
6284,164
6285,159
6286,157
6287,155
6288,155
6289,155
6290,156
6291,159
6292,163
6293,168
6294,172
6295,176
6296,177
6297,178
6298,176
6299,171
6300,166
6301,162
6302,158
6303,156
6304,155
6305,155
6306,155
6307,157
6308,160
6309,164
6310,169
6311,173
6312,176
6313,177
6314,177
6315,174
6316,169
6317,164
6318,159
6319,157
6320,155
6321,154
6322,154
6323,155
6324,157
6325,161
6326,165
6327,170
6328,174
6329,176
6330,177
6331,176
6332,172
6333,167
6334,163
6335,158
6336,156
6337,154
6338,154
6339,154
6340,155
6341,158
6342,162
6343,167
6344,171
6345,175
6346,176
6347,177
6348,175
6349,171
6350,166
6351,162
6352,157
6353,155
6354,154
6355,154
6356,154
6357,156
6358,160
6359,164
6360,168
6361,173
6362,175
6363,177
6364,177
6365,174
6366,169
6367,164
6368,159
6369,157
6370,155
6371,154
6372,154
6373,155
6374,157
6375,161
6376,165
6377,170
6378,174
6379,176
6380,177
6381,176
6382,172
6383,167
6384,163
6385,158
6386,156
6387,154
6388,154
6389,154
6390,155
6391,158
6392,162
6393,167
6394,171
6395,175
6396,176
6397,177
6398,175
6399,171
6400,166
6401,161
6402,157
6403,155
6404,154
6405,154
6406,154
6407,156
6408,160
6409,164
6410,168
6411,173
6412,175
6413,177
6414,177
6415,174
6416,169
6417,165
6418,160
6419,157
6420,155
6421,154
6422,154
6423,155
6424,157
6425,161
6426,164
6427,170
6428,174
6429,176
6430,177
6431,176
6432,172
6433,167
6434,163
6435,158
6436,156
6437,154
6438,154
6439,154
6440,155
6441,158
6442,162
6443,166
6444,171
6445,174
6446,176
6447,176
6448,175
6449,170
6450,166
6451,161
6452,157
6453,155
6454,154
6455,153
6456,154
6457,156
6458,159
6459,163
6460,168
6461,172
6462,175
6463,176
6464,176
6465,173
6466,169
6467,164
6468,159
6469,156
6470,154
6471,154
6472,153
6473,154
6474,157
6475,160
6476,164
6477,169
6478,173
6479,175
6480,176
6481,176
6482,172
6483,167
6484,163
6485,158
6486,155
6487,154
6488,153
6489,153
6490,154
6491,157
6492,161
6493,166
6494,170
6495,174
6496,176
6497,176
6498,174
6499,170
6500,165
6501,160
6502,156
6503,154
6504,153
6505,153
6506,153
6507,155
6508,158
6509,162
6510,167
6511,171
6512,174
6513,175
6514,175
6515,173
6516,168
6517,163
6518,159
6519,156
6520,154
6521,153
6522,153
6523,154
6524,156
6525,160
6526,164
6527,169
6528,173
6529,175
6530,176
6531,175
6532,172
6533,167
6534,162
6535,158
6536,155
6537,154
6538,153
6539,153
6540,155
6541,158
6542,162
6543,166
6544,171
6545,174
6546,176
6547,177
6548,175
6549,171
6550,166
6551,161
6552,158
6553,155
6554,154
6555,153
6556,154
6557,156
6558,159
6559,163
6560,168
6561,172
6562,175
6563,176
6564,176
6565,174
6566,169
6567,164
6568,160
6569,156
6570,154
6571,153
6572,153
6573,154
6574,156
6575,160
6576,164
6577,169
6578,173
6579,175
6580,176
6581,176
6582,172
6583,167
6584,162
6585,158
6586,155
6587,154
6588,153
6589,153
6590,154
6591,157
6592,161
6593,165
6594,170
6595,174
6596,175
6597,176
6598,175
6599,170
6600,166
6601,161
6602,157
6603,155
6604,153
6605,153
6606,153
6607,155
6608,159
6609,163
6610,167
6611,171
6612,175
6613,176
6614,176
6615,174
6616,169
6617,164
6618,159
6619,156
6620,154
6621,153
6622,153
6623,154
6624,156
6625,160
6626,164
6627,168
6628,173
6629,175
6630,176
6631,176
6632,172
6633,167
6634,162
6635,158
6636,155
6637,154
6638,153
6639,153
6640,154
6641,157
6642,161
6643,165
6644,170
6645,174
6646,175
6647,176
6648,174
6649,170
6650,165
6651,161
6652,157
6653,155
6654,154
6655,153
6656,154
6657,156
6658,159
6659,163
6660,167
6661,172
6662,175
6663,176
6664,176
6665,174
6666,169
6667,164
6668,160
6669,156
6670,154
6671,153
6672,153
6673,154
6674,156
6675,160
6676,164
6677,169
6678,173
6679,175
6680,176
6681,176
6682,172
6683,167
6684,163
6685,158
6686,155
6687,154
6688,153
6689,153
6690,154
6691,157
6692,161
6693,165
6694,170
6695,174
6696,176
6697,176
6698,175
6699,170
6700,165
6701,161
6702,157
6703,154
6704,153
6705,153
6706,153
6707,155
6708,158
6709,162
6710,166
6711,171
6712,174
6713,175
6714,176
6715,173
6716,168
6717,164
6718,159
6719,156
6720,154
6721,153
6722,153
6723,153
6724,155
6725,159
6726,163
6727,168
6728,172
6729,175
6730,176
6731,175
6732,172
6733,167
6734,162
6735,158
6736,155
6737,153
6738,153
6739,153
6740,154
6741,157
6742,161
6743,165
6744,170
6745,173
6746,175
6747,176
6748,175
6749,170
6750,165
6751,161
6752,157
6753,155
6754,153
6755,153
6756,153
6757,155
6758,158
6759,163
6760,167
6761,171
6762,174
6763,176
6764,176
6765,174
6766,169
6767,164
6768,160
6769,156
6770,154
6771,153
6772,153
6773,154
6774,156
6775,160
6776,164
6777,169
6778,173
6779,175
6780,176
6781,176
6782,172
6783,168
6784,163
6785,159
6786,156
6787,154
6788,153
6789,153
6790,154
6791,157
6792,161
6793,165
6794,170
6795,174
6796,176
6797,176
6798,175
6799,171
6800,166
6801,161
6802,157
6803,155
6804,154
6805,153
6806,154
6807,155
6808,158
6809,163
6810,167
6811,171
6812,174
6813,176
6814,176
6815,174
6816,169
6817,164
6818,160
6819,156
6820,154
6821,153
6822,153
6823,154
6824,156
6825,160
6826,164
6827,168
6828,173
6829,175
6830,176
6831,176
6832,173
6833,168
6834,163
6835,159
6836,156
6837,154
6838,154
6839,154
6840,155
6841,158
6842,162
6843,166
6844,171
6845,175
6846,176
6847,177
6848,176
6849,172
6850,167
6851,162
6852,158
6853,156
6854,155
6855,154
6856,154
6857,156
6858,159
6859,163
6860,167
6861,172
6862,175
6863,176
6864,177
6865,175
6866,170
6867,165
6868,161
6869,157
6870,155
6871,154
6872,154
6873,154
6874,156
6875,160
6876,164
6877,169
6878,173
6879,176
6880,177
6881,177
6882,173
6883,169
6884,164
6885,159
6886,157
6887,155
6888,154
6889,154
6890,155
6891,158
6892,162
6893,166
6894,170
6895,175
6896,176
6897,177
6898,176
6899,172
6900,167
6901,163
6902,158
6903,156
6904,155
6905,154
6906,154
6907,156
6908,159
6909,163
6910,168
6911,172
6912,175
6913,177
6914,177
6915,175
6916,170
6917,165
6918,161
6919,157
6920,155
6921,154
6922,153
6923,154
6924,156
6925,160
6926,164
6927,169
6928,173
6929,176
6930,177
6931,177
6932,174
6933,169
6934,164
6935,159
6936,156
6937,155
6938,154
6939,154
6940,155
6941,158
6942,162
6943,166
6944,171
6945,174
6946,177
6947,177
6948,176
6949,172
6950,167
6951,163
6952,158
6953,156
6954,155
6955,154
6956,154
6957,156
6958,159
6959,163
6960,167
6961,172
6962,175
6963,177
6964,177
6965,175
6966,171
6967,165
6968,161
6969,157
6970,155
6971,155
6972,154
6973,155
6974,157
6975,160
6976,165
6977,169
6978,173
6979,176
6980,177
6981,177
6982,174
6983,169
6984,164
6985,160
6986,157
6987,155
6988,154
6989,154
6990,155
6991,158
6992,162
6993,166
6994,170
6995,175
6996,176
6997,177
6998,176
6999,172
7000,168
7001,162
7002,159
7003,156
7004,155
7005,154
7006,154
7007,156
7008,159
7009,163
7010,167
7011,172
7012,175
7013,177
7014,177
7015,175
7016,171
7017,166
7018,161
7019,158
7020,156
7021,154
7022,154
7023,155
7024,157
7025,160
7026,165
7027,169
7028,173
7029,176
7030,177
7031,177
7032,174
7033,169
7034,164
7035,160
7036,157
7037,155
7038,154
7039,154
7040,155
7041,158
7042,162
7043,166
7044,171
7045,175
7046,177
7047,177
7048,177
7049,173
7050,168
7051,163
7052,159
7053,156
7054,155
7055,154
7056,154
7057,156
7058,159
7059,163
7060,167
7061,172
7062,175
7063,176
7064,177
7065,175
7066,171
7067,165
7068,161
7069,157
7070,155
7071,154
7072,154
7073,154
7074,156
7075,160
7076,164
7077,168
7078,173
7079,176
7080,177
7081,177
7082,174
7083,169
7084,164
7085,159
7086,157
7087,155
7088,154
7089,154
7090,155
7091,157
7092,162
7093,165
7094,170
7095,174
7096,176
7097,177
7098,176
7099,172
7100,167
7101,163
7102,159
7103,156
7104,155
7105,154
7106,154
7107,156
7108,159
7109,163
7110,167
7111,172
7112,175
7113,177
7114,177
7115,175
7116,171
7117,166
7118,162
7119,158
7120,156
7121,155
7122,154
7123,155
7124,157
7125,161
7126,165
7127,169
7128,174
7129,176
7130,177
7131,178
7132,174
7133,170
7134,165
7135,161
7136,158
7137,156
7138,155
7139,155
7140,156
7141,158
7142,163
7143,166
7144,171
7145,175
7146,177
7147,178
7148,177
7149,173
7150,168
7151,164
7152,159
7153,157
7154,155
7155,155
7156,155
7157,156
7158,159
7159,164
7160,168
7161,173
7162,176
7163,178
7164,178
7165,176
7166,172
7167,167
7168,162
7169,159
7170,157
7171,155
7172,155
7173,156
7174,158
7175,161
7176,165
7177,169
7178,174
7179,177
7180,178
7181,178
7182,175
7183,170
7184,165
7185,161
7186,158
7187,156
7188,155
7189,155
7190,156
7191,158
7192,162
7193,166
7194,171
7195,175
7196,177
7197,178
7198,177
7199,173
7200,168
7201,164
7202,159
7203,157
7204,155
7205,155
7206,155
7207,156
7208,159
7209,163
7210,167
7211,172
7212,175
7213,177
7214,178
7215,176
7216,171
7217,166
7218,161
7219,158
7220,156
7221,155
7222,155
7223,155
7224,157
7225,161
7226,165
7227,169
7228,174
7229,176
7230,178
7231,178
7232,175
7233,170
7234,165
7235,161
7236,158
7237,156
7238,155
7239,155
7240,156
7241,158
7242,162
7243,166
7244,171
7245,175
7246,177
7247,178
7248,177
7249,174
7250,168
7251,163
7252,160
7253,157
7254,155
7255,155
7256,155
7257,156
7258,159
7259,163
7260,167
7261,172
7262,175
7263,177
7264,178
7265,176
7266,172
7267,166
7268,162
7269,158
7270,156
7271,154
7272,155
7273,155
7274,157
7275,161
7276,164
7277,169
7278,173
7279,176
7280,177
7281,178
7282,175
7283,170
7284,165
7285,160
7286,157
7287,156
7288,155
7289,154
7290,155
7291,158
7292,162
7293,166
7294,170
7295,174
7296,176
7297,177
7298,177
7299,173
7300,168
7301,163
7302,159
7303,157
7304,155
7305,154
7306,154
7307,156
7308,159
7309,163
7310,167
7311,172
7312,175
7313,177
7314,177
7315,176
7316,172
7317,167
7318,162
7319,158
7320,156
7321,155
7322,155
7323,155
7324,157
7325,160
7326,164
7327,169
7328,173
7329,176
7330,177
7331,177
7332,175
7333,169
7334,165
7335,160
7336,157
7337,156
7338,155
7339,154
7340,155
7341,158
7342,162
7343,165
7344,170
7345,174
7346,176
7347,177
7348,177
7349,173
7350,168
7351,163
7352,159
7353,157
7354,155
7355,155
7356,155
7357,156
7358,159
7359,163
7360,167
7361,172
7362,175
7363,177
7364,178
7365,176
7366,172
7367,167
7368,162
7369,159
7370,156
7371,155
7372,155
7373,155
7374,157
7375,161
7376,165
7377,169
7378,173
7379,176
7380,177
7381,178
7382,175
7383,170
7384,165
7385,161
7386,158
7387,156
7388,155
7389,155
7390,156
7391,158
7392,162
7393,166
7394,171
7395,175
7396,177
7397,178
7398,178
7399,174
7400,169
7401,164
7402,160
7403,157
7404,156
7405,155
7406,155
7407,156
7408,160
7409,163
7410,167
7411,172
7412,176
7413,178
7414,178
7415,177
7416,172
7417,167
7418,163
7419,159
7420,157
7421,155
7422,155
7423,155
7424,157
7425,161
7426,165
7427,169
7428,174
7429,177
7430,178
7431,178
7432,176
7433,171
7434,166
7435,162
7436,158
7437,157
7438,156
7439,155
7440,156
7441,158
7442,162
7443,166
7444,171
7445,175
7446,177
7447,178
7448,178
7449,174
7450,169
7451,164
7452,160
7453,157
7454,156
7455,155
7456,155
7457,156
7458,159
7459,163
7460,167
7461,172
7462,176
7463,178
7464,178
7465,177
7466,172
7467,167
7468,163
7469,159
7470,156
7471,155
7472,155
7473,155
7474,157
7475,160
7476,164
7477,168
7478,173
7479,176
7480,177
7481,178
7482,175
7483,170
7484,165
7485,161
7486,158
7487,156
7488,155
7489,154
7490,155
7491,157
7492,161
7493,165
7494,170
7495,174
7496,176
7497,177
7498,177
7499,173
7500,168
7501,164
7502,160
7503,157
7504,155
7505,155
7506,155
7507,156
7508,159
7509,163
7510,167
7511,172
7512,175
7513,177
7514,178
7515,177
7516,172
7517,167
7518,163
7519,159
7520,157
7521,155
7522,155
7523,155
7524,157
7525,161
7526,165
7527,169
7528,173
7529,177
7530,178
7531,179
7532,176
7533,171
7534,166
7535,162
7536,158
7537,156
7538,156
7539,155
7540,156
7541,158
7542,162
7543,166
7544,171
7545,175
7546,177
7547,178
7548,178
7549,174
7550,169
7551,164
7552,160
7553,157
7554,156
7555,155
7556,155
7557,156
7558,159
7559,163
7560,167
7561,172
7562,175
7563,177
7564,178
7565,177
7566,172
7567,167
7568,163
7569,159
7570,157
7571,156
7572,155
7573,155
7574,157
7575,160
7576,164
7577,168
7578,173
7579,176
7580,177
7581,178
7582,176
7583,171
7584,166
7585,162
7586,158
7587,157
7588,156
7589,155
7590,156
7591,159
7592,162
7593,166
7594,171
7595,175
7596,177
7597,178
7598,178
7599,175
7600,170
7601,165
7602,161
7603,158
7604,156
7605,156
7606,156
7607,157
7608,160
7609,164
7610,168
7611,172
7612,176
7613,178
7614,179
7615,178
7616,173
7617,168
7618,164
7619,160
7620,157
7621,156
7622,156
7623,156
7624,158
7625,161
7626,165
7627,169
7628,174
7629,177
7630,178
7631,179
7632,177
7633,172
7634,167
7635,163
7636,159
7637,157
7638,156
7639,156
7640,157
7641,159
7642,163
7643,167
7644,171
7645,175
7646,178
7647,179
7648,179
7649,176
7650,170
7651,165
7652,161
7653,158
7654,157
7655,156
7656,156
7657,157
7658,160
7659,164
7660,168
7661,173
7662,176
7663,178
7664,179
7665,178
7666,173
7667,169
7668,164
7669,160
7670,157
7671,156
7672,156
7673,156
7674,157
7675,161
7676,165
7677,169
7678,173
7679,176
7680,178
7681,179
7682,177
7683,172
7684,167
7685,163
7686,159
7687,157
7688,156
7689,156
7690,156
7691,159
7692,162
7693,166
7694,171
7695,175
7696,178
7697,179
7698,179
7699,176
7700,171
7701,166
7702,162
7703,159
7704,157
7705,156
7706,156
7707,157
7708,160
7709,164
7710,168
7711,173
7712,176
7713,178
7714,179
7715,178
7716,174
7717,169
7718,165
7719,161
7720,158
7721,157
7722,157
7723,157
7724,158
7725,162
7726,166
7727,170
7728,175
7729,178
7730,179
7731,180
7732,178
7733,173
7734,168
7735,164
7736,160
7737,158
7738,157
7739,157
7740,157
7741,160
7742,163
7743,167
7744,172
7745,176
7746,178
7747,179
7748,180
7749,176
7750,171
7751,166
7752,162
7753,159
7754,157
7755,157
7756,157
7757,158
7758,161
7759,165
7760,168
7761,173
7762,177
7763,179
7764,180
7765,179
7766,174
7767,170
7768,165
7769,161
7770,159
7771,158
7772,157
7773,157
7774,159
7775,162
7776,166
7777,170
7778,175
7779,178
7780,179
7781,180
7782,178
7783,173
7784,168
7785,164
7786,160
7787,158
7788,157
7789,157
7790,157
7791,160
7792,163
7793,167
7794,172
7795,176
7796,179
7797,180
7798,180
7799,176
7800,172
7801,167
7802,163
7803,160
7804,158
7805,157
7806,157
7807,158
7808,161
7809,165
7810,169
7811,174
7812,177
7813,179
7814,180
7815,179
7816,175
7817,170
7818,166
7819,161
7820,159
7821,158
7822,157
7823,157
7824,159
7825,162
7826,166
7827,170
7828,175
7829,178
7830,179
7831,180
7832,178
7833,173
7834,168
7835,164
7836,160
7837,158
7838,157
7839,157
7840,157
7841,160
7842,163
7843,167
7844,172
7845,176
7846,179
7847,180
7848,180
7849,176
7850,172
7851,167
7852,163
7853,160
7854,158
7855,157
7856,157
7857,158
7858,161
7859,165
7860,169
7861,174
7862,177
7863,179
7864,180
7865,179
7866,175
7867,170
7868,166
7869,162
7870,159
7871,158
7872,157
7873,157
7874,159
7875,162
7876,166
7877,170
7878,175
7879,178
7880,180
7881,180
7882,178
7883,173
7884,168
7885,164
7886,160
7887,158
7888,157
7889,157
7890,157
7891,160
7892,163
7893,167
7894,171
7895,176
7896,179
7897,180
7898,180
7899,176
7900,172
7901,167
7902,163
7903,160
7904,158
7905,157
7906,157
7907,158
7908,161
7909,165
7910,168
7911,173
7912,177
7913,179
7914,180
7915,179
7916,175
7917,170
7918,166
7919,162
7920,159
7921,158
7922,157
7923,157
7924,159
7925,162
7926,166
7927,170
7928,175
7929,178
7930,179
7931,180
7932,178
7933,173
7934,169
7935,164
7936,160
7937,158
7938,157
7939,157
7940,157
7941,160
7942,163
7943,167
7944,171
7945,176
7946,178
7947,179
7948,180
7949,176
7950,172
7951,167
7952,162
7953,159
7954,158
7955,157
7956,157
7957,158
7958,160
7959,164
7960,168
7961,173
7962,177
7963,179
7964,180
7965,179
7966,175
7967,170
7968,166
7969,162
7970,159
7971,158
7972,157
7973,157
7974,159
7975,162
7976,166
7977,170
7978,175
7979,178
7980,180
7981,180
7982,178
7983,174
7984,169
7985,165
7986,161
7987,159
7988,158
7989,157
7990,158
7991,160
7992,163
7993,167
7994,171
7995,176
7996,179
7997,180
7998,180
7999,177
8000,172
8001,167
8002,163
8003,160
8004,158
8005,157
8006,157
8007,158
8008,160
8009,164
8010,168
8011,173
8012,177
8013,179
8014,180
8015,179
8016,175
8017,170
8018,166
8019,161
8020,159
8021,157
8022,157
8023,156
8024,158
8025,161
8026,165
8027,169
8028,174
8029,177
8030,179
8031,180
8032,177
8033,173
8034,168
8035,164
8036,160
8037,158
8038,156
8039,156
8040,156
8041,158
8042,162
8043,166
8044,170
8045,175
8046,178
8047,179
8048,179
8049,176
8050,171
8051,166
8052,162
8053,159
8054,157
8055,156
8056,156
8057,157
8058,159
8059,163
8060,167
8061,172
8062,175
8063,178
8064,178
8065,178
8066,174
8067,169
8068,165
8069,161
8070,158
8071,157
8072,156
8073,156
8074,158
8075,161
8076,165
8077,169
8078,174
8079,177
8080,179
8081,179
8082,177
8083,173
8084,168
8085,164
8086,160
8087,158
8088,156
8089,156
8090,156
8091,158
8092,162
8093,166
8094,170
8095,175
8096,178
8097,179
8098,179
8099,176
8100,171
8101,166
8102,162
8103,159
8104,157
8105,156
8106,156
8107,157
8108,159
8109,163
8110,167
8111,172
8112,176
8113,178
8114,179
8115,178
8116,174
8117,169
8118,165
8119,161
8120,158
8121,156
8122,156
8123,156
8124,158
8125,160
8126,164
8127,168
8128,173
8129,176
8130,178
8131,179
8132,177
8133,173
8134,168
8135,164
8136,160
8137,157
8138,156
8139,156
8140,156
8141,158
8142,162
8143,166
8144,170
8145,175
8146,178
8147,179
8148,179
8149,176
8150,171
8151,167
8152,163
8153,159
8154,158
8155,156
8156,156
8157,157
8158,159
8159,163
8160,166
8161,172
8162,176
8163,178
8164,179
8165,178
8166,174
8167,170
8168,165
8169,161
8170,158
8171,157
8172,156
8173,156
8174,158
8175,160
8176,164
8177,168
8178,173
8179,176
8180,178
8181,179
8182,177
8183,173
8184,168
8185,163
8186,160
8187,158
8188,156
8189,156
8190,157
8191,158
8192,162
8193,166
8194,170
8195,174
8196,178
8197,179
8198,179
8199,176
8200,172
8201,167
8202,163
8203,159
8204,157
8205,156
8206,156
8207,157
8208,159
8209,163
8210,167
8211,171
8212,175
8213,178
8214,179
8215,178
8216,175
8217,170
8218,165
8219,161
8220,158
8221,157
8222,156
8223,156
8224,158
8225,160
8226,164
8227,168
8228,173
8229,176
8230,178
8231,178
8232,177
8233,173
8234,168
8235,163
8236,160
8237,157
8238,156
8239,156
8240,157
8241,158
8242,161
8243,165
8244,170
8245,174
8246,177
8247,178
8248,178
8249,176
8250,171
8251,166
8252,162
8253,158
8254,157
8255,156
8256,155
8257,157
8258,159
8259,163
8260,166
8261,171
8262,175
8263,178
8264,179
8265,178
8266,175
8267,170
8268,165
8269,161
8270,158
8271,157
8272,156
8273,156
8274,157
8275,160
8276,164
8277,168
8278,173
8279,176
8280,178
8281,179
8282,177
8283,173
8284,168
8285,164
8286,160
8287,158
8288,157
8289,156
8290,157
8291,159
8292,162
8293,166
8294,170
8295,175
8296,178
8297,179
8298,179
8299,176
8300,172
8301,167
8302,163
8303,159
8304,157
8305,156
8306,156
8307,157
8308,159
8309,163
8310,167
8311,171
8312,176
8313,178
8314,179
8315,178
8316,175
8317,170
8318,165
8319,161
8320,158
8321,157
8322,156
8323,156
8324,157
8325,160
8326,164
8327,168
8328,172
8329,176
8330,178
8331,179
8332,177
8333,173
8334,168
8335,164
8336,160
8337,158
8338,156
8339,156
8340,156
8341,158
8342,161
8343,165
8344,169
8345,174
8346,177
8347,178
8348,179
8349,176
8350,171
8351,166
8352,162
8353,159
8354,157
8355,156
8356,156
8357,156
8358,159
8359,162
8360,166
8361,171
8362,175
8363,177
8364,178
8365,178
8366,174
8367,169
8368,165
8369,160
8370,158
8371,156
8372,155
8373,156
8374,157
8375,159
8376,163
8377,167
8378,172
8379,175
8380,177
8381,178
8382,176
8383,172
8384,167
8385,163
8386,159
8387,156
8388,155
8389,154
8390,155
8391,157
8392,160
8393,164
8394,168
8395,173
8396,176
8397,177
8398,177
8399,175
8400,170
8401,166
8402,161
8403,158
8404,156
8405,155
8406,155
8407,156
8408,158
8409,162
8410,166
8411,170
8412,174
8413,177
8414,178
8415,177
8416,174
8417,169
8418,165
8419,160
8420,158
8421,156
8422,155
8423,156
8424,157
8425,160
8426,163
8427,167
8428,172
8429,176
8430,177
8431,178
8432,176
8433,172
8434,167
8435,163
8436,159
8437,157
8438,155
8439,155
8440,155
8441,157
8442,160
8443,164
8444,168
8445,173
8446,176
8447,177
8448,177
8449,175
8450,171
8451,166
8452,162
8453,158
8454,156
8455,155
8456,155
8457,156
8458,158
8459,162
8460,165
8461,170
8462,174
8463,177
8464,178
8465,177
8466,174
8467,169
8468,165
8469,160
8470,158
8471,156
8472,155
8473,155
8474,156
8475,159
8476,163
8477,167
8478,172
8479,175
8480,177
8481,178
8482,177
8483,173
8484,168
8485,163
8486,159
8487,157
8488,156
8489,155
8490,155
8491,157
8492,160
8493,164
8494,168
8495,173
8496,176
8497,178
8498,178
8499,175
8500,171
8501,166
8502,162
8503,158
8504,156
8505,155
8506,155
8507,156
8508,158
8509,161
8510,165
8511,170
8512,174
8513,176
8514,178
8515,177
8516,174
8517,169
8518,164
8519,160
8520,157
8521,156
8522,155
8523,155
8524,156
8525,159
8526,162
8527,166
8528,171
8529,175
8530,177
8531,178
8532,176
8533,172
8534,167
8535,163
8536,159
8537,156
8538,155
8539,155
8540,155
8541,157
8542,160
8543,164
8544,168
8545,173
8546,176
8547,177
8548,177
8549,175
8550,171
8551,166
8552,162
8553,158
8554,156
8555,155
8556,155
8557,156
8558,158
8559,161
8560,165
8561,170
8562,174
8563,177
8564,178
8565,177
8566,174
8567,169
8568,165
8569,160
8570,157
8571,155
8572,154
8573,155
8574,156
8575,158
8576,162
8577,166
8578,171
8579,175
8580,177
8581,177
8582,176
8583,172
8584,168
8585,163
8586,159
8587,157
8588,155
8589,155
8590,155
8591,156
8592,160
8593,164
8594,168
8595,172
8596,176
8597,177
8598,177
8599,175
8600,171
8601,166
8602,162
8603,158
8604,156
8605,155
8606,155
8607,156
8608,158
8609,161
8610,165
8611,170
8612,174
8613,177
8614,178
8615,178
8616,174
8617,169
8618,165
8619,161
8620,157
8621,156
8622,155
8623,155
8624,156
8625,159
8626,163
8627,166
8628,171
8629,175
8630,177
8631,177
8632,177
8633,173
8634,168
8635,164
8636,159
8637,157
8638,156
8639,155
8640,155
8641,157
8642,160
8643,164
8644,168
8645,173
8646,176
8647,177
8648,178
8649,175
8650,171
8651,166
8652,162
8653,159
8654,156
8655,155
8656,155
8657,156
8658,158
8659,161
8660,165
8661,169
8662,174
8663,177
8664,178
8665,178
8666,174
8667,170
8668,165
8669,161
8670,158
8671,156
8672,155
8673,155
8674,156
8675,159
8676,163
8677,166
8678,171
8679,175
8680,177
8681,177
8682,177
8683,173
8684,168
8685,163
8686,159
8687,157
8688,155
8689,155
8690,155
8691,157
8692,160
8693,164
8694,168
8695,173
8696,176
8697,178
8698,178
8699,176
8700,172
8701,167
8702,163
8703,159
8704,157
8705,155
8706,156
8707,156
8708,158
8709,161
8710,165
8711,170
8712,174
8713,176
8714,178
8715,178
8716,175
8717,170
8718,165
8719,161
8720,158
8721,156
8722,155
8723,155
8724,156
8725,159
8726,163
8727,166
8728,171
8729,175
8730,177
8731,178
8732,177
8733,173
8734,168
8735,164
8736,160
8737,157
8738,156
8739,155
8740,156
8741,157
8742,160
8743,164
8744,168
8745,173
8746,176
8747,178
8748,178
8749,176
8750,172
8751,167
8752,163
8753,159
8754,157
8755,156
8756,156
8757,156
8758,158
8759,161
8760,166
8761,170
8762,174
8763,177
8764,178
8765,178
8766,175
8767,170
8768,166
8769,161
8770,158
8771,157
8772,156
8773,156
8774,157
8775,159
8776,163
8777,167
8778,172
8779,175
8780,178
8781,178
8782,177
8783,174
8784,169
8785,164
8786,160
8787,158
8788,156
8789,156
8790,156
8791,157
8792,160
8793,164
8794,168
8795,173
8796,176
8797,178
8798,178
8799,176
8800,172
8801,167
8802,163
8803,159
8804,157
8805,156
8806,156
8807,156
8808,158
8809,161
8810,165
8811,170
8812,174
8813,177
8814,178
8815,178
8816,175
8817,170
8818,166
8819,161
8820,158
8821,156
8822,155
8823,156
8824,156
8825,159
8826,163
8827,167
8828,171
8829,175
8830,177
8831,178
8832,177
8833,173
8834,169
8835,164
8836,160
8837,157
8838,156
8839,156
8840,156
8841,157
8842,160
8843,164
8844,168
8845,173
8846,176
8847,177
8848,178
8849,176
8850,172
8851,167
8852,163
8853,159
8854,157
8855,156
8856,156
8857,156
8858,158
8859,161
8860,165
8861,170
8862,174
8863,177
8864,178
8865,178
8866,175
8867,171
8868,166
8869,161
8870,158
8871,157
8872,156
8873,156
8874,157
8875,159
8876,163
8877,167
8878,172
8879,176
8880,178
8881,178
8882,178
8883,174
8884,169
8885,165
8886,161
8887,158
8888,156
8889,156
8890,156
8891,157
8892,160
8893,164
8894,168
8895,173
8896,176
8897,178
8898,178
8899,177
8900,172
8901,168
8902,163
8903,160
8904,157
8905,156
8906,156
8907,156
8908,158
8909,161
8910,165
8911,169
8912,174
8913,177
8914,178
8915,178
8916,175
8917,171
8918,166
8919,162
8920,159
8921,157
8922,156
8923,156
8924,157
8925,159
8926,163
8927,167
8928,171
8929,175
8930,178
8931,178
8932,178
8933,174
8934,169
8935,165
8936,161
8937,158
8938,156
8939,156
8940,156
8941,157
8942,160
8943,164
8944,168
8945,173
8946,176
8947,178
8948,178
8949,177
8950,172
8951,168
8952,163
8953,159
8954,157
8955,156
8956,156
8957,156
8958,158
8959,161
8960,165
8961,169
8962,174
8963,177
8964,178
8965,178
8966,176
8967,171
8968,166
8969,162
8970,159
8971,157
8972,156
8973,156
8974,157
8975,159
8976,163
8977,167
8978,171
8979,175
8980,178
8981,178
8982,178
8983,174
8984,169
8985,165
8986,161
8987,158
8988,156
8989,156
8990,156
8991,157
8992,160
8993,164
8994,168
8995,173
8996,176
8997,178
8998,178
8999,177
9000,173
9001,168
9002,164
9003,160
9004,157
9005,156
9006,156
9007,156
9008,158
9009,161
9010,165
9011,169
9012,174
9013,177
9014,178
9015,178
9016,176
9017,171
9018,166
9019,162
9020,158
9021,156
9022,156
9023,156
9024,156
9025,159
9026,162
9027,166
9028,171
9029,175
9030,177
9031,178
9032,178
9033,174
9034,169
9035,165
9036,160
9037,158
9038,156
9039,156
9040,156
9041,157
9042,160
9043,164
9044,168
9045,173
9046,176
9047,178
9048,178
9049,177
9050,173
9051,168
9052,164
9053,160
9054,157
9055,156
9056,156
9057,156
9058,158
9059,161
9060,165
9061,169
9062,174
9063,177
9064,178
9065,178
9066,176
9067,171
9068,166
9069,162
9070,158
9071,157
9072,156
9073,156
9074,156
9075,159
9076,162
9077,166
9078,171
9079,175
9080,178
9081,178
9082,178
9083,174
9084,170
9085,165
9086,161
9087,158
9088,157
9089,156
9090,156
9091,157
9092,160
9093,164
9094,168
9095,173
9096,176
9097,178
9098,178
9099,177
9100,173
9101,168
9102,164
9103,160
9104,158
9105,156
9106,156
9107,156
9108,158
9109,161
9110,165
9111,169
9112,173
9113,177
9114,178
9115,178
9116,176
9117,171
9118,166
9119,162
9120,158
9121,157
9122,156
9123,156
9124,157
9125,159
9126,162
9127,166
9128,171
9129,175
9130,177
9131,177
9132,178
9133,174
9134,170
9135,165
9136,161
9137,158
9138,156
9139,156
9140,156
9141,157
9142,159
9143,164
9144,167
9145,172
9146,176
9147,177
9148,178
9149,177
9150,173
9151,168
9152,164
9153,160
9154,157
9155,156
9156,156
9157,156
9158,158
9159,161
9160,165
9161,169
9162,173
9163,177
9164,178
9165,178
9166,176
9167,171
9168,166
9169,162
9170,159
9171,157
9172,156
9173,156
9174,157
9175,159
9176,162
9177,166
9178,171
9179,175
9180,177
9181,178
9182,178
9183,175
9184,170
9185,165
9186,161
9187,158
9188,156
9189,156
9190,156
9191,157
9192,160
9193,164
9194,167
9195,172
9196,176
9197,177
9198,178
9199,177
9200,173
9201,168
9202,164
9203,160
9204,157
9205,156
9206,156
9207,156
9208,158
9209,161
9210,165
9211,169
9212,174
9213,177
9214,178
9215,178
9216,176
9217,171
9218,167
9219,162
9220,159
9221,157
9222,156
9223,156
9224,156
9225,159
9226,162
9227,166
9228,171
9229,175
9230,177
9231,178
9232,178
9233,175
9234,170
9235,165
9236,161
9237,158
9238,156
9239,156
9240,156
9241,157
9242,159
9243,163
9244,167
9245,172
9246,175
9247,177
9248,178
9249,177
9250,173
9251,168
9252,164
9253,160
9254,157
9255,156
9256,156
9257,156
9258,157
9259,160
9260,164
9261,168
9262,173
9263,176
9264,177
9265,178
9266,176
9267,171
9268,166
9269,162
9270,158
9271,156
9272,156
9273,155
9274,156
9275,158
9276,161
9277,165
9278,170
9279,174
9280,176
9281,177
9282,177
9283,174
9284,169
9285,165
9286,160
9287,158
9288,156
9289,156
9290,155
9291,156
9292,159
9293,163
9294,167
9295,172
9296,175
9297,177
9298,178
9299,176
9300,173
9301,168
9302,163
9303,159
9304,157
9305,156
9306,155
9307,155
9308,157
9309,160
9310,164
9311,168
9312,173
9313,176
9314,177
9315,178
9316,176
9317,171
9318,166
9319,162
9320,158
9321,156
9322,155
9323,155
9324,156
9325,158
9326,161
9327,165
9328,169
9329,174
9330,176
9331,177
9332,177
9333,174
9334,169
9335,164
9336,160
9337,157
9338,155
9339,155
9340,155
9341,156
9342,159
9343,162
9344,166
9345,171
9346,175
9347,176
9348,177
9349,176
9350,172
9351,167
9352,163
9353,159
9354,156
9355,155
9356,155
9357,155
9358,156
9359,159
9360,163
9361,167
9362,172
9363,175
9364,176
9365,177
9366,175
9367,170
9368,165
9369,161
9370,158
9371,156
9372,155
9373,155
9374,155
9375,157
9376,160
9377,164
9378,169
9379,173
9380,175
9381,176
9382,177
9383,174
9384,169
9385,164
9386,160
9387,157
9388,155
9389,155
9390,155
9391,156
9392,158
9393,162
9394,166
9395,171
9396,175
9397,176
9398,177
9399,176
9400,172
9401,168
9402,163
9403,159
9404,156
9405,155
9406,155
9407,155
9408,156
9409,159
9410,163
9411,167
9412,172
9413,175
9414,176
9415,177
9416,175
9417,171
9418,166
9419,162
9420,158
9421,156
9422,155
9423,154
9424,155
9425,157
9426,160
9427,164
9428,169
9429,173
9430,175
9431,176
9432,177
9433,174
9434,169
9435,164
9436,160
9437,157
9438,156
9439,155
9440,155
9441,156
9442,158
9443,162
9444,166
9445,171
9446,175
9447,176
9448,177
9449,176
9450,173
9451,168
9452,163
9453,159
9454,157
9455,155
9456,155
9457,155
9458,156
9459,159
9460,163
9461,167
9462,172
9463,175
9464,176
9465,177
9466,175
9467,170
9468,166
9469,162
9470,158
9471,156
9472,155
9473,155
9474,155
9475,157
9476,160
9477,164
9478,169
9479,173
9480,175
9481,176
9482,177
9483,174
9484,169
9485,164
9486,160
9487,157
9488,156
9489,155
9490,155
9491,156
9492,158
9493,162
9494,165
9495,170
9496,174
9497,176
9498,177
9499,176
9500,172
9501,168
9502,163
9503,159
9504,156
9505,155
9506,155
9507,155
9508,156
9509,159
9510,163
9511,167
9512,172
9513,175
9514,176
9515,177
9516,175
9517,170
9518,166
9519,162
9520,158
9521,156
9522,155
9523,155
9524,155
9525,157
9526,160
9527,164
9528,169
9529,173
9530,175
9531,177
9532,177
9533,174
9534,169
9535,165
9536,160
9537,157
9538,156
9539,155
9540,155
9541,156
9542,158
9543,162
9544,166
9545,171
9546,174
9547,176
9548,177
9549,176
9550,173
9551,168
9552,163
9553,159
9554,157
9555,155
9556,155
9557,155
9558,156
9559,159
9560,163
9561,167
9562,172
9563,175
9564,176
9565,177
9566,175
9567,171
9568,166
9569,162
9570,158
9571,156
9572,155
9573,155
9574,155
9575,157
9576,160
9577,164
9578,168
9579,173
9580,176
9581,177
9582,177
9583,174
9584,169
9585,165
9586,160
9587,157
9588,156
9589,155
9590,155
9591,155
9592,158
9593,162
9594,165
9595,170
9596,174
9597,176
9598,177
9599,176
9600,173
9601,168
9602,163
9603,159
9604,156
9605,155
9606,155
9607,154
9608,156
9609,158
9610,163
9611,167
9612,171
9613,174
9614,176
9615,177
9616,175
9617,171
9618,166
9619,162
9620,158
9621,156
9622,155
9623,155
9624,155
9625,156
9626,160
9627,164
9628,168
9629,172
9630,175
9631,176
9632,177
9633,174
9634,169
9635,164
9636,160
9637,157
9638,155
9639,154
9640,154
9641,155
9642,157
9643,161
9644,165
9645,170
9646,173
9647,175
9648,176
9649,176
9650,172
9651,167
9652,163
9653,159
9654,156
9655,155
9656,154
9657,154
9658,155
9659,158
9660,162
9661,166
9662,171
9663,174
9664,176
9665,176
9666,175
9667,171
9668,166
9669,161
9670,158
9671,156
9672,154
9673,154
9674,154
9675,156
9676,159
9677,163
9678,167
9679,172
9680,174
9681,175
9682,176
9683,173
9684,169
9685,164
9686,159
9687,156
9688,155
9689,154
9690,154
9691,154
9692,157
9693,161
9694,164
9695,169
9696,172
9697,175
9698,176
9699,176
9700,172
9701,167
9702,162
9703,158
9704,156
9705,155
9706,154
9707,154
9708,155
9709,158
9710,162
9711,166
9712,171
9713,174
9714,176
9715,176
9716,175
9717,171
9718,166
9719,161
9720,158
9721,156
9722,155
9723,154
9724,155
9725,156
9726,160
9727,163
9728,168
9729,172
9730,175
9731,176
9732,177
9733,174
9734,170
9735,165
9736,161
9737,157
9738,156
9739,155
9740,154
9741,155
9742,157
9743,161
9744,165
9745,169
9746,173
9747,175
9748,176
9749,176
9750,173
9751,167
9752,163
9753,159
9754,156
9755,155
9756,154
9757,154
9758,155
9759,158
9760,162
9761,166
9762,171
9763,174
9764,176
9765,176
9766,175
9767,171
9768,166
9769,162
9770,158
9771,156
9772,155
9773,154
9774,154
9775,156
9776,159
9777,163
9778,167
9779,172
9780,175
9781,176
9782,176
9783,174
9784,169
9785,164
9786,160
9787,156
9788,155
9789,154
9790,153
9791,154
9792,157
9793,160
9794,164
9795,169
9796,172
9797,175
9798,176
9799,176
9800,172
9801,168
9802,163
9803,159
9804,156
9805,155
9806,154
9807,154
9808,155
9809,158
9810,162
9811,166
9812,171
9813,174
9814,176
9815,176
9816,175
9817,171
9818,166
9819,162
9820,158
9821,156
9822,154
9823,154
9824,154
9825,156
9826,159
9827,163
9828,167
9829,171
9830,174
9831,176
9832,176
9833,174
9834,169
9835,164
9836,160
9837,157
9838,155
9839,154
9840,154
9841,154
9842,157
9843,160
9844,164
9845,169
9846,172
9847,175
9848,176
9849,176
9850,172
9851,168
9852,163
9853,158
9854,156
9855,155
9856,154
9857,154
9858,155
9859,158
9860,161
9861,165
9862,170
9863,173
9864,175
9865,176
9866,175
9867,171
9868,166
9869,162
9870,158
9871,156
9872,154
9873,154
9874,154
9875,156
9876,159
9877,163
9878,167
9879,171
9880,174
9881,176
9882,176
9883,174
9884,169
9885,164
9886,160
9887,157
9888,155
9889,154
9890,154
9891,154
9892,157
9893,160
9894,164
9895,168
9896,172
9897,175
9898,176
9899,176
9900,172
9901,168
9902,163
9903,159
9904,156
9905,154
9906,154
9907,154
9908,155
9909,158
9910,162
9911,165
9912,170
9913,173
9914,175
9915,176
9916,175
9917,171
9918,166
9919,162
9920,158
9921,156
9922,154
9923,154
9924,154
9925,156
9926,159
9927,163
9928,167
9929,171
9930,174
9931,176
9932,176
9933,174
9934,169
9935,165
9936,160
9937,157
9938,155
9939,154
9940,154
9941,155
9942,157
9943,160
9944,164
9945,168
9946,172
9947,175
9948,176
9949,176
9950,173
9951,168
9952,163
9953,159
9954,156
9955,155
9956,154
9957,154
9958,155
9959,158
9960,161
9961,165
9962,170
9963,173
9964,175
9965,176
9966,175
9967,171
9968,166
9969,162
9970,158
9971,156
9972,154
9973,154
9974,154
9975,156
9976,159
9977,162
9978,167
9979,171
9980,174
9981,176
9982,176
9983,174
9984,170
9985,165
9986,160
9987,157
9988,155
9989,154
9990,154
9991,154
9992,156
9993,160
9994,164
9995,168
9996,172
9997,175
9998,176
9999,176
10000,173
