1,1005
2,1005
3,0
4,1004
5,0
6,0
7,1005
8,0
9,0
10,1005
11,0
12,0
13,1005
14,0
15,1005
16,1005
17,0
18,1005
19,1005
20,0
21,1005
22,1005
23,0
24,1005
25,0
26,0
27,1005
28,0
29,0
30,1005
31,0
32,0
33,1005
34,0
35,0
36,1005
37,0
38,1005
39,1004
40,0
41,1005
42,1005
43,0
44,1005
45,1004
46,0
47,1005
48,0
49,0
50,1005
51,0
52,0
53,1005
54,0
55,0
56,1005
57,0
58,1005
59,1005
60,0
61,1005
62,1005
63,0
64,1005
65,1005
66,0
67,1004
68,0
69,0
70,1004
71,0
72,0
73,1005
74,0
75,0
76,1005
77,0
78,76
79,1005
80,0
81,1006
82,1006
83,0
84,1005
85,1004
86,0
87,1005
88,1005
89,0
90,1004
91,0
92,0
93,1005
94,0
95,0
96,1005
97,0
98,0
99,1005
100,0
101,1005
102,1005
103,0
104,1005
105,1005
106,0
107,1005
108,1005
109,0
110,1005
111,0
112,0
113,1005
114,0
115,0
116,1005
117,0
118,0
119,1005
120,0
121,1005
122,1005
123,0
124,1005
125,1005
126,0
127,1005
128,1005
129,0
130,1005
131,1005
132,0
133,1005
134,0
135,0
136,1005
137,0
138,0
139,1005
140,0
141,0
142,1004
143,0
144,1005
145,1005
146,0
147,1005
148,1005
149,0
150,1005
151,1005
152,0
153,1005
154,0
155,0
156,1005
157,0
158,0
159,1005
160,0
161,0
162,1005
163,0
164,1005
165,1005
166,0
167,1005
168,1005
169,0
170,1005
171,1004
172,0
173,1005
174,1004
175,0
176,1005
177,0
178,0
179,1005
180,0
181,0
182,1004
183,0
184,0
185,1005
186,0
187,1005
188,1005
189,0
190,1005
191,1005
192,0
193,1005
194,1005
195,0
196,1005
197,0
198,0
199,1005
200,0
201,0
202,1005
203,0
204,0
205,1005
206,0
207,1005
208,1005
209,0
210,1005
211,1005
212,0
213,1005
214,1005
215,0
216,1005
217,0
218,0
219,1005
220,0
221,0
222,1005
223,0
224,0
225,1005
226,0
227,0
228,1005
229,0
230,1005
231,1005
232,0
233,1004
234,1005
235,0
236,1005
237,1005
238,0
239,1005
240,0
241,0
242,1005
243,0
244,0
245,1004
246,0
247,0
248,1005
249,0
250,1005
251,1005
252,0
253,1005
254,1005
255,0
256,1005
257,1005
258,0
259,1005
260,0
261,0
262,1005
263,0
264,0
265,1005
266,0
267,0
268,1004
269,0
270,0
271,1005
272,0
273,1005
274,1005
275,0
276,1005
277,1005
278,0
279,1005
280,1005
281,0
282,1005
283,0
284,0
285,1005
286,0
287,0
288,1005
289,0
290,0
291,1005
292,0
293,1005
294,1004
295,0
296,1005
297,1005
298,0
299,1004
300,1005
301,0
302,1005
303,0
304,0
305,1005
306,0
307,0
308,1005
309,0
310,0
311,1005
312,0
313,1005
314,1005
315,0
316,1005
317,1005
318,0
319,1005
320,1004
321,0
322,1005
323,1005
324,0
325,1005
326,0
327,0
328,1005
329,0
330,0
331,1005
332,0
333,0
334,1005
335,0
336,1005
337,1005
338,0
339,1005
340,1005
341,0
342,1005
343,1005
344,0
345,1005
346,0
347,0
348,1004
349,0
350,0
351,1004
352,0
353,0
354,1005
355,0
356,1005
357,1005
358,0
359,1005
360,1005
361,0
362,1005
363,1005
364,0
365,1005
366,989
367,0
368,1005
369,0
370,0
371,1005
372,0
373,0
374,1005
375,0
376,0
377,1005
378,0
379,1005
380,1005
381,0
382,1005
383,1005
384,0
385,1004
386,1004
387,0
388,1005
389,0
390,0
391,1005
392,0
393,0
394,1005
395,0
396,0
397,1005
398,0
399,1005
400,1005
401,0
402,1005
403,1005
404,0
405,1005
406,1004
407,0
408,1005
409,990
410,0
411,1005
412,0
413,0
414,1005
415,0
416,0
417,1005
418,0
419,0
420,1005
421,0
422,1005
423,1005
424,0
425,1005
426,1005
427,0
428,1005
429,1005
430,0
431,1005
432,0
433,0
434,1005
435,0
436,0
437,1005
438,0
439,0
440,1005
441,0
442,1005
443,1005
444,0
445,1005
446,1005
447,0
448,1005
449,1005
450,0
451,1004
452,0
453,0
454,1004
455,0
456,0
457,1005
458,0
459,0
460,1005
461,0
462,53
463,1005
464,0
465,1005
466,1005
467,0
468,1005
469,1005
470,0
471,1005
472,1005
473,0
474,1005
475,0
476,0
477,1005
478,0
479,0
480,1005
481,0
482,0
483,1005
484,0
485,1005
486,1005
487,0
488,1005
489,1005
490,0
491,1005
492,1005
493,0
494,1005
495,0
496,0
497,1006
498,0
499,0
500,1005
501,0
502,0
503,1005
504,0
505,1005
506,1004
507,0
508,1005
509,1005
510,0
511,1005
512,1004
513,0
514,1005
515,1005
516,0
517,1005
518,0
519,0
520,1005
521,0
522,0
523,1005
524,0
525,0
526,1005
527,0
528,1005
529,1005
530,0
531,1005
532,1005
533,0
534,1005
535,1005
536,0
537,1005
538,0
539,0
540,1005
541,0
542,0
543,1005
544,0
545,0
546,1005
547,0
548,1005
549,1005
550,0
551,1005
552,1005
553,0
554,1004
555,1005
556,0
557,1004
558,990
559,0
560,1005
561,0
562,0
563,1005
564,0
565,0
566,1005
567,0
568,0
569,1005
570,0
571,1005
572,1005
573,0
574,1005
575,1005
576,0
577,1005
578,1004
579,0
580,1005
581,0
582,0
583,1005
584,0
585,0
586,1005
587,0
588,0
589,1005
590,0
591,1005
592,1005
593,0
594,1005
595,1005
596,0
597,1005
598,1005
599,0
600,1005
601,0
602,0
603,1005
604,0
605,0
606,1005
607,0
608,0
609,1005
610,0
611,0
612,1005
613,0
614,1005
615,1005
616,0
617,1005
618,1005
619,0
620,1005
621,1005
622,0
623,1005
624,0
625,0
626,1005
627,0
628,0
629,1005
630,0
631,0
632,1005
633,0
634,1005
635,1004
636,0
637,1004
638,1006
639,0
640,1005
641,1004
642,0
643,1005
644,0
645,0
646,1005
647,0
648,0
649,1005
650,0
651,0
652,1005
653,0
654,0
655,1005
656,0
657,1004
658,1005
659,0
660,1005
661,1005
662,0
663,1005
664,1005
665,0
666,1005
667,0
668,0
669,1005
670,0
671,0
672,1005
673,0
674,0
675,1005
676,0
677,1005
678,1005
679,0
680,1006
681,1005
682,0
683,1005
684,1004
685,0
686,1005
687,0
688,0
689,1005
690,0
691,0
692,1005
693,0
694,0
695,1005
696,0
697,1006
698,1005
699,0
700,1005
701,1005
702,0
703,1005
704,1005
705,0
706,1005
707,1006
708,0
709,1005
710,0
711,0
712,1005
713,0
714,0
715,1005
716,0
717,0
718,1005
719,0
720,1005
721,1005
722,0
723,1005
724,1005
725,0
726,1005
727,1004
728,0
729,1005
730,0
731,0
732,1005
733,0
734,0
735,1005
736,0
737,0
738,1005
739,0
740,1005
741,1005
742,0
743,1005
744,1005
745,0
746,1005
747,1005
748,0
749,1005
750,990
751,0
752,1005
753,0
754,0
755,1005
756,0
757,0
758,1005
759,0
760,0
761,1005
762,0
763,1005
764,1005
765,0
766,1005
767,1005
768,0
769,1005
770,1005
771,0
772,1004
773,0
774,0
775,1004
776,0
777,0
778,1005
779,0
780,0
781,1005
782,0
783,1005
784,1005
785,0
786,1005
787,1005
788,0
789,1005
790,1005
791,0
792,1005
793,0
794,0
795,1005
796,0
797,0
798,1005
799,0
800,0
801,1005
802,0
803,0
804,1005
805,0
806,1005
807,1005
808,0
809,1005
810,1005
811,0
812,1005
813,1005
814,0
815,1005
816,0
817,0
818,1005
819,0
820,0
821,1005
822,0
823,0
824,1004
825,0
826,1005
827,1004
828,0
829,1005
830,1005
831,0
832,1005
833,1005
834,0
835,1005
836,0
837,0
838,1005
839,0
840,0
841,1005
842,0
843,0
844,1005
845,0
846,53
847,1005
848,0
849,1004
850,1005
851,0
852,1005
853,1005
854,0
855,1005
856,1005
857,0
858,1005
859,0
860,0
861,1005
862,0
863,0
864,1004
865,0
866,0
867,1005
868,0
869,1005
870,1005
871,0
872,1005
873,1005
874,0
875,1005
876,1005
877,0
878,1005
879,0
880,0
881,1005
882,0
883,0
884,1005
885,0
886,0
887,1005
888,0
889,1005
890,1005
891,0
892,1006
893,1005
894,0
895,1005
896,1005
897,0
898,1005
899,1005
900,0
901,1005
902,0
903,0
904,1005
905,0
906,0
907,1004
908,0
909,0
910,1005
911,0
912,1005
913,1004
914,0
915,1005
916,1005
917,0
918,1004
919,1005
920,0
921,1005
922,0
923,0
924,1005
925,0
926,0
927,1005
928,0
929,0
930,1005
931,0
932,1005
933,1005
934,0
935,1005
936,1005
937,0
938,1005
939,1005
940,0
941,1005
942,983
943,0
944,1005
945,0
946,0
947,1005
948,0
949,0
950,1005
951,0
952,0
953,1005
954,0
955,1005
956,1005
957,0
958,1005
959,1005
960,0
961,1005
962,1005
963,0
964,1005
965,0
966,0
967,1005
968,0
969,0
970,1005
971,0
972,0
973,1005
974,0
975,1005
976,1005
977,0
978,1005
979,1005
980,0
981,1004
982,1005
983,0
984,1005
985,0
986,0
987,1005
988,0
989,0
990,1005
991,0
992,0
993,1006
994,0
995,0
996,1005
997,0
998,1005
999,1004
1000,0
1001,1005
1002,1005
1003,0
1004,1005
1005,1005
1006,0
1007,1005
1008,0
1009,0
1010,1006
1011,0
1012,0
1013,1005
1014,0
1015,0
1016,1005
1017,0
1018,1005
1019,1005
1020,0
1021,1005
1022,1005
1023,0
1024,1005
1025,1004
1026,0
1027,1005
1028,0
1029,0
1030,1005
1031,0
1032,0
1033,1005
1034,0
1035,0
1036,1004
1037,0
1038,52
1039,1005
1040,0
1041,1005
1042,1005
1043,0
1044,1004
1045,1005
1046,0
1047,1005
1048,1004
1049,0
1050,1005
1051,0
1052,0
1053,1005
1054,0
1055,0
1056,1005
1057,0
1058,0
1059,1005
1060,0
1061,1005
1062,1005
1063,0
1064,1005
1065,1005
1066,0
1067,1004
1068,1004
1069,0
1070,1005
1071,0
1072,0
1073,1005
1074,0
1075,0
1076,1005
1077,0
1078,0
1079,1005
1080,0
1081,1005
1082,1005
1083,0
1084,1005
1085,1005
1086,0
1087,1005
1088,1005
1089,0
1090,1005
1091,1004
1092,0
1093,1005
1094,0
1095,0
1096,1005
1097,0
1098,0
1099,1004
1100,0
1101,0
1102,1004
1103,0
1104,1005
1105,1005
1106,0
1107,1005
1108,1005
1109,0
1110,1005
1111,1004
1112,0
1113,1004
1114,0
1115,0
1116,1005
1117,0
1118,0
1119,1004
1120,0
1121,0
1122,1005
1123,0
1124,1005
1125,1005
1126,0
1127,1005
1128,1005
1129,0
1130,1005
1131,1005
1132,0
1133,1005
1134,989
1135,0
1136,1004
1137,0
1138,0
1139,1005
1140,0
1141,0
1142,1005
1143,0
1144,0
1145,1005
1146,0
1147,1005
1148,1005
1149,0
1150,1005
1151,1005
1152,0
1153,1005
1154,1005
1155,0
1156,1006
1157,0
1158,0
1159,1005
1160,0
1161,0
1162,1005
1163,0
1164,0
1165,1005
1166,0
1167,1004
1168,1005
1169,0
1170,1005
1171,1004
1172,0
1173,1005
1174,1005
1175,0
1176,1005
1177,0
1178,0
1179,1005
1180,0
1181,0
1182,1004
1183,0
1184,0
1185,1005
1186,0
1187,0
1188,1005
1189,0
1190,1004
1191,1005
1192,0
1193,1005
1194,1005
1195,0
1196,1005
1197,1005
1198,0
1199,1005
1200,0
1201,0
1202,1005
1203,0
1204,0
1205,1005
1206,0
1207,0
1208,1005
1209,0
1210,1005
1211,1005
1212,0
1213,1005
1214,1005
1215,0
1216,1005
1217,1004
1218,0
1219,1005
1220,0
1221,0
1222,1005
1223,0
1224,0
1225,1005
1226,0
1227,0
1228,1005
1229,0
1230,52
1231,1005
1232,0
1233,1005
1234,1005
1235,0
1236,1005
1237,1005
1238,0
1239,1005
1240,1005
1241,0
1242,1005
1243,0
1244,0
1245,1005
1246,0
1247,0
1248,1005
1249,0
1250,0
1251,1005
1252,0
1253,1005
1254,1005
1255,0
1256,1005
1257,1005
1258,0
1259,1005
1260,1004
1261,0
1262,1005
1263,0
1264,0
1265,1005
1266,0
1267,0
1268,1005
1269,0
1270,0
1271,1005
1272,0
1273,76
1274,1005
1275,0
1276,1005
1277,1005
1278,0
1279,1005
1280,1005
1281,0
1282,1005
1283,1005
1284,0
1285,1005
1286,0
1287,0
1288,1005
1289,0
1290,0
1291,1005
1292,0
1293,0
1294,1005
1295,0
1296,1005
1297,1005
1298,0
1299,1005
1300,1005
1301,0
1302,1005
1303,1005
1304,0
1305,1004
1306,0
1307,0
1308,1005
1309,0
1310,0
1311,1005
1312,0
1313,0
1314,1005
1315,0
1316,1005
1317,1006
1318,0
1319,1006
1320,1005
1321,0
1322,1005
1323,1004
1324,0
1325,1005
1326,989
1327,0
1328,1005
1329,0
1330,0
1331,1005
1332,0
1333,0
1334,1004
1335,0
1336,0
1337,1005
1338,0
1339,1005
1340,1004
1341,0
1342,1005
1343,1005
1344,0
1345,1005
1346,1005
1347,0
1348,1005
1349,0
1350,0
1351,1005
1352,0
1353,0
1354,1005
1355,0
1356,0
1357,1005
1358,0
1359,1005
1360,1005
1361,0
1362,1005
1363,1005
1364,0
1365,1005
1366,1005
1367,0
1368,1005
1369,982
1370,0
1371,1005
1372,0
1373,0
1374,1004
1375,0
1376,0
1377,1005
1378,0
1379,0
1380,1005
1381,0
1382,1005
1383,1005
1384,0
1385,1006
1386,1005
1387,0
1388,1005
1389,1005
1390,0
1391,1004
1392,0
1393,0
1394,1005
1395,0
1396,0
1397,1005
1398,0
1399,0
1400,1005
1401,0
1402,1005
1403,1005
1404,0
1405,1004
1406,1005
1407,0
1408,1005
1409,1005
1410,0
1411,1005
1412,0
1413,0
1414,1005
1415,0
1416,0
1417,1005
1418,0
1419,0
1420,1005
1421,0
1422,52
1423,1005
1424,0
1425,1005
1426,1005
1427,0
1428,1005
1429,1005
1430,0
1431,1005
1432,1004
1433,0
1434,1005
1435,0
1436,0
1437,1005
1438,0
1439,0
1440,1005
1441,0
1442,0
1443,1005
1444,0
1445,1005
1446,1005
1447,0
1448,1005
1449,1005
1450,0
1451,1005
1452,1005
1453,0
1454,1005
1455,0
1456,0
1457,1005
1458,0
1459,0
1460,1005
1461,0
1462,0
1463,1005
1464,0
1465,1005
1466,1005
1467,0
1468,1005
1469,1005
1470,0
1471,1005
1472,1005
1473,0
1474,1005
1475,1005
1476,0
1477,1006
1478,0
1479,0
1480,1005
1481,0
1482,0
1483,1005
1484,0
1485,0
1486,1005
1487,0
1488,1005
1489,1005
1490,0
1491,1005
1492,1005
1493,0
1494,1005
1495,1005
1496,0
1497,1005
1498,0
1499,0
1500,1005
1501,0
1502,0
1503,1005
1504,0
1505,0
1506,1006
1507,0
1508,1005
1509,1005
1510,0
1511,1005
1512,1005
1513,0
1514,1005
1515,1005
1516,0
1517,1005
1518,1005
1519,0
1520,1005
1521,0
1522,0
1523,1004
1524,0
1525,0
1526,1005
1527,0
1528,0
1529,1005
1530,0
1531,1005
1532,1004
1533,0
1534,1005
1535,1005
1536,0
1537,1005
1538,1004
1539,0
1540,1005
1541,0
1542,0
1543,1005
1544,0
1545,0
1546,1005
1547,0
1548,0
1549,1005
1550,0
1551,1005
1552,1005
1553,0
1554,1005
1555,1005
1556,0
1557,1005
1558,1005
1559,0
1560,1005
1561,983
1562,0
1563,1005
1564,0
1565,0
1566,1005
1567,0
1568,0
1569,1005
1570,0
1571,0
1572,1005
1573,0
1574,1004
1575,1005
1576,0
1577,1005
1578,1005
1579,0
1580,1005
1581,1005
1582,0
1583,1005
1584,0
1585,0
1586,1005
1587,0
1588,0
1589,1005
1590,0
1591,0
1592,1005
1593,0
1594,1005
1595,1005
1596,0
1597,1005
1598,1005
1599,0
1600,1004
1601,1005
1602,0
1603,1005
1604,0
1605,0
1606,1004
1607,0
1608,0
1609,1005
1610,0
1611,0
1612,1005
1613,0
1614,0
1615,1005
1616,0
1617,1005
1618,1005
1619,0
1620,1005
1621,1005
1622,0
1623,1005
1624,1005
1625,0
1626,1005
1627,0
1628,0
1629,1005
1630,0
1631,0
1632,1005
1633,0
1634,0
1635,1005
1636,0
1637,1004
1638,1005
1639,0
1640,1005
1641,1005
1642,0
1643,1005
1644,1005
1645,0
1646,1005
1647,0
1648,0
1649,1005
1650,0
1651,0
1652,1005
1653,0
1654,0
1655,1005
1656,0
1657,1005
1658,1005
1659,0
1660,1006
1661,1005
1662,0
1663,1005
1664,1005
1665,0
1666,1005
1667,1005
1668,0
1669,1004
1670,0
1671,0
1672,1005
1673,0
1674,0
1675,1005
1676,0
1677,0
1678,1005
1679,0
1680,1005
1681,1005
1682,0
1683,1005
1684,1005
1685,0
1686,1005
1687,1005
1688,0
1689,1005
1690,0
1691,0
1692,1005
1693,0
1694,0
1695,1005
1696,0
1697,0
1698,1005
1699,0
1700,1004
1701,1005
1702,0
1703,1004
1704,1005
1705,0
1706,1005
1707,1005
1708,0
1709,1005
1710,990
1711,0
1712,1005
1713,0
1714,0
1715,1005
1716,0
1717,0
1718,1005
1719,0
1720,0
1721,1005
1722,0
1723,1005
1724,1005
1725,0
1726,1005
1727,1004
1728,0
1729,1004
1730,1004
1731,0
1732,1005
1733,0
1734,0
1735,1005
1736,0
1737,0
1738,1004
1739,0
1740,0
1741,1005
1742,0
1743,1005
1744,1006
1745,0
1746,1005
1747,1005
1748,0
1749,1005
1750,1005
1751,0
1752,1005
1753,0
1754,0
1755,1005
1756,0
1757,0
1758,1005
1759,0
1760,0
1761,1005
1762,0
1763,0
1764,1005
1765,0
1766,1004
1767,1005
1768,0
1769,1005
1770,1005
1771,0
1772,1006
1773,1005
1774,0
1775,1006
1776,0
1777,0
1778,1005
1779,0
1780,0
1781,1005
1782,0
1783,0
1784,1005
1785,0
1786,1005
1787,1005
1788,0
1789,1005
1790,1005
1791,0
1792,1005
1793,1005
1794,0
1795,1005
1796,0
1797,0
1798,1005
1799,0
1800,0
1801,1005
1802,0
1803,0
1804,1005
1805,0
1806,76
1807,1005
1808,0
1809,1005
1810,1005
1811,0
1812,1005
1813,1005
1814,0
1815,1005
1816,1004
1817,0
1818,1005
1819,0
1820,0
1821,1005
1822,0
1823,0
1824,1005
1825,0
1826,0
1827,1005
1828,0
1829,1005
1830,1005
1831,0
1832,1005
1833,1005
1834,0
1835,1005
1836,1005
1837,0
1838,1005
1839,0
1840,0
1841,1005
1842,0
1843,0
1844,1005
1845,0
1846,0
1847,1005
1848,0
1849,1005
1850,1005
1851,0
1852,1005
1853,1005
1854,0
1855,1005
1856,1005
1857,0
1858,1005
1859,1004
1860,0
1861,1005
1862,0
1863,0
1864,1005
1865,0
1866,0
1867,1005
1868,0
1869,0
1870,1005
1871,0
1872,1005
1873,1005
1874,0
1875,1005
1876,1005
1877,0
1878,1005
1879,1005
1880,0
1881,1005
1882,0
1883,0
1884,1005
1885,0
1886,0
1887,1005
1888,0
1889,0
1890,1005
1891,0
1892,1005
1893,1005
1894,0
1895,1005
1896,1005
1897,0
1898,1005
1899,1005
1900,0
1901,1005
1902,1005
1903,0
1904,1005
1905,0
1906,0
1907,1005
1908,0
1909,0
1910,1005
1911,0
1912,0
1913,1005
1914,0
1915,1005
1916,1005
1917,0
1918,1005
1919,1004
1920,0
1921,1005
1922,1005
1923,0
1924,1005
1925,0
1926,0
1927,1005
1928,0
1929,0
1930,1005
1931,0
1932,0
1933,1005
1934,0
1935,1004
1936,1005
1937,0
1938,1005
1939,1005
1940,0
1941,1005
1942,1005
1943,0
1944,1005
1945,989
1946,0
1947,1005
1948,0
1949,0
1950,1005
1951,0
1952,0
1953,1005
1954,0
1955,0
1956,1005
1957,0
1958,1005
1959,1005
1960,0
1961,1005
1962,1005
1963,0
1964,1004
1965,1005
1966,0
1967,1005
1968,0
1969,0
1970,1005
1971,0
1972,0
1973,1005
1974,0
1975,0
1976,1005
1977,0
1978,1004
1979,1005
1980,0
1981,1005
1982,1005
1983,0
1984,1005
1985,1005
1986,0
1987,1005
1988,0
1989,0
1990,1005
1991,0
1992,0
1993,1005
1994,0
1995,0
1996,1005
1997,0
1998,0
1999,1005
2000,0
2001,1005
2002,1004
2003,0
2004,1005
2005,1005
2006,0
2007,1005
2008,1004
2009,0
2010,1005
2011,0
2012,0
2013,1005
2014,0
2015,0
2016,1005
2017,0
2018,0
2019,1005
2020,0
2021,1005
2022,1005
2023,0
2024,1005
2025,1005
2026,0
2027,1005
2028,1005
2029,0
2030,1005
2031,0
2032,0
2033,1005
2034,0
2035,0
2036,1005
2037,0
2038,0
2039,1005
2040,0
2041,1004
2042,1005
2043,0
2044,1005
2045,1005
2046,0
2047,1005
2048,1005
2049,0
2050,1005
2051,1004
2052,0
2053,1005
2054,0
2055,0
2056,1005
2057,0
2058,0
2059,1005
2060,0
2061,0
2062,1005
2063,0
2064,1004
2065,1005
2066,0
2067,1005
2068,1005
2069,0
2070,1005
2071,1005
2072,0
2073,1005
2074,0
2075,0
2076,1005
2077,0
2078,0
2079,1005
2080,0
2081,0
2082,1005
2083,0
2084,1004
2085,1005
2086,0
2087,1005
2088,1005
2089,0
2090,1005
2091,1005
2092,0
2093,1005
2094,983
2095,0
2096,1005
2097,0
2098,0
2099,1005
2100,0
2101,0
2102,1005
2103,0
2104,0
2105,1004
2106,0
2107,1005
2108,1005
2109,0
2110,1005
2111,1004
2112,0
2113,1004
2114,1004
2115,0
2116,1005
2117,0
2118,0
2119,1005
2120,0
2121,0
2122,1005
2123,0
2124,0
2125,1005
2126,0
2127,1005
2128,1005
2129,0
2130,1005
2131,1004
2132,0
2133,1005
2134,1005
2135,0
2136,1005
2137,0
2138,0
2139,1005
2140,0
2141,0
2142,1005
2143,0
2144,0
2145,1005
2146,0
2147,0
2148,1005
2149,0
2150,1005
2151,1005
2152,0
2153,1005
2154,1005
2155,0
2156,1005
2157,1005
2158,0
2159,1005
2160,0
2161,0
2162,1005
2163,0
2164,0
2165,1005
2166,0
2167,0
2168,1005
2169,0
2170,1004
2171,1005
2172,0
2173,1005
2174,1005
2175,0
2176,1005
2177,1005
2178,0
2179,1004
2180,0
2181,0
2182,1005
2183,0
2184,0
2185,1005
2186,0
2187,0
2188,1005
2189,0
2190,52
2191,1005
2192,0
2193,1005
2194,1006
2195,0
2196,1005
2197,1005
2198,0
2199,1005
2200,1004
2201,0
2202,1005
2203,0
2204,0
2205,1004
2206,0
2207,0
2208,1005
2209,0
2210,0
2211,1005
2212,0
2213,1005
2214,1005
2215,0
2216,1005
2217,1005
2218,0
2219,1005
2220,1004
2221,0
2222,1005
2223,0
2224,0
2225,1005
2226,0
2227,0
2228,1005
2229,0
2230,0
2231,1004
2232,0
2233,77
2234,1004
2235,0
2236,1005
2237,1005
2238,0
2239,1005
2240,1005
2241,0
2242,1005
2243,1005
2244,0
2245,1005
2246,0
2247,0
2248,1005
2249,0
2250,0
2251,1005
2252,0
2253,0
2254,1005
2255,0
2256,1005
2257,1005
2258,0
2259,1005
2260,1005
2261,0
2262,1005
2263,1005
2264,0
2265,1005
2266,0
2267,0
2268,1005
2269,0
2270,0
2271,1004
2272,0
2273,0
2274,1005
2275,0
2276,1005
2277,1005
2278,0
2279,1005
2280,1005
2281,0
2282,1005
2283,1004
2284,0
2285,1005
2286,983
2287,0
2288,1005
2289,0
2290,0
2291,1005
2292,0
2293,0
2294,1005
2295,0
2296,0
2297,1005
2298,0
2299,1005
2300,1005
2301,0
2302,1005
2303,1004
2304,0
2305,1005
2306,1005
2307,0
2308,1005
2309,0
2310,0
2311,1005
2312,0
2313,0
2314,1005
2315,0
2316,0
2317,1005
2318,0
2319,1005
2320,1005
2321,0
2322,1005
2323,1005
2324,0
2325,1005
2326,1004
2327,0
2328,1005
2329,983
2330,0
2331,1005
2332,0
2333,0
2334,1004
2335,0
2336,0
2337,1004
2338,0
2339,0
2340,1005
2341,0
2342,1005
2343,1005
2344,0
2345,1005
2346,1005
2347,0
2348,1005
2349,1005
2350,0
2351,1005
2352,0
2353,0
2354,1004
2355,0
2356,0
2357,1005
2358,0
2359,0
2360,1005
2361,0
2362,1006
2363,1005
2364,0
2365,1005
2366,1005
2367,0
2368,1005
2369,1005
2370,0
2371,1005
2372,0
2373,0
2374,1005
2375,0
2376,0
2377,1005
2378,0
2379,0
2380,1005
2381,0
2382,0
2383,1005
2384,0
2385,1005
2386,1005
2387,0
2388,1004
2389,1005
2390,0
2391,1005
2392,1005
2393,0
2394,1005
2395,0
2396,0
2397,1005
2398,0
2399,0
2400,1005
2401,0
2402,0
2403,1004
2404,0
2405,1005
2406,1004
2407,0
2408,1005
2409,1005
2410,0
2411,1005
2412,1005
2413,0
2414,1005
2415,0
2416,0
2417,1005
2418,0
2419,0
2420,1005
2421,0
2422,0
2423,1005
2424,0
2425,1005
2426,1005
2427,0
2428,1005
2429,1005
2430,0
2431,1005
2432,1005
2433,0
2434,1005
2435,1005
2436,0
2437,1004
2438,0
2439,0
2440,1006
2441,0
2442,0
2443,1005
2444,0
2445,0
2446,1005
2447,0
2448,1005
2449,1004
2450,0
2451,1005
2452,1005
2453,0
2454,1004
2455,1005
2456,0
2457,1005
2458,0
2459,0
2460,1005
2461,0
2462,0
2463,1005
2464,0
2465,0
2466,1005
2467,0
2468,1004
2469,1005
2470,0
2471,1005
2472,1005
2473,0
2474,1004
2475,1005
2476,0
2477,1005
2478,983
2479,0
2480,1005
2481,0
2482,0
2483,1005
2484,0
2485,0
2486,1005
2487,0
2488,0
2489,1004
2490,0
2491,1005
2492,1005
2493,0
2494,1005
2495,1005
2496,0
2497,1005
2498,1005
2499,0
2500,1005
2501,0
2502,0
2503,1005
2504,0
2505,0
2506,1004
2507,0
2508,0
2509,1005
2510,0
2511,1005
2512,1005
2513,0
2514,1005
2515,1005
2516,0
2517,1005
2518,1005
2519,0
2520,1005
2521,0
2522,0
2523,1005
2524,0
2525,0
2526,1005
2527,0
2528,0
2529,1005
2530,0
2531,0
2532,1005
2533,0
2534,1005
2535,1005
2536,0
2537,1005
2538,1005
2539,0
2540,1005
2541,1005
2542,0
2543,1005
2544,0
2545,0
2546,1005
2547,0
2548,0
2549,1005
2550,0
2551,0
2552,1005
2553,0
2554,1004
2555,1006
2556,0
2557,1005
2558,1005
2559,0
2560,1005
2561,1004
2562,0
2563,1005
2564,0
2565,0
2566,1005
2567,0
2568,0
2569,1005
2570,0
2571,0
2572,1005
2573,0
2574,0
2575,1005
2576,0
2577,1005
2578,1005
2579,0
2580,1005
2581,1005
2582,0
2583,1005
2584,1005
2585,0
2586,1005
2587,0
2588,0
2589,1005
2590,0
2591,0
2592,1005
2593,0
2594,0
2595,1005
2596,0
2597,1005
2598,1005
2599,0
2600,1005
2601,1005
2602,0
2603,1005
2604,1004
2605,0
2606,1005
2607,0
2608,0
2609,1004
2610,0
2611,0
2612,1005
2613,0
2614,0
2615,1005
2616,0
2617,1004
2618,1005
2619,0
2620,1005
2621,1005
2622,0
2623,1005
2624,1004
2625,0
2626,1005
2627,1005
2628,0
2629,1004
2630,0
2631,0
2632,1005
2633,0
2634,0
2635,1005
2636,0
2637,0
2638,1005
2639,0
2640,1004
2641,1005
2642,0
2643,1005
2644,1005
2645,0
2646,1005
2647,1005
2648,0
2649,1005
2650,0
2651,0
2652,1005
2653,0
2654,0
2655,1005
2656,0
2657,0
2658,1004
2659,0
2660,1005
2661,1005
2662,0
2663,1005
2664,1004
2665,0
2666,1005
2667,1005
2668,0
2669,1006
2670,990
2671,0
2672,1005
2673,0
2674,0
2675,1005
2676,0
2677,0
2678,1005
2679,0
2680,0
2681,1005
2682,0
2683,1005
2684,1005
2685,0
2686,1005
2687,1005
2688,0
2689,1005
2690,1005
2691,0
2692,1005
2693,0
2694,0
2695,1005
2696,0
2697,0
2698,1004
2699,0
2700,0
2701,1005
2702,0
2703,1004
2704,1005
2705,0
2706,1005
2707,1005
2708,0
2709,1005
2710,1005
2711,0
2712,1005
2713,989
2714,0
2715,1005
2716,0
2717,0
2718,1005
2719,0
2720,0
2721,1005
2722,0
2723,0
2724,1004
2725,0
2726,1005
2727,1005
2728,0
2729,1005
2730,1005
2731,0
2732,1004
2733,1005
2734,0
2735,1005
2736,0
2737,0
2738,1005
2739,0
2740,0
2741,1005
2742,0
2743,0
2744,1005
2745,0
2746,1005
2747,1004
2748,0
2749,1004
2750,1005
2751,0
2752,1005
2753,1005
2754,0
2755,1005
2756,0
2757,0
2758,1005
2759,0
2760,0
2761,1005
2762,0
2763,0
2764,1005
2765,0
2766,76
2767,1005
2768,0
2769,1005
2770,1005
2771,0
2772,1005
2773,1005
2774,0
2775,1006
2776,1005
2777,0
2778,1005
2779,0
2780,0
2781,1005
2782,0
2783,0
2784,1005
2785,0
2786,0
2787,1005
2788,0
2789,1004
2790,1005
2791,0
2792,1006
2793,1005
2794,0
2795,1005
2796,1004
2797,0
2798,1005
2799,0
2800,0
2801,1006
2802,0
2803,0
2804,1005
2805,0
2806,0
2807,1005
2808,0
2809,1005
2810,1005
2811,0
2812,1005
2813,1005
2814,0
2815,1005
2816,1004
2817,0
2818,1004
2819,1005
2820,0
2821,1005
2822,0
2823,0
2824,1005
2825,0
2826,0
2827,1005
2828,0
2829,0
2830,1005
2831,0
2832,1004
2833,1005
2834,0
2835,1005
2836,1004
2837,0
2838,1005
2839,1005
2840,0
2841,1005
2842,0
2843,0
2844,1005
2845,0
2846,0
2847,1005
2848,0
2849,0
2850,1005
2851,0
2852,1004
2853,1005
2854,0
2855,1005
2856,1005
2857,0
2858,1005
2859,1005
2860,0
2861,1005
2862,989
2863,0
2864,1005
2865,0
2866,0
2867,1006
2868,0
2869,0
2870,1005
2871,0
2872,0
2873,1005
2874,0
2875,1004
2876,1004
2877,0
2878,1005
2879,1005
2880,0
2881,1005
2882,1005
2883,0
2884,1005
2885,0
2886,0
2887,1005
2888,0
2889,0
2890,1005
2891,0
2892,0
2893,1004
2894,0
2895,1005
2896,1005
2897,0
2898,1005
2899,1005
2900,0
2901,1005
2902,1005
2903,0
2904,1005
2905,0
2906,0
2907,1005
2908,0
2909,0
2910,1005
2911,0
2912,0
2913,1005
2914,0
2915,0
2916,1005
2917,0
2918,1004
2919,1005
2920,0
2921,1005
2922,1005
2923,0
2924,1005
2925,1005
2926,0
2927,1005
2928,0
2929,0
2930,1006
2931,0
2932,0
2933,1005
2934,0
2935,0
2936,1005
2937,0
2938,1004
2939,1005
2940,0
2941,1005
2942,1004
2943,0
2944,1005
2945,1005
2946,0
2947,1005
2948,0
2949,0
2950,1005
2951,0
2952,0
2953,1005
2954,0
2955,0
2956,1005
2957,0
2958,0
2959,1005
2960,0
2961,1005
2962,1004
2963,0
2964,1005
2965,1004
2966,0
2967,1005
2968,1005
2969,0
2970,1005
2971,0
2972,0
2973,1005
2974,0
2975,0
2976,1005
2977,0
2978,0
2979,1005
2980,0
2981,1005
2982,1005
2983,0
2984,1005
2985,1004
2986,0
2987,1005
2988,1004
2989,0
2990,1005
2991,0
2992,0
2993,1004
2994,0
2995,0
2996,1005
2997,0
2998,0
2999,1005
3000,0
3001,52
3002,1004
3003,0
3004,1005
3005,1005
3006,0
3007,1005
3008,1004
3009,0
3010,1005
3011,1005
3012,0
3013,1005
3014,0
3015,0
3016,1005
3017,0
3018,0
3019,1005
3020,0
3021,0
3022,1005
3023,0
3024,1005
3025,1004
3026,0
3027,1005
3028,1005
3029,0
3030,1005
3031,1004
3032,0
3033,1005
3034,0
3035,0
3036,1005
3037,0
3038,0
3039,1005
3040,0
3041,0
3042,1005
3043,0
3044,1005
3045,1005
3046,0
3047,1005
3048,1005
3049,0
3050,1005
3051,1005
3052,0
3053,1005
3054,1004
3055,0
3056,1005
3057,0
3058,0
3059,1005
3060,0
3061,0
3062,1005
3063,0
3064,0
3065,1005
3066,0
3067,1005
3068,1004
3069,0
3070,1005
3071,1005
3072,0
3073,1005
3074,1005
3075,0
3076,1005
3077,0
3078,0
3079,1005
3080,0
3081,0
3082,1005
3083,0
3084,0
3085,1005
3086,0
3087,1005
3088,1005
3089,0
3090,1005
3091,1005
3092,0
3093,1005
3094,1005
3095,0
3096,1005
3097,989
3098,0
3099,1005
3100,0
3101,0
3102,1005
3103,0
3104,0
3105,1005
3106,0
3107,0
3108,1005
3109,0
3110,1005
3111,1005
3112,0
3113,1005
3114,1005
3115,0
3116,1005
3117,1005
3118,0
3119,1005
3120,0
3121,0
3122,1005
3123,0
3124,0
3125,1005
3126,0
3127,0
3128,1005
3129,0
3130,1005
3131,1005
3132,0
3133,1005
3134,1004
3135,0
3136,1005
3137,1006
3138,0
3139,1005
3140,0
3141,0
3142,1005
3143,0
3144,0
3145,1005
3146,0
3147,0
3148,1005
3149,0
3150,0
3151,1005
3152,0
3153,1005
3154,1005
3155,0
3156,1005
3157,1004
3158,0
3159,1005
3160,1006
3161,0
3162,1005
3163,0
3164,0
3165,1004
3166,0
3167,0
3168,1005
3169,0
3170,0
3171,1005
3172,0
3173,1005
3174,1005
3175,0
3176,1005
3177,1005
3178,0
3179,1005
3180,1005
3181,0
3182,1005
3183,0
3184,0
3185,1005
3186,0
3187,0
3188,1005
3189,0
3190,0
3191,1005
3192,0
3193,52
3194,1005
3195,0
3196,1005
3197,1005
3198,0
3199,1005
3200,1005
3201,0
3202,1004
3203,1005
3204,0
3205,1005
3206,0
3207,0
3208,1005
3209,0
3210,0
3211,1005
3212,0
3213,0
3214,1004
3215,0
3216,1005
3217,1005
3218,0
3219,1005
3220,1005
3221,0
3222,1005
3223,1004
3224,0
3225,1005
3226,0
3227,0
3228,1005
3229,0
3230,0
3231,1005
3232,0
3233,0
3234,1005
3235,0
3236,1005
3237,1005
3238,0
3239,1005
3240,1005
3241,0
3242,1005
3243,1005
3244,0
3245,1005
3246,990
3247,0
3248,1005
3249,0
3250,0
3251,1005
3252,0
3253,0
3254,1005
3255,0
3256,0
3257,1005
3258,0
3259,1005
3260,1005
3261,0
3262,1005
3263,1006
3264,0
3265,1005
3266,1004
3267,0
3268,1005
3269,0
3270,0
3271,1005
3272,0
3273,0
3274,1005
3275,0
3276,0
3277,1005
3278,0
3279,1005
3280,1005
3281,0
3282,1005
3283,1005
3284,0
3285,1005
3286,1005
3287,0
3288,1004
3289,983
3290,0
3291,1005
3292,0
3293,0
3294,1005
3295,0
3296,0
3297,1005
3298,0
3299,0
3300,1005
3301,0
3302,1005
3303,1005
3304,0
3305,1005
3306,1005
3307,0
3308,1005
3309,1005
3310,0
3311,1005
3312,0
3313,0
3314,1005
3315,0
3316,0
3317,1005
3318,0
3319,0
3320,1005
3321,0
3322,1004
3323,1005
3324,0
3325,1005
3326,1005
3327,0
3328,1005
3329,1004
3330,0
3331,1005
3332,0
3333,0
3334,1005
3335,0
3336,0
3337,1005
3338,0
3339,0
3340,1005
3341,0
3342,52
3343,1005
3344,0
3345,1004
3346,1005
3347,0
3348,1005
3349,1005
3350,0
3351,1005
3352,1004
3353,0
3354,1005
3355,0
3356,0
3357,1005
3358,0
3359,0
3360,1005
3361,0
3362,0
3363,1005
3364,0
3365,1005
3366,1005
3367,0
3368,1005
3369,1005
3370,0
3371,1004
3372,1004
3373,0
3374,1005
3375,0
3376,0
3377,1005
3378,0
3379,0
3380,1005
3381,0
3382,0
3383,1005
3384,0
3385,1005
3386,1005
3387,0
3388,1005
3389,1005
3390,0
3391,1004
3392,1005
3393,0
3394,1005
3395,1005
3396,0
3397,1005
3398,0
3399,0
3400,1005
3401,0
3402,0
3403,1005
3404,0
3405,0
3406,1004
3407,0
3408,1004
3409,1005
3410,0
3411,1005
3412,1005
3413,0
3414,1005
3415,1006
3416,0
3417,1005
3418,0
3419,0
3420,1005
3421,0
3422,0
3423,1005
3424,0
3425,0
3426,1005
3427,0
3428,1005
3429,1005
3430,0
3431,1005
3432,1006
3433,0
3434,1005
3435,1005
3436,0
3437,1004
3438,1005
3439,0
3440,1005
3441,0
3442,0
3443,1005
3444,0
3445,0
3446,1005
3447,0
3448,0
3449,1005
3450,0
3451,1004
3452,1004
3453,0
3454,1005
3455,1005
3456,0
3457,1004
3458,1005
3459,0
3460,1005
3461,0
3462,0
3463,1005
3464,0
3465,0
3466,1005
3467,0
3468,0
3469,1005
3470,0
3471,1004
3472,1005
3473,0
3474,1005
3475,1005
3476,0
3477,1005
3478,1005
3479,0
3480,1005
3481,990
3482,0
3483,1005
3484,0
3485,0
3486,1005
3487,0
3488,0
3489,1005
3490,0
3491,0
3492,1005
3493,0
3494,1005
3495,1005
3496,0
3497,1004
3498,1005
3499,0
3500,1005
3501,1006
3502,0
3503,1005
3504,0
3505,0
3506,1005
3507,0
3508,0
3509,1005
3510,0
3511,0
3512,1005
3513,0
3514,1005
3515,1005
3516,0
3517,1005
3518,1005
3519,0
3520,1005
3521,1005
3522,0
3523,1005
3524,0
3525,0
3526,1005
3527,0
3528,0
3529,1005
3530,0
3531,0
3532,1005
3533,0
3534,0
3535,1005
3536,0
3537,1005
3538,1005
3539,0
3540,1005
3541,1005
3542,0
3543,1005
3544,1004
3545,0
3546,1005
3547,0
3548,0
3549,1005
3550,0
3551,0
3552,1005
3553,0
3554,0
3555,1005
3556,0
3557,1004
3558,1005
3559,0
3560,1005
3561,1005
3562,0
3563,1005
3564,1005
3565,0
3566,1005
3567,0
3568,0
3569,1005
3570,0
3571,0
3572,1004
3573,0
3574,0
3575,1005
3576,0
3577,52
3578,1005
3579,0
3580,1005
3581,1004
3582,0
3583,1005
3584,1005
3585,0
3586,1005
3587,1004
3588,0
3589,1005
3590,0
3591,0
3592,1005
3593,0
3594,0
3595,1005
3596,0
3597,0
3598,1005
3599,0
3600,1005
3601,1004
3602,0
3603,1005
3604,1005
3605,0
3606,1005
3607,1005
3608,0
3609,1005
3610,0
3611,0
3612,1005
3613,0
3614,0
3615,1005
3616,0
3617,0
3618,1005
3619,0
3620,1004
3621,1005
3622,0
3623,1005
3624,1005
3625,0
3626,1005
3627,1005
3628,0
3629,1005
3630,989
3631,0
3632,1004
3633,0
3634,0
3635,1005
3636,0
3637,0
3638,1006
3639,0
3640,0
3641,1005
3642,0
3643,1005
3644,1005
3645,0
3646,1005
3647,1005
3648,0
3649,1005
3650,1005
3651,0
3652,1005
3653,0
3654,0
3655,1005
3656,0
3657,0
3658,1005
3659,0
3660,0
3661,1005
3662,0
3663,1005
3664,1005
3665,0
3666,1005
3667,1005
3668,0
3669,1005
3670,1005
3671,0
3672,1005
3673,0
3674,0
3675,1004
3676,0
3677,0
3678,1005
3679,0
3680,0
3681,1005
3682,0
3683,0
3684,1005
3685,0
3686,1004
3687,1005
3688,0
3689,1006
3690,1004
3691,0
3692,1005
3693,1005
3694,0
3695,1005
3696,0
3697,0
3698,1005
3699,0
3700,0
3701,1005
3702,0
3703,0
3704,1005
3705,0
3706,1005
3707,1005
3708,0
3709,1004
3710,1006
3711,0
3712,1004
3713,1005
3714,0
3715,1005
3716,0
3717,0
3718,1005
3719,0
3720,0
3721,1005
3722,0
3723,0
3724,1005
3725,0
3726,0
3727,1005
3728,0
3729,1005
3730,1005
3731,0
3732,1005
3733,1005
3734,0
3735,1005
3736,1004
3737,0
3738,1005
3739,0
3740,0
3741,1005
3742,0
3743,0
3744,1005
3745,0
3746,0
3747,1005
3748,0
3749,1004
3750,1005
3751,0
3752,1005
3753,1005
3754,0
3755,1005
3756,1005
3757,0
3758,1005
3759,0
3760,0
3761,1005
3762,0
3763,0
3764,1005
3765,0
3766,0
3767,1005
3768,0
3769,51
3770,1005
3771,0
3772,1004
3773,1005
3774,0
3775,1005
3776,1005
3777,0
3778,1005
3779,1005
3780,0
3781,1004
3782,0
3783,0
3784,1005
3785,0
3786,0
3787,1005
3788,0
3789,0
3790,1005
3791,0
3792,1005
3793,1005
3794,0
3795,1005
3796,1005
3797,0
3798,1005
3799,1005
3800,0
3801,1005
3802,0
3803,0
3804,1005
3805,0
3806,0
3807,1005
3808,0
3809,0
3810,1005
3811,0
3812,1005
3813,1005
3814,0
3815,1005
3816,1005
3817,0
3818,1005
3819,1005
3820,0
3821,1004
3822,1004
3823,0
3824,1005
3825,0
3826,0
3827,1005
3828,0
3829,0
3830,1005
3831,0
3832,0
3833,1005
3834,0
3835,1004
3836,1005
3837,0
3838,1005
3839,1005
3840,0
3841,1005
3842,1005
3843,0
3844,1005
3845,0
3846,0
3847,1005
3848,0
3849,0
3850,1005
3851,0
3852,0
3853,1005
3854,0
3855,1005
3856,1005
3857,0
3858,1005
3859,1005
3860,0
3861,1005
3862,1005
3863,0
3864,1005
3865,0
3866,0
3867,1005
3868,0
3869,0
3870,1005
3871,0
3872,0
3873,1005
3874,0
3875,0
3876,1005
3877,0
3878,1005
3879,1005
3880,0
3881,1005
3882,1004
3883,0
3884,1005
3885,1005
3886,0
3887,1005
3888,0
3889,0
3890,1005
3891,0
3892,0
3893,1005
3894,0
3895,0
3896,1005
3897,0
3898,1004
3899,1004
3900,0
3901,1005
3902,1005
3903,0
3904,1004
3905,1005
3906,0
3907,1005
3908,0
3909,0
3910,1006
3911,0
3912,0
3913,1005
3914,0
3915,0
3916,1004
3917,0
3918,0
3919,1005
3920,0
3921,1005
3922,1005
3923,0
3924,1005
3925,1005
3926,0
3927,1005
3928,1005
3929,0
3930,1005
3931,0
3932,0
3933,1005
3934,0
3935,0
3936,1005
3937,0
3938,0
3939,1005
3940,0
3941,1004
3942,1005
3943,0
3944,1005
3945,1005
3946,0
3947,1005
3948,1005
3949,0
3950,1005
3951,0
3952,0
3953,1005
3954,0
3955,0
3956,1005
3957,0
3958,0
3959,1005
3960,0
3961,76
3962,1005
3963,0
3964,1004
3965,1005
3966,0
3967,1005
3968,1005
3969,0
3970,1005
3971,1005
3972,0
3973,1005
3974,0
3975,0
3976,1005
3977,0
3978,0
3979,1005
3980,0
3981,0
3982,1005
3983,0
3984,1004
3985,1005
3986,0
3987,1004
3988,1005
3989,0
3990,1005
3991,1005
3992,0
3993,1005
3994,0
3995,0
3996,1005
3997,0
3998,0
3999,1005
4000,0
4001,0
4002,1005
4003,0
4004,1005
4005,1005
4006,0
4007,1004
4008,1005
4009,0
4010,1005
4011,1005
4012,0
4013,1005
4014,982
4015,0
4016,1005
4017,0
4018,0
4019,1005
4020,0
4021,0
4022,1005
4023,0
4024,0
4025,1005
4026,0
4027,1005
4028,1005
4029,0
4030,1006
4031,1005
4032,0
4033,1004
4034,1005
4035,0
4036,1006
4037,0
4038,0
4039,1004
4040,0
4041,0
4042,1005
4043,0
4044,0
4045,1005
4046,0
4047,1005
4048,1005
4049,0
4050,1004
4051,1005
4052,0
4053,1005
4054,1004
4055,0
4056,1005
4057,0
4058,0
4059,1005
4060,0
4061,0
4062,1005
4063,0
4064,0
4065,1005
4066,0
4067,0
4068,1005
4069,0
4070,1004
4071,1005
4072,0
4073,1005
4074,1005
4075,0
4076,1005
4077,1005
4078,0
4079,1005
4080,0
4081,0
4082,1005
4083,0
4084,0
4085,1005
4086,0
4087,0
4088,1005
4089,0
4090,1004
4091,1005
4092,0
4093,1005
4094,1005
4095,0
4096,1005
4097,1004
4098,0
4099,1004
4100,0
4101,0
4102,1005
4103,0
4104,0
4105,1005
4106,0
4107,0
4108,1005
4109,0
4110,52
4111,1004
4112,0
4113,1005
4114,1005
4115,0
4116,1005
4117,1005
4118,0
4119,1005
4120,1004
4121,0
4122,1005
4123,0
4124,0
4125,1005
4126,0
4127,0
4128,1005
4129,0
4130,0
4131,1005
4132,0
4133,1005
4134,1004
4135,0
4136,1005
4137,1004
4138,0
4139,1005
4140,1005
4141,0
4142,1005
4143,0
4144,0
4145,1005
4146,0
4147,0
4148,1005
4149,0
4150,0
4151,1005
4152,0
4153,1004
4154,1005
4155,0
4156,1005
4157,1005
4158,0
4159,1005
4160,1005
4161,0
4162,1005
4163,1005
4164,0
4165,1005
4166,0
4167,0
4168,1005
4169,0
4170,0
4171,1005
4172,0
4173,0
4174,1005
4175,0
4176,1005
4177,1005
4178,0
4179,1005
4180,1005
4181,0
4182,1005
4183,1005
4184,0
4185,1005
4186,0
4187,0
4188,1005
4189,0
4190,0
4191,1004
4192,0
4193,0
4194,1005
4195,0
4196,1005
4197,1005
4198,0
4199,1005
4200,1005
4201,0
4202,1005
4203,1005
4204,0
4205,1005
4206,990
4207,0
4208,1005
4209,0
4210,0
4211,1005
4212,0
4213,0
4214,1004
4215,0
4216,0
4217,1005
4218,0
4219,1005
4220,1005
4221,0
4222,1005
4223,1005
4224,0
4225,1005
4226,1005
4227,0
4228,1005
4229,0
4230,0
4231,1005
4232,0
4233,0
4234,1006
4235,0
4236,0
4237,1005
4238,0
4239,1005
4240,1005
4241,0
4242,1005
4243,1005
4244,0
4245,1005
4246,1005
4247,0
4248,1005
4249,983
4250,0
4251,1005
4252,0
4253,0
4254,1005
4255,0
4256,0
4257,1005
4258,0
4259,0
4260,1005
4261,0
4262,1005
4263,1005
4264,0
4265,1005
4266,1005
4267,0
4268,1005
4269,1004
4270,0
4271,1005
4272,0
4273,0
4274,1005
4275,0
4276,0
4277,1005
4278,0
4279,0
4280,1005
4281,0
4282,1005
4283,1005
4284,0
4285,1005
4286,1005
4287,0
4288,1005
4289,1005
4290,0
4291,1005
4292,0
4293,0
4294,1005
4295,0
4296,0
4297,1005
4298,0
4299,0
4300,1004
4301,0
4302,0
4303,1004
4304,0
4305,1004
4306,1005
4307,0
4308,1005
4309,1005
4310,0
4311,1005
4312,1005
4313,0
4314,1005
4315,0
4316,0
4317,1005
4318,0
4319,0
4320,1005
4321,0
4322,0
4323,1005
4324,0
4325,1004
4326,1004
4327,0
4328,1005
4329,1005
4330,0
4331,1005
4332,1005
4333,0
4334,1005
4335,0
4336,0
4337,1004
4338,0
4339,0
4340,1005
4341,0
4342,0
4343,1005
4344,0
4345,75
4346,1005
4347,0
4348,1004
4349,1005
4350,0
4351,1005
4352,1005
4353,0
4354,1005
4355,1005
4356,0
4357,1005
4358,0
4359,0
4360,1005
4361,0
4362,0
4363,1005
4364,0
4365,0
4366,1005
4367,0
4368,1004
4369,1005
4370,0
4371,1005
4372,1004
4373,0
4374,1005
4375,1004
4376,0
4377,1005
4378,0
4379,0
4380,1005
4381,0
4382,0
4383,1004
4384,0
4385,0
4386,1005
4387,0
4388,1005
4389,1005
4390,0
4391,1005
4392,1005
4393,0
4394,1005
4395,1005
4396,0
4397,1005
4398,983
4399,0
4400,1005
4401,0
4402,0
4403,1005
4404,0
4405,0
4406,1005
4407,0
4408,0
4409,1005
4410,0
4411,1005
4412,1005
4413,0
4414,1005
4415,1005
4416,0
4417,1005
4418,1005
4419,0
4420,1005
4421,0
4422,0
4423,1005
4424,0
4425,0
4426,1005
4427,0
4428,0
4429,1005
4430,0
4431,1005
4432,1005
4433,0
4434,1005
4435,1005
4436,0
4437,1005
4438,1005
4439,0
4440,1005
4441,0
4442,0
4443,1004
4444,0
4445,0
4446,1005
4447,0
4448,0
4449,1005
4450,0
4451,0
4452,1005
4453,0
4454,1005
4455,1005
4456,0
4457,1005
4458,1005
4459,0
4460,1005
4461,1005
4462,0
4463,1005
4464,0
4465,0
4466,1005
4467,0
4468,0
4469,1005
4470,0
4471,0
4472,1005
4473,0
4474,1005
4475,1005
4476,0
4477,1005
4478,1005
4479,0
4480,1005
4481,1005
4482,0
4483,1005
4484,0
4485,0
4486,1005
4487,0
4488,0
4489,1005
4490,0
4491,0
4492,1005
4493,0
4494,52
4495,1005
4496,0
4497,1005
4498,1004
4499,0
4500,1005
4501,1004
4502,0
4503,1005
4504,1005
4505,0
4506,1005
4507,0
4508,0
4509,1005
4510,0
4511,0
4512,1005
4513,0
4514,0
4515,1005
4516,0
4517,1005
4518,1005
4519,0
4520,1005
4521,1005
4522,0
4523,1005
4524,1004
4525,0
4526,1005
4527,0
4528,0
4529,1005
4530,0
4531,0
4532,1005
4533,0
4534,0
4535,1005
4536,0
4537,52
4538,1005
4539,0
4540,1005
4541,1005
4542,0
4543,1005
4544,1005
4545,0
4546,1005
4547,1005
4548,0
4549,1004
4550,0
4551,0
4552,1005
4553,0
4554,0
4555,1005
4556,0
4557,0
4558,1005
4559,0
4560,1005
4561,1005
4562,0
4563,1005
4564,1005
4565,0
4566,1005
4567,1005
4568,0
4569,1004
4570,0
4571,0
4572,1005
4573,0
4574,0
4575,1005
4576,0
4577,0
4578,1005
4579,0
4580,1005
4581,1005
4582,0
4583,1005
4584,1005
4585,0
4586,1005
4587,1005
4588,0
4589,1005
4590,1004
4591,0
4592,1004
4593,0
4594,0
4595,1005
4596,0
4597,0
4598,1005
4599,0
4600,0
4601,1005
4602,0
4603,1005
4604,1005
4605,0
4606,1005
4607,1005
4608,0
4609,1005
4610,1005
4611,0
4612,1005
4613,0
4614,0
4615,1005
4616,0
4617,0
4618,1005
4619,0
4620,0
4621,1005
4622,0
4623,1005
4624,1005
4625,0
4626,1005
4627,1005
4628,0
4629,1005
4630,1005
4631,0
4632,1005
4633,983
4634,0
4635,1005
4636,0
4637,0
4638,1005
4639,0
4640,0
4641,1005
4642,0
4643,0
4644,1005
4645,0
4646,1005
4647,1005
4648,0
4649,1005
4650,1005
4651,0
4652,1005
4653,1005
4654,0
4655,1005
4656,0
4657,0
4658,1005
4659,0
4660,0
4661,1004
4662,0
4663,0
4664,1005
4665,0
4666,1005
4667,1005
4668,0
4669,1005
4670,1005
4671,0
4672,1005
4673,1004
4674,0
4675,1005
4676,0
4677,0
4678,1005
4679,0
4680,0
4681,1005
4682,0
4683,0
4684,1005
4685,0
4686,0
4687,1004
4688,0
4689,1004
4690,1005
4691,0
4692,1005
4693,1005
4694,0
4695,1005
4696,1005
4697,0
4698,1005
4699,0
4700,0
4701,1005
4702,0
4703,0
4704,1005
4705,0
4706,0
4707,1005
4708,0
4709,1004
4710,1005
4711,0
4712,1004
4713,1005
4714,0
4715,1005
4716,1005
4717,0
4718,1005
4719,0
4720,0
4721,1005
4722,0
4723,0
4724,1005
4725,0
4726,0
4727,1006
4728,0
4729,77
4730,1005
4731,0
4732,1005
4733,1005
4734,0
4735,1005
4736,1005
4737,0
4738,1005
4739,1005
4740,0
4741,1005
4742,0
4743,0
4744,1005
4745,0
4746,0
4747,1005
4748,0
4749,0
4750,1005
4751,0
4752,1004
4753,1005
4754,0
4755,1005
4756,1004
4757,0
4758,1005
4759,1005
4760,0
4761,1005
4762,0
4763,0
4764,1005
4765,0
4766,0
4767,1004
4768,0
4769,0
4770,1005
4771,0
4772,1004
4773,1005
4774,0
4775,1004
4776,1005
4777,0
4778,1004
4779,1004
4780,0
4781,1005
4782,989
4783,0
4784,1005
4785,0
4786,0
4787,1005
4788,0
4789,0
4790,1005
4791,0
4792,0
4793,1005
4794,0
4795,1005
4796,1005
4797,0
4798,1005
4799,1005
4800,0
4801,1005
4802,1005
4803,0
4804,1005
4805,0
4806,0
4807,1005
4808,0
4809,0
4810,1005
4811,0
4812,0
4813,1005
4814,0
4815,1005
4816,1005
4817,0
4818,1005
4819,1005
4820,0
4821,1005
4822,1005
4823,0
4824,1004
4825,0
4826,0
4827,1004
4828,0
4829,0
4830,1005
4831,0
4832,0
4833,1005
4834,0
4835,0
4836,1005
4837,0
4838,1005
4839,1005
4840,0
4841,1005
4842,1005
4843,0
4844,1004
4845,1005
4846,0
4847,1004
4848,0
4849,0
4850,1004
4851,0
4852,0
4853,1005
4854,0
4855,0
4856,1005
4857,0
4858,1004
4859,1005
4860,0
4861,1005
4862,1005
4863,0
4864,1005
4865,1005
4866,0
4867,1005
4868,0
4869,0
4870,1005
4871,0
4872,0
4873,1005
4874,0
4875,0
4876,1005
4877,0
4878,0
4879,1005
4880,0
4881,1005
4882,1005
4883,0
4884,1005
4885,1005
4886,0
4887,1005
4888,1005
4889,0
4890,1004
4891,0
4892,0
4893,1005
4894,0
4895,0
4896,1005
4897,0
4898,0
4899,1005
4900,0
4901,1004
4902,1005
4903,0
4904,1005
4905,1005
4906,0
4907,1005
4908,1004
4909,0
4910,1005
4911,0
4912,0
4913,1005
4914,0
4915,0
4916,1005
4917,0
4918,0
4919,1005
4920,0
4921,52
4922,1005
4923,0
4924,1004
4925,1005
4926,0
4927,1005
4928,1005
4929,0
4930,1005
4931,1004
4932,0
4933,1005
4934,0
4935,0
4936,1004
4937,0
4938,0
4939,1005
4940,0
4941,0
4942,1005
4943,0
4944,1005
4945,1005
4946,0
4947,1005
4948,1005
4949,0
4950,1005
4951,1005
4952,0
4953,1005
4954,0
4955,0
4956,1005
4957,0
4958,0
4959,1005
4960,0
4961,0
4962,1006
4963,0
4964,1005
4965,1005
4966,0
4967,1005
4968,1005
4969,0
4970,1005
4971,1005
4972,0
4973,1005
4974,1005
4975,0
4976,1005
4977,0
4978,0
4979,1005
4980,0
4981,0
4982,1005
4983,0
4984,0
4985,1005
4986,0
4987,1005
4988,1004
4989,0
4990,1005
4991,1005
4992,0
4993,1004
4994,1005
4995,0
4996,1005
4997,0
4998,0
4999,1005
5000,0
5001,0
5002,1005
5003,0
5004,0
5005,1005
5006,0
5007,1005
5008,1005
5009,0
5010,1005
5011,1005
5012,0
5013,1005
5014,1005
5015,0
5016,1005
5017,990
5018,0
5019,1005
5020,0
5021,0
5022,1005
5023,0
5024,0
5025,1005
5026,0
5027,0
5028,1005
5029,0
5030,1005
5031,1005
5032,0
5033,1005
5034,1005
5035,0
5036,1005
5037,1005
5038,0
5039,1005
5040,0
5041,0
5042,1004
5043,0
5044,0
5045,1005
5046,0
5047,0
5048,1005
5049,0
5050,1004
5051,1004
5052,0
5053,1004
5054,1005
5055,0
5056,1005
5057,1005
5058,0
5059,1005
5060,0
5061,0
5062,1005
5063,0
5064,0
5065,1005
5066,0
5067,0
5068,1005
5069,0
5070,0
5071,1005
5072,0
5073,1005
5074,1005
5075,0
5076,1005
5077,1005
5078,0
5079,1005
5080,1005
5081,0
5082,1005
5083,0
5084,0
5085,1005
5086,0
5087,0
5088,1005
5089,0
5090,0
5091,1005
5092,0
5093,1005
5094,1005
5095,0
5096,1005
5097,1005
5098,0
5099,1005
5100,1005
5101,0
5102,1005
5103,0
5104,0
5105,1005
5106,0
5107,0
5108,1005
5109,0
5110,0
5111,1005
5112,0
5113,53
5114,1005
5115,0
5116,1005
5117,1005
5118,0
5119,1004
5120,1005
5121,0
5122,1004
5123,1005
5124,0
5125,1004
5126,0
5127,0
5128,1005
5129,0
5130,0
5131,1005
5132,0
5133,0
5134,1005
5135,0
5136,1005
5137,1005
5138,0
5139,1005
5140,1005
5141,0
5142,1006
5143,1005
5144,0
5145,1005
5146,0
5147,0
5148,1005
5149,0
5150,0
5151,1005
5152,0
5153,0
5154,1005
5155,0
5156,1004
5157,1005
5158,0
5159,1005
5160,1005
5161,0
5162,1006
5163,1005
5164,0
5165,1005
5166,982
5167,0
5168,1005
5169,0
5170,0
5171,1005
5172,0
5173,0
5174,1005
5175,0
5176,0
5177,1005
5178,0
5179,1005
5180,1005
5181,0
5182,1006
5183,1005
5184,0
5185,1005
5186,1004
5187,0
5188,1004
5189,0
5190,0
5191,1005
5192,0
5193,0
5194,1005
5195,0
5196,0
5197,1005
5198,0
5199,1005
5200,1005
5201,0
5202,1004
5203,1005
5204,0
5205,1005
5206,1005
5207,0
5208,1005
5209,0
5210,0
5211,1005
5212,0
5213,0
5214,1004
5215,0
5216,0
5217,1005
5218,0
5219,0
5220,1005
5221,0
5222,1005
5223,1005
5224,0
5225,1005
5226,1006
5227,0
5228,1005
5229,1005
5230,0
5231,1005
5232,0
5233,0
5234,1005
5235,0
5236,0
5237,1005
5238,0
5239,0
5240,1005
5241,0
5242,1005
5243,1005
5244,0
5245,1005
5246,1005
5247,0
5248,1005
5249,1005
5250,0
5251,1005
5252,0
5253,0
5254,1005
5255,0
5256,0
5257,1005
5258,0
5259,0
5260,1005
5261,0
5262,53
5263,1005
5264,0
5265,1004
5266,1005
5267,0
5268,1005
5269,1005
5270,0
5271,1005
5272,1005
5273,0
5274,1005
5275,0
5276,0
5277,1005
5278,0
5279,0
5280,1005
5281,0
5282,0
5283,1005
5284,0
5285,1005
5286,1005
5287,0
5288,1005
5289,1005
5290,0
5291,1005
5292,1005
5293,0
5294,1005
5295,0
5296,0
5297,1005
5298,0
5299,0
5300,1005
5301,0
5302,0
5303,1006
5304,0
5305,1004
5306,1005
5307,0
5308,1004
5309,1005
5310,0
5311,1005
5312,1005
5313,0
5314,1005
5315,1005
5316,0
5317,1005
5318,0
5319,0
5320,1006
5321,0
5322,0
5323,1004
5324,0
5325,0
5326,1005
5327,0
5328,1005
5329,1005
5330,0
5331,1005
5332,1004
5333,0
5334,1005
5335,1005
5336,0
5337,1005
5338,0
5339,0
5340,1005
5341,0
5342,0
5343,1005
5344,0
5345,0
5346,1005
5347,0
5348,1005
5349,1005
5350,0
5351,1005
5352,1005
5353,0
5354,1005
5355,1005
5356,0
5357,1005
5358,1005
5359,0
5360,1005
5361,0
5362,0
5363,1005
5364,0
5365,0
5366,1005
5367,0
5368,0
5369,1004
5370,0
5371,1006
5372,1005
5373,0
5374,1005
5375,1005
5376,0
5377,1005
5378,1005
5379,0
5380,1005
5381,0
5382,0
5383,1005
5384,0
5385,0
5386,1005
5387,0
5388,0
5389,1005
5390,0
5391,1004
5392,1005
5393,0
5394,1005
5395,1005
5396,0
5397,1005
5398,1005
5399,0
5400,1005
5401,982
5402,0
5403,1005
5404,0
5405,0
5406,1005
5407,0
5408,0
5409,1005
5410,0
5411,0
5412,1005
5413,0
5414,1005
5415,1005
5416,0
5417,1005
5418,1006
5419,0
5420,1005
5421,1005
5422,0
5423,1005
5424,0
5425,0
5426,1005
5427,0
5428,0
5429,1005
5430,0
5431,0
5432,1005
5433,0
5434,1005
5435,1005
5436,0
5437,1005
5438,1005
5439,0
5440,1004
5441,1004
5442,0
5443,1005
5444,0
5445,0
5446,1005
5447,0
5448,0
5449,1004
5450,0
5451,0
5452,1005
5453,0
5454,0
5455,1005
5456,0
5457,1005
5458,1005
5459,0
5460,1005
5461,1005
5462,0
5463,1005
5464,1005
5465,0
5466,1005
5467,0
5468,0
5469,1005
5470,0
5471,0
5472,1005
5473,0
5474,0
5475,1005
5476,0
5477,1004
5478,1005
5479,0
5480,1005
5481,1005
5482,0
5483,1005
5484,1005
5485,0
5486,1005
5487,0
5488,0
5489,1006
5490,0
5491,0
5492,1005
5493,0
5494,0
5495,1005
5496,0
5497,52
5498,1005
5499,0
5500,1005
5501,1005
5502,0
5503,1004
5504,1005
5505,0
5506,1005
5507,1005
5508,0
5509,1005
5510,0
5511,0
5512,1005
5513,0
5514,0
5515,1005
5516,0
5517,0
5518,1005
5519,0
5520,1004
5521,1005
5522,0
5523,1005
5524,1005
5525,0
5526,1005
5527,1005
5528,0
5529,1005
5530,0
5531,0
5532,1005
5533,0
5534,0
5535,1005
5536,0
5537,0
5538,1005
5539,0
5540,1004
5541,1004
5542,0
5543,1005
5544,1004
5545,0
5546,1006
5547,1005
5548,0
5549,1005
5550,983
5551,0
5552,1005
5553,0
5554,0
5555,1005
5556,0
5557,0
5558,1005
5559,0
5560,0
5561,1005
5562,0
5563,1005
5564,1005
5565,0
5566,1005
5567,1004
5568,0
5569,1005
5570,1005
5571,0
5572,1005
5573,0
5574,0
5575,1005
5576,0
5577,0
5578,1005
5579,0
5580,0
5581,1005
5582,0
5583,1005
5584,1005
5585,0
5586,1005
5587,1005
5588,0
5589,1005
5590,1005
5591,0
5592,1005
5593,0
5594,0
5595,1005
5596,0
5597,0
5598,1005
5599,0
5600,0
5601,1005
5602,0
5603,0
5604,1005
5605,0
5606,1005
5607,1005
5608,0
5609,1005
5610,1005
5611,0
5612,1005
5613,1005
5614,0
5615,1005
5616,0
5617,0
5618,1005
5619,0
5620,0
5621,1005
5622,0
5623,0
5624,1004
5625,0
5626,1005
5627,1005
5628,0
5629,1005
5630,1005
5631,0
5632,1004
5633,1005
5634,0
5635,1005
5636,0
5637,0
5638,1005
5639,0
5640,0
5641,1005
5642,0
5643,0
5644,1005
5645,0
5646,0
5647,1005
5648,0
5649,1004
5650,1005
5651,0
5652,1005
5653,1005
5654,0
5655,1005
5656,1005
5657,0
5658,1005
5659,0
5660,0
5661,1005
5662,0
5663,0
5664,1005
5665,0
5666,0
5667,1005
5668,0
5669,1005
5670,1005
5671,0
5672,1004
5673,1005
5674,0
5675,1005
5676,1005
5677,0
5678,1005
5679,0
5680,0
5681,1005
5682,0
5683,0
5684,1005
5685,0
5686,0
5687,1005
5688,0
5689,1004
5690,1005
5691,0
5692,1005
5693,1005
5694,0
5695,1005
5696,1005
5697,0
5698,1005
5699,1005
5700,0
5701,1005
5702,0
5703,0
5704,1005
5705,0
5706,0
5707,1005
5708,0
5709,0
5710,1005
5711,0
5712,1005
5713,1005
5714,0
5715,1005
5716,1005
5717,0
5718,1005
5719,1005
5720,0
5721,1004
5722,0
5723,0
5724,1005
5725,0
5726,0
5727,1005
5728,0
5729,0
5730,1005
5731,0
5732,1005
5733,1004
5734,0
5735,1005
5736,1005
5737,0
5738,1005
5739,1005
5740,0
5741,1005
5742,1004
5743,0
5744,1004
5745,0
5746,0
5747,1005
5748,0
5749,0
5750,1005
5751,0
5752,0
5753,1005
5754,0
5755,1005
5756,1005
5757,0
5758,1005
5759,1005
5760,0
5761,1005
5762,1005
5763,0
5764,1006
5765,0
5766,0
5767,1005
5768,0
5769,0
5770,1005
5771,0
5772,0
5773,1005
5774,0
5775,1004
5776,1005
5777,0
5778,1005
5779,1005
5780,0
5781,1005
5782,1005
5783,0
5784,1005
5785,990
5786,0
5787,1005
5788,0
5789,0
5790,1005
5791,0
5792,0
5793,1005
5794,0
5795,0
5796,1005
5797,0
5798,1004
5799,1005
5800,0
5801,1005
5802,1005
5803,0
5804,1005
5805,1005
5806,0
5807,1005
5808,0
5809,0
5810,1005
5811,0
5812,0
5813,1005
5814,0
5815,0
5816,1005
5817,0
5818,1005
5819,1005
5820,0
5821,1005
5822,1005
5823,0
5824,1005
5825,1004
5826,0
5827,1005
5828,0
5829,0
5830,1005
5831,0
5832,0
5833,1005
5834,0
5835,0
5836,1005
5837,0
5838,0
5839,1005
5840,0
5841,1005
5842,1005
5843,0
5844,1005
5845,1005
5846,0
5847,1005
5848,1005
5849,0
5850,1005
5851,0
5852,0
5853,1005
5854,0
5855,0
5856,1005
5857,0
5858,0
5859,1006
5860,0
5861,1005
5862,1005
5863,0
5864,1005
5865,1005
5866,0
5867,1005
5868,1005
5869,0
5870,1005
5871,0
5872,0
5873,1005
5874,0
5875,0
5876,1005
5877,0
5878,0
5879,1005
5880,0
5881,52
5882,1005
5883,0
5884,1005
5885,1005
5886,0
5887,1005
5888,1004
5889,0
5890,1005
5891,1004
5892,0
5893,1005
5894,0
5895,0
5896,1005
5897,0
5898,0
5899,1005
5900,0
5901,0
5902,1005
5903,0
5904,1004
5905,1005
5906,0
5907,1005
5908,1005
5909,0
5910,1005
5911,1005
5912,0
5913,1005
5914,0
5915,0
5916,1005
5917,0
5918,0
5919,1005
5920,0
5921,0
5922,1005
5923,0
5924,1005
5925,1005
5926,0
5927,1005
5928,1005
5929,0
5930,1005
5931,1005
5932,0
5933,1005
5934,990
5935,0
5936,1005
5937,0
5938,0
5939,1005
5940,0
5941,0
5942,1005
5943,0
5944,0
5945,1004
5946,0
5947,1005
5948,1004
5949,0
5950,1004
5951,1004
5952,0
5953,1005
5954,1005
5955,0
5956,1005
5957,0
5958,0
5959,1005
5960,0
5961,0
5962,1005
5963,0
5964,0
5965,1005
5966,0
5967,1005
5968,1005
5969,0
5970,1005
5971,1005
5972,0
5973,1005
5974,1004
5975,0
5976,1005
5977,0
5978,0
5979,1005
5980,0
5981,0
5982,1005
5983,0
5984,0
5985,1005
5986,0
5987,0
5988,1004
5989,0
5990,1004
5991,1005
5992,0
5993,1005
5994,1005
5995,0
5996,1005
5997,1005
5998,0
5999,1005
6000,0
6001,0
6002,1005
6003,0
6004,0
6005,1005
6006,0
6007,0
6008,1005
6009,0
6010,1006
6011,1005
6012,0
6013,1005
6014,1005
6015,0
6016,1005
6017,1005
6018,0
6019,1005
6020,0
6021,0
6022,1005
6023,0
6024,0
6025,1005
6026,0
6027,0
6028,1005
6029,0
6030,0
6031,1005
6032,0
6033,1005
6034,1005
6035,0
6036,1005
6037,1005
6038,0
6039,1005
6040,1005
6041,0
6042,1005
6043,0
6044,0
6045,1005
6046,0
6047,0
6048,1005
6049,0
6050,0
6051,1004
6052,0
6053,1005
6054,1005
6055,0
6056,1005
6057,1004
6058,0
6059,1006
6060,1004
6061,0
6062,1005
6063,0
6064,0
6065,1005
6066,0
6067,0
6068,1005
6069,0
6070,0
6071,1005
6072,0
6073,52
6074,1005
6075,0
6076,1005
6077,1005
6078,0
6079,1005
6080,1005
6081,0
6082,1005
6083,1005
6084,0
6085,1005
6086,0
6087,0
6088,1004
6089,0
6090,0
6091,1005
6092,0
6093,0
6094,1005
6095,0
6096,1005
6097,1005
6098,0
6099,1004
6100,1005
6101,0
6102,1004
6103,1004
6104,0
6105,1005
6106,0
6107,0
6108,1005
6109,0
6110,0
6111,1005
6112,0
6113,0
6114,1005
6115,0
6116,1005
6117,1005
6118,0
6119,1005
6120,1005
6121,0
6122,1004
6123,1005
6124,0
6125,1004
6126,1005
6127,0
6128,1005
6129,0
6130,0
6131,1005
6132,0
6133,0
6134,1005
6135,0
6136,0
6137,1005
6138,0
6139,1005
6140,1005
6141,0
6142,1004
6143,1005
6144,0
6145,1005
6146,1005
6147,0
6148,1005
6149,0
6150,0
6151,1005
6152,0
6153,0
6154,1005
6155,0
6156,0
6157,1005
6158,0
6159,1005
6160,1005
6161,0
6162,1005
6163,1005
6164,0
6165,1005
6166,1005
6167,0
6168,1005
6169,989
6170,0
6171,1005
6172,0
6173,0
6174,1005
6175,0
6176,0
6177,1005
6178,0
6179,0
6180,1005
6181,0
6182,1005
6183,1005
6184,0
6185,1005
6186,1004
6187,0
6188,1004
6189,1005
6190,0
6191,1005
6192,0
6193,0
6194,1004
6195,0
6196,0
6197,1004
6198,0
6199,0
6200,1005
6201,0
6202,1005
6203,1005
6204,0
6205,1005
6206,1005
6207,0
6208,1005
6209,1005
6210,0
6211,1005
6212,0
6213,0
6214,1005
6215,0
6216,0
6217,1005
6218,0
6219,0
6220,1004
6221,0
6222,0
6223,1005
6224,0
6225,1005
6226,1005
6227,0
6228,1005
6229,1005
6230,0
6231,1005
6232,1005
6233,0
6234,1005
6235,0
6236,0
6237,1005
6238,0
6239,0
6240,1005
6241,0
6242,0
6243,1005
6244,0
6245,1005
6246,1005
6247,0
6248,1005
6249,1005
6250,0
6251,1005
6252,1005
6253,0
6254,1005
6255,0
6256,0
6257,1005
6258,0
6259,0
6260,1004
6261,0
6262,0
6263,1005
6264,0
6265,52
6266,1005
6267,0
6268,1004
6269,1005
6270,0
6271,1004
6272,1005
6273,0
6274,1005
6275,1005
6276,0
6277,1005
6278,0
6279,0
6280,1005
6281,0
6282,0
6283,1004
6284,0
6285,0
6286,1005
6287,0
6288,1005
6289,1004
6290,0
6291,1004
6292,1005
6293,0
6294,1005
6295,1005
6296,0
6297,1005
6298,0
6299,0
6300,1005
6301,0
6302,0
6303,1005
6304,0
6305,0
6306,1005
6307,0
6308,1004
6309,1005
6310,0
6311,1005
6312,1005
6313,0
6314,1005
6315,1005
6316,0
6317,1005
6318,982
6319,0
6320,1005
6321,0
6322,0
6323,1005
6324,0
6325,0
6326,1005
6327,0
6328,0
6329,1005
6330,0
6331,1005
6332,1005
6333,0
6334,1005
6335,1005
6336,0
6337,1006
6338,1004
6339,0
6340,1005
6341,0
6342,0
6343,1005
6344,0
6345,0
6346,1005
6347,0
6348,0
6349,1005
6350,0
6351,1005
6352,1005
6353,0
6354,1005
6355,1006
6356,0
6357,1005
6358,1005
6359,0
6360,1005
6361,0
6362,0
6363,1005
6364,0
6365,0
6366,1005
6367,0
6368,0
6369,1005
6370,0
6371,0
6372,1005
6373,0
6374,1004
6375,1005
6376,0
6377,1005
6378,1005
6379,0
6380,1005
6381,1004
6382,0
6383,1005
6384,0
6385,0
6386,1005
6387,0
6388,0
6389,1005
6390,0
6391,0
6392,1004
6393,0
6394,1005
6395,1005
6396,0
6397,1005
6398,1005
6399,0
6400,1005
6401,1005
6402,0
6403,1005
6404,0
6405,0
6406,1005
6407,0
6408,0
6409,1005
6410,0
6411,0
6412,1005
6413,0
6414,51
6415,1005
6416,0
6417,1005
6418,1005
6419,0
6420,1004
6421,1005
6422,0
6423,1005
6424,1004
6425,0
6426,1005
6427,0
6428,0
6429,1005
6430,0
6431,0
6432,1005
6433,0
6434,0
6435,1004
6436,0
6437,1005
6438,1005
6439,0
6440,1004
6441,1005
6442,0
6443,1005
6444,1005
6445,0
6446,1005
6447,0
6448,0
6449,1005
6450,0
6451,0
6452,1005
6453,0
6454,0
6455,1005
6456,0
6457,1005
6458,1005
6459,0
6460,1005
6461,1005
6462,0
6463,1005
6464,1005
6465,0
6466,1006
6467,1005
6468,0
6469,1005
6470,0
6471,0
6472,1006
6473,0
6474,0
6475,1005
6476,0
6477,0
6478,1005
6479,0
6480,1005
6481,1005
6482,0
6483,1005
6484,1005
6485,0
6486,1005
6487,1005
6488,0
6489,1005
6490,0
6491,0
6492,1005
6493,0
6494,0
6495,1005
6496,0
6497,0
6498,1005
6499,0
6500,1005
6501,1005
6502,0
6503,1005
6504,1005
6505,0
6506,1005
6507,1005
6508,0
6509,1005
6510,983
6511,0
6512,1005
6513,0
6514,0
6515,1005
6516,0
6517,0
6518,1005
6519,0
6520,0
6521,1005
6522,0
6523,1004
6524,1005
6525,0
6526,1004
6527,1005
6528,0
6529,1005
6530,1005
6531,0
6532,1005
6533,0
6534,0
6535,1005
6536,0
6537,0
6538,1005
6539,0
6540,0
6541,1005
6542,0
6543,1005
6544,1005
6545,0
6546,1005
6547,1005
6548,0
6549,1005
6550,1005
6551,0
6552,1005
6553,989
6554,0
6555,1005
6556,0
6557,0
6558,1005
6559,0
6560,0
6561,1005
6562,0
6563,0
6564,1005
6565,0
6566,1005
6567,1005
6568,0
6569,1005
6570,1005
6571,0
6572,1005
6573,1005
6574,0
6575,1005
6576,0
6577,0
6578,1004
6579,0
6580,0
6581,1005
6582,0
6583,0
6584,1005
6585,0
6586,1004
6587,1005
6588,0
6589,1005
6590,1005
6591,0
6592,1004
6593,1005
6594,0
6595,1005
6596,0
6597,0
6598,1005
6599,0
6600,0
6601,1005
6602,0
6603,0
6604,1005
6605,0
6606,77
6607,1004
6608,0
6609,1005
6610,1005
6611,0
6612,1005
6613,1004
6614,0
6615,1005
6616,1005
6617,0
6618,1005
6619,0
6620,0
6621,1005
6622,0
6623,0
6624,1005
6625,0
6626,0
6627,1005
6628,0
6629,1005
6630,1004
6631,0
6632,1005
6633,1005
6634,0
6635,1005
6636,1005
6637,0
6638,1005
6639,0
6640,0
6641,1005
6642,0
6643,0
6644,1005
6645,0
6646,0
6647,1005
6648,0
6649,76
6650,1005
6651,0
6652,1005
6653,1005
6654,0
6655,1005
6656,1005
6657,0
6658,1005
6659,1005
6660,0
6661,1005
6662,0
6663,0
6664,1005
6665,0
6666,0
6667,1005
6668,0
6669,0
6670,1005
6671,0
6672,1004
6673,1005
6674,0
6675,1005
6676,1004
6677,0
6678,1005
6679,1004
6680,0
6681,1005
6682,0
6683,0
6684,1005
6685,0
6686,0
6687,1005
6688,0
6689,0
6690,1004
6691,0
6692,1005
6693,1005
6694,0
6695,1005
6696,1005
6697,0
6698,1005
6699,1005
6700,0
6701,1005
6702,990
6703,0
6704,1005
6705,0
6706,0
6707,1005
6708,0
6709,0
6710,1005
6711,0
6712,0
6713,1005
6714,0
6715,1005
6716,1005
6717,0
6718,1005
6719,1005
6720,0
6721,1005
6722,1005
6723,0
6724,1005
6725,0
6726,0
6727,1005
6728,0
6729,0
6730,1005
6731,0
6732,0
6733,1004
6734,0
6735,1005
6736,1005
6737,0
6738,1005
6739,1005
6740,0
6741,1005
6742,1005
6743,0
6744,1005
6745,0
6746,0
6747,1004
6748,0
6749,0
6750,1005
6751,0
6752,0
6753,1005
6754,0
6755,0
6756,1004
6757,0
6758,1004
6759,1005
6760,0
6761,1005
6762,1005
6763,0
6764,1005
6765,1005
6766,0
6767,1004
6768,0
6769,0
6770,1005
6771,0
6772,0
6773,1005
6774,0
6775,0
6776,1005
6777,0
6778,1005
6779,1005
6780,0
6781,1005
6782,1005
6783,0
6784,1005
6785,1005
6786,0
6787,1004
6788,0
6789,0
6790,1004
6791,0
6792,0
6793,1005
6794,0
6795,0
6796,1005
6797,0
6798,0
6799,1005
6800,0
6801,1004
6802,1005
6803,0
6804,1004
6805,1005
6806,0
6807,1005
6808,1004
6809,0
6810,1005
6811,0
6812,0
6813,1005
6814,0
6815,0
6816,1005
6817,0
6818,0
6819,1006
6820,0
6821,1004
6822,1005
6823,0
6824,1005
6825,1005
6826,0
6827,1005
6828,1005
6829,0
6830,1005
6831,0
6832,0
6833,1005
6834,0
6835,0
6836,1004
6837,0
6838,0
6839,1005
6840,0
6841,76
6842,1004
6843,0
6844,1005
6845,1005
6846,0
6847,1005
6848,1005
6849,0
6850,1004
6851,1004
6852,0
6853,1005
6854,0
6855,0
6856,1005
6857,0
6858,0
6859,1005
6860,0
6861,0
6862,1005
6863,0
6864,1005
6865,1005
6866,0
6867,1005
6868,1005
6869,0
6870,1004
6871,1004
6872,0
6873,1005
6874,0
6875,0
6876,1005
6877,0
6878,0
6879,1005
6880,0
6881,0
6882,1005
6883,0
6884,1005
6885,1005
6886,0
6887,1005
6888,1005
6889,0
6890,1005
6891,1005
6892,0
6893,1004
6894,1005
6895,0
6896,1005
6897,0
6898,0
6899,1005
6900,0
6901,0
6902,1005
6903,0
6904,0
6905,1004
6906,0
6907,1005
6908,1005
6909,0
6910,1004
6911,1005
6912,0
6913,1005
6914,1005
6915,0
6916,1005
6917,0
6918,0
6919,1005
6920,0
6921,0
6922,1005
6923,0
6924,0
6925,1005
6926,0
6927,1005
6928,1005
6929,0
6930,1005
6931,1005
6932,0
6933,1005
6934,1005
6935,0
6936,1005
6937,990
6938,0
6939,1005
6940,0
6941,0
6942,1005
6943,0
6944,0
6945,1005
6946,0
6947,0
6948,1005
6949,0
6950,1005
6951,1004
6952,0
6953,1005
6954,1004
6955,0
6956,1004
6957,1004
6958,0
6959,1005
6960,0
6961,0
6962,1005
6963,0
6964,0
6965,1005
6966,0
6967,0
6968,1005
6969,0
6970,1005
6971,1005
6972,0
6973,1004
6974,1005
6975,0
6976,1004
6977,1005
6978,0
6979,1005
6980,0
6981,0
6982,1004
6983,0
6984,0
6985,1005
6986,0
6987,0
6988,1005
6989,0
6990,0
6991,1005
6992,0
6993,1005
6994,1005
6995,0
6996,1005
6997,1005
6998,0
6999,1005
7000,1005
7001,0
7002,1005
7003,0
7004,0
7005,1005
7006,0
7007,0
7008,1005
7009,0
7010,0
7011,1005
7012,0
7013,1005
7014,1005
7015,0
7016,1005
7017,1005
7018,0
7019,1005
7020,1004
7021,0
7022,1005
7023,0
7024,0
7025,1005
7026,0
7027,0
7028,1005
7029,0
7030,0
7031,1005
7032,0
7033,52
7034,1004
7035,0
7036,1005
7037,1005
7038,0
7039,1005
7040,1005
7041,0
7042,1004
7043,1005
7044,0
7045,1005
7046,0
7047,0
7048,1005
7049,0
7050,0
7051,1005
7052,0
7053,0
7054,1005
7055,0
7056,1004
7057,1005
7058,0
7059,1005
7060,1005
7061,0
7062,1005
7063,1005
7064,0
7065,1005
7066,0
7067,0
7068,1005
7069,0
7070,0
7071,1005
7072,0
7073,0
7074,1005
7075,0
7076,1005
7077,1005
7078,0
7079,1005
7080,1005
7081,0
7082,1005
7083,1005
7084,0
7085,1005
7086,989
7087,0
7088,1004
7089,0
7090,0
7091,1005
7092,0
7093,0
7094,1005
7095,0
7096,0
7097,1005
7098,0
7099,1005
7100,1005
7101,0
7102,1005
7103,1005
7104,0
7105,1005
7106,1005
7107,0
7108,1004
7109,0
7110,0
7111,1004
7112,0
7113,0
7114,1005
7115,0
7116,0
7117,1005
7118,0
7119,1005
7120,1005
7121,0
7122,1005
7123,1005
7124,0
7125,1005
7126,1005
7127,0
7128,1005
7129,0
7130,0
7131,1005
7132,0
7133,0
7134,1004
7135,0
7136,0
7137,1004
7138,0
7139,0
7140,1005
7141,0
7142,1005
7143,1005
7144,0
7145,1005
7146,1005
7147,0
7148,1005
7149,1005
7150,0
7151,1005
7152,0
7153,0
7154,1006
7155,0
7156,0
7157,1005
7158,0
7159,0
7160,1005
7161,0
7162,1005
7163,1006
7164,0
7165,1005
7166,1005
7167,0
7168,1005
7169,1005
7170,0
7171,1005
7172,0
7173,0
7174,1005
7175,0
7176,0
7177,1005
7178,0
7179,0
7180,1005
7181,0
7182,0
7183,1005
7184,0
7185,1005
7186,1005
7187,0
7188,1005
7189,1005
7190,0
7191,1005
7192,1004
7193,0
7194,1005
7195,0
7196,0
7197,1005
7198,0
7199,0
7200,1005
7201,0
7202,0
7203,1005
7204,0
7205,1005
7206,1005
7207,0
7208,1005
7209,1005
7210,0
7211,1005
7212,1005
7213,0
7214,1005
7215,0
7216,0
7217,1005
7218,0
7219,0
7220,1005
7221,0
7222,0
7223,1005
7224,0
7225,76
7226,1005
7227,0
7228,1005
7229,1005
7230,0
7231,1005
7232,1005
7233,0
7234,1005
7235,1005
7236,0
7237,1005
7238,0
7239,0
7240,1004
7241,0
7242,0
7243,1005
7244,0
7245,0
7246,1005
7247,0
7248,1005
7249,1005
7250,0
7251,1005
7252,1004
7253,0
7254,1005
7255,1005
7256,0
7257,1005
7258,0
7259,0
7260,1005
7261,0
7262,0
7263,1005
7264,0
7265,0
7266,1005
7267,0
7268,1005
7269,1005
7270,0
7271,1005
7272,1005
7273,0
7274,1005
7275,1005
7276,0
7277,1005
7278,1004
7279,0
7280,1005
7281,0
7282,0
7283,1005
7284,0
7285,0
7286,1005
7287,0
7288,0
7289,1004
7290,0
7291,1005
7292,1004
7293,0
7294,1005
7295,1005
7296,0
7297,1005
7298,1005
7299,0
7300,1005
7301,0
7302,0
7303,1004
7304,0
7305,0
7306,1005
7307,0
7308,0
7309,1005
7310,0
7311,1005
7312,1005
7313,0
7314,1005
7315,1005
7316,0
7317,1005
7318,1005
7319,0
7320,1005
7321,990
7322,0
7323,1005
7324,0
7325,0
7326,1005
7327,0
7328,0
7329,1005
7330,0
7331,0
7332,1005
7333,0
7334,1005
7335,1005
7336,0
7337,1004
7338,1005
7339,0
7340,1004
7341,1005
7342,0
7343,1005
7344,0
7345,0
7346,1005
7347,0
7348,0
7349,1005
7350,0
7351,0
7352,1005
7353,0
7354,1004
7355,1004
7356,0
7357,1005
7358,1005
7359,0
7360,1005
7361,1005
7362,0
7363,1005
7364,0
7365,0
7366,1005
7367,0
7368,0
7369,1004
7370,0
7371,0
7372,1005
7373,0
7374,0
7375,1005
7376,0
7377,1005
7378,1005
7379,0
7380,1005
7381,1005
7382,0
7383,1005
7384,1005
7385,0
7386,1005
7387,0
7388,0
7389,1005
7390,0
7391,0
7392,1005
7393,0
7394,0
7395,1005
7396,0
7397,1005
7398,1005
7399,0
7400,1005
7401,1005
7402,0
7403,1005
7404,1004
7405,0
7406,1005
7407,0
7408,0
7409,1005
7410,0
7411,0
7412,1005
7413,0
7414,0
7415,1005
7416,0
7417,76
7418,1006
7419,0
7420,1005
7421,1005
7422,0
7423,1005
7424,1005
7425,0
7426,1005
7427,1005
7428,0
7429,1005
7430,0
7431,0
7432,1005
7433,0
7434,0
7435,1005
7436,0
7437,0
7438,1005
7439,0
7440,1005
7441,1005
7442,0
7443,1005
7444,1005
7445,0
7446,1005
7447,1005
7448,0
7449,1005
7450,0
7451,0
7452,1005
7453,0
7454,0
7455,1005
7456,0
7457,0
7458,1005
7459,0
7460,1005
7461,1005
7462,0
7463,1004
7464,1005
7465,0
7466,1005
7467,1005
7468,0
7469,1005
7470,989
7471,0
7472,1005
7473,0
7474,0
7475,1005
7476,0
7477,0
7478,1005
7479,0
7480,0
7481,1005
7482,0
7483,1005
7484,1005
7485,0
7486,1005
7487,1005
7488,0
7489,1005
7490,1005
7491,0
7492,1005
7493,0
7494,0
7495,1004
7496,0
7497,0
7498,1005
7499,0
7500,0
7501,1005
7502,0
7503,1005
7504,1004
7505,0
7506,1004
7507,1005
7508,0
7509,1005
7510,1006
7511,0
7512,1005
7513,0
7514,0
7515,1005
7516,0
7517,0
7518,1005
7519,0
7520,0
7521,1005
7522,0
7523,0
7524,1005
7525,0
7526,1005
7527,1005
7528,0
7529,1005
7530,1005
7531,0
7532,1005
7533,1005
7534,0
7535,1005
7536,0
7537,0
7538,1004
7539,0
7540,0
7541,1005
7542,0
7543,0
7544,1005
7545,0
7546,1005
7547,1005
7548,0
7549,1005
7550,1005
7551,0
7552,1005
7553,1005
7554,0
7555,1005
7556,0
7557,0
7558,1005
7559,0
7560,0
7561,1004
7562,0
7563,0
7564,1005
7565,0
7566,0
7567,1005
7568,0
7569,1004
7570,1005
7571,0
7572,1005
7573,1005
7574,0
7575,1005
7576,1005
7577,0
7578,1005
7579,0
7580,0
7581,1005
7582,0
7583,0
7584,1005
7585,0
7586,0
7587,1004
7588,0
7589,1004
7590,1004
7591,0
7592,1005
7593,1005
7594,0
7595,1005
7596,1004
7597,0
7598,1005
7599,0
7600,0
7601,1005
7602,0
7603,0
7604,1005
7605,0
7606,0
7607,1005
7608,0
7609,52
7610,1006
7611,0
7612,1005
7613,1005
7614,0
7615,1005
7616,1005
7617,0
7618,1005
7619,1005
7620,0
7621,1005
7622,0
7623,0
7624,1005
7625,0
7626,0
7627,1005
7628,0
7629,0
7630,1005
7631,0
7632,1005
7633,1004
7634,0
7635,1005
7636,1005
7637,0
7638,1005
7639,1004
7640,0
7641,1005
7642,0
7643,0
7644,1005
7645,0
7646,0
7647,1004
7648,0
7649,0
7650,1005
7651,0
7652,1004
7653,1005
7654,0
7655,1005
7656,1005
7657,0
7658,1005
7659,1005
7660,0
7661,1005
7662,1005
7663,0
7664,1005
7665,0
7666,0
7667,1005
7668,0
7669,0
7670,1005
7671,0
7672,0
7673,1005
7674,0
7675,1006
7676,1005
7677,0
7678,1005
7679,1005
7680,0
7681,1005
7682,1005
7683,0
7684,1005
7685,0
7686,0
7687,1005
7688,0
7689,0
7690,1005
7691,0
7692,0
7693,1005
7694,0
7695,1005
7696,1005
7697,0
7698,1005
7699,1005
7700,0
7701,1005
7702,1005
7703,0
7704,1005
7705,982
7706,0
7707,1005
7708,0
7709,0
7710,1005
7711,0
7712,0
7713,1005
7714,0
7715,0
7716,1005
7717,0
7718,1005
7719,1005
7720,0
7721,1005
7722,1005
7723,0
7724,1005
7725,1005
7726,0
7727,1005
7728,0
7729,0
7730,1005
7731,0
7732,0
7733,1005
7734,0
7735,0
7736,1005
7737,0
7738,1005
7739,1005
7740,0
7741,1005
7742,1005
7743,0
7744,1005
7745,1005
7746,0
7747,1006
7748,0
7749,0
7750,1005
7751,0
7752,0
7753,1004
7754,0
7755,0
7756,1004
7757,0
7758,0
7759,1005
7760,0
7761,1005
7762,1005
7763,0
7764,1005
7765,1005
7766,0
7767,1005
7768,1004
7769,0
7770,1005
7771,0
7772,0
7773,1005
7774,0
7775,0
7776,1005
7777,0
7778,0
7779,1005
7780,0
7781,1005
7782,1005
7783,0
7784,1005
7785,1004
7786,0
7787,1005
7788,1005
7789,0
7790,1005
7791,0
7792,0
7793,1005
7794,0
7795,0
7796,1005
7797,0
7798,0
7799,1005
7800,0
7801,52
7802,1005
7803,0
7804,1005
7805,1005
7806,0
7807,1005
7808,1004
7809,0
7810,1005
7811,1005
7812,0
7813,1004
7814,0
7815,0
7816,1005
7817,0
7818,0
7819,1005
7820,0
7821,0
7822,1005
7823,0
7824,1005
7825,1005
7826,0
7827,1005
7828,1005
7829,0
7830,1005
7831,1005
7832,0
7833,1004
7834,0
7835,0
7836,1005
7837,0
7838,0
7839,1004
7840,0
7841,0
7842,1005
7843,0
7844,1005
7845,1005
7846,0
7847,1005
7848,1005
7849,0
7850,1004
7851,1004
7852,0
7853,1005
7854,990
7855,0
7856,1005
7857,0
7858,0
7859,1005
7860,0
7861,0
7862,1005
7863,0
7864,0
7865,1005
7866,0
7867,1004
7868,1005
7869,0
7870,1004
7871,1004
7872,0
7873,1005
7874,1005
7875,0
7876,1005
7877,0
7878,0
7879,1005
7880,0
7881,0
7882,1005
7883,0
7884,0
7885,1004
7886,0
7887,1005
7888,1005
7889,0
7890,1005
7891,1004
7892,0
7893,1005
7894,1005
7895,0
7896,1005
7897,0
7898,0
7899,1005
7900,0
7901,0
7902,1005
7903,0
7904,0
7905,1005
7906,0
7907,0
7908,1005
7909,0
7910,1005
7911,1005
7912,0
7913,1005
7914,1005
7915,0
7916,1005
7917,1005
7918,0
7919,1005
7920,0
7921,0
7922,1004
7923,0
7924,0
7925,1005
7926,0
7927,0
7928,1005
7929,0
7930,1005
7931,1005
7932,0
7933,1005
7934,1005
7935,0
7936,1005
7937,1005
7938,0
7939,1005
7940,0
7941,0
7942,1005
7943,0
7944,0
7945,1005
7946,0
7947,0
7948,1005
7949,0
7950,0
7951,1004
7952,0
7953,1004
7954,1005
7955,0
7956,1005
7957,1005
7958,0
7959,1005
7960,1005
7961,0
7962,1005
7963,0
7964,0
7965,1005
7966,0
7967,0
7968,1005
7969,0
7970,0
7971,1004
7972,0
7973,1004
7974,1004
7975,0
7976,1005
7977,1005
7978,0
7979,1005
7980,1005
7981,0
7982,1005
7983,0
7984,0
7985,1005
7986,0
7987,0
7988,1005
7989,0
7990,0
7991,1005
7992,0
7993,51
7994,1005
7995,0
7996,1005
7997,1005
7998,0
7999,1005
8000,1005
8001,0
8002,1005
8003,1005
8004,0
8005,1005
8006,0
8007,0
8008,1005
8009,0
8010,0
8011,1005
8012,0
8013,0
8014,1005
8015,0
8016,1004
8017,1005
8018,0
8019,1006
8020,1004
8021,0
8022,1004
8023,1005
8024,0
8025,1005
8026,0
8027,0
8028,1005
8029,0
8030,0
8031,1004
8032,0
8033,0
8034,1005
8035,0
8036,1005
8037,1005
8038,0
8039,1004
8040,1005
8041,0
8042,1004
8043,1005
8044,0
8045,1005
8046,990
8047,0
8048,1005
8049,0
8050,0
8051,1005
8052,0
8053,0
8054,1005
8055,0
8056,0
8057,1005
8058,0
8059,1005
8060,1005
8061,0
8062,1005
8063,1005
8064,0
8065,1005
8066,1005
8067,0
8068,1005
8069,0
8070,0
8071,1005
8072,0
8073,0
8074,1005
8075,0
8076,0
8077,1005
8078,0
8079,1005
8080,1005
8081,0
8082,1005
8083,1005
8084,0
8085,1005
8086,1005
8087,0
8088,1005
8089,990
8090,0
8091,1005
8092,0
8093,0
8094,1005
8095,0
8096,0
8097,1005
8098,0
8099,0
8100,1005
8101,0
8102,1005
8103,1006
8104,0
8105,1005
8106,1005
8107,0
8108,1005
8109,1004
8110,0
8111,1005
8112,0
8113,0
8114,1005
8115,0
8116,0
8117,1004
8118,0
8119,0
8120,1005
8121,0
8122,1004
8123,1005
8124,0
8125,1005
8126,1005
8127,0
8128,1005
8129,1005
8130,0
8131,1006
8132,0
8133,0
8134,1005
8135,0
8136,0
8137,1005
8138,0
8139,0
8140,1005
8141,0
8142,0
8143,1005
8144,0
8145,1005
8146,1005
8147,0
8148,1006
8149,1004
8150,0
8151,1005
8152,1004
8153,0
8154,1005
8155,0
8156,0
8157,1005
8158,0
8159,0
8160,1005
8161,0
8162,0
8163,1005
8164,0
8165,1005
8166,1005
8167,0
8168,1005
8169,1004
8170,0
8171,1005
8172,1005
8173,0
8174,1005
8175,0
8176,0
8177,1005
8178,0
8179,0
8180,1005
8181,0
8182,0
8183,1004
8184,0
8185,52
8186,1005
8187,0
8188,1005
8189,1004
8190,0
8191,1004
8192,1005
8193,0
8194,1005
8195,1005
8196,0
8197,1005
8198,0
8199,0
8200,1004
8201,0
8202,0
8203,1005
8204,0
8205,0
8206,1005
8207,0
8208,1005
8209,1005
8210,0
8211,1005
8212,1005
8213,0
8214,1005
8215,1005
8216,0
8217,1005
8218,0
8219,0
8220,1004
8221,0
8222,0
8223,1005
8224,0
8225,0
8226,1005
8227,0
8228,1006
8229,1005
8230,0
8231,1005
8232,1005
8233,0
8234,1005
8235,1005
8236,0
8237,1005
8238,990
8239,0
8240,1005
8241,0
8242,0
8243,1005
8244,0
8245,0
8246,1005
8247,0
8248,0
8249,1005
8250,0
8251,1004
8252,1005
8253,0
8254,1004
8255,1005
8256,0
8257,1005
8258,1005
8259,0
8260,1005
8261,0
8262,0
8263,1005
8264,0
8265,0
8266,1005
8267,0
8268,0
8269,1005
8270,0
8271,1005
8272,1005
8273,0
8274,1005
8275,1005
8276,0
8277,1005
8278,1005
8279,0
8280,1005
8281,0
8282,0
8283,1005
8284,0
8285,0
8286,1005
8287,0
8288,0
8289,1005
8290,0
8291,0
8292,1005
8293,0
8294,1005
8295,1005
8296,0
8297,1005
8298,1005
8299,0
8300,1005
8301,1005
8302,0
8303,1005
8304,0
8305,0
8306,1004
8307,0
8308,0
8309,1005
8310,0
8311,0
8312,1005
8313,0
8314,1006
8315,1005
8316,0
8317,1005
8318,1005
8319,0
8320,1005
8321,1005
8322,0
8323,1005
8324,0
8325,0
8326,1004
8327,0
8328,0
8329,1005
8330,0
8331,0
8332,1004
8333,0
8334,51
8335,1005
8336,0
8337,1004
8338,1005
8339,0
8340,1005
8341,1005
8342,0
8343,1005
8344,1005
8345,0
8346,1005
8347,0
8348,0
8349,1005
8350,0
8351,0
8352,1005
8353,0
8354,0
8355,1005
8356,0
8357,1004
8358,1005
8359,0
8360,1005
8361,1005
8362,0
8363,1004
8364,1005
8365,0
8366,1005
8367,0
8368,0
8369,1005
8370,0
8371,0
8372,1005
8373,0
8374,0
8375,1004
8376,0
8377,1005
8378,1005
8379,0
8380,1005
8381,1005
8382,0
8383,1005
8384,1005
8385,0
8386,1005
8387,1004
8388,0
8389,1004
8390,0
8391,0
8392,1005
8393,0
8394,0
8395,1005
8396,0
8397,0
8398,1005
8399,0
8400,1005
8401,1004
8402,0
8403,1005
8404,1005
8405,0
8406,1005
8407,1005
8408,0
8409,1005
8410,0
8411,0
8412,1005
8413,0
8414,0
8415,1006
8416,0
8417,0
8418,1005
8419,0
8420,1004
8421,1005
8422,0
8423,1005
8424,1005
8425,0
8426,1005
8427,1005
8428,0
8429,1005
8430,990
8431,0
8432,1005
8433,0
8434,0
8435,1005
8436,0
8437,0
8438,1005
8439,0
8440,0
8441,1005
8442,0
8443,1005
8444,1005
8445,0
8446,1005
8447,1005
8448,0
8449,1005
8450,1005
8451,0
8452,1005
8453,0
8454,0
8455,1005
8456,0
8457,0
8458,1005
8459,0
8460,0
8461,1005
8462,0
8463,1005
8464,1005
8465,0
8466,1005
8467,1005
8468,0
8469,1005
8470,1005
8471,0
8472,1005
8473,989
8474,0
8475,1005
8476,0
8477,0
8478,1005
8479,0
8480,0
8481,1005
8482,0
8483,0
8484,1005
8485,0
8486,1005
8487,1005
8488,0
8489,1006
8490,1005
8491,0
8492,1005
8493,1004
8494,0
8495,1005
8496,0
8497,0
8498,1005
8499,0
8500,0
8501,1005
8502,0
8503,0
8504,1005
8505,0
8506,1006
8507,1005
8508,0
8509,1005
8510,1005
8511,0
8512,1004
8513,1005
8514,0
8515,1005
8516,0
8517,0
8518,1005
8519,0
8520,0
8521,1005
8522,0
8523,0
8524,1005
8525,0
8526,0
8527,1005
8528,0
8529,1005
8530,1005
8531,0
8532,1005
8533,1005
8534,0
8535,1005
8536,1004
8537,0
8538,1005
8539,0
8540,0
8541,1005
8542,0
8543,0
8544,1005
8545,0
8546,0
8547,1005
8548,0
8549,1005
8550,1005
8551,0
8552,1005
8553,1005
8554,0
8555,1005
8556,1005
8557,0
8558,1005
8559,0
8560,0
8561,1005
8562,0
8563,0
8564,1005
8565,0
8566,0
8567,1005
8568,0
8569,76
8570,1006
8571,0
8572,1004
8573,1005
8574,0
8575,1005
8576,1005
8577,0
8578,1005
8579,1004
8580,0
8581,1005
8582,0
8583,0
8584,1005
8585,0
8586,0
8587,1005
8588,0
8589,0
8590,1004
8591,0
8592,1005
8593,1005
8594,0
8595,1005
8596,1005
8597,0
8598,1005
8599,1005
8600,0
8601,1005
8602,0
8603,0
8604,1005
8605,0
8606,0
8607,1005
8608,0
8609,0
8610,1005
8611,0
8612,1005
8613,1005
8614,0
8615,1005
8616,1005
8617,0
8618,1005
8619,1005
8620,0
8621,1005
8622,990
8623,0
8624,1005
8625,0
8626,0
8627,1005
8628,0
8629,0
8630,1005
8631,0
8632,0
8633,1005
8634,0
8635,1004
8636,1005
8637,0
8638,1005
8639,1005
8640,0
8641,1006
8642,1005
8643,0
8644,1005
8645,0
8646,0
8647,1005
8648,0
8649,0
8650,1005
8651,0
8652,0
8653,1005
8654,0
8655,1005
8656,1005
8657,0
8658,1005
8659,1005
8660,0
8661,1005
8662,1005
8663,0
8664,1005
8665,0
8666,0
8667,1005
8668,0
8669,0
8670,1005
8671,0
8672,0
8673,1005
8674,0
8675,0
8676,1005
8677,0
8678,1005
8679,1005
8680,0
8681,1005
8682,1005
8683,0
8684,1005
8685,1005
8686,0
8687,1005
8688,0
8689,0
8690,1005
8691,0
8692,0
8693,1005
8694,0
8695,0
8696,1005
8697,0
8698,1005
8699,1005
8700,0
8701,1005
8702,1004
8703,0
8704,1005
8705,1005
8706,0
8707,1005
8708,0
8709,0
8710,1005
8711,0
8712,0
8713,1005
8714,0
8715,0
8716,1005
8717,0
8718,0
8719,1005
8720,0
8721,1005
8722,1005
8723,0
8724,1005
8725,1005
8726,0
8727,1005
8728,1005
8729,0
8730,1005
8731,0
8732,0
8733,1004
8734,0
8735,0
8736,1004
8737,0
8738,0
8739,1004
8740,0
8741,1005
8742,1005
8743,0
8744,1005
8745,1005
8746,0
8747,1005
8748,1005
8749,0
8750,1005
8751,0
8752,0
8753,1005
8754,0
8755,0
8756,1005
8757,0
8758,0
8759,1005
8760,0
8761,51
8762,1005
8763,0
8764,1005
8765,1005
8766,0
8767,1005
8768,1004
8769,0
8770,1004
8771,1005
8772,0
8773,1005
8774,0
8775,0
8776,1005
8777,0
8778,0
8779,1005
8780,0
8781,0
8782,1005
8783,0
8784,1004
8785,1004
8786,0
8787,1005
8788,1005
8789,0
8790,1005
8791,1005
8792,0
8793,1005
8794,0
8795,0
8796,1005
8797,0
8798,0
8799,1005
8800,0
8801,0
8802,1004
8803,0
8804,1005
8805,1005
8806,0
8807,1004
8808,1005
8809,0
8810,1005
8811,1004
8812,0
8813,1005
8814,1004
8815,0
8816,1005
8817,0
8818,0
8819,1005
8820,0
8821,0
8822,1005
8823,0
8824,0
8825,1005
8826,0
8827,1005
8828,1005
8829,0
8830,1005
8831,1005
8832,0
8833,1005
8834,1004
8835,0
8836,1005
8837,0
8838,0
8839,1005
8840,0
8841,0
8842,1005
8843,0
8844,0
8845,1005
8846,0
8847,1005
8848,1005
8849,0
8850,1005
8851,1005
8852,0
8853,1005
8854,1005
8855,0
8856,1005
8857,989
8858,0
8859,1005
8860,0
8861,0
8862,1005
8863,0
8864,0
8865,1005
8866,0
8867,0
8868,1005
8869,0
8870,1005
8871,1005
8872,0
8873,1004
8874,1005
8875,0
8876,1005
8877,1005
8878,0
8879,1005
8880,0
8881,0
8882,1005
8883,0
8884,0
8885,1004
8886,0
8887,0
8888,1005
8889,0
8890,1004
8891,1005
8892,0
8893,1005
8894,1005
8895,0
8896,1005
8897,1005
8898,0
8899,1005
8900,0
8901,0
8902,1005
8903,0
8904,0
8905,1005
8906,0
8907,0
8908,1005
8909,0
8910,0
8911,1005
8912,0
8913,1005
8914,1006
8915,0
8916,1005
8917,1005
8918,0
8919,1004
8920,1005
8921,0
8922,1005
8923,0
8924,0
8925,1004
8926,0
8927,0
8928,1005
8929,0
8930,0
8931,1005
8932,0
8933,1005
8934,1005
8935,0
8936,1004
8937,1005
8938,0
8939,1004
8940,1005
8941,0
8942,1005
8943,0
8944,0
8945,1005
8946,0
8947,0
8948,1005
8949,0
8950,0
8951,1005
8952,0
8953,52
8954,1005
8955,0
8956,1004
8957,1005
8958,0
8959,1005
8960,1005
8961,0
8962,1005
8963,1005
8964,0
8965,1005
8966,0
8967,0
8968,1005
8969,0
8970,0
8971,1005
8972,0
8973,0
8974,1005
8975,0
8976,1005
8977,1005
8978,0
8979,1005
8980,1006
8981,0
8982,1005
8983,1005
8984,0
8985,1004
8986,0
8987,0
8988,1005
8989,0
8990,0
8991,1005
8992,0
8993,0
8994,1005
8995,0
8996,1005
8997,1005
8998,0
8999,1005
9000,1005
9001,0
9002,1005
9003,1005
9004,0
9005,1005
9006,983
9007,0
9008,1005
9009,0
9010,0
9011,1005
9012,0
9013,0
9014,1005
9015,0
9016,0
9017,1005
9018,0
9019,1004
9020,1005
9021,0
9022,1005
9023,1005
9024,0
9025,1005
9026,1005
9027,0
9028,1005
9029,0
9030,0
9031,1005
9032,0
9033,0
9034,1005
9035,0
9036,0
9037,1005
9038,0
9039,1005
9040,1005
9041,0
9042,1005
9043,1005
9044,0
9045,1005
9046,1005
9047,0
9048,1005
9049,0
9050,0
9051,1005
9052,0
9053,0
9054,1005
9055,0
9056,0
9057,1005
9058,0
9059,0
9060,1005
9061,0
9062,1004
9063,1005
9064,0
9065,1004
9066,1005
9067,0
9068,1005
9069,1006
9070,0
9071,1005
9072,0
9073,0
9074,1005
9075,0
9076,0
9077,1004
9078,0
9079,0
9080,1005
9081,0
9082,1005
9083,1005
9084,0
9085,1005
9086,1005
9087,0
9088,1005
9089,1005
9090,0
9091,1005
9092,0
9093,0
9094,1005
9095,0
9096,0
9097,1005
9098,0
9099,0
9100,1005
9101,0
9102,0
9103,1004
9104,0
9105,1005
9106,1005
9107,0
9108,1005
9109,1005
9110,0
9111,1005
9112,1005
9113,0
9114,1005
9115,0
9116,0
9117,1005
9118,0
9119,0
9120,1005
9121,0
9122,0
9123,1005
9124,0
9125,1005
9126,1005
9127,0
9128,1005
9129,1005
9130,0
9131,1005
9132,1004
9133,0
9134,1005
9135,0
9136,0
9137,1005
9138,0
9139,0
9140,1005
9141,0
9142,0
9143,1005
9144,0
9145,76
9146,1005
9147,0
9148,1005
9149,1005
9150,0
9151,1005
9152,1005
9153,0
9154,1005
9155,1004
9156,0
9157,1005
9158,0
9159,0
9160,1004
9161,0
9162,0
9163,1005
9164,0
9165,0
9166,1005
9167,0
9168,1004
9169,1005
9170,0
9171,1005
9172,1004
9173,0
9174,1004
9175,1005
9176,0
9177,1005
9178,0
9179,0
9180,1004
9181,0
9182,0
9183,1005
9184,0
9185,0
9186,1004
9187,0
9188,1004
9189,1005
9190,0
9191,1005
9192,1005
9193,0
9194,1006
9195,1005
9196,0
9197,1005
9198,1004
9199,0
9200,1005
9201,0
9202,0
9203,1005
9204,0
9205,0
9206,1006
9207,0
9208,0
9209,1004
9210,0
9211,1005
9212,1005
9213,0
9214,1005
9215,1005
9216,0
9217,1005
9218,1004
9219,0
9220,1005
9221,0
9222,0
9223,1005
9224,0
9225,0
9226,1005
9227,0
9228,0
9229,1004
9230,0
9231,1005
9232,1005
9233,0
9234,1005
9235,1005
9236,0
9237,1005
9238,1005
9239,0
9240,1005
9241,983
9242,0
9243,1005
9244,0
9245,0
9246,1004
9247,0
9248,0
9249,1005
9250,0
9251,0
9252,1005
9253,0
9254,1004
9255,1005
9256,0
9257,1005
9258,1005
9259,0
9260,1004
9261,1005
9262,0
9263,1005
9264,0
9265,0
9266,1005
9267,0
9268,0
9269,1005
9270,0
9271,0
9272,1005
9273,0
9274,1005
9275,1005
9276,0
9277,1005
9278,1005
9279,0
9280,1005
9281,1005
9282,0
9283,1005
9284,0
9285,0
9286,1005
9287,0
9288,0
9289,1005
9290,0
9291,0
9292,1005
9293,0
9294,0
9295,1005
9296,0
9297,1005
9298,1005
9299,0
9300,1005
9301,1005
9302,0
9303,1005
9304,1005
9305,0
9306,1005
9307,0
9308,0
9309,1005
9310,0
9311,0
9312,1005
9313,0
9314,0
9315,1005
9316,0
9317,1005
9318,1005
9319,0
9320,1005
9321,1005
9322,0
9323,1005
9324,1005
9325,0
9326,1005
9327,0
9328,0
9329,1006
9330,0
9331,0
9332,1005
9333,0
9334,0
9335,1005
9336,0
9337,51
9338,1005
9339,0
9340,1005
9341,1005
9342,0
9343,1005
9344,1005
9345,0
9346,1005
9347,1005
9348,0
9349,1005
9350,0
9351,0
9352,1005
9353,0
9354,0
9355,1004
9356,0
9357,0
9358,1005
9359,0
9360,1004
9361,1005
9362,0
9363,1005
9364,1005
9365,0
9366,1005
9367,1005
9368,0
9369,1005
9370,0
9371,0
9372,1005
9373,0
9374,0
9375,1005
9376,0
9377,0
9378,1005
9379,0
9380,1005
9381,1005
9382,0
9383,1004
9384,1005
9385,0
9386,1005
9387,1005
9388,0
9389,1004
9390,990
9391,0
9392,1005
9393,0
9394,0
9395,1005
9396,0
9397,0
9398,1006
9399,0
9400,0
9401,1005
9402,0
9403,1005
9404,1004
9405,0
9406,1005
9407,1005
9408,0
9409,1005
9410,1005
9411,0
9412,1005
9413,0
9414,0
9415,1005
9416,0
9417,0
9418,1005
9419,0
9420,0
9421,1004
9422,0
9423,1004
9424,1005
9425,0
9426,1004
9427,1005
9428,0
9429,1005
9430,1005
9431,0
9432,1005
9433,0
9434,0
9435,1004
9436,0
9437,0
9438,1005
9439,0
9440,0
9441,1005
9442,0
9443,0
9444,1005
9445,0
9446,1005
9447,1005
9448,0
9449,1005
9450,1005
9451,0
9452,1005
9453,1005
9454,0
9455,1005
9456,0
9457,0
9458,1005
9459,0
9460,0
9461,1005
9462,0
9463,0
9464,1005
9465,0
9466,1004
9467,1005
9468,0
9469,1005
9470,1005
9471,0
9472,1005
9473,1005
9474,0
9475,1004
9476,0
9477,0
9478,1005
9479,0
9480,0
9481,1005
9482,0
9483,0
9484,1005
9485,0
9486,0
9487,1005
9488,0
9489,1005
9490,1005
9491,0
9492,1004
9493,1005
9494,0
9495,1005
9496,1005
9497,0
9498,1005
9499,0
9500,0
9501,1005
9502,0
9503,0
9504,1005
9505,0
9506,0
9507,1005
9508,0
9509,1004
9510,1005
9511,0
9512,1005
9513,1005
9514,0
9515,1005
9516,1004
9517,0
9518,1005
9519,0
9520,0
9521,1005
9522,0
9523,0
9524,1005
9525,0
9526,0
9527,1005
9528,0
9529,52
9530,1006
9531,0
9532,1005
9533,1006
9534,0
9535,1005
9536,1005
9537,0
9538,1005
9539,1005
9540,0
9541,1004
9542,0
9543,0
9544,1005
9545,0
9546,0
9547,1004
9548,0
9549,0
9550,1005
9551,0
9552,1005
9553,1005
9554,0
9555,1005
9556,1004
9557,0
9558,1005
9559,1005
9560,0
9561,1005
9562,0
9563,0
9564,1005
9565,0
9566,0
9567,1005
9568,0
9569,0
9570,1005
9571,0
9572,1004
9573,1005
9574,0
9575,1005
9576,1005
9577,0
9578,1005
9579,1005
9580,0
9581,1005
9582,1004
9583,0
9584,1005
9585,0
9586,0
9587,1005
9588,0
9589,0
9590,1004
9591,0
9592,0
9593,1005
9594,0
9595,1005
9596,1005
9597,0
9598,1005
9599,1005
9600,0
9601,1005
9602,1005
9603,0
9604,1004
9605,0
9606,0
9607,1005
9608,0
9609,0
9610,1005
9611,0
9612,0
9613,1005
9614,0
9615,1005
9616,1005
9617,0
9618,1005
9619,1005
9620,0
9621,1005
9622,1005
9623,0
9624,1005
9625,989
9626,0
9627,1005
9628,0
9629,0
9630,1005
9631,0
9632,0
9633,1005
9634,0
9635,0
9636,1005
9637,0
9638,1005
9639,1005
9640,0
9641,1005
9642,1005
9643,0
9644,1004
9645,1005
9646,0
9647,1005
9648,0
9649,0
9650,1004
9651,0
9652,0
9653,1005
9654,0
9655,0
9656,1005
9657,0
9658,1005
9659,1005
9660,0
9661,1005
9662,1005
9663,0
9664,1005
9665,1005
9666,0
9667,1005
9668,0
9669,0
9670,1005
9671,0
9672,0
9673,1005
9674,0
9675,0
9676,1005
9677,0
9678,0
9679,1005
9680,0
9681,1005
9682,1005
9683,0
9684,1005
9685,1005
9686,0
9687,1005
9688,1005
9689,0
9690,1005
9691,0
9692,0
9693,1005
9694,0
9695,0
9696,1004
9697,0
9698,0
9699,1005
9700,0
9701,1005
9702,1005
9703,0
9704,1005
9705,1004
9706,0
9707,1005
9708,1005
9709,0
9710,1005
9711,0
9712,0
9713,1005
9714,0
9715,0
9716,1005
9717,0
9718,0
9719,1005
9720,0
9721,52
9722,1005
9723,0
9724,1005
9725,1005
9726,0
9727,1005
9728,1005
9729,0
9730,1005
9731,1005
9732,0
9733,1005
9734,0
9735,0
9736,1005
9737,0
9738,0
9739,1005
9740,0
9741,0
9742,1005
9743,0
9744,1004
9745,1005
9746,0
9747,1005
9748,1005
9749,0
9750,1005
9751,1004
9752,0
9753,1005
9754,0
9755,0
9756,1004
9757,0
9758,0
9759,1005
9760,0
9761,0
9762,1005
9763,0
9764,1005
9765,1005
9766,0
9767,1005
9768,1004
9769,0
9770,1005
9771,1005
9772,0
9773,1005
9774,990
9775,0
9776,1005
9777,0
9778,0
9779,1005
9780,0
9781,0
9782,1005
9783,0
9784,0
9785,1005
9786,0
9787,1005
9788,1004
9789,0
9790,1005
9791,1005
9792,0
9793,1005
9794,1005
9795,0
9796,1005
9797,0
9798,0
9799,1005
9800,0
9801,0
9802,1005
9803,0
9804,0
9805,1005
9806,0
9807,1005
9808,1005
9809,0
9810,1005
9811,1005
9812,0
9813,1005
9814,1005
9815,0
9816,1005
9817,0
9818,0
9819,1005
9820,0
9821,0
9822,1005
9823,0
9824,0
9825,1005
9826,0
9827,0
9828,1005
9829,0
9830,1005
9831,1005
9832,0
9833,1005
9834,1005
9835,0
9836,1005
9837,1005
9838,0
9839,1005
9840,0
9841,0
9842,1005
9843,0
9844,0
9845,1005
9846,0
9847,0
9848,1005
9849,0
9850,1005
9851,1005
9852,0
9853,1005
9854,1006
9855,0
9856,1005
9857,1004
9858,0
9859,1005
9860,0
9861,0
9862,1005
9863,0
9864,0
9865,1005
9866,0
9867,0
9868,1005
9869,0
9870,0
9871,1004
9872,0
9873,1005
9874,1005
9875,0
9876,1005
9877,1005
9878,0
9879,1005
9880,1005
9881,0
9882,1005
9883,0
9884,0
9885,1005
9886,0
9887,0
9888,1004
9889,0
9890,0
9891,1004
9892,0
9893,1005
9894,1005
9895,0
9896,1005
9897,1005
9898,0
9899,1005
9900,1004
9901,0
9902,1005
9903,0
9904,0
9905,1005
9906,0
9907,0
9908,1005
9909,0
9910,0
9911,1005
9912,0
9913,52
9914,1005
9915,0
9916,1005
9917,1005
9918,0
9919,1005
9920,1005
9921,0
9922,1005
9923,1005
9924,0
9925,1005
9926,0
9927,0
9928,1005
9929,0
9930,0
9931,1005
9932,0
9933,0
9934,1005
9935,0
9936,1004
9937,1005
9938,0
9939,1005
9940,1005
9941,0
9942,1005
9943,1005
9944,0
9945,1005
9946,0
9947,0
9948,1005
9949,0
9950,0
9951,1005
9952,0
9953,0
9954,1005
9955,0
9956,1005
9957,1005
9958,0
9959,1005
9960,1005
9961,0
9962,1005
9963,1005
9964,0
9965,1005
9966,1005
9967,0
9968,1005
9969,0
9970,0
9971,1005
9972,0
9973,0
9974,1005
9975,0
9976,0
9977,1005
9978,0
9979,1005
9980,1005
9981,0
9982,1005
9983,1005
9984,0
9985,1004
9986,1005
9987,0
9988,1005
9989,0
9990,0
9991,1005
9992,0
9993,0
9994,1005
9995,0
9996,0
9997,1005
9998,0
9999,1005
10000,1005
