1,1022
2,1022
3,0
4,0
5,1022
6,0
7,0
8,1022
9,1022
10,0
11,1021
12,1022
13,0
14,0
15,1022
16,0
17,0
18,1023
19,1022
20,0
21,1022
22,1022
23,0
24,0
25,1022
26,0
27,0
28,1022
29,1022
30,0
31,1022
32,1022
33,0
34,0
35,1022
36,0
37,0
38,1022
39,1022
40,0
41,1022
42,1022
43,0
44,0
45,1022
46,0
47,0
48,1021
49,1022
50,0
51,1022
52,1022
53,0
54,0
55,1022
56,0
57,0
58,1022
59,1022
60,0
61,1022
62,1022
63,0
64,0
65,1022
66,0
67,0
68,1022
69,1022
70,0
71,1022
72,1021
73,0
74,0
75,1022
76,0
77,0
78,1022
79,1021
80,0
81,1022
82,1022
83,0
84,0
85,1022
86,0
87,0
88,1022
89,1022
90,0
91,1022
92,1022
93,0
94,0
95,1022
96,0
97,0
98,1022
99,1022
100,0
101,1022
102,1022
103,0
104,0
105,1022
106,0
107,0
108,1022
109,1022
110,0
111,1022
112,1022
113,0
114,0
115,1022
116,0
117,0
118,1022
119,1021
120,0
121,1022
122,1021
123,0
124,0
125,1022
126,0
127,0
128,1022
129,1022
130,0
131,1021
132,1022
133,0
134,0
135,1022
136,0
137,0
138,1022
139,1022
140,0
141,1021
142,1022
143,0
144,0
145,1021
146,0
147,0
148,1021
149,1022
150,0
151,1022
152,1022
153,0
154,0
155,1022
156,0
157,0
158,1022
159,1022
160,0
161,1022
162,1022
163,0
164,0
165,1022
166,0
167,0
168,1022
169,1022
170,0
171,1022
172,1021
173,0
174,0
175,1022
176,0
177,0
178,1022
179,1022
180,0
181,1022
182,1022
183,0
184,0
185,1022
186,0
187,0
188,1022
189,1022
190,0
191,1022
192,1021
193,0
194,0
195,1022
196,0
197,0
198,1022
199,1021
200,0
201,1021
202,1022
203,0
204,0
205,1022
206,0
207,0
208,1022
209,1022
210,0
211,1022
212,1022
213,0
214,1022
215,1022
216,0
217,0
218,1022
219,0
220,0
221,1022
222,1022
223,0
224,1021
225,1022
226,0
227,0
228,1022
229,0
230,0
231,1023
232,1022
233,0
234,1022
235,1022
236,0
237,0
238,1022
239,0
240,0
241,1022
242,1022
243,0
244,1022
245,1022
246,0
247,0
248,1022
249,0
250,0
251,1022
252,1021
253,0
254,1022
255,1022
256,0
257,0
258,1022
259,0
260,0
261,1022
262,1022
263,0
264,1021
265,1022
266,0
267,0
268,1021
269,0
270,0
271,1022
272,1022
273,0
274,1022
275,1022
276,0
277,0
278,1022
279,0
280,0
281,1022
282,1021
283,0
284,1022
285,1022
286,0
287,0
288,1022
289,0
290,0
291,1022
292,1022
293,0
294,1022
295,1022
296,0
297,0
298,1022
299,0
300,0
301,1022
302,1022
303,0
304,1022
305,1022
306,0
307,0
308,1021
309,0
310,0
311,1022
312,1022
313,0
314,1022
315,1022
316,0
317,0
318,1022
319,0
320,0
321,1022
322,1022
323,0
324,1022
325,1022
326,0
327,0
328,1022
329,0
330,0
331,1022
332,1022
333,0
334,1022
335,1022
336,0
337,0
338,1022
339,0
340,0
341,1022
342,1021
343,0
344,1022
345,1022
346,0
347,0
348,1022
349,0
350,0
351,1022
352,1022
353,0
354,1022
355,1021
356,0
357,0
358,1022
359,0
360,0
361,1022
362,1022
363,0
364,1022
365,1022
366,0
367,0
368,1022
369,0
370,0
371,1022
372,1022
373,0
374,1021
375,1022
376,0
377,0
378,1022
379,0
380,0
381,1022
382,1022
383,0
384,1023
385,1022
386,0
387,0
388,1022
389,0
390,0
391,1022
392,1022
393,0
394,1022
395,1022
396,0
397,0
398,1022
399,0
400,0
401,1022
402,1022
403,0
404,1022
405,1022
406,0
407,0
408,1022
409,0
410,0
411,1022
412,1022
413,0
414,1022
415,1022
416,0
417,0
418,1022
419,0
420,0
421,1022
422,1022
423,0
424,1022
425,1022
426,0
427,1022
428,1022
429,0
430,0
431,1021
432,0
433,0
434,1022
435,1021
436,0
437,1022
438,1022
439,0
440,0
441,1022
442,0
443,0
444,1022
445,1022
446,0
447,1022
448,1022
449,0
450,0
451,1021
452,0
453,0
454,1021
455,1022
456,0
457,1021
458,1022
459,0
460,0
461,1022
462,0
463,0
464,1022
465,1023
466,0
467,1022
468,1022
469,0
470,0
471,1022
472,0
473,0
474,1022
475,1022
476,0
477,1021
478,1022
479,0
480,0
481,1022
482,0
483,0
484,1022
485,1022
486,0
487,1022
488,1022
489,0
490,0
491,1022
492,0
493,0
494,1022
495,1022
496,0
497,1022
498,1022
499,0
500,0
501,1022
502,0
503,0
504,1022
505,1021
506,0
507,1022
508,1021
509,0
510,0
511,1022
512,0
513,0
514,1022
515,1022
516,0
517,1022
518,1022
519,0
520,0
521,1022
522,0
523,0
524,1022
525,1022
526,0
527,1022
528,1022
529,0
530,0
531,1023
532,0
533,0
534,1022
535,1022
536,0
537,1022
538,1022
539,0
540,0
541,1022
542,0
543,0
544,1022
545,1022
546,0
547,1022
548,1022
549,0
550,0
551,1022
552,0
553,0
554,1021
555,1022
556,0
557,1022
558,1022
559,0
560,0
561,1022
562,0
563,0
564,1022
565,1022
566,0
567,1022
568,1022
569,0
570,0
571,1022
572,0
573,0
574,1022
575,1023
576,0
577,1022
578,1022
579,0
580,0
581,1021
582,0
583,0
584,1022
585,1021
586,0
587,1022
588,1022
589,0
590,0
591,1022
592,0
593,0
594,1022
595,1022
596,0
597,1022
598,1022
599,0
600,0
601,1022
602,0
603,0
604,1022
605,1022
606,0
607,1021
608,1022
609,0
610,0
611,1022
612,0
613,0
614,1022
615,1022
616,0
617,1022
618,1022
619,0
620,0
621,1022
622,0
623,0
624,1022
625,1022
626,0
627,1022
628,1022
629,0
630,0
631,1022
632,0
633,0
634,1022
635,0
636,0
637,1022
638,1022
639,0
640,1022
641,1022
642,0
643,0
644,1022
645,0
646,0
647,1022
648,1022
649,0
650,1022
651,1022
652,0
653,0
654,1022
655,0
656,0
657,1022
658,1021
659,0
660,1022
661,1022
662,0
663,0
664,1022
665,0
666,0
667,1022
668,1022
669,0
670,1022
671,1022
672,0
673,0
674,1022
675,0
676,0
677,1022
678,1022
679,0
680,1022
681,1022
682,0
683,0
684,1021
685,0
686,0
687,1022
688,1022
689,0
690,1021
691,1022
692,0
693,0
694,1022
695,0
696,0
697,1022
698,1022
699,0
700,1022
701,1022
702,0
703,0
704,1022
705,0
706,0
707,1022
708,1022
709,0
710,1022
711,1022
712,0
713,0
714,1022
715,0
716,0
717,1022
718,1022
719,0
720,1022
721,1022
722,0
723,0
724,1022
725,0
726,0
727,1022
728,1022
729,0
730,1022
731,1022
732,0
733,0
734,1022
735,0
736,0
737,1022
738,1021
739,0
740,1022
741,1021
742,0
743,0
744,1022
745,0
746,0
747,1022
748,1022
749,0
750,1022
751,1022
752,0
753,0
754,1022
755,0
756,0
757,1021
758,1021
759,0
760,1021
761,1022
762,0
763,0
764,1022
765,0
766,0
767,1022
768,1022
769,0
770,1022
771,1022
772,0
773,0
774,1022
775,0
776,0
777,1022
778,1022
779,0
780,1022
781,1022
782,0
783,0
784,1022
785,0
786,0
787,1022
788,1022
789,0
790,1022
791,1022
792,0
793,0
794,1022
795,0
796,0
797,1022
798,1022
799,0
800,1022
801,1022
802,0
803,0
804,1022
805,0
806,0
807,1022
808,1022
809,0
810,1022
811,1022
812,0
813,0
814,1021
815,0
816,0
817,1022
818,1023
819,0
820,1022
821,1022
822,0
823,0
824,1022
825,0
826,0
827,1022
828,1022
829,0
830,1022
831,1022
832,0
833,0
834,1022
835,0
836,0
837,1021
838,1022
839,0
840,1022
841,1022
842,0
843,1021
844,1021
845,0
846,0
847,1022
848,0
849,0
850,1022
851,1022
852,0
853,1022
854,1022
855,0
856,0
857,1022
858,0
859,0
860,1022
861,1022
862,0
863,1022
864,1022
865,0
866,0
867,1022
868,0
869,0
870,1022
871,1022
872,0
873,1022
874,1022
875,0
876,0
877,1022
878,0
879,0
880,1022
881,1022
882,0
883,1022
884,1022
885,0
886,0
887,1022
888,0
889,0
890,1022
891,1022
892,0
893,1022
894,1021
895,0
896,0
897,1022
898,0
899,0
900,1022
901,1022
902,0
903,1022
904,1021
905,0
906,0
907,1022
908,0
909,0
910,1022
911,1022
912,0
913,1021
914,1022
915,0
916,0
917,1021
918,0
919,0
920,1021
921,1022
922,0
923,1022
924,1022
925,0
926,0
927,1022
928,0
929,0
930,1022
931,1022
932,0
933,1022
934,1022
935,0
936,0
937,1022
938,0
939,0
940,1022
941,1022
942,0
943,1022
944,1022
945,0
946,0
947,1022
948,0
949,0
950,1022
951,1022
952,0
953,1021
954,1022
955,0
956,0
957,1022
958,0
959,0
960,1021
961,1022
962,0
963,1022
964,1022
965,0
966,0
967,1022
968,0
969,0
970,1022
971,1022
972,0
973,1021
974,1022
975,0
976,0
977,1022
978,0
979,0
980,1022
981,1022
982,0
983,1023
984,1022
985,0
986,0
987,1022
988,0
989,0
990,1021
991,1022
992,0
993,1021
994,1021
995,0
996,0
997,1022
998,0
999,0
1000,1022
1001,1022
1002,0
1003,1022
1004,1022
1005,0
1006,0
1007,1021
1008,0
1009,0
1010,1022
1011,1022
1012,0
1013,1022
1014,1022
1015,0
1016,0
1017,1022
1018,0
1019,0
1020,1022
1021,1022
1022,0
1023,1022
1024,1022
1025,0
1026,0
1027,1022
1028,0
1029,0
1030,1022
1031,1022
1032,0
1033,1022
1034,1022
1035,0
1036,0
1037,1022
1038,0
1039,0
1040,1022
1041,1021
1042,0
1043,1022
1044,1022
1045,0
1046,1022
1047,1022
1048,0
1049,0
1050,1022
1051,0
1052,0
1053,1022
1054,1022
1055,0
1056,1022
1057,1022
1058,0
1059,0
1060,1022
1061,0
1062,0
1063,1022
1064,1022
1065,0
1066,1022
1067,1022
1068,0
1069,0
1070,1022
1071,0
1072,0
1073,1022
1074,1022
1075,0
1076,1022
1077,1022
1078,0
1079,0
1080,1022
1081,0
1082,0
1083,1022
1084,1022
1085,0
1086,1022
1087,1022
1088,0
1089,0
1090,1022
1091,0
1092,0
1093,1022
1094,1022
1095,0
1096,1022
1097,1022
1098,0
1099,0
1100,1022
1101,0
1102,0
1103,1022
1104,1022
1105,0
1106,1022
1107,1021
1108,0
1109,0
1110,1022
1111,0
1112,0
1113,1022
1114,1022
1115,0
1116,1022
1117,1021
1118,0
1119,0
1120,1022
1121,0
1122,0
1123,1021
1124,1022
1125,0
1126,1022
1127,1022
1128,0
1129,0
1130,1022
1131,0
1132,0
1133,1022
1134,1022
1135,0
1136,1022
1137,1022
1138,0
1139,0
1140,1021
1141,0
1142,0
1143,1022
1144,1021
1145,0
1146,1022
1147,1022
1148,0
1149,0
1150,1022
1151,0
1152,0
1153,1022
1154,1022
1155,0
1156,1022
1157,1022
1158,0
1159,0
1160,1022
1161,0
1162,0
1163,1022
1164,1022
1165,0
1166,1022
1167,1022
1168,0
1169,0
1170,1022
1171,0
1172,0
1173,1022
1174,1022
1175,0
1176,1022
1177,1022
1178,0
1179,0
1180,1022
1181,0
1182,0
1183,1022
1184,1022
1185,0
1186,1022
1187,1022
1188,0
1189,0
1190,1022
1191,0
1192,0
1193,1022
1194,1022
1195,0
1196,1022
1197,1022
1198,0
1199,0
1200,1022
1201,0
1202,0
1203,1022
1204,1022
1205,0
1206,1022
1207,1022
1208,0
1209,0
1210,1022
1211,0
1212,0
1213,1022
1214,1022
1215,0
1216,1022
1217,1022
1218,0
1219,0
1220,1022
1221,0
1222,0
1223,1021
1224,1022
1225,0
1226,1022
1227,1022
1228,0
1229,0
1230,1022
1231,0
1232,0
1233,1022
1234,1022
1235,0
1236,1022
1237,1022
1238,0
1239,0
1240,1022
1241,0
1242,0
1243,1022
1244,1022
1245,0
1246,1022
1247,1022
1248,0
1249,0
1250,1022
1251,0
1252,0
1253,1022
1254,1022
1255,0
1256,1022
1257,1022
1258,0
1259,1022
1260,1022
1261,0
1262,0
1263,1022
1264,0
1265,0
1266,1022
1267,1022
1268,0
1269,1022
1270,1021
1271,0
1272,0
1273,1022
1274,0
1275,0
1276,1021
1277,1022
1278,0
1279,1022
1280,1022
1281,0
1282,0
1283,1022
1284,0
1285,0
1286,1022
1287,1022
1288,0
1289,1022
1290,1022
1291,0
1292,0
1293,1021
1294,0
1295,0
1296,1022
1297,1022
1298,0
1299,1022
1300,1022
1301,0
1302,0
1303,1022
1304,0
1305,0
1306,1022
1307,1022
1308,0
1309,1022
1310,1022
1311,0
1312,0
1313,1022
1314,0
1315,0
1316,1022
1317,1022
1318,0
1319,1022
1320,1022
1321,0
1322,0
1323,1022
1324,0
1325,0
1326,1022
1327,1022
1328,0
1329,1022
1330,1022
1331,0
1332,0
1333,1022
1334,0
1335,0
1336,1022
1337,1022
1338,0
1339,1021
1340,1022
1341,0
1342,0
1343,1022
1344,0
1345,0
1346,1022
1347,1022
1348,0
1349,1023
1350,1023
1351,0
1352,0
1353,1022
1354,0
1355,0
1356,1022
1357,1022
1358,0
1359,1022
1360,1022
1361,0
1362,0
1363,1022
1364,0
1365,0
1366,1022
1367,1022
1368,0
1369,1022
1370,1022
1371,0
1372,0
1373,1022
1374,0
1375,0
1376,1022
1377,1022
1378,0
1379,1022
1380,1022
1381,0
1382,0
1383,1022
1384,0
1385,0
1386,1022
1387,1022
1388,0
1389,1022
1390,1022
1391,0
1392,0
1393,1022
1394,0
1395,0
1396,1022
1397,1022
1398,0
1399,1022
1400,1022
1401,0
1402,0
1403,1022
1404,0
1405,0
1406,1022
1407,1022
1408,0
1409,1022
1410,1022
1411,0
1412,0
1413,1022
1414,0
1415,0
1416,1022
1417,1022
1418,0
1419,1022
1420,1022
1421,0
1422,0
1423,1022
1424,0
1425,0
1426,1022
1427,1022
1428,0
1429,1022
1430,1022
1431,0
1432,0
1433,1022
1434,0
1435,0
1436,1022
1437,1022
1438,0
1439,1022
1440,1022
1441,0
1442,0
1443,1022
1444,0
1445,0
1446,1022
1447,1022
1448,0
1449,1022
1450,1022
1451,0
1452,0
1453,1022
1454,0
1455,0
1456,1022
1457,1022
1458,0
1459,1022
1460,1022
1461,0
1462,0
1463,1022
1464,0
1465,0
1466,1022
1467,0
1468,0
1469,1022
1470,1022
1471,0
1472,1022
1473,1022
1474,0
1475,0
1476,1022
1477,0
1478,0
1479,1022
1480,1022
1481,0
1482,1022
1483,1022
1484,0
1485,0
1486,1022
1487,0
1488,0
1489,1022
1490,1022
1491,0
1492,1022
1493,1023
1494,0
1495,0
1496,1021
1497,0
1498,0
1499,1022
1500,1022
1501,0
1502,1022
1503,1022
1504,0
1505,0
1506,1022
1507,0
1508,0
1509,1022
1510,1022
1511,0
1512,1022
1513,1022
1514,0
1515,0
1516,1022
1517,0
1518,0
1519,1022
1520,1022
1521,0
1522,1022
1523,1022
1524,0
1525,0
1526,1022
1527,0
1528,0
1529,1022
1530,1022
1531,0
1532,1022
1533,1022
1534,0
1535,0
1536,1022
1537,0
1538,0
1539,1022
1540,1022
1541,0
1542,1022
1543,1022
1544,0
1545,0
1546,1022
1547,0
1548,0
1549,1022
1550,1022
1551,0
1552,1022
1553,1022
1554,0
1555,0
1556,1022
1557,0
1558,0
1559,1022
1560,1022
1561,0
1562,1022
1563,1022
1564,0
1565,0
1566,1022
1567,0
1568,0
1569,1021
1570,1023
1571,0
1572,1022
1573,1021
1574,0
1575,0
1576,1022
1577,0
1578,0
1579,1022
1580,1022
1581,0
1582,1022
1583,1022
1584,0
1585,0
1586,1022
1587,0
1588,0
1589,1022
1590,1022
1591,0
1592,1022
1593,1022
1594,0
1595,0
1596,1022
1597,0
1598,0
1599,1021
1600,1022
1601,0
1602,1022
1603,1022
1604,0
1605,0
1606,1022
1607,0
1608,0
1609,1022
1610,1022
1611,0
1612,1022
1613,1022
1614,0
1615,0
1616,1022
1617,0
1618,0
1619,1022
1620,1022
1621,0
1622,1022
1623,1022
1624,0
1625,0
1626,1022
1627,0
1628,0
1629,1022
1630,1022
1631,0
1632,1022
1633,1022
1634,0
1635,0
1636,1022
1637,0
1638,0
1639,1022
1640,1022
1641,0
1642,1022
1643,1022
1644,0
1645,0
1646,1022
1647,0
1648,0
1649,1022
1650,1022
1651,0
1652,1022
1653,1021
1654,0
1655,0
1656,1021
1657,0
1658,0
1659,1022
1660,1022
1661,0
1662,1022
1663,1022
1664,0
1665,0
1666,1022
1667,0
1668,0
1669,1021
1670,1021
1671,0
1672,1022
1673,1022
1674,0
1675,1022
1676,1022
1677,0
1678,0
1679,1021
1680,0
1681,0
1682,1021
1683,1023
1684,0
1685,1022
1686,1022
1687,0
1688,0
1689,1022
1690,0
1691,0
1692,1022
1693,1022
1694,0
1695,1022
1696,1022
1697,0
1698,0
1699,1022
1700,0
1701,0
1702,1022
1703,1022
1704,0
1705,1022
1706,1022
1707,0
1708,0
1709,1022
1710,0
1711,0
1712,1022
1713,1022
1714,0
1715,1022
1716,1022
1717,0
1718,0
1719,1022
1720,0
1721,0
1722,1022
1723,1022
1724,0
1725,1022
1726,1022
1727,0
1728,0
1729,1022
1730,0
1731,0
1732,1022
1733,1022
1734,0
1735,1022
1736,1022
1737,0
1738,0
1739,1022
1740,0
1741,0
1742,1022
1743,1022
1744,0
1745,1022
1746,1022
1747,0
1748,0
1749,1022
1750,0
1751,0
1752,1022
1753,1022
1754,0
1755,1022
1756,1022
1757,0
1758,0
1759,1022
1760,0
1761,0
1762,1022
1763,1022
1764,0
1765,1022
1766,1022
1767,0
1768,0
1769,1021
1770,0
1771,0
1772,1021
1773,1022
1774,0
1775,1022
1776,1022
1777,0
1778,0
1779,1022
1780,0
1781,0
1782,1022
1783,1022
1784,0
1785,1022
1786,1022
1787,0
1788,0
1789,1022
1790,0
1791,0
1792,1022
1793,1022
1794,0
1795,1022
1796,1022
1797,0
1798,0
1799,1022
1800,0
1801,0
1802,1022
1803,1021
1804,0
1805,1022
1806,1022
1807,0
1808,0
1809,1021
1810,0
1811,0
1812,1022
1813,1022
1814,0
1815,1022
1816,1022
1817,0
1818,0
1819,1022
1820,0
1821,0
1822,1022
1823,1021
1824,0
1825,1022
1826,1022
1827,0
1828,0
1829,1022
1830,0
1831,0
1832,1022
1833,1022
1834,0
1835,1022
1836,1022
1837,0
1838,0
1839,1022
1840,0
1841,0
1842,1022
1843,1022
1844,0
1845,1022
1846,1022
1847,0
1848,0
1849,1022
1850,0
1851,0
1852,1022
1853,1022
1854,0
1855,1022
1856,1022
1857,0
1858,0
1859,1022
1860,0
1861,0
1862,1022
1863,1022
1864,0
1865,1022
1866,1022
1867,0
1868,0
1869,1021
1870,0
1871,0
1872,1021
1873,1021
1874,0
1875,1021
1876,1021
1877,0
1878,1021
1879,1022
1880,0
1881,0
1882,1022
1883,0
1884,0
1885,1022
1886,1022
1887,0
1888,1022
1889,1021
1890,0
1891,0
1892,1021
1893,0
1894,0
1895,1022
1896,1022
1897,0
1898,1022
1899,1021
1900,0
1901,0
1902,1022
1903,0
1904,0
1905,1022
1906,1022
1907,0
1908,1022
1909,1022
1910,0
1911,0
1912,1022
1913,0
1914,0
1915,1022
1916,1022
1917,0
1918,1022
1919,1022
1920,0
1921,0
1922,1022
1923,0
1924,0
1925,1022
1926,1022
1927,0
1928,1021
1929,1022
1930,0
1931,0
1932,1021
1933,0
1934,0
1935,1022
1936,1022
1937,0
1938,1022
1939,1022
1940,0
1941,0
1942,1022
1943,0
1944,0
1945,1022
1946,1022
1947,0
1948,1022
1949,1021
1950,0
1951,0
1952,1022
1953,0
1954,0
1955,1022
1956,1022
1957,0
1958,1022
1959,1022
1960,0
1961,0
1962,1022
1963,0
1964,0
1965,1022
1966,1022
1967,0
1968,1022
1969,1022
1970,0
1971,0
1972,1022
1973,0
1974,0
1975,1022
1976,1022
1977,0
1978,1022
1979,1022
1980,0
1981,0
1982,1023
1983,0
1984,0
1985,1022
1986,1022
1987,0
1988,1022
1989,1021
1990,0
1991,0
1992,1022
1993,0
1994,0
1995,1021
1996,1022
1997,0
1998,1022
1999,1022
2000,0
2001,0
2002,1022
2003,0
2004,0
2005,1022
2006,1022
2007,0
2008,1022
2009,1022
2010,0
2011,0
2012,1022
2013,0
2014,0
2015,1022
2016,1022
2017,0
2018,1022
2019,1022
2020,0
2021,0
2022,1022
2023,0
2024,0
2025,1021
2026,1022
2027,0
2028,1022
2029,1022
2030,0
2031,0
2032,1022
2033,0
2034,0
2035,1022
2036,1022
2037,0
2038,1022
2039,1022
2040,0
2041,0
2042,1021
2043,0
2044,0
2045,1021
2046,1022
2047,0
2048,1022
2049,1021
2050,0
2051,0
2052,1022
2053,0
2054,0
2055,1022
2056,1022
2057,0
2058,1022
2059,1022
2060,0
2061,0
2062,1021
2063,0
2064,0
2065,1021
2066,1022
2067,0
2068,1022
2069,1022
2070,0
2071,0
2072,1022
2073,0
2074,0
2075,1022
2076,1022
2077,0
2078,1022
2079,1022
2080,0
2081,0
2082,1022
2083,0
2084,0
2085,1022
2086,1022
2087,0
2088,1022
2089,1022
2090,0
2091,1021
2092,1022
2093,0
2094,0
2095,1022
2096,0
2097,0
2098,1022
2099,1022
2100,0
2101,1022
2102,1022
2103,0
2104,0
2105,1022
2106,0
2107,0
2108,1022
2109,1022
2110,0
2111,1022
2112,1022
2113,0
2114,0
2115,1022
2116,0
2117,0
2118,1021
2119,1022
2120,0
2121,1021
2122,1021
2123,0
2124,0
2125,1022
2126,0
2127,0
2128,1022
2129,1022
2130,0
2131,1022
2132,1022
2133,0
2134,0
2135,1022
2136,0
2137,0
2138,1022
2139,1022
2140,0
2141,1022
2142,1021
2143,0
2144,0
2145,1022
2146,0
2147,0
2148,1022
2149,1023
2150,0
2151,1021
2152,1022
2153,0
2154,0
2155,1022
2156,0
2157,0
2158,1022
2159,1022
2160,0
2161,1022
2162,1022
2163,0
2164,0
2165,1021
2166,0
2167,0
2168,1022
2169,1022
2170,0
2171,1022
2172,1022
2173,0
2174,0
2175,1022
2176,0
2177,0
2178,1022
2179,1022
2180,0
2181,1022
2182,1022
2183,0
2184,0
2185,1022
2186,0
2187,0
2188,1022
2189,1022
2190,0
2191,1022
2192,1021
2193,0
2194,0
2195,1022
2196,0
2197,0
2198,1022
2199,1022
2200,0
2201,1022
2202,1022
2203,0
2204,0
2205,1022
2206,0
2207,0
2208,1022
2209,1022
2210,0
2211,1022
2212,1022
2213,0
2214,0
2215,1021
2216,0
2217,0
2218,1022
2219,1021
2220,0
2221,1022
2222,1022
2223,0
2224,0
2225,1021
2226,0
2227,0
2228,1022
2229,1022
2230,0
2231,1022
2232,1022
2233,0
2234,0
2235,1022
2236,0
2237,0
2238,1022
2239,1022
2240,0
2241,1022
2242,1021
2243,0
2244,0
2245,1022
2246,0
2247,0
2248,1022
2249,1022
2250,0
2251,1022
2252,1022
2253,0
2254,0
2255,1022
2256,0
2257,0
2258,1022
2259,1023
2260,0
2261,1022
2262,1022
2263,0
2264,0
2265,1022
2266,0
2267,0
2268,1022
2269,1022
2270,0
2271,1021
2272,1022
2273,0
2274,0
2275,1022
2276,0
2277,0
2278,1022
2279,1022
2280,0
2281,1022
2282,1023
2283,0
2284,0
2285,1022
2286,0
2287,0
2288,1022
2289,1022
2290,0
2291,1022
2292,1022
2293,0
2294,0
2295,1022
2296,0
2297,0
2298,1021
2299,0
2300,0
2301,1022
2302,1022
2303,0
2304,1021
2305,1022
2306,0
2307,0
2308,1022
2309,0
2310,0
2311,1022
2312,1022
2313,0
2314,1022
2315,1022
2316,0
2317,0
2318,1022
2319,0
2320,0
2321,1022
2322,1022
2323,0
2324,1022
2325,1022
2326,0
2327,0
2328,1022
2329,0
2330,0
2331,1022
2332,1022
2333,0
2334,1022
2335,1022
2336,0
2337,0
2338,1022
2339,0
2340,0
2341,1023
2342,1022
2343,0
2344,1022
2345,1022
2346,0
2347,0
2348,1022
2349,0
2350,0
2351,1022
2352,1022
2353,0
2354,1022
2355,1022
2356,0
2357,0
2358,1022
2359,0
2360,0
2361,1022
2362,1022
2363,0
2364,1022
2365,1022
2366,0
2367,0
2368,1022
2369,0
2370,0
2371,1022
2372,1021
2373,0
2374,1022
2375,1022
2376,0
2377,0
2378,1022
2379,0
2380,0
2381,1022
2382,1023
2383,0
2384,1022
2385,1022
2386,0
2387,0
2388,1022
2389,0
2390,0
2391,1022
2392,1022
2393,0
2394,1022
2395,1022
2396,0
2397,0
2398,1022
2399,0
2400,0
2401,1022
2402,1022
2403,0
2404,1022
2405,1022
2406,0
2407,0
2408,1022
2409,0
2410,0
2411,1022
2412,1022
2413,0
2414,1022
2415,1021
2416,0
2417,0
2418,1022
2419,0
2420,0
2421,1021
2422,1022
2423,0
2424,1021
2425,1021
2426,0
2427,0
2428,1022
2429,0
2430,0
2431,1021
2432,1022
2433,0
2434,1022
2435,1022
2436,0
2437,0
2438,1022
2439,0
2440,0
2441,1022
2442,1021
2443,0
2444,1022
2445,1022
2446,0
2447,0
2448,1022
2449,0
2450,0
2451,1022
2452,1022
2453,0
2454,1021
2455,1022
2456,0
2457,0
2458,1022
2459,0
2460,0
2461,1022
2462,1022
2463,0
2464,1021
2465,1022
2466,0
2467,0
2468,1022
2469,0
2470,0
2471,1022
2472,1022
2473,0
2474,1022
2475,1022
2476,0
2477,0
2478,1022
2479,0
2480,0
2481,1022
2482,1022
2483,0
2484,1022
2485,1022
2486,0
2487,0
2488,1022
2489,0
2490,0
2491,1022
2492,1022
2493,0
2494,1022
2495,1021
2496,0
2497,0
2498,1022
2499,0
2500,0
2501,1022
2502,1022
2503,0
2504,1021
2505,1022
2506,0
2507,1022
2508,1022
2509,0
2510,0
2511,1022
2512,0
2513,0
2514,1022
2515,1022
2516,0
2517,1022
2518,1022
2519,0
2520,0
2521,1022
2522,0
2523,0
2524,1021
2525,1022
2526,0
2527,1021
2528,1022
2529,0
2530,0
2531,1022
2532,0
2533,0
2534,1021
2535,1022
2536,0
2537,1022
2538,1022
2539,0
2540,0
2541,1022
2542,0
2543,0
2544,1022
2545,1022
2546,0
2547,1022
2548,1022
2549,0
2550,0
2551,1022
2552,0
2553,0
2554,1022
2555,1022
2556,0
2557,1022
2558,1022
2559,0
2560,0
2561,1022
2562,0
2563,0
2564,1022
2565,1022
2566,0
2567,1022
2568,1021
2569,0
2570,0
2571,1022
2572,0
2573,0
2574,1022
2575,1022
2576,0
2577,1022
2578,1022
2579,0
2580,0
2581,1022
2582,0
2583,0
2584,1022
2585,1021
2586,0
2587,1022
2588,1022
2589,0
2590,0
2591,1021
2592,0
2593,0
2594,1022
2595,1022
2596,0
2597,1021
2598,1022
2599,0
2600,0
2601,1022
2602,0
2603,0
2604,1021
2605,1022
2606,0
2607,1022
2608,1021
2609,0
2610,0
2611,1021
2612,0
2613,0
2614,1022
2615,1022
2616,0
2617,1022
2618,1022
2619,0
2620,0
2621,1021
2622,0
2623,0
2624,1022
2625,1022
2626,0
2627,1022
2628,1022
2629,0
2630,0
2631,1022
2632,0
2633,0
2634,1022
2635,1022
2636,0
2637,1022
2638,1022
2639,0
2640,0
2641,1022
2642,0
2643,0
2644,1022
2645,1022
2646,0
2647,1022
2648,1022
2649,0
2650,0
2651,1021
2652,0
2653,0
2654,1022
2655,1022
2656,0
2657,1022
2658,1021
2659,0
2660,0
2661,1021
2662,0
2663,0
2664,1022
2665,1022
2666,0
2667,1022
2668,1022
2669,0
2670,0
2671,1022
2672,0
2673,0
2674,1021
2675,1022
2676,0
2677,1022
2678,1022
2679,0
2680,0
2681,1022
2682,0
2683,0
2684,1022
2685,1022
2686,0
2687,1022
2688,1022
2689,0
2690,0
2691,1022
2692,0
2693,0
2694,1022
2695,1022
2696,0
2697,1022
2698,1021
2699,0
2700,0
2701,1022
2702,0
2703,0
2704,1022
2705,1021
2706,0
2707,1021
2708,1022
2709,0
2710,0
2711,1022
2712,0
2713,0
2714,1022
2715,0
2716,0
2717,1022
2718,1022
2719,0
2720,1021
2721,1022
2722,0
2723,0
2724,1022
2725,0
2726,0
2727,1021
2728,1022
2729,0
2730,1022
2731,1022
2732,0
2733,0
2734,1022
2735,0
2736,0
2737,1022
2738,1021
2739,0
2740,1022
2741,1021
2742,0
2743,0
2744,1022
2745,0
2746,0
2747,1022
2748,1022
2749,0
2750,1022
2751,1022
2752,0
2753,0
2754,1022
2755,0
2756,0
2757,1022
2758,1022
2759,0
2760,1022
2761,1022
2762,0
2763,0
2764,1022
2765,0
2766,0
2767,1022
2768,1022
2769,0
2770,1022
2771,1022
2772,0
2773,0
2774,1022
2775,0
2776,0
2777,1022
2778,1022
2779,0
2780,1022
2781,1022
2782,0
2783,0
2784,1022
2785,0
2786,0
2787,1022
2788,1022
2789,0
2790,1022
2791,1022
2792,0
2793,0
2794,1022
2795,0
2796,0
2797,1022
2798,1022
2799,0
2800,1022
2801,1022
2802,0
2803,0
2804,1022
2805,0
2806,0
2807,1022
2808,1022
2809,0
2810,1021
2811,1022
2812,0
2813,0
2814,1022
2815,0
2816,0
2817,1022
2818,1022
2819,0
2820,1022
2821,1022
2822,0
2823,0
2824,1022
2825,0
2826,0
2827,1022
2828,1022
2829,0
2830,1022
2831,1022
2832,0
2833,0
2834,1022
2835,0
2836,0
2837,1022
2838,1022
2839,0
2840,1022
2841,1022
2842,0
2843,0
2844,1022
2845,0
2846,0
2847,1022
2848,1022
2849,0
2850,1022
2851,1022
2852,0
2853,0
2854,1021
2855,0
2856,0
2857,1022
2858,1022
2859,0
2860,1022
2861,1022
2862,0
2863,0
2864,1022
2865,0
2866,0
2867,1022
2868,1022
2869,0
2870,1022
2871,1022
2872,0
2873,0
2874,1022
2875,0
2876,0
2877,1022
2878,1022
2879,0
2880,1022
2881,1023
2882,0
2883,0
2884,1022
2885,0
2886,0
2887,1022
2888,1021
2889,0
2890,1022
2891,1022
2892,0
2893,0
2894,1022
2895,0
2896,0
2897,1022
2898,1022
2899,0
2900,1023
2901,1022
2902,0
2903,0
2904,1022
2905,0
2906,0
2907,1022
2908,1022
2909,0
2910,1021
2911,1022
2912,0
2913,0
2914,1022
2915,0
2916,0
2917,1022
2918,1022
2919,0
2920,1022
2921,1022
2922,0
2923,1022
2924,1022
2925,0
2926,0
2927,1022
2928,0
2929,0
2930,1022
2931,1022
2932,0
2933,1022
2934,1022
2935,0
2936,0
2937,1022
2938,0
2939,0
2940,1022
2941,1022
2942,0
2943,1022
2944,1022
2945,0
2946,0
2947,1022
2948,0
2949,0
2950,1022
2951,1022
2952,0
2953,1022
2954,1023
2955,0
2956,0
2957,1022
2958,0
2959,0
2960,1022
2961,1022
2962,0
2963,1022
2964,1022
2965,0
2966,0
2967,1022
2968,0
2969,0
2970,1022
2971,1022
2972,0
2973,1022
2974,1022
2975,0
2976,0
2977,1022
2978,0
2979,0
2980,1022
2981,1021
2982,0
2983,1022
2984,1021
2985,0
2986,0
2987,1022
2988,0
2989,0
2990,1022
2991,1022
2992,0
2993,1022
2994,1022
2995,0
2996,0
2997,1022
2998,0
2999,0
3000,1022
3001,1021
3002,0
3003,1022
3004,1022
3005,0
3006,0
3007,1021
3008,0
3009,0
3010,1022
3011,1022
3012,0
3013,1021
3014,1022
3015,0
3016,0
3017,1022
3018,0
3019,0
3020,1022
3021,1021
3022,0
3023,1022
3024,1022
3025,0
3026,0
3027,1022
3028,0
3029,0
3030,1021
3031,1021
3032,0
3033,1022
3034,1023
3035,0
3036,0
3037,1022
3038,0
3039,0
3040,1021
3041,1022
3042,0
3043,1022
3044,1022
3045,0
3046,0
3047,1021
3048,0
3049,0
3050,1022
3051,1022
3052,0
3053,1022
3054,1021
3055,0
3056,0
3057,1022
3058,0
3059,0
3060,1022
3061,1021
3062,0
3063,1022
3064,1022
3065,0
3066,0
3067,1022
3068,0
3069,0
3070,1022
3071,1022
3072,0
3073,1022
3074,1022
3075,0
3076,0
3077,1022
3078,0
3079,0
3080,1022
3081,1022
3082,0
3083,1022
3084,1022
3085,0
3086,0
3087,1022
3088,0
3089,0
3090,1022
3091,1022
3092,0
3093,1022
3094,1022
3095,0
3096,0
3097,1022
3098,0
3099,0
3100,1022
3101,1022
3102,0
3103,1022
3104,1022
3105,0
3106,0
3107,1022
3108,0
3109,0
3110,1022
3111,1022
3112,0
3113,1022
3114,1022
3115,0
3116,0
3117,1022
3118,0
3119,0
3120,1022
3121,1022
3122,0
3123,1022
3124,1021
3125,0
3126,1021
3127,1022
3128,0
3129,0
3130,1023
3131,0
3132,0
3133,1022
3134,1022
3135,0
3136,1022
3137,1022
3138,0
3139,0
3140,1022
3141,0
3142,0
3143,1022
3144,1021
3145,0
3146,1021
3147,1022
3148,0
3149,0
3150,1022
3151,0
3152,0
3153,1022
3154,1022
3155,0
3156,1022
3157,1022
3158,0
3159,0
3160,1022
3161,0
3162,0
3163,1022
3164,1022
3165,0
3166,1022
3167,1022
3168,0
3169,0
3170,1022
3171,0
3172,0
3173,1022
3174,1022
3175,0
3176,1022
3177,1022
3178,0
3179,0
3180,1022
3181,0
3182,0
3183,1022
3184,1022
3185,0
3186,1022
3187,1021
3188,0
3189,0
3190,1022
3191,0
3192,0
3193,1021
3194,1022
3195,0
3196,1022
3197,1022
3198,0
3199,0
3200,1022
3201,0
3202,0
3203,1022
3204,1022
3205,0
3206,1022
3207,1022
3208,0
3209,0
3210,1022
3211,0
3212,0
3213,1022
3214,1023
3215,0
3216,1022
3217,1022
3218,0
3219,0
3220,1022
3221,0
3222,0
3223,1022
3224,1022
3225,0
3226,1023
3227,1022
3228,0
3229,0
3230,1022
3231,0
3232,0
3233,1022
3234,1022
3235,0
3236,1022
3237,1022
3238,0
3239,0
3240,1022
3241,0
3242,0
3243,1022
3244,1022
3245,0
3246,1022
3247,1022
3248,0
3249,0
3250,1022
3251,0
3252,0
3253,1022
3254,1022
3255,0
3256,1022
3257,1022
3258,0
3259,0
3260,1022
3261,0
3262,0
3263,1022
3264,1022
3265,0
3266,1022
3267,1022
3268,0
3269,0
3270,1022
3271,0
3272,0
3273,1022
3274,1021
3275,0
3276,1022
3277,1021
3278,0
3279,0
3280,1022
3281,0
3282,0
3283,1021
3284,1022
3285,0
3286,1022
3287,1022
3288,0
3289,0
3290,1022
3291,0
3292,0
3293,1022
3294,1022
3295,0
3296,1022
3297,1022
3298,0
3299,0
3300,1022
3301,0
3302,0
3303,1022
3304,1022
3305,0
3306,1022
3307,1022
3308,0
3309,0
3310,1022
3311,0
3312,0
3313,1022
3314,1022
3315,0
3316,1022
3317,1022
3318,0
3319,0
3320,1022
3321,0
3322,0
3323,1022
3324,1022
3325,0
3326,1022
3327,1022
3328,0
3329,0
3330,1022
3331,0
3332,0
3333,1021
3334,0
3335,0
3336,1022
3337,1022
3338,0
3339,1021
3340,1021
3341,0
3342,0
3343,1022
3344,0
3345,0
3346,1022
3347,1021
3348,0
3349,1022
3350,1022
3351,0
3352,0
3353,1022
3354,0
3355,0
3356,1022
3357,1022
3358,0
3359,1022
3360,1022
3361,0
3362,0
3363,1022
3364,0
3365,0
3366,1022
3367,1022
3368,0
3369,1022
3370,1022
3371,0
3372,0
3373,1022
3374,0
3375,0
3376,1022
3377,1022
3378,0
3379,1022
3380,1022
3381,0
3382,0
3383,1022
3384,0
3385,0
3386,1022
3387,1022
3388,0
3389,1022
3390,1022
3391,0
3392,0
3393,1022
3394,0
3395,0
3396,1022
3397,1022
3398,0
3399,1022
3400,1022
3401,0
3402,0
3403,1022
3404,0
3405,0
3406,1022
3407,1022
3408,0
3409,1022
3410,1022
3411,0
3412,0
3413,1022
3414,0
3415,0
3416,1022
3417,1022
3418,0
3419,1022
3420,1022
3421,0
3422,0
3423,1022
3424,0
3425,0
3426,1022
3427,1022
3428,0
3429,1022
3430,1022
3431,0
3432,0
3433,1022
3434,0
3435,0
3436,1022
3437,1022
3438,0
3439,1021
3440,1022
3441,0
3442,0
3443,1021
3444,0
3445,0
3446,1022
3447,1022
3448,0
3449,1022
3450,1022
3451,0
3452,0
3453,1022
3454,0
3455,0
3456,1022
3457,1021
3458,0
3459,1022
3460,1022
3461,0
3462,0
3463,1022
3464,0
3465,0
3466,1022
3467,1022
3468,0
3469,1022
3470,1022
3471,0
3472,0
3473,1022
3474,0
3475,0
3476,1021
3477,1022
3478,0
3479,1022
3480,1022
3481,0
3482,0
3483,1022
3484,0
3485,0
3486,1022
3487,1022
3488,0
3489,1022
3490,1022
3491,0
3492,0
3493,1021
3494,0
3495,0
3496,1022
3497,1022
3498,0
3499,1022
3500,1021
3501,0
3502,0
3503,1022
3504,0
3505,0
3506,1022
3507,1022
3508,0
3509,1022
3510,1022
3511,0
3512,0
3513,1022
3514,0
3515,0
3516,1023
3517,1022
3518,0
3519,1022
3520,1021
3521,0
3522,0
3523,1022
3524,0
3525,0
3526,1022
3527,1022
3528,0
3529,1022
3530,1022
3531,0
3532,0
3533,1022
3534,0
3535,0
3536,1022
3537,1022
3538,0
3539,1022
3540,1022
3541,0
3542,0
3543,1022
3544,0
3545,0
3546,1022
3547,0
3548,0
3549,1022
3550,1022
3551,0
3552,1022
3553,1022
3554,0
3555,0
3556,1022
3557,0
3558,0
3559,1022
3560,1022
3561,0
3562,1021
3563,1022
3564,0
3565,0
3566,1022
3567,0
3568,0
3569,1022
3570,1022
3571,0
3572,1021
3573,1022
3574,0
3575,0
3576,1021
3577,0
3578,0
3579,1022
3580,1022
3581,0
3582,1022
3583,1022
3584,0
3585,0
3586,1022
3587,0
3588,0
3589,1022
3590,1022
3591,0
3592,1022
3593,1022
3594,0
3595,0
3596,1022
3597,0
3598,0
3599,1022
3600,1022
3601,0
3602,1022
3603,1022
3604,0
3605,0
3606,1022
3607,0
3608,0
3609,1022
3610,1022
3611,0
3612,1022
3613,1022
3614,0
3615,0
3616,1022
3617,0
3618,0
3619,1022
3620,1022
3621,0
3622,1022
3623,1022
3624,0
3625,0
3626,1022
3627,0
3628,0
3629,1022
3630,1022
3631,0
3632,1022
3633,1022
3634,0
3635,0
3636,1022
3637,0
3638,0
3639,1022
3640,1022
3641,0
3642,1022
3643,1022
3644,0
3645,0
3646,1022
3647,0
3648,0
3649,1023
3650,1022
3651,0
3652,1022
3653,1021
3654,0
3655,0
3656,1022
3657,0
3658,0
3659,1022
3660,1022
3661,0
3662,1022
3663,1022
3664,0
3665,0
3666,1022
3667,0
3668,0
3669,1022
3670,1022
3671,0
3672,1022
3673,1022
3674,0
3675,0
3676,1022
3677,0
3678,0
3679,1022
3680,1021
3681,0
3682,1022
3683,1022
3684,0
3685,0
3686,1022
3687,0
3688,0
3689,1022
3690,1022
3691,0
3692,1022
3693,1022
3694,0
3695,0
3696,1022
3697,0
3698,0
3699,1022
3700,1022
3701,0
3702,1022
3703,1022
3704,0
3705,0
3706,1022
3707,0
3708,0
3709,1022
3710,1022
3711,0
3712,1022
3713,1022
3714,0
3715,0
3716,1022
3717,0
3718,0
3719,1022
3720,1021
3721,0
3722,1021
3723,1022
3724,0
3725,0
3726,1022
3727,0
3728,0
3729,1022
3730,1021
3731,0
3732,1022
3733,1022
3734,0
3735,0
3736,1022
3737,0
3738,0
3739,1022
3740,1022
3741,0
3742,1022
3743,1022
3744,0
3745,0
3746,1021
3747,0
3748,0
3749,1022
3750,0
3751,0
3752,1022
3753,1022
3754,0
3755,1021
3756,1022
3757,0
3758,0
3759,1022
3760,0
3761,0
3762,1022
3763,1022
3764,0
3765,1022
3766,1022
3767,0
3768,0
3769,1022
3770,0
3771,0
3772,1022
3773,1022
3774,0
3775,1022
3776,1021
3777,0
3778,0
3779,1022
3780,0
3781,0
3782,1022
3783,1022
3784,0
3785,1022
3786,1022
3787,0
3788,0
3789,1022
3790,0
3791,0
3792,1022
3793,1022
3794,0
3795,1022
3796,1022
3797,0
3798,0
3799,1022
3800,0
3801,0
3802,1022
3803,1022
3804,0
3805,1022
3806,1022
3807,0
3808,0
3809,1022
3810,0
3811,0
3812,1022
3813,1022
3814,0
3815,1022
3816,1022
3817,0
3818,0
3819,1022
3820,0
3821,0
3822,1022
3823,1022
3824,0
3825,1022
3826,1022
3827,0
3828,0
3829,1021
3830,0
3831,0
3832,1022
3833,1022
3834,0
3835,1022
3836,1022
3837,0
3838,0
3839,1022
3840,0
3841,0
3842,1022
3843,1022
3844,0
3845,1021
3846,1022
3847,0
3848,0
3849,1022
3850,0
3851,0
3852,1021
3853,1022
3854,0
3855,1022
3856,1022
3857,0
3858,0
3859,1022
3860,0
3861,0
3862,1022
3863,1022
3864,0
3865,1022
3866,1022
3867,0
3868,0
3869,1022
3870,0
3871,0
3872,1023
3873,1022
3874,0
3875,1022
3876,1021
3877,0
3878,0
3879,1022
3880,0
3881,0
3882,1023
3883,1022
3884,0
3885,1022
3886,1021
3887,0
3888,0
3889,1022
3890,0
3891,0
3892,1022
3893,1022
3894,0
3895,1022
3896,1022
3897,0
3898,0
3899,1022
3900,0
3901,0
3902,1022
3903,1022
3904,0
3905,1022
3906,1021
3907,0
3908,0
3909,1022
3910,0
3911,0
3912,1022
3913,1022
3914,0
3915,1022
3916,1022
3917,0
3918,0
3919,1022
3920,0
3921,0
3922,1022
3923,1022
3924,0
3925,1022
3926,1021
3927,0
3928,0
3929,1022
3930,0
3931,0
3932,1022
3933,1022
3934,0
3935,1022
3936,1022
3937,0
3938,0
3939,1021
3940,0
3941,0
3942,1022
3943,1021
3944,0
3945,1022
3946,1022
3947,0
3948,0
3949,1022
3950,0
3951,0
3952,1022
3953,1021
3954,0
3955,1021
3956,1022
3957,0
3958,0
3959,1021
3960,0
3961,0
3962,1022
3963,0
3964,0
3965,1022
3966,1022
3967,0
3968,1022
3969,1021
3970,0
3971,0
3972,1022
3973,0
3974,0
3975,1022
3976,1023
3977,0
3978,1021
3979,1022
3980,0
3981,0
3982,1021
3983,0
3984,0
3985,1021
3986,1022
3987,0
3988,1022
3989,1022
3990,0
3991,0
3992,1022
3993,0
3994,0
3995,1022
3996,1022
3997,0
3998,1022
3999,1022
4000,0
4001,0
4002,1022
4003,0
4004,0
4005,1022
4006,1022
4007,0
4008,1022
4009,1022
4010,0
4011,0
4012,1021
4013,0
4014,0
4015,1022
4016,1022
4017,0
4018,1022
4019,1022
4020,0
4021,0
4022,1021
4023,0
4024,0
4025,1022
4026,1022
4027,0
4028,1022
4029,1022
4030,0
4031,0
4032,1022
4033,0
4034,0
4035,1021
4036,1022
4037,0
4038,1022
4039,1022
4040,0
4041,0
4042,1022
4043,0
4044,0
4045,1022
4046,1022
4047,0
4048,1022
4049,1022
4050,0
4051,0
4052,1022
4053,0
4054,0
4055,1022
4056,1022
4057,0
4058,1022
4059,1022
4060,0
4061,0
4062,1022
4063,0
4064,0
4065,1022
4066,1022
4067,0
4068,1022
4069,1022
4070,0
4071,0
4072,1022
4073,0
4074,0
4075,1022
4076,1022
4077,0
4078,1022
4079,1022
4080,0
4081,0
4082,1022
4083,0
4084,0
4085,1022
4086,1022
4087,0
4088,1022
4089,1022
4090,0
4091,0
4092,1022
4093,0
4094,0
4095,1022
4096,1022
4097,0
4098,1022
4099,1022
4100,0
4101,0
4102,1022
4103,0
4104,0
4105,1022
4106,1022
4107,0
4108,1022
4109,1021
4110,0
4111,0
4112,1022
4113,0
4114,0
4115,1022
4116,1022
4117,0
4118,1022
4119,1022
4120,0
4121,0
4122,1022
4123,0
4124,0
4125,1022
4126,1022
4127,0
4128,1022
4129,1022
4130,0
4131,0
4132,1023
4133,0
4134,0
4135,1021
4136,1022
4137,0
4138,1022
4139,1022
4140,0
4141,0
4142,1022
4143,0
4144,0
4145,1022
4146,1022
4147,0
4148,1022
4149,1022
4150,0
4151,0
4152,1022
4153,0
4154,0
4155,1022
4156,1022
4157,0
4158,1022
4159,1022
4160,0
4161,0
4162,1022
4163,0
4164,0
4165,1022
4166,1022
4167,0
4168,1022
4169,1021
4170,0
4171,1021
4172,1022
4173,0
4174,0
4175,1022
4176,0
4177,0
4178,1022
4179,1023
4180,0
4181,1021
4182,1022
4183,0
4184,0
4185,1021
4186,0
4187,0
4188,1022
4189,1021
4190,0
4191,1022
4192,1022
4193,0
4194,0
4195,1022
4196,0
4197,0
4198,1022
4199,1022
4200,0
4201,1022
4202,1022
4203,0
4204,0
4205,1022
4206,0
4207,0
4208,1022
4209,1022
4210,0
4211,1021
4212,1022
4213,0
4214,0
4215,1023
4216,0
4217,0
4218,1022
4219,1022
4220,0
4221,1022
4222,1022
4223,0
4224,0
4225,1022
4226,0
4227,0
4228,1022
4229,1022
4230,0
4231,1022
4232,1022
4233,0
4234,0
4235,1022
4236,0
4237,0
4238,1021
4239,1022
4240,0
4241,1022
4242,1022
4243,0
4244,0
4245,1021
4246,0
4247,0
4248,1022
4249,1022
4250,0
4251,1022
4252,1022
4253,0
4254,0
4255,1022
4256,0
4257,0
4258,1022
4259,1022
4260,0
4261,1022
4262,1021
4263,0
4264,0
4265,1022
4266,0
4267,0
4268,1022
4269,1022
4270,0
4271,1022
4272,1022
4273,0
4274,0
4275,1023
4276,0
4277,0
4278,1022
4279,1022
4280,0
4281,1022
4282,1023
4283,0
4284,0
4285,1022
4286,0
4287,0
4288,1021
4289,1022
4290,0
4291,1021
4292,1022
4293,0
4294,0
4295,1022
4296,0
4297,0
4298,1022
4299,1022
4300,0
4301,1022
4302,1022
4303,0
4304,0
4305,1021
4306,0
4307,0
4308,1022
4309,1022
4310,0
4311,1022
4312,1022
4313,0
4314,0
4315,1022
4316,0
4317,0
4318,1022
4319,1022
4320,0
4321,1022
4322,1022
4323,0
4324,0
4325,1022
4326,0
4327,0
4328,1022
4329,1022
4330,0
4331,1022
4332,1022
4333,0
4334,0
4335,1022
4336,0
4337,0
4338,1022
4339,1022
4340,0
4341,1022
4342,1022
4343,0
4344,0
4345,1022
4346,0
4347,0
4348,1022
4349,1022
4350,0
4351,1022
4352,1022
4353,0
4354,0
4355,1022
4356,0
4357,0
4358,1022
4359,1022
4360,0
4361,1022
4362,1022
4363,0
4364,0
4365,1022
4366,0
4367,0
4368,1022
4369,1022
4370,0
4371,1022
4372,1022
4373,0
4374,0
4375,1022
4376,0
4377,0
4378,1022
4379,0
4380,0
4381,1022
4382,1022
4383,0
4384,1022
4385,1022
4386,0
4387,0
4388,1022
4389,0
4390,0
4391,1022
4392,1022
4393,0
4394,1022
4395,1022
4396,0
4397,0
4398,1022
4399,0
4400,0
4401,1022
4402,1022
4403,0
4404,1022
4405,1022
4406,0
4407,0
4408,1022
4409,0
4410,0
4411,1022
4412,1022
4413,0
4414,1022
4415,1022
4416,0
4417,0
4418,1022
4419,0
4420,0
4421,1022
4422,1022
4423,0
4424,1022
4425,1022
4426,0
4427,0
4428,1022
4429,0
4430,0
4431,1022
4432,1022
4433,0
4434,1022
4435,1022
4436,0
4437,0
4438,1022
4439,0
4440,0
4441,1022
4442,1022
4443,0
4444,1022
4445,1022
4446,0
4447,0
4448,1022
4449,0
4450,0
4451,1022
4452,1022
4453,0
4454,1022
4455,1022
4456,0
4457,0
4458,1022
4459,0
4460,0
4461,1022
4462,1022
4463,0
4464,1022
4465,1022
4466,0
4467,0
4468,1022
4469,0
4470,0
4471,1022
4472,1022
4473,0
4474,1022
4475,1022
4476,0
4477,0
4478,1022
4479,0
4480,0
4481,1022
4482,1022
4483,0
4484,1022
4485,1022
4486,0
4487,0
4488,1022
4489,0
4490,0
4491,1021
4492,1023
4493,0
4494,1022
4495,1022
4496,0
4497,0
4498,1022
4499,0
4500,0
4501,1022
4502,1022
4503,0
4504,1022
4505,1022
4506,0
4507,0
4508,1022
4509,0
4510,0
4511,1022
4512,1022
4513,0
4514,1022
4515,1022
4516,0
4517,0
4518,1022
4519,0
4520,0
4521,1022
4522,1022
4523,0
4524,1021
4525,1022
4526,0
4527,0
4528,1022
4529,0
4530,0
4531,1022
4532,1022
4533,0
4534,1022
4535,1022
4536,0
4537,0
4538,1022
4539,0
4540,0
4541,1023
4542,1021
4543,0
4544,1021
4545,1022
4546,0
4547,0
4548,1022
4549,0
4550,0
4551,1022
4552,1022
4553,0
4554,1022
4555,1022
4556,0
4557,0
4558,1022
4559,0
4560,0
4561,1022
4562,1022
4563,0
4564,1022
4565,1022
4566,0
4567,0
4568,1022
4569,0
4570,0
4571,1021
4572,1022
4573,0
4574,1022
4575,1022
4576,0
4577,0
4578,1022
4579,0
4580,0
4581,1022
4582,0
4583,0
4584,1022
4585,1022
4586,0
4587,1022
4588,1022
4589,0
4590,0
4591,1022
4592,0
4593,0
4594,1022
4595,1022
4596,0
4597,1022
4598,1022
4599,0
4600,0
4601,1022
4602,0
4603,0
4604,1022
4605,1022
4606,0
4607,1022
4608,1022
4609,0
4610,0
4611,1021
4612,0
4613,0
4614,1022
4615,1022
4616,0
4617,1022
4618,1022
4619,0
4620,0
4621,1022
4622,0
4623,0
4624,1022
4625,1022
4626,0
4627,1022
4628,1022
4629,0
4630,0
4631,1022
4632,0
4633,0
4634,1022
4635,1022
4636,0
4637,1022
4638,1022
4639,0
4640,0
4641,1022
4642,0
4643,0
4644,1022
4645,1022
4646,0
4647,1022
4648,1021
4649,0
4650,0
4651,1022
4652,0
4653,0
4654,1022
4655,1022
4656,0
4657,1022
4658,1022
4659,0
4660,0
4661,1022
4662,0
4663,0
4664,1022
4665,1022
4666,0
4667,1021
4668,1022
4669,0
4670,0
4671,1022
4672,0
4673,0
4674,1022
4675,1022
4676,0
4677,1022
4678,1022
4679,0
4680,0
4681,1022
4682,0
4683,0
4684,1022
4685,1022
4686,0
4687,1022
4688,1022
4689,0
4690,0
4691,1022
4692,0
4693,0
4694,1021
4695,1022
4696,0
4697,1022
4698,1022
4699,0
4700,0
4701,1022
4702,0
4703,0
4704,1022
4705,1022
4706,0
4707,1022
4708,1021
4709,0
4710,0
4711,1022
4712,0
4713,0
4714,1022
4715,1021
4716,0
4717,1022
4718,1022
4719,0
4720,0
4721,1022
4722,0
4723,0
4724,1021
4725,1022
4726,0
4727,1021
4728,1022
4729,0
4730,0
4731,1022
4732,0
4733,0
4734,1022
4735,1022
4736,0
4737,1022
4738,1022
4739,0
4740,0
4741,1021
4742,0
4743,0
4744,1022
4745,1022
4746,0
4747,1022
4748,1021
4749,0
4750,0
4751,1022
4752,0
4753,0
4754,1022
4755,1021
4756,0
4757,1022
4758,1022
4759,0
4760,0
4761,1022
4762,0
4763,0
4764,1022
4765,1022
4766,0
4767,1023
4768,1022
4769,0
4770,0
4771,1022
4772,0
4773,0
4774,1022
4775,1022
4776,0
4777,1022
4778,1022
4779,0
4780,0
4781,1022
4782,0
4783,0
4784,1022
4785,1022
4786,0
4787,1022
4788,1022
4789,0
4790,0
4791,1022
4792,0
4793,0
4794,1021
4795,0
4796,0
4797,1022
4798,1023
4799,0
4800,1022
4801,1022
4802,0
4803,0
4804,1022
4805,0
4806,0
4807,1022
4808,1022
4809,0
4810,1022
4811,1022
4812,0
4813,0
4814,1021
4815,0
4816,0
4817,1022
4818,1022
4819,0
4820,1022
4821,1022
4822,0
4823,0
4824,1022
4825,0
4826,0
4827,1022
4828,1021
4829,0
4830,1022
4831,1022
4832,0
4833,0
4834,1022
4835,0
4836,0
4837,1022
4838,1022
4839,0
4840,1022
4841,1022
4842,0
4843,0
4844,1022
4845,0
4846,0
4847,1022
4848,1022
4849,0
4850,1022
4851,1022
4852,0
4853,0
4854,1022
4855,0
4856,0
4857,1022
4858,1022
4859,0
4860,1022
4861,1022
4862,0
4863,0
4864,1022
4865,0
4866,0
4867,1022
4868,1022
4869,0
4870,1022
4871,1022
4872,0
4873,0
4874,1021
4875,0
4876,0
4877,1023
4878,1022
4879,0
4880,1022
4881,1021
4882,0
4883,0
4884,1022
4885,0
4886,0
4887,1021
4888,1021
4889,0
4890,1022
4891,1022
4892,0
4893,0
4894,1022
4895,0
4896,0
4897,1022
4898,1021
4899,0
4900,1022
4901,1022
4902,0
4903,0
4904,1022
4905,0
4906,0
4907,1022
4908,1022
4909,0
4910,1022
4911,1022
4912,0
4913,0
4914,1022
4915,0
4916,0
4917,1022
4918,1022
4919,0
4920,1022
4921,1022
4922,0
4923,0
4924,1022
4925,0
4926,0
4927,1022
4928,1022
4929,0
4930,1022
4931,1022
4932,0
4933,0
4934,1022
4935,0
4936,0
4937,1022
4938,1022
4939,0
4940,1022
4941,1022
4942,0
4943,0
4944,1022
4945,0
4946,0
4947,1022
4948,1022
4949,0
4950,1022
4951,1022
4952,0
4953,0
4954,1022
4955,0
4956,0
4957,1022
4958,1022
4959,0
4960,1022
4961,1022
4962,0
4963,0
4964,1022
4965,0
4966,0
4967,1022
4968,1022
4969,0
4970,1022
4971,1022
4972,0
4973,0
4974,1022
4975,0
4976,0
4977,1022
4978,1021
4979,0
4980,1022
4981,1022
4982,0
4983,0
4984,1022
4985,0
4986,0
4987,1022
4988,1022
4989,0
4990,1022
4991,1022
4992,0
4993,0
4994,1022
4995,0
4996,0
4997,1022
4998,0
4999,0
5000,1021
5001,1022
5002,0
5003,1022
5004,1022
5005,0
5006,0
5007,1022
5008,0
5009,0
5010,1022
5011,1022
5012,0
5013,1022
5014,1022
5015,0
5016,0
5017,1022
5018,0
5019,0
5020,1022
5021,1022
5022,0
5023,1021
5024,1022
5025,0
5026,0
5027,1022
5028,0
5029,0
5030,1021
5031,1022
5032,0
5033,1022
5034,1022
5035,0
5036,0
5037,1022
5038,0
5039,0
5040,1022
5041,1021
5042,0
5043,1022
5044,1022
5045,0
5046,0
5047,1022
5048,0
5049,0
5050,1022
5051,1022
5052,0
5053,1022
5054,1022
5055,0
5056,0
5057,1021
5058,0
5059,0
5060,1022
5061,1022
5062,0
5063,1022
5064,1022
5065,0
5066,0
5067,1022
5068,0
5069,0
5070,1021
5071,1022
5072,0
5073,1022
5074,1022
5075,0
5076,0
5077,1022
5078,0
5079,0
5080,1022
5081,1022
5082,0
5083,1022
5084,1022
5085,0
5086,0
5087,1022
5088,0
5089,0
5090,1022
5091,1022
5092,0
5093,1022
5094,1022
5095,0
5096,0
5097,1022
5098,0
5099,0
5100,1022
5101,1022
5102,0
5103,1022
5104,1022
5105,0
5106,0
5107,1022
5108,0
5109,0
5110,1021
5111,1022
5112,0
5113,1022
5114,1022
5115,0
5116,0
5117,1022
5118,0
5119,0
5120,1022
5121,1023
5122,0
5123,1022
5124,1022
5125,0
5126,0
5127,1022
5128,0
5129,0
5130,1022
5131,1022
5132,0
5133,1022
5134,1022
5135,0
5136,0
5137,1022
5138,0
5139,0
5140,1022
5141,1022
5142,0
5143,1022
5144,1022
5145,0
5146,0
5147,1022
5148,0
5149,0
5150,1022
5151,1022
5152,0
5153,1022
5154,1021
5155,0
5156,0
5157,1022
5158,0
5159,0
5160,1022
5161,1022
5162,0
5163,1022
5164,1022
5165,0
5166,0
5167,1022
5168,0
5169,0
5170,1022
5171,1022
5172,0
5173,1023
5174,1022
5175,0
5176,0
5177,1022
5178,0
5179,0
5180,1022
5181,1022
5182,0
5183,1022
5184,1022
5185,0
5186,0
5187,1022
5188,0
5189,0
5190,1022
5191,1022
5192,0
5193,1022
5194,1022
5195,0
5196,0
5197,1022
5198,0
5199,0
5200,1023
5201,1022
5202,0
5203,1022
5204,1022
5205,0
5206,0
5207,1022
5208,0
5209,0
5210,1022
5211,0
5212,0
5213,1021
5214,1022
5215,0
5216,1022
5217,1022
5218,0
5219,0
5220,1022
5221,0
5222,0
5223,1022
5224,1022
5225,0
5226,1021
5227,1022
5228,0
5229,0
5230,1023
5231,0
5232,0
5233,1022
5234,1022
5235,0
5236,1022
5237,1022
5238,0
5239,0
5240,1022
5241,0
5242,0
5243,1022
5244,1022
5245,0
5246,1022
5247,1022
5248,0
5249,0
5250,1022
5251,0
5252,0
5253,1022
5254,1022
5255,0
5256,1022
5257,1022
5258,0
5259,0
5260,1022
5261,0
5262,0
5263,1021
5264,1021
5265,0
5266,1022
5267,1022
5268,0
5269,0
5270,1022
5271,0
5272,0
5273,1022
5274,1022
5275,0
5276,1022
5277,1021
5278,0
5279,0
5280,1021
5281,0
5282,0
5283,1021
5284,1022
5285,0
5286,1022
5287,1022
5288,0
5289,0
5290,1022
5291,0
5292,0
5293,1022
5294,1022
5295,0
5296,1022
5297,1022
5298,0
5299,0
5300,1022
5301,0
5302,0
5303,1022
5304,1022
5305,0
5306,1022
5307,1021
5308,0
5309,0
5310,1022
5311,0
5312,0
5313,1022
5314,1022
5315,0
5316,1022
5317,1022
5318,0
5319,0
5320,1022
5321,0
5322,0
5323,1022
5324,1022
5325,0
5326,1022
5327,1022
5328,0
5329,0
5330,1022
5331,0
5332,0
5333,1022
5334,1022
5335,0
5336,1022
5337,1021
5338,0
5339,0
5340,1022
5341,0
5342,0
5343,1021
5344,1022
5345,0
5346,1022
5347,1022
5348,0
5349,0
5350,1022
5351,0
5352,0
5353,1022
5354,1022
5355,0
5356,1022
5357,1022
5358,0
5359,0
5360,1022
5361,0
5362,0
5363,1022
5364,1022
5365,0
5366,1022
5367,1021
5368,0
5369,0
5370,1021
5371,0
5372,0
5373,1021
5374,1022
5375,0
5376,1022
5377,1022
5378,0
5379,0
5380,1022
5381,0
5382,0
5383,1022
5384,1022
5385,0
5386,1022
5387,1022
5388,0
5389,0
5390,1022
5391,0
5392,0
5393,1022
5394,1022
5395,0
5396,1022
5397,1022
5398,0
5399,0
5400,1022
5401,0
5402,0
5403,1022
5404,1022
5405,0
5406,1022
5407,1022
5408,0
5409,0
5410,1022
5411,0
5412,0
5413,1022
5414,1022
5415,0
5416,1022
5417,1022
5418,0
5419,1022
5420,1021
5421,0
5422,0
5423,1022
5424,0
5425,0
5426,1023
5427,1022
5428,0
5429,1022
5430,1022
5431,0
5432,0
5433,1022
5434,0
5435,0
5436,1022
5437,1022
5438,0
5439,1022
5440,1022
5441,0
5442,0
5443,1022
5444,0
5445,0
5446,1022
5447,1022
5448,0
5449,1022
5450,1022
5451,0
5452,0
5453,1022
5454,0
5455,0
5456,1022
5457,1022
5458,0
5459,1021
5460,1022
5461,0
5462,0
5463,1021
5464,0
5465,0
5466,1022
5467,1022
5468,0
5469,1022
5470,1022
5471,0
5472,0
5473,1022
5474,0
5475,0
5476,1022
5477,1021
5478,0
5479,1022
5480,1022
5481,0
5482,0
5483,1022
5484,0
5485,0
5486,1021
5487,1022
5488,0
5489,1021
5490,1022
5491,0
5492,0
5493,1022
5494,0
5495,0
5496,1022
5497,1022
5498,0
5499,1021
5500,1022
5501,0
5502,0
5503,1022
5504,0
5505,0
5506,1022
5507,1022
5508,0
5509,1022
5510,1021
5511,0
5512,0
5513,1022
5514,0
5515,0
5516,1022
5517,1022
5518,0
5519,1021
5520,1022
5521,0
5522,0
5523,1022
5524,0
5525,0
5526,1021
5527,1022
5528,0
5529,1021
5530,1022
5531,0
5532,0
5533,1022
5534,0
5535,0
5536,1022
5537,1022
5538,0
5539,1022
5540,1022
5541,0
5542,0
5543,1022
5544,0
5545,0
5546,1022
5547,1022
5548,0
5549,1022
5550,1022
5551,0
5552,0
5553,1022
5554,0
5555,0
5556,1022
5557,1022
5558,0
5559,1022
5560,1022
5561,0
5562,0
5563,1022
5564,0
5565,0
5566,1022
5567,1021
5568,0
5569,1022
5570,1022
5571,0
5572,0
5573,1022
5574,0
5575,0
5576,1022
5577,1022
5578,0
5579,1022
5580,1022
5581,0
5582,0
5583,1022
5584,0
5585,0
5586,1022
5587,1022
5588,0
5589,1021
5590,1022
5591,0
5592,0
5593,1022
5594,0
5595,0
5596,1022
5597,1022
5598,0
5599,1022
5600,1021
5601,0
5602,0
5603,1022
5604,0
5605,0
5606,1022
5607,1021
5608,0
5609,1021
5610,1022
5611,0
5612,0
5613,1022
5614,0
5615,0
5616,1022
5617,1022
5618,0
5619,1022
5620,1022
5621,0
5622,1022
5623,1022
5624,0
5625,0
5626,1022
5627,0
5628,0
5629,1022
5630,1022
5631,0
5632,1021
5633,1022
5634,0
5635,0
5636,1022
5637,0
5638,0
5639,1022
5640,1021
5641,0
5642,1022
5643,1021
5644,0
5645,0
5646,1022
5647,0
5648,0
5649,1022
5650,1021
5651,0
5652,1022
5653,1022
5654,0
5655,0
5656,1022
5657,0
5658,0
5659,1022
5660,1022
5661,0
5662,1021
5663,1021
5664,0
5665,0
5666,1022
5667,0
5668,0
5669,1022
5670,1021
5671,0
5672,1022
5673,1022
5674,0
5675,0
5676,1021
5677,0
5678,0
5679,1022
5680,1022
5681,0
5682,1022
5683,1022
5684,0
5685,0
5686,1022
5687,0
5688,0
5689,1022
5690,1022
5691,0
5692,1022
5693,1022
5694,0
5695,0
5696,1022
5697,0
5698,0
5699,1022
5700,1022
5701,0
5702,1022
5703,1022
5704,0
5705,0
5706,1021
5707,0
5708,0
5709,1022
5710,1022
5711,0
5712,1022
5713,1022
5714,0
5715,0
5716,1022
5717,0
5718,0
5719,1021
5720,1021
5721,0
5722,1022
5723,1022
5724,0
5725,0
5726,1022
5727,0
5728,0
5729,1022
5730,1022
5731,0
5732,1022
5733,1022
5734,0
5735,0
5736,1022
5737,0
5738,0
5739,1022
5740,1021
5741,0
5742,1021
5743,1021
5744,0
5745,0
5746,1022
5747,0
5748,0
5749,1022
5750,1022
5751,0
5752,1022
5753,1022
5754,0
5755,0
5756,1022
5757,0
5758,0
5759,1022
5760,1022
5761,0
5762,1022
5763,1022
5764,0
5765,0
5766,1022
5767,0
5768,0
5769,1022
5770,1022
5771,0
5772,1022
5773,1022
5774,0
5775,0
5776,1022
5777,0
5778,0
5779,1022
5780,1022
5781,0
5782,1022
5783,1022
5784,0
5785,0
5786,1022
5787,0
5788,0
5789,1021
5790,1022
5791,0
5792,1022
5793,1021
5794,0
5795,0
5796,1021
5797,0
5798,0
5799,1022
5800,1022
5801,0
5802,1022
5803,1022
5804,0
5805,0
5806,1022
5807,0
5808,0
5809,1022
5810,1022
5811,0
5812,1022
5813,1022
5814,0
5815,0
5816,1022
5817,0
5818,0
5819,1022
5820,1022
5821,0
5822,1022
5823,1022
5824,0
5825,0
5826,1022
5827,0
5828,0
5829,1022
5830,1022
5831,0
5832,1022
5833,1022
5834,0
5835,1021
5836,1022
5837,0
5838,0
5839,1022
5840,0
5841,0
5842,1022
5843,1022
5844,0
5845,1021
5846,1021
5847,0
5848,0
5849,1022
5850,0
5851,0
5852,1022
5853,1022
5854,0
5855,1022
5856,1022
5857,0
5858,0
5859,1022
5860,0
5861,0
5862,1022
5863,1022
5864,0
5865,1022
5866,1022
5867,0
5868,0
5869,1022
5870,0
5871,0
5872,1022
5873,1022
5874,0
5875,1022
5876,1021
5877,0
5878,0
5879,1022
5880,0
5881,0
5882,1022
5883,1022
5884,0
5885,1021
5886,1022
5887,0
5888,0
5889,1022
5890,0
5891,0
5892,1022
5893,1022
5894,0
5895,1022
5896,1022
5897,0
5898,0
5899,1021
5900,0
5901,0
5902,1022
5903,1022
5904,0
5905,1022
5906,1022
5907,0
5908,0
5909,1022
5910,0
5911,0
5912,1022
5913,1022
5914,0
5915,1022
5916,1022
5917,0
5918,0
5919,1022
5920,0
5921,0
5922,1022
5923,1022
5924,0
5925,1022
5926,1022
5927,0
5928,0
5929,1022
5930,0
5931,0
5932,1022
5933,1022
5934,0
5935,1022
5936,1022
5937,0
5938,0
5939,1022
5940,0
5941,0
5942,1022
5943,1022
5944,0
5945,1022
5946,1022
5947,0
5948,0
5949,1021
5950,0
5951,0
5952,1022
5953,1022
5954,0
5955,1022
5956,1022
5957,0
5958,0
5959,1022
5960,0
5961,0
5962,1022
5963,1022
5964,0
5965,1022
5966,1022
5967,0
5968,0
5969,1022
5970,0
5971,0
5972,1022
5973,1022
5974,0
5975,1021
5976,1021
5977,0
5978,0
5979,1022
5980,0
5981,0
5982,1022
5983,1022
5984,0
5985,1022
5986,1022
5987,0
5988,0
5989,1022
5990,0
5991,0
5992,1021
5993,1022
5994,0
5995,1022
5996,1022
5997,0
5998,0
5999,1022
6000,0
6001,0
6002,1022
6003,1022
6004,0
6005,1022
6006,1022
6007,0
6008,0
6009,1022
6010,0
6011,0
6012,1022
6013,1021
6014,0
6015,1022
6016,1022
6017,0
6018,0
6019,1022
6020,0
6021,0
6022,1022
6023,1022
6024,0
6025,1022
6026,1022
6027,0
6028,0
6029,1022
6030,0
6031,0
6032,1022
6033,1022
6034,0
6035,1022
6036,1023
6037,0
6038,0
6039,1022
6040,0
6041,0
6042,1022
6043,0
6044,0
6045,1022
6046,1022
6047,0
6048,1022
6049,1022
6050,0
6051,0
6052,1022
6053,0
6054,0
6055,1022
6056,1022
6057,0
6058,1022
6059,1022
6060,0
6061,0
6062,1022
6063,0
6064,0
6065,1022
6066,1022
6067,0
6068,1022
6069,1022
6070,0
6071,0
6072,1022
6073,0
6074,0
6075,1022
6076,1022
6077,0
6078,1022
6079,1022
6080,0
6081,0
6082,1021
6083,0
6084,0
6085,1022
6086,1022
6087,0
6088,1022
6089,1022
6090,0
6091,0
6092,1022
6093,0
6094,0
6095,1022
6096,1022
6097,0
6098,1021
6099,1022
6100,0
6101,0
6102,1022
6103,0
6104,0
6105,1022
6106,1022
6107,0
6108,1022
6109,1022
6110,0
6111,0
6112,1022
6113,0
6114,0
6115,1022
6116,1022
6117,0
6118,1022
6119,1022
6120,0
6121,0
6122,1021
6123,0
6124,0
6125,1022
6126,1022
6127,0
6128,1022
6129,1021
6130,0
6131,0
6132,1022
6133,0
6134,0
6135,1022
6136,1022
6137,0
6138,1022
6139,1022
6140,0
6141,0
6142,1022
6143,0
6144,0
6145,1022
6146,1022
6147,0
6148,1022
6149,1022
6150,0
6151,0
6152,1022
6153,0
6154,0
6155,1022
6156,1022
6157,0
6158,1022
6159,1022
6160,0
6161,0
6162,1022
6163,0
6164,0
6165,1022
6166,1022
6167,0
6168,1022
6169,1022
6170,0
6171,0
6172,1022
6173,0
6174,0
6175,1022
6176,1022
6177,0
6178,1022
6179,1022
6180,0
6181,0
6182,1022
6183,0
6184,0
6185,1022
6186,1022
6187,0
6188,1022
6189,1022
6190,0
6191,0
6192,1022
6193,0
6194,0
6195,1022
6196,1022
6197,0
6198,1022
6199,1022
6200,0
6201,0
6202,1022
6203,0
6204,0
6205,1022
6206,1022
6207,0
6208,1022
6209,1021
6210,0
6211,0
6212,1021
6213,0
6214,0
6215,1022
6216,1022
6217,0
6218,1022
6219,1022
6220,0
6221,0
6222,1022
6223,0
6224,0
6225,1022
6226,1022
6227,0
6228,1022
6229,1022
6230,0
6231,0
6232,1022
6233,0
6234,0
6235,1022
6236,1022
6237,0
6238,1022
6239,1022
6240,0
6241,0
6242,1022
6243,0
6244,0
6245,1022
6246,1021
6247,0
6248,1022
6249,1022
6250,0
6251,1022
6252,1022
6253,0
6254,0
6255,1022
6256,0
6257,0
6258,1022
6259,1022
6260,0
6261,1022
6262,1021
6263,0
6264,0
6265,1022
6266,0
6267,0
6268,1022
6269,1022
6270,0
6271,1021
6272,1022
6273,0
6274,0
6275,1022
6276,0
6277,0
6278,1022
6279,1022
6280,0
6281,1022
6282,1022
6283,0
6284,0
6285,1022
6286,0
6287,0
6288,1022
6289,1022
6290,0
6291,1022
6292,1022
6293,0
6294,0
6295,1021
6296,0
6297,0
6298,1022
6299,1022
6300,0
6301,1022
6302,1022
6303,0
6304,0
6305,1022
6306,0
6307,0
6308,1022
6309,1022
6310,0
6311,1022
6312,1022
6313,0
6314,0
6315,1022
6316,0
6317,0
6318,1022
6319,1022
6320,0
6321,1022
6322,1022
6323,0
6324,0
6325,1022
6326,0
6327,0
6328,1022
6329,1022
6330,0
6331,1022
6332,1022
6333,0
6334,0
6335,1022
6336,0
6337,0
6338,1021
6339,1022
6340,0
6341,1022
6342,1022
6343,0
6344,0
6345,1022
6346,0
6347,0
6348,1022
6349,1022
6350,0
6351,1022
6352,1022
6353,0
6354,0
6355,1022
6356,0
6357,0
6358,1022
6359,1022
6360,0
6361,1022
6362,1022
6363,0
6364,0
6365,1023
6366,0
6367,0
6368,1022
6369,1022
6370,0
6371,1022
6372,1022
6373,0
6374,0
6375,1022
6376,0
6377,0
6378,1022
6379,1022
6380,0
6381,1022
6382,1022
6383,0
6384,0
6385,1022
6386,0
6387,0
6388,1022
6389,1022
6390,0
6391,1022
6392,1022
6393,0
6394,0
6395,1022
6396,0
6397,0
6398,1022
6399,1022
6400,0
6401,1022
6402,1022
6403,0
6404,0
6405,1021
6406,0
6407,0
6408,1022
6409,1021
6410,0
6411,1022
6412,1021
6413,0
6414,0
6415,1022
6416,0
6417,0
6418,1022
6419,1022
6420,0
6421,1022
6422,1022
6423,0
6424,0
6425,1022
6426,0
6427,0
6428,1021
6429,1022
6430,0
6431,1021
6432,1022
6433,0
6434,0
6435,1022
6436,0
6437,0
6438,1021
6439,1022
6440,0
6441,1022
6442,1022
6443,0
6444,0
6445,1022
6446,0
6447,0
6448,1022
6449,1022
6450,0
6451,1022
6452,1022
6453,0
6454,0
6455,1022
6456,0
6457,0
6458,1022
6459,0
6460,0
6461,1022
6462,1022
6463,0
6464,1022
6465,1022
6466,0
6467,0
6468,1022
6469,0
6470,0
6471,1022
6472,1022
6473,0
6474,1021
6475,1022
6476,0
6477,0
6478,1022
6479,0
6480,0
6481,1022
6482,1022
6483,0
6484,1022
6485,1021
6486,0
6487,0
6488,1021
6489,0
6490,0
6491,1021
6492,1022
6493,0
6494,1022
6495,1022
6496,0
6497,0
6498,1022
6499,0
6500,0
6501,1022
6502,1022
6503,0
6504,1021
6505,1022
6506,0
6507,0
6508,1022
6509,0
6510,0
6511,1021
6512,1022
6513,0
6514,1021
6515,1022
6516,0
6517,0
6518,1022
6519,0
6520,0
6521,1022
6522,1022
6523,0
6524,1022
6525,1022
6526,0
6527,0
6528,1022
6529,0
6530,0
6531,1022
6532,1022
6533,0
6534,1022
6535,1022
6536,0
6537,0
6538,1022
6539,0
6540,0
6541,1022
6542,1022
6543,0
6544,1022
6545,1021
6546,0
6547,0
6548,1022
6549,0
6550,0
6551,1022
6552,1021
6553,0
6554,1022
6555,1022
6556,0
6557,0
6558,1022
6559,0
6560,0
6561,1022
6562,1022
6563,0
6564,1022
6565,1021
6566,0
6567,0
6568,1022
6569,0
6570,0
6571,1022
6572,1022
6573,0
6574,1022
6575,1022
6576,0
6577,0
6578,1022
6579,0
6580,0
6581,1022
6582,1021
6583,0
6584,1022
6585,1022
6586,0
6587,0
6588,1021
6589,0
6590,0
6591,1022
6592,1022
6593,0
6594,1021
6595,1022
6596,0
6597,0
6598,1021
6599,0
6600,0
6601,1022
6602,1021
6603,0
6604,1022
6605,1021
6606,0
6607,0
6608,1022
6609,0
6610,0
6611,1022
6612,1022
6613,0
6614,1021
6615,1022
6616,0
6617,0
6618,1022
6619,0
6620,0
6621,1022
6622,1022
6623,0
6624,1022
6625,1022
6626,0
6627,0
6628,1022
6629,0
6630,0
6631,1022
6632,1022
6633,0
6634,1022
6635,1022
6636,0
6637,0
6638,1022
6639,0
6640,0
6641,1022
6642,1022
6643,0
6644,1022
6645,1022
6646,0
6647,0
6648,1022
6649,0
6650,0
6651,1022
6652,1022
6653,0
6654,1022
6655,1022
6656,0
6657,0
6658,1022
6659,0
6660,0
6661,1021
6662,0
6663,0
6664,1022
6665,1022
6666,0
6667,1021
6668,1021
6669,0
6670,0
6671,1022
6672,0
6673,0
6674,1022
6675,1022
6676,0
6677,1022
6678,1022
6679,0
6680,0
6681,1022
6682,0
6683,0
6684,1022
6685,1022
6686,0
6687,1022
6688,1022
6689,0
6690,0
6691,1022
6692,0
6693,0
6694,1022
6695,1022
6696,0
6697,1022
6698,1021
6699,0
6700,0
6701,1022
6702,0
6703,0
6704,1022
6705,1021
6706,0
6707,1022
6708,1022
6709,0
6710,0
6711,1021
6712,0
6713,0
6714,1022
6715,1022
6716,0
6717,1022
6718,1021
6719,0
6720,0
6721,1022
6722,0
6723,0
6724,1022
6725,1022
6726,0
6727,1022
6728,1022
6729,0
6730,0
6731,1022
6732,0
6733,0
6734,1022
6735,1022
6736,0
6737,1022
6738,1022
6739,0
6740,0
6741,1021
6742,0
6743,0
6744,1021
6745,1022
6746,0
6747,1022
6748,1022
6749,0
6750,0
6751,1022
6752,0
6753,0
6754,1022
6755,1022
6756,0
6757,1022
6758,1022
6759,0
6760,0
6761,1022
6762,0
6763,0
6764,1022
6765,1022
6766,0
6767,1022
6768,1022
6769,0
6770,0
6771,1022
6772,0
6773,0
6774,1021
6775,1022
6776,0
6777,1022
6778,1022
6779,0
6780,0
6781,1022
6782,0
6783,0
6784,1022
6785,1022
6786,0
6787,1021
6788,1022
6789,0
6790,0
6791,1022
6792,0
6793,0
6794,1022
6795,1022
6796,0
6797,1022
6798,1022
6799,0
6800,0
6801,1022
6802,0
6803,0
6804,1021
6805,1022
6806,0
6807,1022
6808,1022
6809,0
6810,0
6811,1022
6812,0
6813,0
6814,1022
6815,1022
6816,0
6817,1021
6818,1022
6819,0
6820,0
6821,1022
6822,0
6823,0
6824,1022
6825,1022
6826,0
6827,1022
6828,1022
6829,0
6830,0
6831,1022
6832,0
6833,0
6834,1022
6835,1022
6836,0
6837,1022
6838,1022
6839,0
6840,0
6841,1022
6842,0
6843,0
6844,1022
6845,1022
6846,0
6847,1022
6848,1022
6849,0
6850,0
6851,1022
6852,0
6853,0
6854,1022
6855,1022
6856,0
6857,1022
6858,1022
6859,0
6860,0
6861,1022
6862,0
6863,0
6864,1021
6865,1022
6866,0
6867,1022
6868,1022
6869,0
6870,0
6871,1022
6872,0
6873,0
6874,1022
6875,0
6876,0
6877,1021
6878,1021
6879,0
6880,1021
6881,1022
6882,0
6883,0
6884,1022
6885,0
6886,0
6887,1022
6888,1022
6889,0
6890,1021
6891,1022
6892,0
6893,0
6894,1022
6895,0
6896,0
6897,1022
6898,1021
6899,0
6900,1022
6901,1022
6902,0
6903,0
6904,1022
6905,0
6906,0
6907,1022
6908,1022
6909,0
6910,1022
6911,1022
6912,0
6913,0
6914,1022
6915,0
6916,0
6917,1022
6918,1022
6919,0
6920,1022
6921,1022
6922,0
6923,0
6924,1022
6925,0
6926,0
6927,1022
6928,1022
6929,0
6930,1022
6931,1022
6932,0
6933,0
6934,1021
6935,0
6936,0
6937,1022
6938,1022
6939,0
6940,1022
6941,1022
6942,0
6943,0
6944,1022
6945,0
6946,0
6947,1022
6948,1022
6949,0
6950,1022
6951,1022
6952,0
6953,0
6954,1022
6955,0
6956,0
6957,1022
6958,1022
6959,0
6960,1022
6961,1022
6962,0
6963,0
6964,1022
6965,0
6966,0
6967,1022
6968,1021
6969,0
6970,1022
6971,1021
6972,0
6973,0
6974,1022
6975,0
6976,0
6977,1022
6978,1021
6979,0
6980,1022
6981,1022
6982,0
6983,0
6984,1022
6985,0
6986,0
6987,1022
6988,1022
6989,0
6990,1021
6991,1022
6992,0
6993,0
6994,1022
6995,0
6996,0
6997,1022
6998,1021
6999,0
7000,1022
7001,1022
7002,0
7003,0
7004,1022
7005,0
7006,0
7007,1022
7008,1022
7009,0
7010,1022
7011,1022
7012,0
7013,0
7014,1022
7015,0
7016,0
7017,1022
7018,1021
7019,0
7020,1021
7021,1022
7022,0
7023,0
7024,1022
7025,0
7026,0
7027,1022
7028,1022
7029,0
7030,1021
7031,1022
7032,0
7033,0
7034,1022
7035,0
7036,0
7037,1023
7038,1022
7039,0
7040,1022
7041,1022
7042,0
7043,0
7044,1022
7045,0
7046,0
7047,1021
7048,1022
7049,0
7050,1022
7051,1021
7052,0
7053,0
7054,1021
7055,0
7056,0
7057,1023
7058,1022
7059,0
7060,1022
7061,1022
7062,0
7063,0
7064,1022
7065,0
7066,0
7067,1022
7068,1022
7069,0
7070,1022
7071,1022
7072,0
7073,0
7074,1022
7075,0
7076,0
7077,1022
7078,0
7079,0
7080,1022
7081,1022
7082,0
7083,1022
7084,1022
7085,0
7086,0
7087,1022
7088,0
7089,0
7090,1022
7091,1023
7092,0
7093,1022
7094,1022
7095,0
7096,0
7097,1022
7098,0
7099,0
7100,1022
7101,1021
7102,0
7103,1022
7104,1021
7105,0
7106,0
7107,1022
7108,0
7109,0
7110,1021
7111,1022
7112,0
7113,1022
7114,1022
7115,0
7116,0
7117,1022
7118,0
7119,0
7120,1022
7121,1022
7122,0
7123,1021
7124,1022
7125,0
7126,0
7127,1021
7128,0
7129,0
7130,1021
7131,1022
7132,0
7133,1022
7134,1022
7135,0
7136,0
7137,1022
7138,0
7139,0
7140,1022
7141,1022
7142,0
7143,1022
7144,1022
7145,0
7146,0
7147,1022
7148,0
7149,0
7150,1022
7151,1022
7152,0
7153,1022
7154,1022
7155,0
7156,0
7157,1022
7158,0
7159,0
7160,1022
7161,1022
7162,0
7163,1021
7164,1022
7165,0
7166,0
7167,1022
7168,0
7169,0
7170,1022
7171,1022
7172,0
7173,1022
7174,1022
7175,0
7176,0
7177,1021
7178,0
7179,0
7180,1022
7181,1021
7182,0
7183,1022
7184,1022
7185,0
7186,0
7187,1022
7188,0
7189,0
7190,1022
7191,1022
7192,0
7193,1022
7194,1022
7195,0
7196,0
7197,1022
7198,0
7199,0
7200,1022
7201,1022
7202,0
7203,1021
7204,1022
7205,0
7206,0
7207,1022
7208,0
7209,0
7210,1022
7211,1022
7212,0
7213,1022
7214,1022
7215,0
7216,0
7217,1022
7218,0
7219,0
7220,1022
7221,1022
7222,0
7223,1022
7224,1022
7225,0
7226,0
7227,1022
7228,0
7229,0
7230,1022
7231,1022
7232,0
7233,1022
7234,1022
7235,0
7236,0
7237,1021
7238,0
7239,0
7240,1022
7241,1022
7242,0
7243,1022
7244,1022
7245,0
7246,0
7247,1022
7248,0
7249,0
7250,1021
7251,1022
7252,0
7253,1022
7254,1022
7255,0
7256,0
7257,1022
7258,0
7259,0
7260,1022
7261,1022
7262,0
7263,1022
7264,1022
7265,0
7266,0
7267,1022
7268,0
7269,0
7270,1022
7271,1022
7272,0
7273,1022
7274,1021
7275,0
7276,0
7277,1021
7278,0
7279,0
7280,1021
7281,1022
7282,0
7283,1022
7284,1022
7285,0
7286,1022
7287,1022
7288,0
7289,0
7290,1022
7291,0
7292,0
7293,1022
7294,1022
7295,0
7296,1022
7297,1021
7298,0
7299,0
7300,1022
7301,0
7302,0
7303,1022
7304,1022
7305,0
7306,1022
7307,1022
7308,0
7309,0
7310,1022
7311,0
7312,0
7313,1022
7314,1022
7315,0
7316,1022
7317,1022
7318,0
7319,0
7320,1022
7321,0
7322,0
7323,1022
7324,1022
7325,0
7326,1022
7327,1022
7328,0
7329,0
7330,1022
7331,0
7332,0
7333,1022
7334,1022
7335,0
7336,1022
7337,1022
7338,0
7339,0
7340,1021
7341,0
7342,0
7343,1022
7344,1022
7345,0
7346,1022
7347,1022
7348,0
7349,0
7350,1022
7351,0
7352,0
7353,1022
7354,1022
7355,0
7356,1022
7357,1022
7358,0
7359,0
7360,1022
7361,0
7362,0
7363,1022
7364,1022
7365,0
7366,1022
7367,1022
7368,0
7369,0
7370,1022
7371,0
7372,0
7373,1022
7374,1022
7375,0
7376,1022
7377,1022
7378,0
7379,0
7380,1022
7381,0
7382,0
7383,1022
7384,1022
7385,0
7386,1022
7387,1022
7388,0
7389,0
7390,1022
7391,0
7392,0
7393,1022
7394,1022
7395,0
7396,1022
7397,1022
7398,0
7399,0
7400,1022
7401,0
7402,0
7403,1022
7404,1022
7405,0
7406,1021
7407,1022
7408,0
7409,0
7410,1023
7411,0
7412,0
7413,1022
7414,1022
7415,0
7416,1022
7417,1022
7418,0
7419,0
7420,1022
7421,0
7422,0
7423,1022
7424,1022
7425,0
7426,1022
7427,1022
7428,0
7429,0
7430,1022
7431,0
7432,0
7433,1022
7434,1022
7435,0
7436,1022
7437,1022
7438,0
7439,0
7440,1022
7441,0
7442,0
7443,1022
7444,1022
7445,0
7446,1022
7447,1022
7448,0
7449,0
7450,1023
7451,0
7452,0
7453,1022
7454,1022
7455,0
7456,1022
7457,1022
7458,0
7459,0
7460,1022
7461,0
7462,0
7463,1022
7464,1022
7465,0
7466,1022
7467,1022
7468,0
7469,0
7470,1022
7471,0
7472,0
7473,1022
7474,1022
7475,0
7476,1022
7477,1022
7478,0
7479,0
7480,1022
7481,0
7482,0
7483,1022
7484,1023
7485,0
7486,1022
7487,1022
7488,0
7489,0
7490,1022
7491,0
7492,0
7493,1022
7494,1022
7495,0
7496,1022
7497,1022
7498,0
7499,1021
7500,1022
7501,0
7502,0
7503,1022
7504,0
7505,0
7506,1022
7507,1022
7508,0
7509,1022
7510,1022
7511,0
7512,0
7513,1022
7514,0
7515,0
7516,1022
7517,1022
7518,0
7519,1022
7520,1021
7521,0
7522,0
7523,1022
7524,0
7525,0
7526,1022
7527,1022
7528,0
7529,1022
7530,1022
7531,0
7532,0
7533,1022
7534,0
7535,0
7536,1022
7537,1022
7538,0
7539,1021
7540,1021
7541,0
7542,0
7543,1022
7544,0
7545,0
7546,1022
7547,1022
7548,0
7549,1022
7550,1022
7551,0
7552,0
7553,1023
7554,0
7555,0
7556,1022
7557,1022
7558,0
7559,1022
7560,1021
7561,0
7562,0
7563,1022
7564,0
7565,0
7566,1022
7567,1022
7568,0
7569,1022
7570,1022
7571,0
7572,0
7573,1022
7574,0
7575,0
7576,1022
7577,1022
7578,0
7579,1022
7580,1022
7581,0
7582,0
7583,1022
7584,0
7585,0
7586,1022
7587,1022
7588,0
7589,1022
7590,1021
7591,0
7592,0
7593,1022
7594,0
7595,0
7596,1022
7597,1022
7598,0
7599,1022
7600,1022
7601,0
7602,0
7603,1022
7604,0
7605,0
7606,1021
7607,1022
7608,0
7609,1022
7610,1022
7611,0
7612,0
7613,1022
7614,0
7615,0
7616,1022
7617,1022
7618,0
7619,1021
7620,1022
7621,0
7622,0
7623,1022
7624,0
7625,0
7626,1022
7627,1022
7628,0
7629,1022
7630,1022
7631,0
7632,0
7633,1022
7634,0
7635,0
7636,1022
7637,1021
7638,0
7639,1022
7640,1022
7641,0
7642,0
7643,1022
7644,0
7645,0
7646,1021
7647,1022
7648,0
7649,1022
7650,1022
7651,0
7652,0
7653,1022
7654,0
7655,0
7656,1022
7657,1022
7658,0
7659,1022
7660,1022
7661,0
7662,0
7663,1022
7664,0
7665,0
7666,1022
7667,1022
7668,0
7669,1022
7670,1022
7671,0
7672,0
7673,1022
7674,0
7675,0
7676,1022
7677,1021
7678,0
7679,1022
7680,1022
7681,0
7682,0
7683,1022
7684,0
7685,0
7686,1022
7687,1022
7688,0
7689,1022
7690,1022
7691,0
7692,0
7693,1022
7694,0
7695,0
7696,1022
7697,1022
7698,0
7699,1022
7700,1022
7701,0
7702,0
7703,1022
7704,0
7705,0
7706,1022
7707,0
7708,0
7709,1022
7710,1021
7711,0
7712,1022
7713,1022
7714,0
7715,0
7716,1022
7717,0
7718,0
7719,1022
7720,1022
7721,0
7722,1022
7723,1022
7724,0
7725,0
7726,1021
7727,0
7728,0
7729,1021
7730,1022
7731,0
7732,1022
7733,1022
7734,0
7735,0
7736,1022
7737,0
7738,0
7739,1022
7740,1022
7741,0
7742,1021
7743,1022
7744,0
7745,0
7746,1021
7747,0
7748,0
7749,1022
7750,1022
7751,0
7752,1022
7753,1022
7754,0
7755,0
7756,1022
7757,0
7758,0
7759,1022
7760,1022
7761,0
7762,1022
7763,1022
7764,0
7765,0
7766,1022
7767,0
7768,0
7769,1022
7770,1022
7771,0
7772,1022
7773,1022
7774,0
7775,0
7776,1022
7777,0
7778,0
7779,1022
7780,1021
7781,0
7782,1021
7783,1022
7784,0
7785,0
7786,1022
7787,0
7788,0
7789,1022
7790,1022
7791,0
7792,1022
7793,1022
7794,0
7795,0
7796,1022
7797,0
7798,0
7799,1022
7800,1021
7801,0
7802,1022
7803,1022
7804,0
7805,0
7806,1022
7807,0
7808,0
7809,1022
7810,1022
7811,0
7812,1022
7813,1022
7814,0
7815,0
7816,1021
7817,0
7818,0
7819,1022
7820,1021
7821,0
7822,1022
7823,1022
7824,0
7825,0
7826,1022
7827,0
7828,0
7829,1022
7830,1022
7831,0
7832,1022
7833,1022
7834,0
7835,0
7836,1022
7837,0
7838,0
7839,1022
7840,1022
7841,0
7842,1022
7843,1022
7844,0
7845,0
7846,1022
7847,0
7848,0
7849,1022
7850,1022
7851,0
7852,1022
7853,1022
7854,0
7855,0
7856,1022
7857,0
7858,0
7859,1022
7860,1022
7861,0
7862,1022
7863,1022
7864,0
7865,0
7866,1021
7867,0
7868,0
7869,1022
7870,1022
7871,0
7872,1022
7873,1021
7874,0
7875,0
7876,1022
7877,0
7878,0
7879,1022
7880,1021
7881,0
7882,1022
7883,1022
7884,0
7885,0
7886,1022
7887,0
7888,0
7889,1022
7890,1022
7891,0
7892,1022
7893,1022
7894,0
7895,0
7896,1022
7897,0
7898,0
7899,1022
7900,1022
7901,0
7902,1021
7903,1022
7904,0
7905,0
7906,1022
7907,0
7908,0
7909,1022
7910,1022
7911,0
7912,1022
7913,1021
7914,0
7915,1021
7916,1022
7917,0
7918,0
7919,1022
7920,0
7921,0
7922,1022
7923,1022
7924,0
7925,1022
7926,1022
7927,0
7928,0
7929,1022
7930,0
7931,0
7932,1022
7933,1022
7934,0
7935,1022
7936,1022
7937,0
7938,0
7939,1022
7940,0
7941,0
7942,1021
7943,1022
7944,0
7945,1022
7946,1022
7947,0
7948,0
7949,1022
7950,0
7951,0
7952,1022
7953,1022
7954,0
7955,1021
7956,1022
7957,0
7958,0
7959,1022
7960,0
7961,0
7962,1022
7963,1022
7964,0
7965,1022
7966,1022
7967,0
7968,0
7969,1022
7970,0
7971,0
7972,1022
7973,1021
7974,0
7975,1022
7976,1022
7977,0
7978,0
7979,1021
7980,0
7981,0
7982,1022
7983,1022
7984,0
7985,1022
7986,1022
7987,0
7988,0
7989,1022
7990,0
7991,0
7992,1022
7993,1022
7994,0
7995,1022
7996,1022
7997,0
7998,0
7999,1022
8000,0
8001,0
8002,1022
8003,1022
8004,0
8005,1022
8006,1022
8007,0
8008,0
8009,1022
8010,0
8011,0
8012,1022
8013,1022
8014,0
8015,1022
8016,1022
8017,0
8018,0
8019,1022
8020,0
8021,0
8022,1022
8023,1022
8024,0
8025,1022
8026,1022
8027,0
8028,0
8029,1022
8030,0
8031,0
8032,1022
8033,1022
8034,0
8035,1021
8036,1022
8037,0
8038,0
8039,1022
8040,0
8041,0
8042,1022
8043,1022
8044,0
8045,1022
8046,1021
8047,0
8048,0
8049,1022
8050,0
8051,0
8052,1022
8053,1022
8054,0
8055,1022
8056,1022
8057,0
8058,0
8059,1022
8060,0
8061,0
8062,1022
8063,1022
8064,0
8065,1022
8066,1022
8067,0
8068,0
8069,1022
8070,0
8071,0
8072,1022
8073,1022
8074,0
8075,1022
8076,1022
8077,0
8078,0
8079,1022
8080,0
8081,0
8082,1022
8083,1022
8084,0
8085,1022
8086,1022
8087,0
8088,0
8089,1022
8090,0
8091,0
8092,1021
8093,1022
8094,0
8095,1022
8096,1021
8097,0
8098,0
8099,1022
8100,0
8101,0
8102,1022
8103,1021
8104,0
8105,1021
8106,1022
8107,0
8108,0
8109,1023
8110,0
8111,0
8112,1022
8113,1022
8114,0
8115,1022
8116,1022
8117,0
8118,0
8119,1022
8120,0
8121,0
8122,1022
8123,0
8124,0
8125,1021
8126,1021
8127,0
8128,1021
8129,1022
8130,0
8131,0
8132,1022
8133,0
8134,0
8135,1021
8136,1022
8137,0
8138,1022
8139,1022
8140,0
8141,0
8142,1022
8143,0
8144,0
8145,1022
8146,1022
8147,0
8148,1022
8149,1022
8150,0
8151,0
8152,1022
8153,0
8154,0
8155,1022
8156,1022
8157,0
8158,1022
8159,1022
8160,0
8161,0
8162,1022
8163,0
8164,0
8165,1022
8166,1022
8167,0
8168,1022
8169,1022
8170,0
8171,0
8172,1021
8173,0
8174,0
8175,1022
8176,1021
8177,0
8178,1022
8179,1021
8180,0
8181,0
8182,1021
8183,0
8184,0
8185,1022
8186,1022
8187,0
8188,1022
8189,1022
8190,0
8191,0
8192,1022
8193,0
8194,0
8195,1022
8196,1022
8197,0
8198,1021
8199,1022
8200,0
8201,0
8202,1021
8203,0
8204,0
8205,1022
8206,1022
8207,0
8208,1021
8209,1022
8210,0
8211,0
8212,1023
8213,0
8214,0
8215,1022
8216,1022
8217,0
8218,1022
8219,1022
8220,0
8221,0
8222,1022
8223,0
8224,0
8225,1022
8226,1022
8227,0
8228,1022
8229,1022
8230,0
8231,0
8232,1022
8233,0
8234,0
8235,1022
8236,1022
8237,0
8238,1021
8239,1022
8240,0
8241,0
8242,1022
8243,0
8244,0
8245,1022
8246,1022
8247,0
8248,1022
8249,1022
8250,0
8251,0
8252,1022
8253,0
8254,0
8255,1022
8256,1022
8257,0
8258,1021
8259,1022
8260,0
8261,0
8262,1022
8263,0
8264,0
8265,1022
8266,1021
8267,0
8268,1022
8269,1022
8270,0
8271,0
8272,1022
8273,0
8274,0
8275,1021
8276,1022
8277,0
8278,1021
8279,1022
8280,0
8281,0
8282,1022
8283,0
8284,0
8285,1022
8286,1022
8287,0
8288,1022
8289,1022
8290,0
8291,0
8292,1022
8293,0
8294,0
8295,1021
8296,1022
8297,0
8298,1022
8299,1022
8300,0
8301,0
8302,1022
8303,0
8304,0
8305,1021
8306,1022
8307,0
8308,1022
8309,1022
8310,0
8311,0
8312,1022
8313,0
8314,0
8315,1022
8316,1022
8317,0
8318,1021
8319,1022
8320,0
8321,0
8322,1022
8323,0
8324,0
8325,1021
8326,1022
8327,0
8328,1022
8329,1022
8330,0
8331,1022
8332,1022
8333,0
8334,0
8335,1022
8336,0
8337,0
8338,1022
8339,1022
8340,0
8341,1022
8342,1022
8343,0
8344,0
8345,1022
8346,0
8347,0
8348,1022
8349,1022
8350,0
8351,1022
8352,1022
8353,0
8354,0
8355,1021
8356,0
8357,0
8358,1022
8359,1022
8360,0
8361,1022
8362,1022
8363,0
8364,0
8365,1022
8366,0
8367,0
8368,1021
8369,1022
8370,0
8371,1021
8372,1022
8373,0
8374,0
8375,1022
8376,0
8377,0
8378,1022
8379,1022
8380,0
8381,1022
8382,1022
8383,0
8384,0
8385,1022
8386,0
8387,0
8388,1022
8389,1022
8390,0
8391,1022
8392,1022
8393,0
8394,0
8395,1022
8396,0
8397,0
8398,1022
8399,1022
8400,0
8401,1022
8402,1023
8403,0
8404,0
8405,1022
8406,0
8407,0
8408,1022
8409,1022
8410,0
8411,1022
8412,1022
8413,0
8414,0
8415,1022
8416,0
8417,0
8418,1022
8419,1022
8420,0
8421,1022
8422,1021
8423,0
8424,0
8425,1021
8426,0
8427,0
8428,1022
8429,1021
8430,0
8431,1022
8432,1022
8433,0
8434,0
8435,1021
8436,0
8437,0
8438,1022
8439,1022
8440,0
8441,1022
8442,1022
8443,0
8444,0
8445,1022
8446,0
8447,0
8448,1022
8449,1022
8450,0
8451,1022
8452,1022
8453,0
8454,0
8455,1022
8456,0
8457,0
8458,1022
8459,1022
8460,0
8461,1022
8462,1021
8463,0
8464,0
8465,1022
8466,0
8467,0
8468,1022
8469,1022
8470,0
8471,1021
8472,1022
8473,0
8474,0
8475,1021
8476,0
8477,0
8478,1021
8479,1022
8480,0
8481,1022
8482,1022
8483,0
8484,0
8485,1021
8486,0
8487,0
8488,1022
8489,1022
8490,0
8491,1022
8492,1022
8493,0
8494,0
8495,1022
8496,0
8497,0
8498,1022
8499,1022
8500,0
8501,1022
8502,1021
8503,0
8504,0
8505,1021
8506,0
8507,0
8508,1021
8509,1021
8510,0
8511,1022
8512,1021
8513,0
8514,0
8515,1022
8516,0
8517,0
8518,1022
8519,1022
8520,0
8521,1022
8522,1022
8523,0
8524,0
8525,1022
8526,0
8527,0
8528,1022
8529,1022
8530,0
8531,1022
8532,1022
8533,0
8534,0
8535,1022
8536,0
8537,0
8538,1022
8539,0
8540,0
8541,1022
8542,1022
8543,0
8544,1022
8545,1022
8546,0
8547,0
8548,1022
8549,0
8550,0
8551,1022
8552,1022
8553,0
8554,1022
8555,1021
8556,0
8557,0
8558,1022
8559,0
8560,0
8561,1021
8562,1022
8563,0
8564,1021
8565,1022
8566,0
8567,0
8568,1022
8569,0
8570,0
8571,1022
8572,1021
8573,0
8574,1022
8575,1022
8576,0
8577,0
8578,1022
8579,0
8580,0
8581,1022
8582,1022
8583,0
8584,1022
8585,1021
8586,0
8587,0
8588,1022
8589,0
8590,0
8591,1022
8592,1022
8593,0
8594,1022
8595,1022
8596,0
8597,0
8598,1022
8599,0
8600,0
8601,1022
8602,1022
8603,0
8604,1022
8605,1022
8606,0
8607,0
8608,1022
8609,0
8610,0
8611,1022
8612,1022
8613,0
8614,1022
8615,1022
8616,0
8617,0
8618,1022
8619,0
8620,0
8621,1022
8622,1022
8623,0
8624,1022
8625,1022
8626,0
8627,0
8628,1022
8629,0
8630,0
8631,1021
8632,1022
8633,0
8634,1022
8635,1023
8636,0
8637,0
8638,1022
8639,0
8640,0
8641,1022
8642,1022
8643,0
8644,1022
8645,1022
8646,0
8647,0
8648,1022
8649,0
8650,0
8651,1021
8652,1022
8653,0
8654,1022
8655,1022
8656,0
8657,0
8658,1022
8659,0
8660,0
8661,1021
8662,1022
8663,0
8664,1022
8665,1022
8666,0
8667,0
8668,1022
8669,0
8670,0
8671,1022
8672,1022
8673,0
8674,1022
8675,1022
8676,0
8677,0
8678,1022
8679,0
8680,0
8681,1022
8682,1022
8683,0
8684,1022
8685,1022
8686,0
8687,0
8688,1022
8689,0
8690,0
8691,1022
8692,1022
8693,0
8694,1022
8695,1022
8696,0
8697,0
8698,1021
8699,0
8700,0
8701,1022
8702,1022
8703,0
8704,1022
8705,1022
8706,0
8707,0
8708,1022
8709,0
8710,0
8711,1022
8712,1022
8713,0
8714,1021
8715,1022
8716,0
8717,0
8718,1022
8719,0
8720,0
8721,1022
8722,1022
8723,0
8724,1022
8725,1022
8726,0
8727,0
8728,1022
8729,0
8730,0
8731,1022
8732,1022
8733,0
8734,1022
8735,1022
8736,0
8737,0
8738,1021
8739,0
8740,0
8741,1022
8742,0
8743,0
8744,1022
8745,1022
8746,0
8747,1021
8748,1022
8749,0
8750,0
8751,1022
8752,0
8753,0
8754,1022
8755,1022
8756,0
8757,1022
8758,1022
8759,0
8760,0
8761,1022
8762,0
8763,0
8764,1022
8765,1022
8766,0
8767,1022
8768,1022
8769,0
8770,0
8771,1022
8772,0
8773,0
8774,1022
8775,1022
8776,0
8777,1022
8778,1022
8779,0
8780,0
8781,1022
8782,0
8783,0
8784,1022
8785,1022
8786,0
8787,1022
8788,1022
8789,0
8790,0
8791,1022
8792,0
8793,0
8794,1022
8795,1022
8796,0
8797,1022
8798,1022
8799,0
8800,0
8801,1022
8802,0
8803,0
8804,1022
8805,1022
8806,0
8807,1022
8808,1022
8809,0
8810,0
8811,1022
8812,0
8813,0
8814,1022
8815,1022
8816,0
8817,1022
8818,1023
8819,0
8820,0
8821,1022
8822,0
8823,0
8824,1022
8825,1022
8826,0
8827,1022
8828,1022
8829,0
8830,0
8831,1022
8832,0
8833,0
8834,1022
8835,1022
8836,0
8837,1022
8838,1022
8839,0
8840,0
8841,1022
8842,0
8843,0
8844,1022
8845,1022
8846,0
8847,1023
8848,1022
8849,0
8850,0
8851,1022
8852,0
8853,0
8854,1022
8855,1022
8856,0
8857,1022
8858,1022
8859,0
8860,0
8861,1022
8862,0
8863,0
8864,1022
8865,1022
8866,0
8867,1021
8868,1022
8869,0
8870,0
8871,1022
8872,0
8873,0
8874,1022
8875,1022
8876,0
8877,1022
8878,1022
8879,0
8880,0
8881,1022
8882,0
8883,0
8884,1021
8885,1022
8886,0
8887,1022
8888,1022
8889,0
8890,0
8891,1021
8892,0
8893,0
8894,1021
8895,1022
8896,0
8897,1022
8898,1022
8899,0
8900,0
8901,1022
8902,0
8903,0
8904,1022
8905,1022
8906,0
8907,1022
8908,1022
8909,0
8910,0
8911,1022
8912,0
8913,0
8914,1022
8915,1022
8916,0
8917,1022
8918,1021
8919,0
8920,0
8921,1021
8922,0
8923,0
8924,1022
8925,1022
8926,0
8927,1022
8928,1022
8929,0
8930,0
8931,1022
8932,0
8933,0
8934,1022
8935,1022
8936,0
8937,1022
8938,1022
8939,0
8940,0
8941,1022
8942,0
8943,0
8944,1022
8945,1021
8946,0
8947,1021
8948,1022
8949,0
8950,1022
8951,1022
8952,0
8953,0
8954,1022
8955,0
8956,0
8957,1022
8958,1022
8959,0
8960,1022
8961,1022
8962,0
8963,0
8964,1022
8965,0
8966,0
8967,1022
8968,1022
8969,0
8970,1021
8971,1022
8972,0
8973,0
8974,1022
8975,0
8976,0
8977,1022
8978,1022
8979,0
8980,1022
8981,1022
8982,0
8983,0
8984,1022
8985,0
8986,0
8987,1022
8988,1022
8989,0
8990,1022
8991,1022
8992,0
8993,0
8994,1022
8995,0
8996,0
8997,1022
8998,1022
8999,0
9000,1022
9001,1022
9002,0
9003,0
9004,1022
9005,0
9006,0
9007,1022
9008,1022
9009,0
9010,1022
9011,1022
9012,0
9013,0
9014,1022
9015,0
9016,0
9017,1022
9018,1021
9019,0
9020,1022
9021,1021
9022,0
9023,0
9024,1022
9025,0
9026,0
9027,1022
9028,1022
9029,0
9030,1022
9031,1022
9032,0
9033,0
9034,1022
9035,0
9036,0
9037,1022
9038,1023
9039,0
9040,1022
9041,1022
9042,0
9043,0
9044,1022
9045,0
9046,0
9047,1022
9048,1022
9049,0
9050,1022
9051,1022
9052,0
9053,0
9054,1022
9055,0
9056,0
9057,1022
9058,1022
9059,0
9060,1022
9061,1022
9062,0
9063,0
9064,1022
9065,0
9066,0
9067,1022
9068,1022
9069,0
9070,1022
9071,1022
9072,0
9073,0
9074,1022
9075,0
9076,0
9077,1022
9078,1022
9079,0
9080,1022
9081,1022
9082,0
9083,0
9084,1022
9085,0
9086,0
9087,1022
9088,1022
9089,0
9090,1023
9091,1022
9092,0
9093,0
9094,1022
9095,0
9096,0
9097,1022
9098,1022
9099,0
9100,1022
9101,1022
9102,0
9103,0
9104,1021
9105,0
9106,0
9107,1022
9108,1022
9109,0
9110,1022
9111,1022
9112,0
9113,0
9114,1022
9115,0
9116,0
9117,1022
9118,1022
9119,0
9120,1021
9121,1022
9122,0
9123,0
9124,1022
9125,0
9126,0
9127,1021
9128,1021
9129,0
9130,1021
9131,1022
9132,0
9133,0
9134,1022
9135,0
9136,0
9137,1022
9138,1022
9139,0
9140,1022
9141,1022
9142,0
9143,0
9144,1022
9145,0
9146,0
9147,1022
9148,1022
9149,0
9150,1022
9151,1022
9152,0
9153,0
9154,1022
9155,0
9156,0
9157,1022
9158,1022
9159,0
9160,1022
9161,1022
9162,0
9163,1022
9164,1022
9165,0
9166,0
9167,1022
9168,0
9169,0
9170,1021
9171,1022
9172,0
9173,1022
9174,1022
9175,0
9176,0
9177,1021
9178,0
9179,0
9180,1022
9181,1022
9182,0
9183,1022
9184,1022
9185,0
9186,0
9187,1022
9188,0
9189,0
9190,1022
9191,1022
9192,0
9193,1022
9194,1022
9195,0
9196,0
9197,1021
9198,0
9199,0
9200,1022
9201,1022
9202,0
9203,1022
9204,1022
9205,0
9206,0
9207,1022
9208,0
9209,0
9210,1022
9211,1022
9212,0
9213,1022
9214,1022
9215,0
9216,0
9217,1022
9218,0
9219,0
9220,1021
9221,1022
9222,0
9223,1022
9224,1022
9225,0
9226,0
9227,1022
9228,0
9229,0
9230,1022
9231,1022
9232,0
9233,1022
9234,1022
9235,0
9236,0
9237,1022
9238,0
9239,0
9240,1022
9241,1022
9242,0
9243,1022
9244,1022
9245,0
9246,0
9247,1022
9248,0
9249,0
9250,1022
9251,1022
9252,0
9253,1023
9254,1022
9255,0
9256,0
9257,1022
9258,0
9259,0
9260,1022
9261,1022
9262,0
9263,1022
9264,1022
9265,0
9266,0
9267,1022
9268,0
9269,0
9270,1022
9271,1022
9272,0
9273,1022
9274,1022
9275,0
9276,0
9277,1022
9278,0
9279,0
9280,1021
9281,1022
9282,0
9283,1021
9284,1022
9285,0
9286,0
9287,1022
9288,0
9289,0
9290,1021
9291,1022
9292,0
9293,1022
9294,1022
9295,0
9296,0
9297,1022
9298,0
9299,0
9300,1022
9301,1022
9302,0
9303,1022
9304,1022
9305,0
9306,0
9307,1022
9308,0
9309,0
9310,1022
9311,1022
9312,0
9313,1022
9314,1022
9315,0
9316,0
9317,1022
9318,0
9319,0
9320,1022
9321,1021
9322,0
9323,1021
9324,1022
9325,0
9326,0
9327,1021
9328,0
9329,0
9330,1022
9331,1022
9332,0
9333,1022
9334,1022
9335,0
9336,0
9337,1022
9338,0
9339,0
9340,1022
9341,1022
9342,0
9343,1022
9344,1022
9345,0
9346,0
9347,1022
9348,0
9349,0
9350,1022
9351,1022
9352,0
9353,1022
9354,1021
9355,0
9356,0
9357,1021
9358,0
9359,0
9360,1022
9361,1022
9362,0
9363,1022
9364,1022
9365,0
9366,1021
9367,1022
9368,0
9369,0
9370,1022
9371,0
9372,0
9373,1022
9374,1022
9375,0
9376,1021
9377,1022
9378,0
9379,0
9380,1022
9381,0
9382,0
9383,1022
9384,1022
9385,0
9386,1022
9387,1022
9388,0
9389,0
9390,1021
9391,0
9392,0
9393,1023
9394,1022
9395,0
9396,1022
9397,1022
9398,0
9399,0
9400,1021
9401,0
9402,0
9403,1022
9404,1021
9405,0
9406,1022
9407,1021
9408,0
9409,0
9410,1022
9411,0
9412,0
9413,1022
9414,1022
9415,0
9416,1022
9417,1022
9418,0
9419,0
9420,1022
9421,0
9422,0
9423,1022
9424,1021
9425,0
9426,1022
9427,1021
9428,0
9429,0
9430,1022
9431,0
9432,0
9433,1022
9434,1022
9435,0
9436,1021
9437,1022
9438,0
9439,0
9440,1022
9441,0
9442,0
9443,1022
9444,1022
9445,0
9446,1021
9447,1022
9448,0
9449,0
9450,1022
9451,0
9452,0
9453,1022
9454,1022
9455,0
9456,1022
9457,1022
9458,0
9459,0
9460,1022
9461,0
9462,0
9463,1022
9464,1022
9465,0
9466,1022
9467,1022
9468,0
9469,0
9470,1021
9471,0
9472,0
9473,1022
9474,1022
9475,0
9476,1022
9477,1021
9478,0
9479,0
9480,1022
9481,0
9482,0
9483,1022
9484,1022
9485,0
9486,1022
9487,1022
9488,0
9489,0
9490,1022
9491,0
9492,0
9493,1022
9494,1022
9495,0
9496,1022
9497,1022
9498,0
9499,0
9500,1022
9501,0
9502,0
9503,1022
9504,1022
9505,0
9506,1022
9507,1022
9508,0
9509,0
9510,1021
9511,0
9512,0
9513,1022
9514,1022
9515,0
9516,1022
9517,1022
9518,0
9519,0
9520,1022
9521,0
9522,0
9523,1022
9524,1022
9525,0
9526,1022
9527,1022
9528,0
9529,0
9530,1022
9531,0
9532,0
9533,1022
9534,1022
9535,0
9536,1022
9537,1022
9538,0
9539,0
9540,1022
9541,0
9542,0
9543,1022
9544,1022
9545,0
9546,1022
9547,1022
9548,0
9549,0
9550,1021
9551,0
9552,0
9553,1022
9554,1022
9555,0
9556,1022
9557,1021
9558,0
9559,0
9560,1022
9561,0
9562,0
9563,1022
9564,1022
9565,0
9566,1022
9567,1022
9568,0
9569,0
9570,1022
9571,0
9572,0
9573,1022
9574,1021
9575,0
9576,1022
9577,1022
9578,0
9579,1021
9580,1021
9581,0
9582,0
9583,1021
9584,0
9585,0
9586,1022
9587,1022
9588,0
9589,1022
9590,1022
9591,0
9592,0
9593,1022
9594,0
9595,0
9596,1022
9597,1022
9598,0
9599,1022
9600,1022
9601,0
9602,0
9603,1022
9604,0
9605,0
9606,1022
9607,1022
9608,0
9609,1022
9610,1022
9611,0
9612,0
9613,1022
9614,0
9615,0
9616,1022
9617,1022
9618,0
9619,1022
9620,1022
9621,0
9622,0
9623,1022
9624,0
9625,0
9626,1022
9627,1022
9628,0
9629,1022
9630,1021
9631,0
9632,0
9633,1022
9634,0
9635,0
9636,1021
9637,1022
9638,0
9639,1022
9640,1022
9641,0
9642,0
9643,1022
9644,0
9645,0
9646,1022
9647,1022
9648,0
9649,1022
9650,1022
9651,0
9652,0
9653,1021
9654,0
9655,0
9656,1022
9657,1021
9658,0
9659,1022
9660,1022
9661,0
9662,0
9663,1021
9664,0
9665,0
9666,1022
9667,1023
9668,0
9669,1022
9670,1022
9671,0
9672,0
9673,1021
9674,0
9675,0
9676,1022
9677,1022
9678,0
9679,1022
9680,1022
9681,0
9682,0
9683,1022
9684,0
9685,0
9686,1022
9687,1021
9688,0
9689,1022
9690,1022
9691,0
9692,0
9693,1022
9694,0
9695,0
9696,1022
9697,1022
9698,0
9699,1022
9700,1022
9701,0
9702,0
9703,1022
9704,0
9705,0
9706,1021
9707,1022
9708,0
9709,1021
9710,1022
9711,0
9712,0
9713,1022
9714,0
9715,0
9716,1022
9717,1022
9718,0
9719,1022
9720,1022
9721,0
9722,0
9723,1022
9724,0
9725,0
9726,1022
9727,1022
9728,0
9729,1022
9730,1021
9731,0
9732,0
9733,1022
9734,0
9735,0
9736,1021
9737,1022
9738,0
9739,1021
9740,1022
9741,0
9742,0
9743,1022
9744,0
9745,0
9746,1022
9747,1022
9748,0
9749,1022
9750,1022
9751,0
9752,0
9753,1022
9754,0
9755,0
9756,1022
9757,1022
9758,0
9759,1022
9760,1022
9761,0
9762,0
9763,1022
9764,0
9765,0
9766,1022
9767,1022
9768,0
9769,1022
9770,1022
9771,0
9772,0
9773,1021
9774,0
9775,0
9776,1022
9777,1022
9778,0
9779,1022
9780,1022
9781,0
9782,1022
9783,1022
9784,0
9785,0
9786,1022
9787,0
9788,0
9789,1022
9790,1022
9791,0
9792,1022
9793,1022
9794,0
9795,0
9796,1022
9797,0
9798,0
9799,1022
9800,1022
9801,0
9802,1022
9803,1022
9804,0
9805,0
9806,1022
9807,0
9808,0
9809,1022
9810,1022
9811,0
9812,1022
9813,1021
9814,0
9815,0
9816,1022
9817,0
9818,0
9819,1022
9820,1022
9821,0
9822,1022
9823,1022
9824,0
9825,0
9826,1022
9827,0
9828,0
9829,1022
9830,1022
9831,0
9832,1021
9833,1022
9834,0
9835,0
9836,1022
9837,0
9838,0
9839,1022
9840,1022
9841,0
9842,1022
9843,1021
9844,0
9845,0
9846,1022
9847,0
9848,0
9849,1022
9850,1022
9851,0
9852,1022
9853,1021
9854,0
9855,0
9856,1022
9857,0
9858,0
9859,1022
9860,1022
9861,0
9862,1022
9863,1022
9864,0
9865,0
9866,1022
9867,0
9868,0
9869,1022
9870,1022
9871,0
9872,1022
9873,1022
9874,0
9875,0
9876,1022
9877,0
9878,0
9879,1022
9880,1022
9881,0
9882,1022
9883,1022
9884,0
9885,0
9886,1022
9887,0
9888,0
9889,1022
9890,1021
9891,0
9892,1022
9893,1021
9894,0
9895,0
9896,1022
9897,0
9898,0
9899,1022
9900,1022
9901,0
9902,1022
9903,1022
9904,0
9905,0
9906,1022
9907,0
9908,0
9909,1022
9910,1022
9911,0
9912,1022
9913,1022
9914,0
9915,0
9916,1022
9917,0
9918,0
9919,1022
9920,1022
9921,0
9922,1022
9923,1022
9924,0
9925,0
9926,1022
9927,0
9928,0
9929,1022
9930,1022
9931,0
9932,1022
9933,1022
9934,0
9935,0
9936,1021
9937,0
9938,0
9939,1022
9940,1021
9941,0
9942,1022
9943,1022
9944,0
9945,0
9946,1021
9947,0
9948,0
9949,1022
9950,1022
9951,0
9952,1022
9953,1022
9954,0
9955,0
9956,1022
9957,0
9958,0
9959,1022
9960,1022
9961,0
9962,1022
9963,1021
9964,0
9965,0
9966,1021
9967,0
9968,0
9969,1022
9970,1022
9971,0
9972,1022
9973,1022
9974,0
9975,0
9976,1022
9977,0
9978,0
9979,1021
9980,1022
9981,0
9982,1022
9983,1022
9984,0
9985,0
9986,1023
9987,0
9988,0
9989,1021
9990,0
9991,0
9992,1022
9993,1022
9994,0
9995,1021
9996,1022
9997,0
9998,0
9999,1022
10000,0
