1,1022
2,1022
3,1022
4,1021
5,1022
6,1021
7,1021
8,1022
9,1022
10,1022
11,1022
12,1022
13,1022
14,1022
15,1021
16,1022
17,1022
18,1021
19,1022
20,1022
21,1021
22,1022
23,1022
24,1022
25,1022
26,1022
27,1022
28,1022
29,1022
30,1022
31,1022
32,1022
33,1022
34,1022
35,1022
36,1022
37,1022
38,1022
39,1022
40,0
41,56
42,0
43,0
44,0
45,0
46,0
47,0
48,0
49,0
50,0
51,0
52,0
53,0
54,0
55,0
56,0
57,0
58,0
59,0
60,0
61,0
62,0
63,0
64,0
65,0
66,0
67,0
68,0
69,0
70,0
71,0
72,0
73,0
74,0
75,0
76,0
77,0
78,0
79,0
80,0
81,0
82,0
83,1021
84,1022
85,1022
86,1022
87,1022
88,1022
89,1021
90,1021
91,1021
92,1022
93,1022
94,1022
95,1021
96,1022
97,1022
98,1022
99,1022
100,1022
101,1022
102,1023
103,1022
104,1022
105,1022
106,1022
107,1022
108,1022
109,1022
110,1022
111,1021
112,1022
113,1021
114,1022
115,1023
116,1022
117,1022
118,1022
119,1022
120,1022
121,1022
122,56
123,0
124,56
125,0
126,0
127,0
128,0
129,0
130,0
131,0
132,0
133,0
134,0
135,0
136,0
137,0
138,0
139,0
140,0
141,0
142,0
143,0
144,0
145,0
146,0
147,0
148,0
149,0
150,0
151,0
152,0
153,0
154,0
155,0
156,0
157,0
158,0
159,0
160,0
161,0
162,0
163,0
164,0
165,0
166,1021
167,1022
168,1021
169,1021
170,1022
171,1021
172,1022
173,1021
174,1021
175,1022
176,1022
177,1022
178,1022
179,1022
180,1022
181,1022
182,1022
183,1022
184,1022
185,1022
186,1022
187,1022
188,1021
189,1022
190,1022
191,1022
192,1022
193,1022
194,1022
195,1022
196,1022
197,1022
198,1022
199,1022
200,1022
201,1022
202,1022
203,1022
204,1022
205,1022
206,0
207,57
208,0
209,0
210,0
211,0
212,0
213,0
214,0
215,0
216,0
217,0
218,0
219,0
220,0
221,0
222,0
223,0
224,0
225,0
226,0
227,0
228,0
229,0
230,0
231,0
232,0
233,0
234,0
235,0
236,0
237,0
238,0
239,0
240,0
241,0
242,0
243,0
244,0
245,0
246,0
247,0
248,0
249,1022
250,1022
251,1022
252,1021
253,1022
254,1022
255,1021
256,1021
257,1021
258,1022
259,1022
260,1022
261,1022
262,1022
263,1022
264,1022
265,1022
266,1022
267,1022
268,1022
269,1021
270,1022
271,1022
272,1022
273,1022
274,1022
275,1022
276,1022
277,1022
278,1022
279,1021
280,1022
281,1022
282,1022
283,1022
284,1022
285,1022
286,1022
287,1021
288,82
289,0
290,82
291,0
292,0
293,0
294,0
295,0
296,0
297,0
298,0
299,0
300,0
301,0
302,0
303,0
304,0
305,0
306,0
307,0
308,0
309,0
310,0
311,0
312,0
313,0
314,0
315,0
316,0
317,0
318,0
319,0
320,0
321,0
322,0
323,0
324,0
325,0
326,0
327,0
328,0
329,0
330,0
331,0
332,1022
333,1021
334,1022
335,1022
336,1022
337,1021
338,1022
339,1022
340,1022
341,1022
342,1022
343,1022
344,1022
345,1022
346,1022
347,1022
348,1022
349,1022
350,1022
351,1022
352,1022
353,1022
354,1022
355,1022
356,1022
357,1022
358,1022
359,1022
360,1022
361,1022
362,1022
363,1022
364,1022
365,1022
366,1022
367,1022
368,1022
369,1022
370,1022
371,81
372,0
373,56
374,0
375,0
376,0
377,0
378,0
379,0
380,0
381,0
382,0
383,0
384,0
385,0
386,0
387,0
388,0
389,0
390,0
391,0
392,0
393,0
394,0
395,0
396,0
397,0
398,0
399,0
400,0
401,0
402,0
403,0
404,0
405,0
406,0
407,0
408,0
409,0
410,0
411,0
412,0
413,0
414,0
415,1021
416,1022
417,1022
418,1021
419,1022
420,1021
421,1022
422,1022
423,1022
424,1022
425,1022
426,1022
427,1022
428,1022
429,1022
430,1022
431,1022
432,1022
433,1022
434,1022
435,1022
436,1022
437,1022
438,1022
439,1022
440,1021
441,1022
442,1022
443,1022
444,1022
445,1021
446,1022
447,1022
448,1022
449,1022
450,1022
451,1022
452,1022
453,1022
454,81
455,0
456,55
457,0
458,0
459,0
460,0
461,0
462,0
463,0
464,0
465,0
466,0
467,0
468,0
469,0
470,0
471,0
472,0
473,0
474,0
475,0
476,0
477,0
478,0
479,0
480,0
481,0
482,0
483,0
484,0
485,0
486,0
487,0
488,0
489,0
490,0
491,0
492,0
493,0
494,0
495,0
496,0
497,0
498,1022
499,1021
500,1022
501,1022
502,1022
503,1022
504,1022
505,1022
506,1022
507,1022
508,1022
509,1022
510,1021
511,1022
512,1022
513,1022
514,1022
515,1022
516,1022
517,1022
518,1021
519,1022
520,1022
521,1022
522,1022
523,1022
524,1022
525,1021
526,1022
527,1021
528,1022
529,1022
530,1022
531,1021
532,1022
533,1022
534,1022
535,1022
536,1022
537,56
538,0
539,56
540,0
541,0
542,0
543,0
544,0
545,0
546,0
547,0
548,0
549,0
550,0
551,0
552,0
553,0
554,0
555,0
556,0
557,0
558,0
559,0
560,0
561,0
562,0
563,0
564,0
565,0
566,0
567,0
568,0
569,0
570,0
571,0
572,0
573,0
574,0
575,0
576,0
577,0
578,0
579,0
580,0
581,1022
582,1022
583,1022
584,1022
585,1022
586,1022
587,1021
588,1022
589,1021
590,1022
591,1022
592,1022
593,1022
594,1022
595,1022
596,1022
597,1023
598,1022
599,1022
600,1023
601,1022
602,1022
603,1022
604,1021
605,1022
606,1021
607,1021
608,1021
609,1022
610,1022
611,1022
612,1022
613,1022
614,1022
615,1022
616,1022
617,1022
618,1022
619,1022
620,82
621,0
622,82
623,0
624,0
625,0
626,0
627,0
628,0
629,0
630,0
631,0
632,0
633,0
634,0
635,0
636,0
637,0
638,0
639,0
640,0
641,0
642,0
643,0
644,0
645,0
646,0
647,0
648,0
649,0
650,0
651,0
652,0
653,0
654,0
655,0
656,0
657,0
658,0
659,0
660,0
661,0
662,0
663,0
664,1021
665,1021
666,1022
667,1022
668,1022
669,1022
670,1022
671,1022
672,1022
673,1022
674,1022
675,1022
676,1022
677,1022
678,1022
679,1021
680,1021
681,1021
682,1021
683,1022
684,1022
685,1022
686,1022
687,1022
688,1022
689,1022
690,1022
691,1022
692,1022
693,1022
694,1022
695,1022
696,1022
697,1022
698,1022
699,1022
700,1022
701,1022
702,1021
703,57
704,1022
705,0
706,0
707,0
708,0
709,0
710,0
711,0
712,0
713,0
714,0
715,0
716,0
717,0
718,0
719,0
720,0
721,0
722,0
723,0
724,0
725,0
726,0
727,0
728,0
729,0
730,0
731,0
732,0
733,0
734,0
735,0
736,0
737,0
738,0
739,0
740,0
741,0
742,0
743,0
744,0
745,0
746,0
747,1022
748,1022
749,1022
750,1022
751,1022
752,1021
753,1022
754,1021
755,1021
756,1021
757,1021
758,1021
759,1022
760,1021
761,1021
762,1022
763,1022
764,1021
765,1022
766,1022
767,1022
768,1022
769,1022
770,1022
771,1022
772,1022
773,1022
774,1022
775,1022
776,1022
777,1022
778,1022
779,1022
780,1021
781,1022
782,1022
783,1022
784,1022
785,1021
786,56
787,1022
788,0
789,0
790,0
791,0
792,0
793,0
794,0
795,0
796,0
797,0
798,0
799,0
800,0
801,0
802,0
803,0
804,0
805,0
806,0
807,0
808,0
809,0
810,0
811,0
812,0
813,0
814,0
815,0
816,0
817,0
818,0
819,0
820,0
821,0
822,0
823,0
824,0
825,0
826,0
827,0
828,0
829,0
830,1022
831,1022
832,1022
833,1022
834,1022
835,1022
836,1022
837,1022
838,1022
839,1022
840,1022
841,1022
842,1022
843,1022
844,1022
845,1022
846,1022
847,1022
848,1021
849,1022
850,1022
851,1022
852,1022
853,1022
854,1022
855,1022
856,1022
857,1022
858,1022
859,1022
860,1022
861,1022
862,1022
863,1023
864,1022
865,1022
866,1022
867,1022
868,1022
869,56
870,0
871,81
872,0
873,0
874,0
875,0
876,0
877,0
878,0
879,0
880,0
881,0
882,0
883,0
884,0
885,0
886,0
887,0
888,0
889,0
890,0
891,0
892,0
893,0
894,0
895,0
896,0
897,0
898,0
899,0
900,0
901,0
902,0
903,0
904,0
905,0
906,0
907,0
908,0
909,0
910,0
911,0
912,0
913,1021
914,1022
915,1022
916,1022
917,1022
918,1023
919,1022
920,1022
921,1021
922,1022
923,1022
924,1022
925,1022
926,1022
927,1022
928,1022
929,1022
930,1022
931,1022
932,1022
933,1022
934,1022
935,1022
936,1023
937,1022
938,1022
939,1022
940,1022
941,1022
942,1022
943,1022
944,1022
945,1022
946,1022
947,1022
948,1022
949,1022
950,1022
951,1022
952,56
953,1021
954,0
955,0
956,0
957,0
958,0
959,0
960,0
961,0
962,0
963,0
964,0
965,0
966,0
967,0
968,0
969,0
970,0
971,0
972,0
973,0
974,0
975,0
976,0
977,0
978,0
979,0
980,0
981,0
982,0
983,0
984,0
985,0
986,0
987,0
988,0
989,0
990,0
991,0
992,0
993,0
994,0
995,0
996,1022
997,1021
998,1022
999,1021
1000,1022
1001,1022
1002,1022
1003,1022
1004,1022
1005,1022
1006,1022
1007,1022
1008,1022
1009,1022
1010,1022
1011,1022
1012,1021
1013,1022
1014,1021
1015,1022
1016,1022
1017,1022
1018,1022
1019,1022
1020,1022
1021,1022
1022,1022
1023,1022
1024,1022
1025,1021
1026,1022
1027,1022
1028,1022
1029,1022
1030,1022
1031,1022
1032,1022
1033,1022
1034,1022
1035,1023
1036,1022
1037,81
1038,0
1039,0
1040,0
1041,0
1042,0
1043,0
1044,0
1045,0
1046,0
1047,0
1048,0
1049,0
1050,0
1051,0
1052,0
1053,0
1054,0
1055,0
1056,0
1057,0
1058,0
1059,0
1060,0
1061,0
1062,0
1063,0
1064,0
1065,0
1066,0
1067,0
1068,0
1069,0
1070,0
1071,0
1072,0
1073,0
1074,0
1075,0
1076,0
1077,0
1078,0
1079,1021
1080,1022
1081,1022
1082,1022
1083,1022
1084,1021
1085,1022
1086,1022
1087,1021
1088,1022
1089,1022
1090,1022
1091,1022
1092,1022
1093,1022
1094,1022
1095,1022
1096,1022
1097,1022
1098,1022
1099,1022
1100,1022
1101,1022
1102,1022
1103,1022
1104,1022
1105,1022
1106,1022
1107,1022
1108,1022
1109,1022
1110,1022
1111,1022
1112,1022
1113,1022
1114,1022
1115,1022
1116,1022
1117,1022
1118,1022
1119,0
1120,81
1121,0
1122,0
1123,0
1124,0
1125,0
1126,0
1127,0
1128,0
1129,0
1130,0
1131,0
1132,0
1133,0
1134,0
1135,0
1136,0
1137,0
1138,0
1139,0
1140,0
1141,0
1142,0
1143,0
1144,0
1145,0
1146,0
1147,0
1148,0
1149,0
1150,0
1151,0
1152,0
1153,0
1154,0
1155,0
1156,0
1157,0
1158,0
1159,0
1160,0
1161,0
1162,1021
1163,1021
1164,1021
1165,1022
1166,1022
1167,1022
1168,1022
1169,1022
1170,1022
1171,1022
1172,1022
1173,1022
1174,1022
1175,1022
1176,1022
1177,1022
1178,1022
1179,1022
1180,1022
1181,1022
1182,1022
1183,1022
1184,1022
1185,1022
1186,1022
1187,1022
1188,1022
1189,1022
1190,1022
1191,1022
1192,1022
1193,1022
1194,1022
1195,1022
1196,1021
1197,1022
1198,1022
1199,1023
1200,1022
1201,1022
1202,1022
1203,57
1204,0
1205,0
1206,0
1207,0
1208,0
1209,0
1210,0
1211,0
1212,0
1213,0
1214,0
1215,0
1216,0
1217,0
1218,0
1219,0
1220,0
1221,0
1222,0
1223,0
1224,0
1225,0
1226,0
1227,0
1228,0
1229,0
1230,0
1231,0
1232,0
1233,0
1234,0
1235,0
1236,0
1237,0
1238,0
1239,0
1240,0
1241,0
1242,0
1243,0
1244,0
1245,1021
1246,1021
1247,1021
1248,1021
1249,1022
1250,1022
1251,1022
1252,1022
1253,1022
1254,1022
1255,1022
1256,1022
1257,1022
1258,1022
1259,1022
1260,1022
1261,1022
1262,1022
1263,1022
1264,1022
1265,1022
1266,1022
1267,1022
1268,1022
1269,1022
1270,1022
1271,1022
1272,1022
1273,1022
1274,1022
1275,1022
1276,1022
1277,1022
1278,1022
1279,1022
1280,1022
1281,1021
1282,1022
1283,1022
1284,56
1285,1021
1286,81
1287,0
1288,0
1289,0
1290,0
1291,0
1292,0
1293,0
1294,0
1295,0
1296,0
1297,0
1298,0
1299,0
1300,0
1301,0
1302,0
1303,0
1304,0
1305,0
1306,0
1307,0
1308,0
1309,0
1310,0
1311,0
1312,0
1313,0
1314,0
1315,0
1316,0
1317,0
1318,0
1319,0
1320,0
1321,0
1322,0
1323,0
1324,0
1325,0
1326,0
1327,1022
1328,1022
1329,1021
1330,1022
1331,1022
1332,1022
1333,1021
1334,1022
1335,1022
1336,1022
1337,1022
1338,1022
1339,1022
1340,1022
1341,1022
1342,1022
1343,1022
1344,1022
1345,1022
1346,1022
1347,1022
1348,1022
1349,1022
1350,1023
1351,1022
1352,1022
1353,1022
1354,1021
1355,1022
1356,1022
1357,1022
1358,1021
1359,1022
1360,1022
1361,1021
1362,1021
1363,1022
1364,1022
1365,1022
1366,0
1367,1023
1368,0
1369,56
1370,0
1371,0
1372,0
1373,0
1374,0
1375,0
1376,0
1377,0
1378,0
1379,0
1380,0
1381,0
1382,0
1383,0
1384,0
1385,0
1386,0
1387,0
1388,0
1389,0
1390,0
1391,0
1392,0
1393,0
1394,0
1395,0
1396,0
1397,0
1398,0
1399,0
1400,0
1401,0
1402,0
1403,0
1404,0
1405,0
1406,0
1407,0
1408,0
1409,0
1410,0
1411,1022
1412,1022
1413,1022
1414,1022
1415,1023
1416,1022
1417,1022
1418,1021
1419,1022
1420,1022
1421,1022
1422,1022
1423,1021
1424,1021
1425,1021
1426,1022
1427,1021
1428,1022
1429,1021
1430,1022
1431,1022
1432,1022
1433,1022
1434,1022
1435,1022
1436,1022
1437,1021
1438,1022
1439,1022
1440,1022
1441,1022
1442,1022
1443,1022
1444,1022
1445,1022
1446,1022
1447,1022
1448,1021
1449,1022
1450,1022
1451,0
1452,56
1453,0
1454,0
1455,0
1456,0
1457,0
1458,0
1459,0
1460,0
1461,0
1462,0
1463,0
1464,0
1465,0
1466,0
1467,0
1468,0
1469,0
1470,0
1471,0
1472,0
1473,0
1474,0
1475,0
1476,0
1477,0
1478,0
1479,0
1480,0
1481,0
1482,0
1483,0
1484,0
1485,0
1486,0
1487,0
1488,0
1489,0
1490,0
1491,0
1492,0
1493,0
1494,1022
1495,1022
1496,1022
1497,1022
1498,1021
1499,1022
1500,1022
1501,1022
1502,1022
1503,1022
1504,1022
1505,1022
1506,1022
1507,1022
1508,1022
1509,1022
1510,1022
1511,1022
1512,1022
1513,1022
1514,1021
1515,1021
1516,1022
1517,1022
1518,1022
1519,1022
1520,1022
1521,1022
1522,1022
1523,1022
1524,1022
1525,1021
1526,1022
1527,1022
1528,1022
1529,1022
1530,1021
1531,1021
1532,1022
1533,1022
1534,0
1535,56
1536,0
1537,0
1538,0
1539,0
1540,0
1541,0
1542,0
1543,0
1544,0
1545,0
1546,0
1547,0
1548,0
1549,0
1550,0
1551,0
1552,0
1553,0
1554,0
1555,0
1556,0
1557,0
1558,0
1559,0
1560,0
1561,0
1562,0
1563,0
1564,0
1565,0
1566,0
1567,0
1568,0
1569,0
1570,0
1571,0
1572,0
1573,0
1574,0
1575,1021
1576,0
1577,1022
1578,1022
1579,1021
1580,1021
1581,1021
1582,1022
1583,1022
1584,1021
1585,1022
1586,1022
1587,1022
1588,1022
1589,1022
1590,1022
1591,1022
1592,1022
1593,1022
1594,1023
1595,1022
1596,1022
1597,1021
1598,1022
1599,1022
1600,1022
1601,1022
1602,1022
1603,1022
1604,1021
1605,1021
1606,1021
1607,1022
1608,1021
1609,1023
1610,1022
1611,1022
1612,1022
1613,1022
1614,1022
1615,1022
1616,1022
1617,1022
1618,56
1619,0
1620,0
1621,0
1622,0
1623,0
1624,0
1625,0
1626,0
1627,0
1628,0
1629,0
1630,0
1631,0
1632,0
1633,0
1634,0
1635,0
1636,0
1637,0
1638,0
1639,0
1640,0
1641,0
1642,0
1643,0
1644,0
1645,0
1646,0
1647,0
1648,0
1649,0
1650,0
1651,0
1652,0
1653,0
1654,0
1655,0
1656,0
1657,0
1658,0
1659,0
1660,1021
1661,1022
1662,1022
1663,1022
1664,1022
1665,1022
1666,1022
1667,1022
1668,1022
1669,1022
1670,1022
1671,1022
1672,1022
1673,1022
1674,1022
1675,1022
1676,1022
1677,1022
1678,1022
1679,1021
1680,1021
1681,1022
1682,1021
1683,1021
1684,1022
1685,1022
1686,1022
1687,1022
1688,1022
1689,1022
1690,1022
1691,1022
1692,1022
1693,1022
1694,1022
1695,1022
1696,1022
1697,1022
1698,1022
1699,1022
1700,1022
1701,80
1702,0
1703,0
1704,0
1705,0
1706,0
1707,0
1708,0
1709,0
1710,0
1711,0
1712,0
1713,0
1714,0
1715,0
1716,0
1717,0
1718,0
1719,0
1720,0
1721,0
1722,0
1723,0
1724,0
1725,0
1726,0
1727,0
1728,0
1729,0
1730,0
1731,0
1732,0
1733,0
1734,0
1735,0
1736,0
1737,0
1738,0
1739,0
1740,0
1741,0
1742,0
1743,1021
1744,1022
1745,1022
1746,1022
1747,1022
1748,1022
1749,1022
1750,1021
1751,1022
1752,1021
1753,1021
1754,1021
1755,1021
1756,1023
1757,1022
1758,1021
1759,1021
1760,1022
1761,1022
1762,1022
1763,1022
1764,1022
1765,1023
1766,1022
1767,1022
1768,1022
1769,1022
1770,1022
1771,1022
1772,1022
1773,1022
1774,1022
1775,1022
1776,1022
1777,1022
1778,1021
1779,1022
1780,1022
1781,1022
1782,1022
1783,1022
1784,81
1785,0
1786,0
1787,0
1788,0
1789,0
1790,0
1791,0
1792,0
1793,0
1794,0
1795,0
1796,0
1797,0
1798,0
1799,0
1800,0
1801,0
1802,0
1803,0
1804,0
1805,0
1806,0
1807,0
1808,0
1809,0
1810,0
1811,0
1812,0
1813,0
1814,0
1815,0
1816,0
1817,0
1818,0
1819,0
1820,0
1821,0
1822,0
1823,0
1824,0
1825,0
1826,1021
1827,1022
1828,1022
1829,1022
1830,1022
1831,1022
1832,1021
1833,1022
1834,1022
1835,1022
1836,1021
1837,1022
1838,1021
1839,1022
1840,1022
1841,1022
1842,1022
1843,1022
1844,1022
1845,1022
1846,1022
1847,1022
1848,1022
1849,1022
1850,1022
1851,1022
1852,1023
1853,1022
1854,1021
1855,1022
1856,1023
1857,1022
1858,1021
1859,1022
1860,1022
1861,1022
1862,1022
1863,1022
1864,1022
1865,1022
1866,1022
1867,0
1868,0
1869,0
1870,0
1871,0
1872,0
1873,0
1874,0
1875,0
1876,0
1877,0
1878,0
1879,0
1880,0
1881,0
1882,0
1883,0
1884,0
1885,0
1886,0
1887,0
1888,0
1889,0
1890,0
1891,0
1892,0
1893,0
1894,0
1895,0
1896,0
1897,0
1898,0
1899,0
1900,0
1901,0
1902,0
1903,0
1904,0
1905,0
1906,0
1907,0
1908,0
1909,1021
1910,1022
1911,1022
1912,1022
1913,1022
1914,1022
1915,1022
1916,1022
1917,1022
1918,1022
1919,1022
1920,1022
1921,1021
1922,1022
1923,1022
1924,1022
1925,1022
1926,1022
1927,1022
1928,1022
1929,1022
1930,1022
1931,1021
1932,1022
1933,1022
1934,1022
1935,1022
1936,1021
1937,1022
1938,1021
1939,1022
1940,1022
1941,1022
1942,1022
1943,1022
1944,1022
1945,1022
1946,1022
1947,1022
1948,1022
1949,1022
1950,0
1951,0
1952,0
1953,0
1954,0
1955,0
1956,0
1957,0
1958,0
1959,0
1960,0
1961,0
1962,0
1963,0
1964,0
1965,0
1966,0
1967,0
1968,0
1969,0
1970,0
1971,0
1972,0
1973,0
1974,0
1975,0
1976,0
1977,0
1978,0
1979,0
1980,0
1981,0
1982,0
1983,0
1984,0
1985,0
1986,0
1987,0
1988,0
1989,0
1990,0
1991,0
1992,1021
1993,1022
1994,1022
1995,1022
1996,1022
1997,1022
1998,1022
1999,1022
2000,1021
2001,1021
2002,1022
2003,1022
2004,1022
2005,1022
2006,1022
2007,1022
2008,1022
2009,1022
2010,1022
2011,1022
2012,1022
2013,1022
2014,1022
2015,1022
2016,1022
2017,1023
2018,1022
2019,1022
2020,1022
2021,1022
2022,1022
2023,1022
2024,1022
2025,1022
2026,1022
2027,1022
2028,1022
2029,1022
2030,1022
2031,1021
2032,0
2033,0
2034,0
2035,0
2036,0
2037,0
2038,0
2039,0
2040,0
2041,0
2042,0
2043,0
2044,0
2045,0
2046,0
2047,0
2048,0
2049,0
2050,0
2051,0
2052,0
2053,0
2054,0
2055,0
2056,0
2057,0
2058,0
2059,0
2060,0
2061,0
2062,0
2063,0
2064,0
2065,0
2066,0
2067,0
2068,0
2069,0
2070,0
2071,0
2072,0
2073,0
2074,0
2075,1022
2076,1021
2077,1022
2078,1022
2079,1022
2080,1021
2081,1022
2082,1021
2083,1021
2084,1022
2085,1021
2086,1021
2087,1022
2088,1022
2089,1021
2090,1022
2091,1022
2092,1021
2093,1022
2094,1021
2095,1022
2096,1022
2097,1022
2098,1023
2099,1022
2100,1022
2101,1022
2102,1022
2103,1022
2104,1022
2105,1022
2106,1022
2107,1022
2108,1022
2109,1022
2110,1022
2111,1022
2112,1022
2113,1022
2114,1022
2115,0
2116,0
2117,0
2118,0
2119,0
2120,0
2121,0
2122,0
2123,0
2124,0
2125,0
2126,0
2127,0
2128,0
2129,0
2130,0
2131,0
2132,0
2133,0
2134,0
2135,0
2136,0
2137,0
2138,0
2139,0
2140,0
2141,0
2142,0
2143,0
2144,0
2145,0
2146,0
2147,0
2148,0
2149,0
2150,0
2151,0
2152,0
2153,0
2154,0
2155,0
2156,1021
2157,0
2158,1021
2159,1021
2160,1022
2161,1022
2162,1022
2163,1022
2164,1022
2165,1022
2166,1022
2167,1022
2168,1022
2169,1022
2170,1022
2171,1021
2172,1021
2173,1022
2174,1022
2175,1022
2176,1022
2177,1022
2178,1022
2179,1022
2180,1021
2181,1022
2182,1022
2183,1022
2184,1022
2185,1022
2186,1022
2187,1021
2188,1021
2189,1022
2190,1022
2191,1022
2192,1022
2193,1022
2194,1022
2195,1022
2196,1022
2197,1022
2198,1022
2199,0
2200,0
2201,0
2202,0
2203,0
2204,0
2205,0
2206,0
2207,0
2208,0
2209,0
2210,0
2211,0
2212,0
2213,0
2214,0
2215,0
2216,0
2217,0
2218,0
2219,0
2220,0
2221,0
2222,0
2223,0
2224,0
2225,0
2226,0
2227,0
2228,0
2229,0
2230,0
2231,0
2232,0
2233,0
2234,0
2235,0
2236,0
2237,0
2238,0
2239,0
2240,0
2241,1022
2242,1021
2243,1021
2244,1021
2245,1022
2246,1021
2247,1022
2248,1022
2249,1022
2250,1022
2251,1022
2252,1022
2253,1022
2254,1022
2255,1022
2256,1022
2257,1022
2258,1022
2259,1022
2260,1022
2261,1022
2262,1021
2263,1022
2264,1022
2265,1021
2266,1022
2267,1022
2268,1022
2269,1022
2270,1022
2271,1022
2272,1022
2273,1022
2274,1022
2275,1022
2276,1022
2277,1022
2278,1022
2279,1022
2280,1022
2281,1022
2282,0
2283,0
2284,0
2285,0
2286,0
2287,0
2288,0
2289,0
2290,0
2291,0
2292,0
2293,0
2294,0
2295,0
2296,0
2297,0
2298,0
2299,0
2300,0
2301,0
2302,0
2303,0
2304,0
2305,0
2306,0
2307,0
2308,0
2309,0
2310,0
2311,0
2312,0
2313,0
2314,0
2315,0
2316,0
2317,0
2318,0
2319,0
2320,0
2321,0
2322,0
2323,0
2324,1022
2325,1021
2326,1022
2327,1022
2328,1021
2329,1022
2330,1022
2331,1022
2332,1022
2333,1022
2334,1022
2335,1022
2336,1022
2337,1022
2338,1022
2339,1022
2340,1022
2341,1022
2342,1022
2343,1022
2344,1022
2345,1022
2346,1022
2347,1022
2348,1021
2349,1022
2350,1022
2351,1022
2352,1022
2353,1022
2354,1022
2355,1022
2356,1021
2357,1022
2358,1022
2359,1022
2360,1022
2361,1023
2362,1021
2363,1022
2364,0
2365,0
2366,0
2367,0
2368,0
2369,0
2370,0
2371,0
2372,0
2373,0
2374,0
2375,0
2376,0
2377,0
2378,0
2379,0
2380,0
2381,0
2382,0
2383,0
2384,0
2385,0
2386,0
2387,0
2388,0
2389,0
2390,0
2391,0
2392,0
2393,0
2394,0
2395,0
2396,0
2397,0
2398,0
2399,0
2400,0
2401,0
2402,0
2403,0
2404,0
2405,0
2406,0
2407,1021
2408,1022
2409,1022
2410,1022
2411,1022
2412,1022
2413,1022
2414,1021
2415,1022
2416,1022
2417,1021
2418,1022
2419,1022
2420,1022
2421,1022
2422,1022
2423,1022
2424,1022
2425,1022
2426,1022
2427,1022
2428,1022
2429,1022
2430,1022
2431,1022
2432,1022
2433,1022
2434,1022
2435,1022
2436,1022
2437,1022
2438,1022
2439,1022
2440,1022
2441,1022
2442,1021
2443,1021
2444,1021
2445,1021
2446,1021
2447,0
2448,0
2449,0
2450,0
2451,0
2452,0
2453,0
2454,0
2455,0
2456,0
2457,0
2458,0
2459,0
2460,0
2461,0
2462,0
2463,0
2464,0
2465,0
2466,0
2467,0
2468,0
2469,0
2470,0
2471,0
2472,0
2473,0
2474,0
2475,0
2476,0
2477,0
2478,0
2479,0
2480,0
2481,0
2482,0
2483,0
2484,0
2485,0
2486,0
2487,0
2488,0
2489,0
2490,1022
2491,1022
2492,1022
2493,1022
2494,1022
2495,1022
2496,1022
2497,1022
2498,1022
2499,1022
2500,1022
2501,1022
2502,1022
2503,1022
2504,1022
2505,1022
2506,1022
2507,1022
2508,1022
2509,1022
2510,1022
2511,1022
2512,1023
2513,1022
2514,1022
2515,1022
2516,1022
2517,1022
2518,1022
2519,1021
2520,1022
2521,1021
2522,1022
2523,1021
2524,1022
2525,1021
2526,1022
2527,1021
2528,1022
2529,1022
2530,0
2531,81
2532,0
2533,0
2534,0
2535,0
2536,0
2537,0
2538,0
2539,0
2540,0
2541,0
2542,0
2543,0
2544,0
2545,0
2546,0
2547,0
2548,0
2549,0
2550,0
2551,0
2552,0
2553,0
2554,0
2555,0
2556,0
2557,0
2558,0
2559,0
2560,0
2561,0
2562,0
2563,0
2564,0
2565,0
2566,0
2567,0
2568,0
2569,0
2570,0
2571,0
2572,0
2573,1022
2574,1022
2575,1022
2576,1022
2577,1022
2578,1022
2579,1022
2580,1022
2581,1022
2582,1021
2583,1022
2584,1022
2585,1022
2586,1022
2587,1021
2588,1021
2589,1022
2590,1022
2591,1022
2592,1022
2593,1022
2594,1022
2595,1022
2596,1021
2597,1022
2598,1021
2599,1021
2600,1022
2601,1022
2602,1021
2603,1022
2604,1022
2605,1022
2606,1023
2607,1022
2608,1022
2609,1022
2610,1022
2611,1022
2612,1022
2613,1021
2614,81
2615,0
2616,0
2617,0
2618,0
2619,0
2620,0
2621,0
2622,0
2623,0
2624,0
2625,0
2626,0
2627,0
2628,0
2629,0
2630,0
2631,0
2632,0
2633,0
2634,0
2635,0
2636,0
2637,0
2638,0
2639,0
2640,0
2641,0
2642,0
2643,0
2644,0
2645,0
2646,0
2647,0
2648,0
2649,0
2650,0
2651,0
2652,0
2653,0
2654,0
2655,0
2656,1022
2657,1022
2658,1022
2659,1022
2660,1022
2661,1021
2662,1022
2663,1022
2664,1022
2665,1022
2666,1022
2667,1021
2668,1022
2669,1022
2670,1022
2671,1022
2672,1021
2673,1022
2674,1022
2675,1021
2676,1022
2677,1021
2678,1022
2679,1021
2680,1022
2681,1022
2682,1022
2683,1023
2684,1022
2685,1022
2686,1022
2687,1022
2688,1022
2689,1022
2690,1022
2691,1021
2692,1022
2693,1022
2694,1021
2695,1022
2696,1022
2697,56
2698,0
2699,0
2700,0
2701,0
2702,0
2703,0
2704,0
2705,0
2706,0
2707,0
2708,0
2709,0
2710,0
2711,0
2712,0
2713,0
2714,0
2715,0
2716,0
2717,0
2718,0
2719,0
2720,0
2721,0
2722,0
2723,0
2724,0
2725,0
2726,0
2727,0
2728,0
2729,0
2730,0
2731,0
2732,0
2733,0
2734,0
2735,0
2736,0
2737,1022
2738,0
2739,1021
2740,1022
2741,1022
2742,1021
2743,1022
2744,1021
2745,1022
2746,1022
2747,1022
2748,1022
2749,1022
2750,1022
2751,1022
2752,1022
2753,1022
2754,1021
2755,1022
2756,1021
2757,1022
2758,1022
2759,1022
2760,1022
2761,1022
2762,1021
2763,1022
2764,1022
2765,1022
2766,1022
2767,1022
2768,1022
2769,1023
2770,1022
2771,1021
2772,1022
2773,1021
2774,1021
2775,1021
2776,1022
2777,1022
2778,80
2779,1022
2780,56
2781,0
2782,0
2783,0
2784,0
2785,0
2786,0
2787,0
2788,0
2789,0
2790,0
2791,0
2792,0
2793,0
2794,0
2795,0
2796,0
2797,0
2798,0
2799,0
2800,0
2801,0
2802,0
2803,0
2804,0
2805,0
2806,0
2807,0
2808,0
2809,0
2810,0
2811,0
2812,0
2813,0
2814,0
2815,0
2816,0
2817,0
2818,0
2819,0
2820,0
2821,1022
2822,1021
2823,1021
2824,1022
2825,1022
2826,1022
2827,1022
2828,1022
2829,1022
2830,1022
2831,1022
2832,1021
2833,1022
2834,1022
2835,1022
2836,1022
2837,1022
2838,1022
2839,1022
2840,1022
2841,1022
2842,1022
2843,1022
2844,1022
2845,1022
2846,1022
2847,1022
2848,1022
2849,1022
2850,1022
2851,1021
2852,1022
2853,1023
2854,1022
2855,1022
2856,1022
2857,1021
2858,1022
2859,56
2860,1022
2861,55
2862,1022
2863,81
2864,0
2865,0
2866,0
2867,0
2868,0
2869,0
2870,0
2871,0
2872,0
2873,0
2874,0
2875,0
2876,0
2877,0
2878,0
2879,0
2880,0
2881,0
2882,0
2883,0
2884,0
2885,0
2886,0
2887,0
2888,0
2889,0
2890,0
2891,0
2892,0
2893,0
2894,0
2895,0
2896,0
2897,0
2898,0
2899,0
2900,0
2901,0
2902,0
2903,1022
2904,1022
2905,1022
2906,1022
2907,1022
2908,1022
2909,1022
2910,1022
2911,1022
2912,1022
2913,1022
2914,1022
2915,1022
2916,1022
2917,1022
2918,1022
2919,1022
2920,1022
2921,1022
2922,1022
2923,1022
2924,1022
2925,1022
2926,1021
2927,1022
2928,1022
2929,1022
2930,1022
2931,1022
2932,1021
2933,1022
2934,1022
2935,1022
2936,1022
2937,1022
2938,1021
2939,1022
2940,1022
2941,1022
2942,1022
2943,1022
2944,0
2945,1021
2946,0
2947,0
2948,0
2949,0
2950,0
2951,0
2952,0
2953,0
2954,0
2955,0
2956,0
2957,0
2958,0
2959,0
2960,0
2961,0
2962,0
2963,0
2964,0
2965,0
2966,0
2967,0
2968,0
2969,0
2970,0
2971,0
2972,0
2973,0
2974,0
2975,0
2976,0
2977,0
2978,0
2979,0
2980,0
2981,0
2982,0
2983,0
2984,0
2985,0
2986,0
2987,1021
2988,1021
2989,1022
2990,1022
2991,1022
2992,1021
2993,1022
2994,1022
2995,1022
2996,1022
2997,1022
2998,1022
2999,1022
3000,1022
3001,1022
3002,1022
3003,1022
3004,1022
3005,1022
3006,1021
3007,1022
3008,1022
3009,1022
3010,1022
3011,1021
3012,1022
3013,1022
3014,1022
3015,1022
3016,1022
3017,1022
3018,1022
3019,1022
3020,1022
3021,1022
3022,1022
3023,1022
3024,1021
3025,1022
3026,1022
3027,1022
3028,0
3029,0
3030,56
3031,0
3032,0
3033,0
3034,0
3035,0
3036,0
3037,0
3038,0
3039,0
3040,0
3041,0
3042,0
3043,0
3044,0
3045,0
3046,0
3047,0
3048,0
3049,0
3050,0
3051,0
3052,0
3053,0
3054,0
3055,0
3056,0
3057,0
3058,0
3059,0
3060,0
3061,0
3062,0
3063,0
3064,0
3065,0
3066,0
3067,0
3068,0
3069,0
3070,0
3071,1021
3072,1022
3073,1022
3074,1022
3075,1022
3076,1021
3077,1022
3078,1022
3079,1022
3080,1022
3081,1021
3082,1021
3083,1021
3084,1021
3085,1021
3086,1022
3087,1022
3088,1022
3089,1022
3090,1022
3091,1022
3092,1022
3093,1022
3094,1022
3095,1022
3096,1022
3097,1022
3098,1022
3099,1022
3100,1022
3101,1022
3102,1022
3103,1022
3104,1022
3105,1022
3106,1022
3107,1022
3108,1022
3109,1022
3110,1022
3111,0
3112,0
3113,0
3114,0
3115,0
3116,0
3117,0
3118,0
3119,0
3120,0
3121,0
3122,0
3123,0
3124,0
3125,0
3126,0
3127,0
3128,0
3129,0
3130,0
3131,0
3132,0
3133,0
3134,0
3135,0
3136,0
3137,0
3138,0
3139,0
3140,0
3141,0
3142,0
3143,0
3144,0
3145,0
3146,0
3147,0
3148,0
3149,0
3150,0
3151,0
3152,0
3153,0
3154,1022
3155,1020
3156,1021
3157,1021
3158,1022
3159,1021
3160,1022
3161,1022
3162,1022
3163,1022
3164,1022
3165,1022
3166,1022
3167,1022
3168,1022
3169,1022
3170,1022
3171,1022
3172,1022
3173,1022
3174,1021
3175,1021
3176,1022
3177,1022
3178,1021
3179,1022
3180,1022
3181,1022
3182,1021
3183,1022
3184,1022
3185,1022
3186,1022
3187,1022
3188,1022
3189,1022
3190,1022
3191,1022
3192,1021
3193,1022
3194,0
3195,55
3196,0
3197,0
3198,0
3199,0
3200,0
3201,0
3202,0
3203,0
3204,0
3205,0
3206,0
3207,0
3208,0
3209,0
3210,0
3211,0
3212,0
3213,0
3214,0
3215,0
3216,0
3217,0
3218,0
3219,0
3220,0
3221,0
3222,0
3223,0
3224,0
3225,0
3226,0
3227,0
3228,0
3229,0
3230,0
3231,0
3232,0
3233,0
3234,0
3235,0
3236,0
3237,1021
3238,1021
3239,1022
3240,1022
3241,1021
3242,1022
3243,1022
3244,1021
3245,1022
3246,1022
3247,1022
3248,1022
3249,1022
3250,1022
3251,1022
3252,1022
3253,1022
3254,1022
3255,1022
3256,1022
3257,1021
3258,1022
3259,1022
3260,1022
3261,1022
3262,1022
3263,1022
3264,1022
3265,1022
3266,1022
3267,1022
3268,1022
3269,1022
3270,1022
3271,1022
3272,1021
3273,1022
3274,1022
3275,1022
3276,1022
3277,1022
3278,0
3279,0
3280,0
3281,0
3282,0
3283,0
3284,0
3285,0
3286,0
3287,0
3288,0
3289,0
3290,0
3291,0
3292,0
3293,0
3294,0
3295,0
3296,0
3297,0
3298,0
3299,0
3300,0
3301,0
3302,0
3303,0
3304,0
3305,0
3306,0
3307,0
3308,0
3309,0
3310,0
3311,0
3312,0
3313,0
3314,0
3315,0
3316,0
3317,0
3318,0
3319,0
3320,1021
3321,1022
3322,1021
3323,1022
3324,1022
3325,1022
3326,1022
3327,1022
3328,1022
3329,1022
3330,1022
3331,1021
3332,1022
3333,1022
3334,1022
3335,1022
3336,1022
3337,1022
3338,1022
3339,1022
3340,1022
3341,1022
3342,1022
3343,1022
3344,1022
3345,1022
3346,1022
3347,1022
3348,1022
3349,1022
3350,1022
3351,1022
3352,1022
3353,1022
3354,1022
3355,1022
3356,1022
3357,1022
3358,1022
3359,1021
3360,0
3361,0
3362,0
3363,0
3364,0
3365,0
3366,0
3367,0
3368,0
3369,0
3370,0
3371,0
3372,0
3373,0
3374,0
3375,0
3376,0
3377,0
3378,0
3379,0
3380,0
3381,0
3382,0
3383,0
3384,0
3385,0
3386,0
3387,0
3388,0
3389,0
3390,0
3391,0
3392,0
3393,0
3394,0
3395,0
3396,0
3397,0
3398,0
3399,0
3400,0
3401,0
3402,0
3403,1021
3404,1022
3405,1022
3406,1022
3407,1022
3408,1021
3409,1022
3410,1022
3411,1021
3412,1022
3413,1022
3414,1022
3415,1022
3416,1022
3417,1022
3418,1022
3419,1022
3420,1022
3421,1022
3422,1022
3423,1022
3424,1022
3425,1022
3426,1022
3427,1022
3428,1021
3429,1022
3430,1022
3431,1022
3432,1022
3433,1022
3434,1022
3435,1022
3436,1022
3437,1022
3438,1022
3439,1022
3440,1022
3441,1022
3442,1022
3443,1021
3444,80
3445,0
3446,0
3447,0
3448,0
3449,0
3450,0
3451,0
3452,0
3453,0
3454,0
3455,0
3456,0
3457,0
3458,0
3459,0
3460,0
3461,0
3462,0
3463,0
3464,0
3465,0
3466,0
3467,0
3468,0
3469,0
3470,0
3471,0
3472,0
3473,0
3474,0
3475,0
3476,0
3477,0
3478,0
3479,0
3480,0
3481,0
3482,0
3483,0
3484,0
3485,0
3486,1022
3487,1022
3488,1022
3489,1021
3490,1022
3491,1022
3492,1022
3493,1022
3494,1022
3495,1022
3496,1022
3497,1022
3498,1022
3499,1022
3500,1022
3501,1022
3502,1022
3503,1022
3504,1022
3505,1022
3506,1023
3507,1022
3508,1022
3509,1022
3510,1022
3511,1022
3512,1022
3513,1022
3514,1022
3515,1022
3516,1021
3517,1022
3518,1022
3519,1022
3520,1021
3521,1021
3522,1021
3523,1022
3524,1022
3525,1021
3526,1022
3527,55
3528,0
3529,0
3530,0
3531,0
3532,0
3533,0
3534,0
3535,0
3536,0
3537,0
3538,0
3539,0
3540,0
3541,0
3542,0
3543,0
3544,0
3545,0
3546,0
3547,0
3548,0
3549,0
3550,0
3551,0
3552,0
3553,0
3554,0
3555,0
3556,0
3557,0
3558,0
3559,0
3560,0
3561,0
3562,0
3563,0
3564,0
3565,0
3566,0
3567,0
3568,0
3569,1022
3570,1022
3571,1022
3572,1022
3573,1022
3574,1022
3575,1022
3576,1022
3577,1023
3578,1022
3579,1022
3580,1022
3581,1022
3582,1022
3583,1022
3584,1022
3585,1022
3586,1022
3587,1022
3588,1022
3589,1021
3590,1022
3591,1022
3592,1021
3593,1021
3594,1022
3595,1021
3596,1022
3597,1021
3598,1022
3599,1022
3600,1022
3601,1022
3602,1021
3603,1022
3604,1022
3605,1022
3606,1022
3607,1022
3608,57
3609,0
3610,0
3611,0
3612,0
3613,0
3614,0
3615,0
3616,0
3617,0
3618,0
3619,0
3620,0
3621,0
3622,0
3623,0
3624,0
3625,0
3626,0
3627,0
3628,0
3629,0
3630,0
3631,0
3632,0
3633,0
3634,0
3635,0
3636,0
3637,0
3638,0
3639,0
3640,0
3641,0
3642,0
3643,0
3644,0
3645,0
3646,0
3647,0
3648,0
3649,0
3650,0
3651,0
3652,1022
3653,1022
3654,1021
3655,1022
3656,1022
3657,1021
3658,1022
3659,1022
3660,1022
3661,1022
3662,1022
3663,1022
3664,1021
3665,1022
3666,1022
3667,1022
3668,1022
3669,1021
3670,1021
3671,1021
3672,1022
3673,1022
3674,1022
3675,1022
3676,1022
3677,1022
3678,1022
3679,1022
3680,1022
3681,1022
3682,1022
3683,1022
3684,1022
3685,1022
3686,1022
3687,1022
3688,1022
3689,1022
3690,1022
3691,1022
3692,1022
3693,80
3694,0
3695,0
3696,0
3697,0
3698,0
3699,0
3700,0
3701,0
3702,0
3703,0
3704,0
3705,0
3706,0
3707,0
3708,0
3709,0
3710,0
3711,0
3712,0
3713,0
3714,0
3715,0
3716,0
3717,0
3718,0
3719,0
3720,0
3721,0
3722,0
3723,0
3724,0
3725,0
3726,0
3727,0
3728,0
3729,0
3730,0
3731,0
3732,0
3733,0
3734,0
3735,1022
3736,1022
3737,1021
3738,1022
3739,1021
3740,1022
3741,1022
3742,1022
3743,1022
3744,1022
3745,1022
3746,1022
3747,1022
3748,1022
3749,1022
3750,1022
3751,1022
3752,1022
3753,1022
3754,1022
3755,1022
3756,1022
3757,1022
3758,1022
3759,1022
3760,1022
3761,1022
3762,1022
3763,1022
3764,1022
3765,1022
3766,1022
3767,1022
3768,1021
3769,1022
3770,1021
3771,1022
3772,1021
3773,1022
3774,1021
3775,0
3776,56
3777,0
3778,0
3779,0
3780,0
3781,0
3782,0
3783,0
3784,0
3785,0
3786,0
3787,0
3788,0
3789,0
3790,0
3791,0
3792,0
3793,0
3794,0
3795,0
3796,0
3797,0
3798,0
3799,0
3800,0
3801,0
3802,0
3803,0
3804,0
3805,0
3806,0
3807,0
3808,0
3809,0
3810,0
3811,0
3812,0
3813,0
3814,0
3815,0
3816,0
3817,0
3818,1022
3819,1022
3820,1022
3821,1022
3822,1022
3823,1021
3824,1022
3825,1022
3826,1022
3827,1022
3828,1022
3829,1022
3830,1022
3831,1022
3832,1022
3833,1022
3834,1022
3835,1022
3836,1022
3837,1022
3838,1022
3839,1022
3840,1021
3841,1021
3842,1022
3843,1022
3844,1022
3845,1022
3846,1022
3847,1022
3848,1022
3849,1022
3850,1022
3851,1022
3852,1022
3853,1022
3854,1022
3855,1021
3856,1022
3857,1022
3858,1022
3859,0
3860,0
3861,0
3862,0
3863,0
3864,0
3865,0
3866,0
3867,0
3868,0
3869,0
3870,0
3871,0
3872,0
3873,0
3874,0
3875,0
3876,0
3877,0
3878,0
3879,0
3880,0
3881,0
3882,0
3883,0
3884,0
3885,0
3886,0
3887,0
3888,0
3889,0
3890,0
3891,0
3892,0
3893,0
3894,0
3895,0
3896,0
3897,0
3898,0
3899,0
3900,0
3901,1021
3902,1022
3903,1022
3904,1022
3905,1022
3906,1022
3907,1022
3908,1022
3909,1022
3910,1022
3911,1022
3912,1022
3913,1023
3914,1022
3915,1022
3916,1022
3917,1022
3918,1022
3919,1022
3920,1022
3921,1022
3922,1022
3923,1022
3924,1022
3925,1022
3926,1022
3927,1023
3928,1022
3929,1022
3930,1022
3931,1022
3932,1022
3933,1022
3934,1022
3935,1022
3936,1022
3937,1022
3938,1022
3939,1022
3940,55
3941,0
3942,56
3943,0
3944,0
3945,0
3946,0
3947,0
3948,0
3949,0
3950,0
3951,0
3952,0
3953,0
3954,0
3955,0
3956,0
3957,0
3958,0
3959,0
3960,0
3961,0
3962,0
3963,0
3964,0
3965,0
3966,0
3967,0
3968,0
3969,0
3970,0
3971,0
3972,0
3973,0
3974,0
3975,0
3976,0
3977,0
3978,0
3979,0
3980,0
3981,0
3982,0
3983,0
3984,1022
3985,1022
3986,1022
3987,1022
3988,1022
3989,1022
3990,1022
3991,1022
3992,1021
3993,1022
3994,1022
3995,1021
3996,1022
3997,1022
3998,1022
3999,1021
4000,1022
4001,1021
4002,1022
4003,1022
4004,1022
4005,1022
4006,1022
4007,1022
4008,1021
4009,1022
4010,1022
4011,1022
4012,1021
4013,1022
4014,1022
4015,1022
4016,1022
4017,1022
4018,1022
4019,1022
4020,1022
4021,1022
4022,1022
4023,55
4024,0
4025,56
4026,0
4027,0
4028,0
4029,0
4030,0
4031,0
4032,0
4033,0
4034,0
4035,0
4036,0
4037,0
4038,0
4039,0
4040,0
4041,0
4042,0
4043,0
4044,0
4045,0
4046,0
4047,0
4048,0
4049,0
4050,0
4051,0
4052,0
4053,0
4054,0
4055,0
4056,0
4057,0
4058,0
4059,0
4060,0
4061,0
4062,0
4063,0
4064,0
4065,0
4066,0
4067,1022
4068,1022
4069,1022
4070,1022
4071,1021
4072,1022
4073,1021
4074,1021
4075,1021
4076,1021
4077,1022
4078,1022
4079,1022
4080,1022
4081,1022
4082,1022
4083,1022
4084,1022
4085,1022
4086,1022
4087,1022
4088,1022
4089,1022
4090,1022
4091,1022
4092,1022
4093,1022
4094,1022
4095,1022
4096,1021
4097,1021
4098,1021
4099,1022
4100,1022
4101,1022
4102,1022
4103,1022
4104,1022
4105,1022
4106,1022
4107,1022
4108,79
4109,0
4110,0
4111,0
4112,0
4113,0
4114,0
4115,0
4116,0
4117,0
4118,0
4119,0
4120,0
4121,0
4122,0
4123,0
4124,0
4125,0
4126,0
4127,0
4128,0
4129,0
4130,0
4131,0
4132,0
4133,0
4134,0
4135,0
4136,0
4137,0
4138,0
4139,0
4140,0
4141,0
4142,0
4143,0
4144,0
4145,0
4146,0
4147,0
4148,1021
4149,0
4150,1022
4151,1022
4152,1021
4153,1021
4154,1022
4155,1021
4156,1021
4157,1022
4158,1022
4159,1022
4160,1022
4161,1022
4162,1022
4163,1022
4164,1022
4165,1022
4166,1022
4167,1022
4168,1022
4169,1022
4170,1022
4171,1022
4172,1022
4173,1022
4174,1022
4175,1022
4176,1022
4177,1022
4178,1022
4179,1022
4180,1022
4181,1022
4182,1022
4183,1022
4184,1022
4185,1022
4186,1022
4187,1022
4188,1022
4189,1022
4190,1022
4191,80
4192,0
4193,0
4194,0
4195,0
4196,0
4197,0
4198,0
4199,0
4200,0
4201,0
4202,0
4203,0
4204,0
4205,0
4206,0
4207,0
4208,0
4209,0
4210,0
4211,0
4212,0
4213,0
4214,0
4215,0
4216,0
4217,0
4218,0
4219,0
4220,0
4221,0
4222,0
4223,0
4224,0
4225,0
4226,0
4227,0
4228,0
4229,0
4230,0
4231,0
4232,0
4233,1022
4234,1022
4235,1021
4236,1021
4237,1022
4238,1022
4239,1022
4240,1021
4241,1022
4242,1022
4243,1022
4244,1022
4245,1021
4246,1022
4247,1022
4248,1022
4249,1021
4250,1022
4251,1022
4252,1022
4253,1022
4254,1022
4255,1022
4256,1022
4257,1022
4258,1022
4259,1022
4260,1022
4261,1022
4262,1022
4263,1022
4264,1022
4265,1022
4266,1022
4267,1022
4268,1022
4269,1022
4270,1022
4271,1022
4272,56
4273,0
4274,56
4275,0
4276,0
4277,0
4278,0
4279,0
4280,0
4281,0
4282,0
4283,0
4284,0
4285,0
4286,0
4287,0
4288,0
4289,0
4290,0
4291,0
4292,0
4293,0
4294,0
4295,0
4296,0
4297,0
4298,0
4299,0
4300,0
4301,0
4302,0
4303,0
4304,0
4305,0
4306,0
4307,0
4308,0
4309,0
4310,0
4311,0
4312,0
4313,0
4314,0
4315,1021
4316,1022
4317,1022
4318,1021
4319,1022
4320,1022
4321,1022
4322,1022
4323,1022
4324,1022
4325,1022
4326,1022
4327,1022
4328,1022
4329,1022
4330,1022
4331,1022
4332,1022
4333,1022
4334,1022
4335,1022
4336,1021
4337,1022
4338,1022
4339,1022
4340,1022
4341,1022
4342,1022
4343,1022
4344,1022
4345,1022
4346,1021
4347,1021
4348,1021
4349,1022
4350,1022
4351,1022
4352,1022
4353,1021
4354,1022
4355,80
4356,1022
4357,80
4358,0
4359,0
4360,0
4361,0
4362,0
4363,0
4364,0
4365,0
4366,0
4367,0
4368,0
4369,0
4370,0
4371,0
4372,0
4373,0
4374,0
4375,0
4376,0
4377,0
4378,0
4379,0
4380,0
4381,0
4382,0
4383,0
4384,0
4385,0
4386,0
4387,0
4388,0
4389,0
4390,0
4391,0
4392,0
4393,0
4394,0
4395,0
4396,0
4397,1022
4398,1021
4399,1021
4400,1021
4401,1022
4402,1022
4403,1022
4404,1022
4405,1022
4406,1022
4407,1022
4408,1022
4409,1022
4410,1022
4411,1022
4412,1022
4413,1022
4414,1022
4415,1022
4416,1022
4417,1020
4418,1022
4419,1022
4420,1022
4421,1021
4422,1022
4423,1022
4424,1021
4425,1021
4426,1022
4427,1022
4428,1022
4429,1022
4430,1021
4431,1021
4432,1022
4433,1022
4434,1022
4435,1022
4436,1022
4437,1021
4438,0
4439,1022
4440,56
4441,0
4442,0
4443,0
4444,0
4445,0
4446,0
4447,0
4448,0
4449,0
4450,0
4451,0
4452,0
4453,0
4454,0
4455,0
4456,0
4457,0
4458,0
4459,0
4460,0
4461,0
4462,0
4463,0
4464,0
4465,0
4466,0
4467,0
4468,0
4469,0
4470,0
4471,0
4472,0
4473,0
4474,0
4475,0
4476,0
4477,0
4478,0
4479,0
4480,1021
4481,1020
4482,1022
4483,1021
4484,1022
4485,1022
4486,1022
4487,1022
4488,1022
4489,1022
4490,1022
4491,1021
4492,1022
4493,1022
4494,1022
4495,1022
4496,1022
4497,1022
4498,1022
4499,1021
4500,1022
4501,1021
4502,1022
4503,1021
4504,1022
4505,1022
4506,1022
4507,1022
4508,1021
4509,1022
4510,1022
4511,1022
4512,1022
4513,1022
4514,1022
4515,1021
4516,1022
4517,1022
4518,1022
4519,1022
4520,1022
4521,1021
4522,1021
4523,0
4524,0
4525,0
4526,0
4527,0
4528,0
4529,0
4530,0
4531,0
4532,0
4533,0
4534,0
4535,0
4536,0
4537,0
4538,0
4539,0
4540,0
4541,0
4542,0
4543,0
4544,0
4545,0
4546,0
4547,0
4548,0
4549,0
4550,0
4551,0
4552,0
4553,0
4554,0
4555,0
4556,0
4557,0
4558,0
4559,0
4560,0
4561,0
4562,0
4563,0
4564,0
4565,1021
4566,1022
4567,1022
4568,1022
4569,1022
4570,1022
4571,1022
4572,1022
4573,1022
4574,1022
4575,1022
4576,1022
4577,1022
4578,1022
4579,1022
4580,1022
4581,1022
4582,1022
4583,1022
4584,1021
4585,1022
4586,1022
4587,1021
4588,1022
4589,1021
4590,1022
4591,1022
4592,1021
4593,1022
4594,1021
4595,1021
4596,1022
4597,1022
4598,1022
4599,1022
4600,1022
4601,1022
4602,1022
4603,1021
4604,1022
4605,0
4606,0
4607,0
4608,0
4609,0
4610,0
4611,0
4612,0
4613,0
4614,0
4615,0
4616,0
4617,0
4618,0
4619,0
4620,0
4621,0
4622,0
4623,0
4624,0
4625,0
4626,0
4627,0
4628,0
4629,0
4630,0
4631,0
4632,0
4633,0
4634,0
4635,0
4636,0
4637,0
4638,0
4639,0
4640,0
4641,0
4642,0
4643,0
4644,0
4645,0
4646,0
4647,0
4648,1022
4649,1022
4650,1022
4651,1022
4652,1022
4653,1022
4654,1022
4655,1022
4656,1023
4657,1022
4658,1022
4659,1022
4660,1022
4661,1022
4662,1022
4663,1022
4664,1022
4665,1022
4666,1021
4667,1022
4668,1021
4669,1021
4670,1021
4671,1021
4672,1022
4673,1022
4674,1022
4675,1021
4676,1022
4677,1022
4678,1022
4679,1022
4680,1023
4681,1022
4682,1022
4683,1022
4684,1022
4685,1022
4686,1022
4687,1022
4688,0
4689,0
4690,0
4691,0
4692,0
4693,0
4694,0
4695,0
4696,0
4697,0
4698,0
4699,0
4700,0
4701,0
4702,0
4703,0
4704,0
4705,0
4706,0
4707,0
4708,0
4709,0
4710,0
4711,0
4712,0
4713,0
4714,0
4715,0
4716,0
4717,0
4718,0
4719,0
4720,0
4721,0
4722,0
4723,0
4724,0
4725,0
4726,0
4727,0
4728,0
4729,0
4730,0
4731,1022
4732,1022
4733,1021
4734,1022
4735,1022
4736,1022
4737,1022
4738,1022
4739,1023
4740,1022
4741,1022
4742,1022
4743,1021
4744,1022
4745,1022
4746,1022
4747,1021
4748,1022
4749,1022
4750,1022
4751,1022
4752,1022
4753,1022
4754,1022
4755,1022
4756,1022
4757,1022
4758,1022
4759,1022
4760,1022
4761,1022
4762,1022
4763,1022
4764,1022
4765,1022
4766,1022
4767,1022
4768,1022
4769,1023
4770,1022
4771,0
4772,56
4773,0
4774,0
4775,0
4776,0
4777,0
4778,0
4779,0
4780,0
4781,0
4782,0
4783,0
4784,0
4785,0
4786,0
4787,0
4788,0
4789,0
4790,0
4791,0
4792,0
4793,0
4794,0
4795,0
4796,0
4797,0
4798,0
4799,0
4800,0
4801,0
4802,0
4803,0
4804,0
4805,0
4806,0
4807,0
4808,0
4809,0
4810,0
4811,0
4812,0
4813,0
4814,1022
4815,1022
4816,1022
4817,1022
4818,1021
4819,1022
4820,1022
4821,1022
4822,1021
4823,1022
4824,1021
4825,1021
4826,1021
4827,1022
4828,1022
4829,1022
4830,1022
4831,1022
4832,1022
4833,1022
4834,1022
4835,1022
4836,1022
4837,1022
4838,1022
4839,1022
4840,1022
4841,1022
4842,1022
4843,1022
4844,1022
4845,1021
4846,1022
4847,1021
4848,1022
4849,1023
4850,1022
4851,1022
4852,1022
4853,1022
4854,0
4855,81
4856,0
4857,0
4858,0
4859,0
4860,0
4861,0
4862,0
4863,0
4864,0
4865,0
4866,0
4867,0
4868,0
4869,0
4870,0
4871,0
4872,0
4873,0
4874,0
4875,0
4876,0
4877,0
4878,0
4879,0
4880,0
4881,0
4882,0
4883,0
4884,0
4885,0
4886,0
4887,0
4888,0
4889,0
4890,0
4891,0
4892,0
4893,0
4894,0
4895,0
4896,0
4897,1021
4898,1022
4899,1022
4900,1022
4901,1022
4902,1022
4903,1022
4904,1022
4905,1022
4906,1022
4907,1022
4908,1022
4909,1022
4910,1021
4911,1023
4912,1022
4913,1022
4914,1022
4915,1021
4916,1022
4917,1022
4918,1022
4919,1022
4920,1022
4921,1022
4922,1021
4923,1022
4924,1022
4925,1021
4926,1022
4927,1022
4928,1022
4929,1022
4930,1021
4931,1022
4932,1022
4933,1022
4934,1022
4935,1021
4936,1022
4937,1022
4938,0
4939,0
4940,0
4941,0
4942,0
4943,0
4944,0
4945,0
4946,0
4947,0
4948,0
4949,0
4950,0
4951,0
4952,0
4953,0
4954,0
4955,0
4956,0
4957,0
4958,0
4959,0
4960,0
4961,0
4962,0
4963,0
4964,0
4965,0
4966,0
4967,0
4968,0
4969,0
4970,0
4971,0
4972,0
4973,0
4974,0
4975,0
4976,0
4977,0
4978,0
4979,0
4980,1022
4981,1022
4982,1022
4983,1022
4984,1022
4985,1022
4986,1022
4987,1022
4988,1022
4989,1022
4990,1022
4991,1022
4992,1023
4993,1022
4994,1022
4995,1022
4996,1022
4997,1022
4998,1021
4999,1022
5000,1022
5001,1022
5002,1022
5003,1022
5004,1022
5005,1022
5006,1022
5007,1022
5008,1021
5009,1022
5010,1022
5011,1022
5012,1021
5013,1022
5014,1022
5015,1021
5016,1022
5017,1022
5018,1021
5019,1022
5020,0
5021,0
5022,0
5023,0
5024,0
5025,0
5026,0
5027,0
5028,0
5029,0
5030,0
5031,0
5032,0
5033,0
5034,0
5035,0
5036,0
5037,0
5038,0
5039,0
5040,0
5041,0
5042,0
5043,0
5044,0
5045,0
5046,0
5047,0
5048,0
5049,0
5050,0
5051,0
5052,0
5053,0
5054,0
5055,0
5056,0
5057,0
5058,0
5059,0
5060,0
5061,0
5062,0
5063,1021
5064,1022
5065,1022
5066,1022
5067,1022
5068,1022
5069,1022
5070,1022
5071,1021
5072,1021
5073,1021
5074,1021
5075,1023
5076,1021
5077,1022
5078,1022
5079,1022
5080,1021
5081,1022
5082,1022
5083,1022
5084,1022
5085,1022
5086,1022
5087,1022
5088,1022
5089,1021
5090,1022
5091,1022
5092,1022
5093,1020
5094,1022
5095,1022
5096,1022
5097,1022
5098,1022
5099,1022
5100,1022
5101,1022
5102,81
5103,0
5104,80
5105,0
5106,0
5107,0
5108,0
5109,0
5110,0
5111,0
5112,0
5113,0
5114,0
5115,0
5116,0
5117,0
5118,0
5119,0
5120,0
5121,0
5122,0
5123,0
5124,0
5125,0
5126,0
5127,0
5128,0
5129,0
5130,0
5131,0
5132,0
5133,0
5134,0
5135,0
5136,0
5137,0
5138,0
5139,0
5140,0
5141,0
5142,0
5143,0
5144,0
5145,0
5146,1022
5147,1021
5148,1022
5149,1021
5150,1022
5151,1022
5152,1021
5153,1021
5154,1021
5155,1022
5156,1021
5157,1022
5158,1021
5159,1022
5160,1022
5161,1022
5162,1022
5163,1022
5164,1022
5165,1022
5166,1022
5167,1022
5168,1022
5169,1022
5170,1022
5171,1022
5172,1022
5173,1022
5174,1022
5175,1022
5176,1022
5177,1021
5178,1022
5179,1022
5180,1022
5181,1022
5182,1022
5183,1022
5184,1022
5185,1022
5186,1022
5187,0
5188,0
5189,0
5190,0
5191,0
5192,0
5193,0
5194,0
5195,0
5196,0
5197,0
5198,0
5199,0
5200,0
5201,0
5202,0
5203,0
5204,0
5205,0
5206,0
5207,0
5208,0
5209,0
5210,0
5211,0
5212,0
5213,0
5214,0
5215,0
5216,0
5217,0
5218,0
5219,0
5220,0
5221,0
5222,0
5223,0
5224,0
5225,0
5226,0
5227,0
5228,0
5229,1022
5230,1022
5231,1021
5232,1022
5233,1021
5234,1022
5235,1022
5236,1022
5237,1022
5238,1022
5239,1022
5240,1022
5241,1022
5242,1022
5243,1022
5244,1022
5245,1021
5246,1022
5247,1022
5248,1022
5249,1022
5250,1022
5251,1022
5252,1022
5253,1022
5254,1022
5255,1022
5256,1022
5257,1022
5258,1022
5259,1022
5260,1022
5261,1022
5262,1022
5263,1022
5264,1022
5265,1022
5266,1022
5267,1022
5268,1022
5269,1022
5270,0
5271,0
5272,0
5273,0
5274,0
5275,0
5276,0
5277,0
5278,0
5279,0
5280,0
5281,0
5282,0
5283,0
5284,0
5285,0
5286,0
5287,0
5288,0
5289,0
5290,0
5291,0
5292,0
5293,0
5294,0
5295,0
5296,0
5297,0
5298,0
5299,0
5300,0
5301,0
5302,0
5303,0
5304,0
5305,0
5306,0
5307,0
5308,0
5309,0
5310,0
5311,0
5312,1022
5313,1022
5314,1022
5315,1022
5316,1022
5317,1022
5318,1022
5319,1022
5320,1022
5321,1021
5322,1022
5323,1022
5324,1022
5325,1022
5326,1022
5327,1022
5328,1022
5329,1022
5330,1022
5331,1022
5332,1021
5333,1022
5334,1022
5335,1022
5336,1022
5337,1022
5338,1022
5339,1022
5340,1022
5341,1022
5342,1022
5343,1021
5344,1022
5345,1022
5346,1022
5347,1021
5348,1022
5349,1022
5350,1022
5351,1023
5352,0
5353,81
5354,0
5355,0
5356,0
5357,0
5358,0
5359,0
5360,0
5361,0
5362,0
5363,0
5364,0
5365,0
5366,0
5367,0
5368,0
5369,0
5370,0
5371,0
5372,0
5373,0
5374,0
5375,0
5376,0
5377,0
5378,0
5379,0
5380,0
5381,0
5382,0
5383,0
5384,0
5385,0
5386,0
5387,0
5388,0
5389,0
5390,0
5391,0
5392,0
5393,0
5394,0
5395,1022
5396,1022
5397,1022
5398,1022
5399,1022
5400,1021
5401,1022
5402,1022
5403,1022
5404,1022
5405,1022
5406,1022
5407,1022
5408,1022
5409,1022
5410,1022
5411,1022
5412,1022
5413,1022
5414,1022
5415,1022
5416,1022
5417,1022
5418,1022
5419,1022
5420,1022
5421,1022
5422,1022
5423,1021
5424,1022
5425,1022
5426,1022
5427,1022
5428,1022
5429,1021
5430,1022
5431,1022
5432,1022
5433,1020
5434,56
5435,0
5436,0
5437,0
5438,0
5439,0
5440,0
5441,0
5442,0
5443,0
5444,0
5445,0
5446,0
5447,0
5448,0
5449,0
5450,0
5451,0
5452,0
5453,0
5454,0
5455,0
5456,0
5457,0
5458,0
5459,0
5460,0
5461,0
5462,0
5463,0
5464,0
5465,0
5466,0
5467,0
5468,0
5469,0
5470,0
5471,0
5472,0
5473,0
5474,0
5475,0
5476,0
5477,0
5478,1022
5479,1022
5480,1022
5481,1022
5482,1022
5483,1022
5484,1022
5485,1022
5486,1022
5487,1022
5488,1022
5489,1022
5490,1022
5491,1022
5492,1022
5493,1022
5494,1022
5495,1022
5496,1022
5497,1022
5498,1022
5499,1022
5500,1022
5501,1022
5502,1022
5503,1022
5504,1022
5505,1021
5506,1022
5507,1022
5508,1022
5509,1022
5510,1022
5511,1022
5512,1021
5513,1022
5514,1021
5515,1021
5516,1021
5517,55
5518,0
5519,55
5520,0
5521,0
5522,0
5523,0
5524,0
5525,0
5526,0
5527,0
5528,0
5529,0
5530,0
5531,0
5532,0
5533,0
5534,0
5535,0
5536,0
5537,0
5538,0
5539,0
5540,0
5541,0
5542,0
5543,0
5544,0
5545,0
5546,0
5547,0
5548,0
5549,0
5550,0
5551,0
5552,0
5553,0
5554,0
5555,0
5556,0
5557,0
5558,0
5559,0
5560,0
5561,1022
5562,1022
5563,1021
5564,1023
5565,1022
5566,1022
5567,1021
5568,1022
5569,1022
5570,1022
5571,1022
5572,1022
5573,1022
5574,1022
5575,1022
5576,1022
5577,1022
5578,1022
5579,1022
5580,1022
5581,1021
5582,1022
5583,1022
5584,1022
5585,1022
5586,1022
5587,1022
5588,1021
5589,1022
5590,1022
5591,1022
5592,1021
5593,1022
5594,1021
5595,1022
5596,1022
5597,1021
5598,1022
5599,1022
5600,56
5601,0
5602,56
5603,0
5604,0
5605,0
5606,0
5607,0
5608,0
5609,0
5610,0
5611,0
5612,0
5613,0
5614,0
5615,0
5616,0
5617,0
5618,0
5619,0
5620,0
5621,0
5622,0
5623,0
5624,0
5625,0
5626,0
5627,0
5628,0
5629,0
5630,0
5631,0
5632,0
5633,0
5634,0
5635,0
5636,0
5637,0
5638,0
5639,0
5640,0
5641,0
5642,0
5643,0
5644,1022
5645,1021
5646,1021
5647,1022
5648,1022
5649,1022
5650,1022
5651,1022
5652,1022
5653,1022
5654,1022
5655,1022
5656,1022
5657,1022
5658,1022
5659,1022
5660,1022
5661,1022
5662,1022
5663,1021
5664,1023
5665,1021
5666,1021
5667,1021
5668,1022
5669,1022
5670,1022
5671,1022
5672,1022
5673,1022
5674,1022
5675,1021
5676,1022
5677,1022
5678,1022
5679,1022
5680,1022
5681,1022
5682,1022
5683,1022
5684,0
5685,80
5686,0
5687,0
5688,0
5689,0
5690,0
5691,0
5692,0
5693,0
5694,0
5695,0
5696,0
5697,0
5698,0
5699,0
5700,0
5701,0
5702,0
5703,0
5704,0
5705,0
5706,0
5707,0
5708,0
5709,0
5710,0
5711,0
5712,0
5713,0
5714,0
5715,0
5716,0
5717,0
5718,0
5719,0
5720,0
5721,0
5722,0
5723,0
5724,0
5725,0
5726,0
5727,1021
5728,1022
5729,1022
5730,1021
5731,1022
5732,1022
5733,1022
5734,1022
5735,1022
5736,1022
5737,1022
5738,1022
5739,1022
5740,1022
5741,1022
5742,1022
5743,1021
5744,1022
5745,1022
5746,1022
5747,1021
5748,1022
5749,1022
5750,1022
5751,1022
5752,1022
5753,1022
5754,1022
5755,1022
5756,1022
5757,1022
5758,1022
5759,1022
5760,1022
5761,1022
5762,1021
5763,1021
5764,1021
5765,1022
5766,80
5767,0
5768,81
5769,0
5770,0
5771,0
5772,0
5773,0
5774,0
5775,0
5776,0
5777,0
5778,0
5779,0
5780,0
5781,0
5782,0
5783,0
5784,0
5785,0
5786,0
5787,0
5788,0
5789,0
5790,0
5791,0
5792,0
5793,0
5794,0
5795,0
5796,0
5797,0
5798,0
5799,0
5800,0
5801,0
5802,0
5803,0
5804,0
5805,0
5806,0
5807,0
5808,0
5809,0
5810,1021
5811,1022
5812,1022
5813,1022
5814,1021
5815,1022
5816,1022
5817,1022
5818,1022
5819,1022
5820,1022
5821,1022
5822,1022
5823,1022
5824,1022
5825,1022
5826,1022
5827,1022
5828,1022
5829,1022
5830,1022
5831,1022
5832,1022
5833,1022
5834,1022
5835,1022
5836,1022
5837,1022
5838,1022
5839,1022
5840,1022
5841,1022
5842,1022
5843,1022
5844,1022
5845,1021
5846,1022
5847,1022
5848,1021
5849,81
5850,1022
5851,56
5852,0
5853,0
5854,0
5855,0
5856,0
5857,0
5858,0
5859,0
5860,0
5861,0
5862,0
5863,0
5864,0
5865,0
5866,0
5867,0
5868,0
5869,0
5870,0
5871,0
5872,0
5873,0
5874,0
5875,0
5876,0
5877,0
5878,0
5879,0
5880,0
5881,0
5882,0
5883,0
5884,0
5885,0
5886,0
5887,0
5888,0
5889,0
5890,0
5891,0
5892,1022
5893,1022
5894,1022
5895,1021
5896,1021
5897,1022
5898,1022
5899,1022
5900,1022
5901,1022
5902,1022
5903,1022
5904,1022
5905,1022
5906,1022
5907,1023
5908,1022
5909,1022
5910,1022
5911,1022
5912,1022
5913,1022
5914,1021
5915,1022
5916,1022
5917,1022
5918,1021
5919,1022
5920,1022
5921,1022
5922,1021
5923,1022
5924,1022
5925,1022
5926,1021
5927,1022
5928,1022
5929,1022
5930,1022
5931,0
5932,1022
5933,1022
5934,56
5935,0
5936,0
5937,0
5938,0
5939,0
5940,0
5941,0
5942,0
5943,0
5944,0
5945,0
5946,0
5947,0
5948,0
5949,0
5950,0
5951,0
5952,0
5953,0
5954,0
5955,0
5956,0
5957,0
5958,0
5959,0
5960,0
5961,0
5962,0
5963,0
5964,0
5965,0
5966,0
5967,0
5968,0
5969,0
5970,0
5971,0
5972,0
5973,0
5974,1021
5975,1022
5976,1022
5977,1022
5978,1022
5979,1022
5980,1022
5981,1022
5982,1022
5983,1022
5984,1022
5985,1022
5986,1022
5987,1022
5988,1022
5989,1022
5990,1022
5991,1022
5992,1022
5993,1022
5994,1021
5995,1022
5996,1022
5997,1022
5998,1022
5999,1022
6000,1022
6001,1022
6002,1022
6003,1022
6004,1022
6005,1022
6006,1022
6007,1022
6008,1022
6009,1022
6010,1022
6011,1022
6012,1022
6013,1022
6014,1022
6015,1022
6016,0
6017,56
6018,0
6019,0
6020,0
6021,0
6022,0
6023,0
6024,0
6025,0
6026,0
6027,0
6028,0
6029,0
6030,0
6031,0
6032,0
6033,0
6034,0
6035,0
6036,0
6037,0
6038,0
6039,0
6040,0
6041,0
6042,0
6043,0
6044,0
6045,0
6046,0
6047,0
6048,0
6049,0
6050,0
6051,0
6052,0
6053,0
6054,0
6055,0
6056,0
6057,0
6058,0
6059,1021
6060,1021
6061,1022
6062,1022
6063,1022
6064,1022
6065,1022
6066,1022
6067,1022
6068,1021
6069,1021
6070,1021
6071,1021
6072,1021
6073,1021
6074,1022
6075,1022
6076,1022
6077,1022
6078,1021
6079,1022
6080,1022
6081,1022
6082,1022
6083,1021
6084,1022
6085,1022
6086,1022
6087,1022
6088,1022
6089,1022
6090,1022
6091,1021
6092,1022
6093,1022
6094,1022
6095,1022
6096,1022
6097,1022
6098,1022
6099,0
6100,0
6101,0
6102,0
6103,0
6104,0
6105,0
6106,0
6107,0
6108,0
6109,0
6110,0
6111,0
6112,0
6113,0
6114,0
6115,0
6116,0
6117,0
6118,0
6119,0
6120,0
6121,0
6122,0
6123,0
6124,0
6125,0
6126,0
6127,0
6128,0
6129,0
6130,0
6131,0
6132,0
6133,0
6134,0
6135,0
6136,0
6137,0
6138,0
6139,0
6140,0
6141,0
6142,1022
6143,1022
6144,1021
6145,1022
6146,1022
6147,1022
6148,1021
6149,1022
6150,1021
6151,1022
6152,1022
6153,1022
6154,1022
6155,1022
6156,1022
6157,1022
6158,1022
6159,1022
6160,1022
6161,1022
6162,1022
6163,1022
6164,1022
6165,1021
6166,1022
6167,1022
6168,1022
6169,1022
6170,1022
6171,1022
6172,1022
6173,1022
6174,1021
6175,1022
6176,1022
6177,1022
6178,1022
6179,1022
6180,1022
6181,1022
6182,0
6183,81
6184,0
6185,0
6186,0
6187,0
6188,0
6189,0
6190,0
6191,0
6192,0
6193,0
6194,0
6195,0
6196,0
6197,0
6198,0
6199,0
6200,0
6201,0
6202,0
6203,0
6204,0
6205,0
6206,0
6207,0
6208,0
6209,0
6210,0
6211,0
6212,0
6213,0
6214,0
6215,0
6216,0
6217,0
6218,0
6219,0
6220,0
6221,0
6222,0
6223,0
6224,0
6225,1022
6226,1021
6227,1021
6228,1021
6229,1022
6230,1022
6231,1021
6232,1022
6233,1022
6234,1022
6235,1022
6236,1022
6237,1022
6238,1022
6239,1022
6240,1021
6241,1022
6242,1022
6243,1022
6244,1022
6245,1022
6246,1021
6247,1022
6248,1022
6249,1022
6250,1022
6251,1022
6252,1022
6253,1022
6254,1022
6255,1022
6256,1021
6257,1022
6258,1022
6259,1022
6260,1022
6261,1021
6262,1022
6263,1022
6264,80
6265,0
6266,0
6267,0
6268,0
6269,0
6270,0
6271,0
6272,0
6273,0
6274,0
6275,0
6276,0
6277,0
6278,0
6279,0
6280,0
6281,0
6282,0
6283,0
6284,0
6285,0
6286,0
6287,0
6288,0
6289,0
6290,0
6291,0
6292,0
6293,0
6294,0
6295,0
6296,0
6297,0
6298,0
6299,0
6300,0
6301,0
6302,0
6303,0
6304,0
6305,0
6306,0
6307,0
6308,1022
6309,1021
6310,1022
6311,1021
6312,1022
6313,1022
6314,1022
6315,1021
6316,1022
6317,1022
6318,1022
6319,1022
6320,1022
6321,1022
6322,1022
6323,1022
6324,1021
6325,1022
6326,1022
6327,1022
6328,1022
6329,1022
6330,1022
6331,1022
6332,1022
6333,1022
6334,1022
6335,1022
6336,1022
6337,1022
6338,1022
6339,1022
6340,1022
6341,1022
6342,1021
6343,1022
6344,1022
6345,1022
6346,1022
6347,1021
6348,0
6349,81
6350,0
6351,0
6352,0
6353,0
6354,0
6355,0
6356,0
6357,0
6358,0
6359,0
6360,0
6361,0
6362,0
6363,0
6364,0
6365,0
6366,0
6367,0
6368,0
6369,0
6370,0
6371,0
6372,0
6373,0
6374,0
6375,0
6376,0
6377,0
6378,0
6379,0
6380,0
6381,0
6382,0
6383,0
6384,0
6385,0
6386,0
6387,0
6388,0
6389,0
6390,0
6391,1022
6392,1022
6393,1022
6394,1022
6395,1022
6396,1022
6397,1022
6398,1022
6399,1022
6400,1022
6401,1022
6402,1022
6403,1022
6404,1022
6405,1022
6406,1022
6407,1022
6408,1022
6409,1022
6410,1022
6411,1022
6412,1022
6413,1022
6414,1022
6415,1022
6416,1022
6417,1022
6418,1022
6419,1022
6420,1022
6421,1022
6422,1022
6423,1022
6424,1022
6425,1022
6426,1022
6427,1021
6428,1022
6429,1021
6430,1022
6431,1021
6432,0
6433,0
6434,0
6435,0
6436,0
6437,0
6438,0
6439,0
6440,0
6441,0
6442,0
6443,0
6444,0
6445,0
6446,0
6447,0
6448,0
6449,0
6450,0
6451,0
6452,0
6453,0
6454,0
6455,0
6456,0
6457,0
6458,0
6459,0
6460,0
6461,0
6462,0
6463,0
6464,0
6465,0
6466,0
6467,0
6468,0
6469,0
6470,0
6471,0
6472,0
6473,0
6474,1022
6475,1021
6476,1022
6477,1022
6478,1022
6479,1022
6480,1022
6481,1022
6482,1022
6483,1022
6484,1022
6485,1022
6486,1022
6487,1022
6488,1022
6489,1022
6490,1022
6491,1022
6492,1022
6493,1022
6494,1022
6495,1022
6496,1022
6497,1022
6498,1022
6499,1022
6500,1022
6501,1021
6502,1021
6503,1022
6504,1022
6505,1022
6506,1022
6507,1022
6508,1021
6509,1022
6510,1022
6511,1021
6512,1022
6513,1021
6514,1022
6515,81
6516,0
6517,0
6518,0
6519,0
6520,0
6521,0
6522,0
6523,0
6524,0
6525,0
6526,0
6527,0
6528,0
6529,0
6530,0
6531,0
6532,0
6533,0
6534,0
6535,0
6536,0
6537,0
6538,0
6539,0
6540,0
6541,0
6542,0
6543,0
6544,0
6545,0
6546,0
6547,0
6548,0
6549,0
6550,0
6551,0
6552,0
6553,0
6554,0
6555,0
6556,0
6557,1022
6558,1022
6559,1022
6560,1022
6561,1022
6562,1022
6563,1022
6564,1022
6565,1022
6566,1022
6567,1021
6568,1022
6569,1022
6570,1021
6571,1022
6572,1021
6573,1022
6574,1022
6575,1022
6576,1022
6577,1022
6578,1022
6579,1022
6580,1021
6581,1022
6582,1022
6583,1021
6584,1022
6585,1022
6586,1022
6587,1022
6588,1022
6589,1022
6590,1022
6591,1022
6592,1023
6593,1022
6594,1022
6595,1022
6596,1022
6597,1022
6598,0
6599,0
6600,0
6601,0
6602,0
6603,0
6604,0
6605,0
6606,0
6607,0
6608,0
6609,0
6610,0
6611,0
6612,0
6613,0
6614,0
6615,0
6616,0
6617,0
6618,0
6619,0
6620,0
6621,0
6622,0
6623,0
6624,0
6625,0
6626,0
6627,0
6628,0
6629,0
6630,0
6631,0
6632,0
6633,0
6634,0
6635,0
6636,0
6637,0
6638,0
6639,0
6640,1023
6641,1022
6642,1022
6643,1022
6644,1022
6645,1022
6646,1022
6647,1021
6648,1022
6649,1022
6650,1022
6651,1022
6652,1022
6653,1022
6654,1021
6655,1022
6656,1022
6657,1022
6658,1021
6659,1022
6660,1022
6661,1022
6662,1022
6663,1021
6664,1022
6665,1022
6666,1022
6667,1022
6668,1022
6669,1022
6670,1022
6671,1022
6672,1022
6673,1022
6674,1022
6675,1022
6676,1022
6677,1022
6678,1022
6679,1022
6680,0
6681,0
6682,0
6683,0
6684,0
6685,0
6686,0
6687,0
6688,0
6689,0
6690,0
6691,0
6692,0
6693,0
6694,0
6695,0
6696,0
6697,0
6698,0
6699,0
6700,0
6701,0
6702,0
6703,0
6704,0
6705,0
6706,0
6707,0
6708,0
6709,0
6710,0
6711,0
6712,0
6713,0
6714,0
6715,0
6716,0
6717,0
6718,0
6719,0
6720,0
6721,0
6722,0
6723,1022
6724,1022
6725,1021
6726,1022
6727,1022
6728,1021
6729,1022
6730,1022
6731,1022
6732,1022
6733,1022
6734,1022
6735,1022
6736,1022
6737,1022
6738,1022
6739,1022
6740,1021
6741,1022
6742,1022
6743,1022
6744,1022
6745,1022
6746,1022
6747,1022
6748,1022
6749,1022
6750,1022
6751,1022
6752,1022
6753,1022
6754,1022
6755,1022
6756,1022
6757,1021
6758,1022
6759,1022
6760,1022
6761,1022
6762,1022
6763,1021
6764,0
6765,0
6766,0
6767,0
6768,0
6769,0
6770,0
6771,0
6772,0
6773,0
6774,0
6775,0
6776,0
6777,0
6778,0
6779,0
6780,0
6781,0
6782,0
6783,0
6784,0
6785,0
6786,0
6787,0
6788,0
6789,0
6790,0
6791,0
6792,0
6793,0
6794,0
6795,0
6796,0
6797,0
6798,0
6799,0
6800,0
6801,0
6802,0
6803,0
6804,0
6805,0
6806,1022
6807,1021
6808,1022
6809,1022
6810,1022
6811,1022
6812,1022
6813,1022
6814,1021
6815,1022
6816,1022
6817,1022
6818,1022
6819,1022
6820,1022
6821,1022
6822,1022
6823,1022
6824,1022
6825,1022
6826,1022
6827,1022
6828,1022
6829,1022
6830,1022
6831,1022
6832,1022
6833,1022
6834,1022
6835,1022
6836,1022
6837,1022
6838,1022
6839,1022
6840,1022
6841,1022
6842,1023
6843,1022
6844,1022
6845,1022
6846,0
6847,0
6848,0
6849,0
6850,0
6851,0
6852,0
6853,0
6854,0
6855,0
6856,0
6857,0
6858,0
6859,0
6860,0
6861,0
6862,0
6863,0
6864,0
6865,0
6866,0
6867,0
6868,0
6869,0
6870,0
6871,0
6872,0
6873,0
6874,0
6875,0
6876,0
6877,0
6878,0
6879,0
6880,0
6881,0
6882,0
6883,0
6884,0
6885,0
6886,0
6887,0
6888,0
6889,1022
6890,1021
6891,1022
6892,1022
6893,1022
6894,1022
6895,1022
6896,1022
6897,1022
6898,1022
6899,1022
6900,1022
6901,1022
6902,1022
6903,1022
6904,1022
6905,1022
6906,1022
6907,1021
6908,1022
6909,1022
6910,1022
6911,1022
6912,1022
6913,1022
6914,1022
6915,1022
6916,1022
6917,1021
6918,1022
6919,1022
6920,1023
6921,1022
6922,1022
6923,1022
6924,1022
6925,1022
6926,1022
6927,1021
6928,1022
6929,1022
6930,0
6931,0
6932,0
6933,0
6934,0
6935,0
6936,0
6937,0
6938,0
6939,0
6940,0
6941,0
6942,0
6943,0
6944,0
6945,0
6946,0
6947,0
6948,0
6949,0
6950,0
6951,0
6952,0
6953,0
6954,0
6955,0
6956,0
6957,0
6958,0
6959,0
6960,0
6961,0
6962,0
6963,0
6964,0
6965,0
6966,0
6967,0
6968,0
6969,0
6970,0
6971,0
6972,1022
6973,1021
6974,1022
6975,1022
6976,1022
6977,1022
6978,1022
6979,1022
6980,1022
6981,1022
6982,1022
6983,1022
6984,1022
6985,1022
6986,1022
6987,1022
6988,1021
6989,1022
6990,1022
6991,1021
6992,1022
6993,1022
6994,1022
6995,1022
6996,1022
6997,1022
6998,1022
6999,1022
7000,1021
7001,1022
7002,1022
7003,1022
7004,1022
7005,1022
7006,1022
7007,1022
7008,1022
7009,1022
7010,1022
7011,56
7012,0
7013,55
7014,0
7015,0
7016,0
7017,0
7018,0
7019,0
7020,0
7021,0
7022,0
7023,0
7024,0
7025,0
7026,0
7027,0
7028,0
7029,0
7030,0
7031,0
7032,0
7033,0
7034,0
7035,0
7036,0
7037,0
7038,0
7039,0
7040,0
7041,0
7042,0
7043,0
7044,0
7045,0
7046,0
7047,0
7048,0
7049,0
7050,0
7051,0
7052,0
7053,0
7054,0
7055,1022
7056,1022
7057,1021
7058,1022
7059,1022
7060,1022
7061,1021
7062,1021
7063,1022
7064,1022
7065,1022
7066,1022
7067,1022
7068,1022
7069,1022
7070,1022
7071,1022
7072,1022
7073,1022
7074,1022
7075,1022
7076,1022
7077,1022
7078,1022
7079,1022
7080,1021
7081,1022
7082,1022
7083,1022
7084,1021
7085,1022
7086,1022
7087,1022
7088,1022
7089,1022
7090,1022
7091,1022
7092,1022
7093,1022
7094,56
7095,0
7096,57
7097,0
7098,0
7099,0
7100,0
7101,0
7102,0
7103,0
7104,0
7105,0
7106,0
7107,0
7108,0
7109,0
7110,0
7111,0
7112,0
7113,0
7114,0
7115,0
7116,0
7117,0
7118,0
7119,0
7120,0
7121,0
7122,0
7123,0
7124,0
7125,0
7126,0
7127,0
7128,0
7129,0
7130,0
7131,0
7132,0
7133,0
7134,0
7135,0
7136,0
7137,0
7138,1021
7139,1022
7140,1021
7141,1022
7142,1022
7143,1022
7144,1021
7145,1022
7146,1022
7147,1022
7148,1022
7149,1021
7150,1021
7151,1022
7152,1022
7153,1021
7154,1022
7155,1022
7156,1022
7157,1022
7158,1021
7159,1022
7160,1022
7161,1022
7162,1022
7163,1022
7164,1022
7165,1022
7166,1022
7167,1022
7168,1022
7169,1022
7170,1022
7171,1022
7172,1022
7173,1022
7174,1022
7175,1022
7176,1022
7177,80
7178,0
7179,57
7180,0
7181,0
7182,0
7183,0
7184,0
7185,0
7186,0
7187,0
7188,0
7189,0
7190,0
7191,0
7192,0
7193,0
7194,0
7195,0
7196,0
7197,0
7198,0
7199,0
7200,0
7201,0
7202,0
7203,0
7204,0
7205,0
7206,0
7207,0
7208,0
7209,0
7210,0
7211,0
7212,0
7213,0
7214,0
7215,0
7216,0
7217,0
7218,0
7219,0
7220,0
7221,1022
7222,1021
7223,1021
7224,1022
7225,1022
7226,1022
7227,1022
7228,1021
7229,1022
7230,1022
7231,1022
7232,1021
7233,1022
7234,1021
7235,1022
7236,1022
7237,1022
7238,1022
7239,1022
7240,1022
7241,1022
7242,1022
7243,1022
7244,1022
7245,1022
7246,1022
7247,1022
7248,1021
7249,1022
7250,1022
7251,1022
7252,1022
7253,1022
7254,1022
7255,1023
7256,1021
7257,1022
7258,1022
7259,1021
7260,1021
7261,0
7262,57
7263,0
7264,0
7265,0
7266,0
7267,0
7268,0
7269,0
7270,0
7271,0
7272,0
7273,0
7274,0
7275,0
7276,0
7277,0
7278,0
7279,0
7280,0
7281,0
7282,0
7283,0
7284,0
7285,0
7286,0
7287,0
7288,0
7289,0
7290,0
7291,0
7292,0
7293,0
7294,0
7295,0
7296,0
7297,0
7298,0
7299,0
7300,0
7301,0
7302,0
7303,0
7304,1021
7305,1022
7306,1021
7307,1022
7308,1022
7309,1021
7310,1022
7311,1022
7312,1022
7313,1022
7314,1022
7315,1022
7316,1022
7317,1022
7318,1021
7319,1022
7320,1022
7321,1022
7322,1022
7323,1022
7324,1022
7325,1022
7326,1022
7327,1022
7328,1021
7329,1022
7330,1022
7331,1023
7332,1022
7333,1022
7334,1022
7335,1022
7336,1022
7337,1022
7338,1022
7339,1022
7340,1021
7341,1022
7342,1022
7343,1022
7344,1022
7345,0
7346,0
7347,0
7348,0
7349,0
7350,0
7351,0
7352,0
7353,0
7354,0
7355,0
7356,0
7357,0
7358,0
7359,0
7360,0
7361,0
7362,0
7363,0
7364,0
7365,0
7366,0
7367,0
7368,0
7369,0
7370,0
7371,0
7372,0
7373,0
7374,0
7375,0
7376,0
7377,0
7378,0
7379,0
7380,0
7381,0
7382,0
7383,0
7384,0
7385,0
7386,1022
7387,1021
7388,1021
7389,1022
7390,1022
7391,1022
7392,1022
7393,1022
7394,1022
7395,1022
7396,1022
7397,1022
7398,1022
7399,1022
7400,1022
7401,1022
7402,1022
7403,1023
7404,1022
7405,1022
7406,1022
7407,1022
7408,1022
7409,1022
7410,1022
7411,1021
7412,1022
7413,1022
7414,1021
7415,1022
7416,1022
7417,1021
7418,1022
7419,1022
7420,1022
7421,1022
7422,1022
7423,1022
7424,1022
7425,1022
7426,56
7427,1022
7428,57
7429,0
7430,0
7431,0
7432,0
7433,0
7434,0
7435,0
7436,0
7437,0
7438,0
7439,0
7440,0
7441,0
7442,0
7443,0
7444,0
7445,0
7446,0
7447,0
7448,0
7449,0
7450,0
7451,0
7452,0
7453,0
7454,0
7455,0
7456,0
7457,0
7458,0
7459,0
7460,0
7461,0
7462,0
7463,0
7464,0
7465,0
7466,0
7467,0
7468,0
7469,1022
7470,1022
7471,1023
7472,1022
7473,1021
7474,1022
7475,1022
7476,1022
7477,1022
7478,1022
7479,1022
7480,1022
7481,1022
7482,1022
7483,1022
7484,1022
7485,1022
7486,1022
7487,1022
7488,1022
7489,1022
7490,1022
7491,1022
7492,1022
7493,1021
7494,1022
7495,1021
7496,1021
7497,1022
7498,1022
7499,1022
7500,1022
7501,1022
7502,1022
7503,1022
7504,1021
7505,1022
7506,1022
7507,1022
7508,1022
7509,56
7510,1022
7511,80
7512,0
7513,0
7514,0
7515,0
7516,0
7517,0
7518,0
7519,0
7520,0
7521,0
7522,0
7523,0
7524,0
7525,0
7526,0
7527,0
7528,0
7529,0
7530,0
7531,0
7532,0
7533,0
7534,0
7535,0
7536,0
7537,0
7538,0
7539,0
7540,0
7541,0
7542,0
7543,0
7544,0
7545,0
7546,0
7547,0
7548,0
7549,0
7550,0
7551,0
7552,1022
7553,1022
7554,1022
7555,1022
7556,1022
7557,1022
7558,1022
7559,1022
7560,1022
7561,1022
7562,1022
7563,1022
7564,1022
7565,1022
7566,1022
7567,1022
7568,1022
7569,1022
7570,1022
7571,1022
7572,1022
7573,1022
7574,1022
7575,1022
7576,1022
7577,1022
7578,1022
7579,1021
7580,1022
7581,1021
7582,1022
7583,1022
7584,1022
7585,1021
7586,1022
7587,1021
7588,1022
7589,1022
7590,1022
7591,1022
7592,55
7593,0
7594,80
7595,0
7596,0
7597,0
7598,0
7599,0
7600,0
7601,0
7602,0
7603,0
7604,0
7605,0
7606,0
7607,0
7608,0
7609,0
7610,0
7611,0
7612,0
7613,0
7614,0
7615,0
7616,0
7617,0
7618,0
7619,0
7620,0
7621,0
7622,0
7623,0
7624,0
7625,0
7626,0
7627,0
7628,0
7629,0
7630,0
7631,0
7632,0
7633,0
7634,0
7635,0
7636,1022
7637,1022
7638,1022
7639,1022
7640,1021
7641,1022
7642,1022
7643,1022
7644,1022
7645,1022
7646,1022
7647,1022
7648,1022
7649,1022
7650,1022
7651,1022
7652,1022
7653,1022
7654,1022
7655,1022
7656,1021
7657,1022
7658,1022
7659,1022
7660,1021
7661,1022
7662,1022
7663,1021
7664,1022
7665,1022
7666,1021
7667,1023
7668,1023
7669,1023
7670,1022
7671,1023
7672,1022
7673,1022
7674,1022
7675,56
7676,1021
7677,0
7678,0
7679,0
7680,0
7681,0
7682,0
7683,0
7684,0
7685,0
7686,0
7687,0
7688,0
7689,0
7690,0
7691,0
7692,0
7693,0
7694,0
7695,0
7696,0
7697,0
7698,0
7699,0
7700,0
7701,0
7702,0
7703,0
7704,0
7705,0
7706,0
7707,0
7708,0
7709,0
7710,0
7711,0
7712,0
7713,0
7714,0
7715,0
7716,0
7717,0
7718,0
7719,1022
7720,1022
7721,1022
7722,1022
7723,1022
7724,1021
7725,1021
7726,1021
7727,1022
7728,1022
7729,1022
7730,1022
7731,1022
7732,1022
7733,1021
7734,1021
7735,1021
7736,1021
7737,1022
7738,1022
7739,1022
7740,1021
7741,1022
7742,1022
7743,1022
7744,1022
7745,1022
7746,1022
7747,1022
7748,1022
7749,1022
7750,1022
7751,1022
7752,1022
7753,1022
7754,1022
7755,1022
7756,1021
7757,1022
7758,81
7759,0
7760,79
7761,0
7762,0
7763,0
7764,0
7765,0
7766,0
7767,0
7768,0
7769,0
7770,0
7771,0
7772,0
7773,0
7774,0
7775,0
7776,0
7777,0
7778,0
7779,0
7780,0
7781,0
7782,0
7783,0
7784,0
7785,0
7786,0
7787,0
7788,0
7789,0
7790,0
7791,0
7792,0
7793,0
7794,0
7795,0
7796,0
7797,0
7798,0
7799,0
7800,0
7801,0
7802,1022
7803,1022
7804,1022
7805,1022
7806,1022
7807,1022
7808,1022
7809,1021
7810,1021
7811,1021
7812,1021
7813,1021
7814,1022
7815,1022
7816,1021
7817,1022
7818,1022
7819,1022
7820,1022
7821,1022
7822,1022
7823,1022
7824,1022
7825,1022
7826,1021
7827,1022
7828,1022
7829,1021
7830,1022
7831,1021
7832,1021
7833,1022
7834,1022
7835,1022
7836,1022
7837,1022
7838,1022
7839,1021
7840,1022
7841,1022
7842,0
7843,0
7844,0
7845,0
7846,0
7847,0
7848,0
7849,0
7850,0
7851,0
7852,0
7853,0
7854,0
7855,0
7856,0
7857,0
7858,0
7859,0
7860,0
7861,0
7862,0
7863,0
7864,0
7865,0
7866,0
7867,0
7868,0
7869,0
7870,0
7871,0
7872,0
7873,0
7874,0
7875,0
7876,0
7877,0
7878,0
7879,0
7880,0
7881,0
7882,0
7883,0
7884,0
7885,1022
7886,1021
7887,1022
7888,1022
7889,1022
7890,1022
7891,1022
7892,1022
7893,1022
7894,1021
7895,1022
7896,1022
7897,1022
7898,1022
7899,1022
7900,1022
7901,1022
7902,1022
7903,1022
7904,1023
7905,1022
7906,1022
7907,1022
7908,1021
7909,1022
7910,1022
7911,1022
7912,1021
7913,1021
7914,1022
7915,1022
7916,1022
7917,1022
7918,1022
7919,1022
7920,1022
7921,1022
7922,1022
7923,1022
7924,82
7925,0
7926,80
7927,0
7928,0
7929,0
7930,0
7931,0
7932,0
7933,0
7934,0
7935,0
7936,0
7937,0
7938,0
7939,0
7940,0
7941,0
7942,0
7943,0
7944,0
7945,0
7946,0
7947,0
7948,0
7949,0
7950,0
7951,0
7952,0
7953,0
7954,0
7955,0
7956,0
7957,0
7958,0
7959,0
7960,0
7961,0
7962,0
7963,0
7964,0
7965,0
7966,0
7967,0
7968,1022
7969,1022
7970,1022
7971,1022
7972,1022
7973,1022
7974,1022
7975,1022
7976,1022
7977,1022
7978,1022
7979,1022
7980,1022
7981,1022
7982,1022
7983,1022
7984,1022
7985,1022
7986,1022
7987,1022
7988,1022
7989,1022
7990,1022
7991,1022
7992,1022
7993,1021
7994,1022
7995,1021
7996,1022
7997,1022
7998,1022
7999,1022
8000,1022
8001,1022
8002,1022
8003,1022
8004,1022
8005,1022
8006,1022
8007,1022
8008,1021
8009,57
8010,0
8011,0
8012,0
8013,0
8014,0
8015,0
8016,0
8017,0
8018,0
8019,0
8020,0
8021,0
8022,0
8023,0
8024,0
8025,0
8026,0
8027,0
8028,0
8029,0
8030,0
8031,0
8032,0
8033,0
8034,0
8035,0
8036,0
8037,0
8038,0
8039,0
8040,0
8041,0
8042,0
8043,0
8044,0
8045,0
8046,0
8047,0
8048,0
8049,0
8050,0
8051,1022
8052,1022
8053,1022
8054,1022
8055,1022
8056,1022
8057,1021
8058,1022
8059,1021
8060,1021
8061,1022
8062,1022
8063,1022
8064,1022
8065,1022
8066,1022
8067,1022
8068,1022
8069,1022
8070,1022
8071,1022
8072,1022
8073,1022
8074,1022
8075,1022
8076,1022
8077,1022
8078,1022
8079,1022
8080,1022
8081,1022
8082,1022
8083,1022
8084,1022
8085,1022
8086,1022
8087,1022
8088,1022
8089,1022
8090,1022
8091,0
8092,0
8093,0
8094,0
8095,0
8096,0
8097,0
8098,0
8099,0
8100,0
8101,0
8102,0
8103,0
8104,0
8105,0
8106,0
8107,0
8108,0
8109,0
8110,0
8111,0
8112,0
8113,0
8114,0
8115,0
8116,0
8117,0
8118,0
8119,0
8120,0
8121,0
8122,0
8123,0
8124,0
8125,0
8126,0
8127,0
8128,0
8129,0
8130,0
8131,0
8132,0
8133,0
8134,1022
8135,1021
8136,1022
8137,1021
8138,1021
8139,1021
8140,1021
8141,1022
8142,1021
8143,1021
8144,1022
8145,1022
8146,1022
8147,1022
8148,1021
8149,1022
8150,1022
8151,1022
8152,1022
8153,1022
8154,1022
8155,1022
8156,1022
8157,1022
8158,1022
8159,1022
8160,1022
8161,1022
8162,1021
8163,1022
8164,1022
8165,1022
8166,1022
8167,1022
8168,1022
8169,1022
8170,1022
8171,1022
8172,1022
8173,1022
8174,0
8175,56
8176,0
8177,0
8178,0
8179,0
8180,0
8181,0
8182,0
8183,0
8184,0
8185,0
8186,0
8187,0
8188,0
8189,0
8190,0
8191,0
8192,0
8193,0
8194,0
8195,0
8196,0
8197,0
8198,0
8199,0
8200,0
8201,0
8202,0
8203,0
8204,0
8205,0
8206,0
8207,0
8208,0
8209,0
8210,0
8211,0
8212,0
8213,0
8214,0
8215,0
8216,0
8217,1022
8218,1022
8219,1022
8220,1021
8221,1021
8222,1021
8223,1021
8224,1022
8225,1021
8226,1022
8227,1022
8228,1022
8229,1022
8230,1022
8231,1022
8232,1022
8233,1022
8234,1022
8235,1022
8236,1021
8237,1022
8238,1022
8239,1022
8240,1022
8241,1021
8242,1022
8243,1022
8244,1022
8245,1022
8246,1022
8247,1022
8248,1022
8249,1022
8250,1022
8251,1022
8252,1022
8253,1022
8254,1022
8255,1022
8256,1022
8257,1022
8258,80
8259,0
8260,0
8261,0
8262,0
8263,0
8264,0
8265,0
8266,0
8267,0
8268,0
8269,0
8270,0
8271,0
8272,0
8273,0
8274,0
8275,0
8276,0
8277,0
8278,0
8279,0
8280,0
8281,0
8282,0
8283,0
8284,0
8285,0
8286,0
8287,0
8288,0
8289,0
8290,0
8291,0
8292,0
8293,0
8294,0
8295,0
8296,0
8297,0
8298,0
8299,0
8300,1022
8301,1022
8302,1022
8303,1022
8304,1022
8305,1021
8306,1022
8307,1022
8308,1022
8309,1023
8310,1022
8311,1022
8312,1022
8313,1021
8314,1022
8315,1022
8316,1022
8317,1021
8318,1022
8319,1022
8320,1021
8321,1021
8322,1022
8323,1022
8324,1022
8325,1022
8326,1022
8327,1022
8328,1022
8329,1022
8330,1022
8331,1022
8332,1022
8333,1022
8334,1022
8335,1022
8336,1022
8337,1022
8338,1021
8339,1022
8340,1022
8341,56
8342,0
8343,0
8344,0
8345,0
8346,0
8347,0
8348,0
8349,0
8350,0
8351,0
8352,0
8353,0
8354,0
8355,0
8356,0
8357,0
8358,0
8359,0
8360,0
8361,0
8362,0
8363,0
8364,0
8365,0
8366,0
8367,0
8368,0
8369,0
8370,0
8371,0
8372,0
8373,0
8374,0
8375,0
8376,0
8377,0
8378,0
8379,0
8380,0
8381,0
8382,0
8383,1022
8384,1021
8385,1022
8386,1022
8387,1022
8388,1022
8389,1022
8390,1021
8391,1022
8392,1022
8393,1022
8394,1022
8395,1022
8396,1022
8397,1022
8398,1022
8399,1022
8400,1022
8401,1022
8402,1022
8403,1022
8404,1022
8405,1022
8406,1022
8407,1022
8408,1022
8409,1022
8410,1022
8411,1022
8412,1022
8413,1022
8414,1022
8415,1022
8416,1022
8417,1022
8418,1022
8419,1022
8420,1022
8421,1021
8422,1021
8423,1021
8424,81
8425,0
8426,0
8427,0
8428,0
8429,0
8430,0
8431,0
8432,0
8433,0
8434,0
8435,0
8436,0
8437,0
8438,0
8439,0
8440,0
8441,0
8442,0
8443,0
8444,0
8445,0
8446,0
8447,0
8448,0
8449,0
8450,0
8451,0
8452,0
8453,0
8454,0
8455,0
8456,0
8457,0
8458,0
8459,0
8460,0
8461,0
8462,0
8463,0
8464,0
8465,0
8466,1021
8467,1022
8468,1021
8469,1021
8470,1022
8471,1022
8472,1022
8473,1022
8474,1022
8475,1022
8476,1022
8477,1022
8478,1022
8479,1022
8480,1022
8481,1022
8482,1022
8483,1022
8484,1022
8485,1022
8486,1022
8487,1022
8488,1022
8489,1022
8490,1022
8491,1022
8492,1022
8493,1022
8494,1022
8495,1022
8496,1021
8497,1022
8498,1022
8499,1022
8500,1021
8501,1022
8502,1021
8503,1021
8504,1023
8505,56
8506,0
8507,0
8508,0
8509,0
8510,0
8511,0
8512,0
8513,0
8514,0
8515,0
8516,0
8517,0
8518,0
8519,0
8520,0
8521,0
8522,0
8523,0
8524,0
8525,0
8526,0
8527,0
8528,0
8529,0
8530,0
8531,0
8532,0
8533,0
8534,0
8535,0
8536,0
8537,0
8538,0
8539,0
8540,0
8541,0
8542,0
8543,0
8544,0
8545,0
8546,0
8547,1021
8548,0
8549,1022
8550,1022
8551,1021
8552,1022
8553,1022
8554,1022
8555,1022
8556,1022
8557,1022
8558,1022
8559,1021
8560,1022
8561,1021
8562,1022
8563,1022
8564,1022
8565,1022
8566,1021
8567,1022
8568,1022
8569,1021
8570,1022
8571,1022
8572,1021
8573,1023
8574,1022
8575,1022
8576,1022
8577,1022
8578,1022
8579,1022
8580,1022
8581,1022
8582,1022
8583,1021
8584,1022
8585,1022
8586,1022
8587,1022
8588,1022
8589,1022
8590,0
8591,0
8592,0
8593,0
8594,0
8595,0
8596,0
8597,0
8598,0
8599,0
8600,0
8601,0
8602,0
8603,0
8604,0
8605,0
8606,0
8607,0
8608,0
8609,0
8610,0
8611,0
8612,0
8613,0
8614,0
8615,0
8616,0
8617,0
8618,0
8619,0
8620,0
8621,0
8622,0
8623,0
8624,0
8625,0
8626,0
8627,0
8628,0
8629,0
8630,0
8631,0
8632,1022
8633,1022
8634,1022
8635,1021
8636,1022
8637,1022
8638,1022
8639,1022
8640,1022
8641,1022
8642,1022
8643,1022
8644,1022
8645,1022
8646,1022
8647,1022
8648,1022
8649,1022
8650,1022
8651,1022
8652,1021
8653,1021
8654,1021
8655,1022
8656,1021
8657,1021
8658,1022
8659,1021
8660,1022
8661,1022
8662,1022
8663,1022
8664,1022
8665,1022
8666,1022
8667,1022
8668,1022
8669,1022
8670,1022
8671,56
8672,0
8673,81
8674,0
8675,0
8676,0
8677,0
8678,0
8679,0
8680,0
8681,0
8682,0
8683,0
8684,0
8685,0
8686,0
8687,0
8688,0
8689,0
8690,0
8691,0
8692,0
8693,0
8694,0
8695,0
8696,0
8697,0
8698,0
8699,0
8700,0
8701,0
8702,0
8703,0
8704,0
8705,0
8706,0
8707,0
8708,0
8709,0
8710,0
8711,0
8712,0
8713,0
8714,0
8715,1022
8716,1022
8717,1021
8718,1022
8719,1022
8720,1022
8721,1022
8722,1022
8723,1022
8724,1022
8725,1022
8726,1022
8727,1022
8728,1022
8729,1021
8730,1021
8731,1022
8732,1021
8733,1022
8734,1021
8735,1021
8736,1022
8737,1022
8738,1021
8739,1022
8740,1022
8741,1022
8742,1022
8743,1022
8744,1022
8745,1022
8746,1022
8747,1022
8748,1022
8749,1022
8750,1022
8751,1022
8752,1022
8753,1022
8754,56
8755,0
8756,56
8757,0
8758,0
8759,0
8760,0
8761,0
8762,0
8763,0
8764,0
8765,0
8766,0
8767,0
8768,0
8769,0
8770,0
8771,0
8772,0
8773,0
8774,0
8775,0
8776,0
8777,0
8778,0
8779,0
8780,0
8781,0
8782,0
8783,0
8784,0
8785,0
8786,0
8787,0
8788,0
8789,0
8790,0
8791,0
8792,0
8793,0
8794,0
8795,0
8796,0
8797,0
8798,1022
8799,1022
8800,1021
8801,1022
8802,1022
8803,1022
8804,1022
8805,1022
8806,1022
8807,1022
8808,1022
8809,1021
8810,1022
8811,1022
8812,1022
8813,1021
8814,1022
8815,1022
8816,1022
8817,1022
8818,1022
8819,1022
8820,1022
8821,1022
8822,1022
8823,1022
8824,1022
8825,1022
8826,1022
8827,1021
8828,1021
8829,1022
8830,1022
8831,1022
8832,1022
8833,1022
8834,1021
8835,1022
8836,1022
8837,80
8838,1022
8839,0
8840,0
8841,0
8842,0
8843,0
8844,0
8845,0
8846,0
8847,0
8848,0
8849,0
8850,0
8851,0
8852,0
8853,0
8854,0
8855,0
8856,0
8857,0
8858,0
8859,0
8860,0
8861,0
8862,0
8863,0
8864,0
8865,0
8866,0
8867,0
8868,0
8869,0
8870,0
8871,0
8872,0
8873,0
8874,0
8875,0
8876,0
8877,0
8878,0
8879,1022
8880,1022
8881,1022
8882,1022
8883,1021
8884,1022
8885,1022
8886,1022
8887,1022
8888,1022
8889,1022
8890,1022
8891,1022
8892,1022
8893,1022
8894,1021
8895,1021
8896,1022
8897,1022
8898,1022
8899,1022
8900,1022
8901,1022
8902,1022
8903,1022
8904,1022
8905,1022
8906,1022
8907,1021
8908,1022
8909,1021
8910,1022
8911,1022
8912,1022
8913,1022
8914,1022
8915,1022
8916,1022
8917,1022
8918,1022
8919,1022
8920,1022
8921,1022
8922,80
8923,0
8924,0
8925,0
8926,0
8927,0
8928,0
8929,0
8930,0
8931,0
8932,0
8933,0
8934,0
8935,0
8936,0
8937,0
8938,0
8939,0
8940,0
8941,0
8942,0
8943,0
8944,0
8945,0
8946,0
8947,0
8948,0
8949,0
8950,0
8951,0
8952,0
8953,0
8954,0
8955,0
8956,0
8957,0
8958,0
8959,0
8960,1021
8961,0
8962,0
8963,1022
8964,1021
8965,1022
8966,1022
8967,1022
8968,1021
8969,1022
8970,1021
8971,1022
8972,1022
8973,1021
8974,1022
8975,1022
8976,1022
8977,1021
8978,1022
8979,1021
8980,1022
8981,1022
8982,1021
8983,1022
8984,1021
8985,1022
8986,1022
8987,1022
8988,1022
8989,1022
8990,1022
8991,1022
8992,1022
8993,1022
8994,1022
8995,1022
8996,1022
8997,1022
8998,1021
8999,1022
9000,1022
9001,1022
9002,1021
9003,0
9004,1022
9005,81
9006,0
9007,0
9008,0
9009,0
9010,0
9011,0
9012,0
9013,0
9014,0
9015,0
9016,0
9017,0
9018,0
9019,0
9020,0
9021,0
9022,0
9023,0
9024,0
9025,0
9026,0
9027,0
9028,0
9029,0
9030,0
9031,0
9032,0
9033,0
9034,0
9035,0
9036,0
9037,0
9038,0
9039,0
9040,0
9041,0
9042,0
9043,0
9044,0
9045,0
9046,1022
9047,1022
9048,1021
9049,1022
9050,1022
9051,1022
9052,1022
9053,1023
9054,1022
9055,1022
9056,1022
9057,1021
9058,1021
9059,1022
9060,1021
9061,1021
9062,1021
9063,1022
9064,1022
9065,1021
9066,1022
9067,1022
9068,1022
9069,1022
9070,1022
9071,1022
9072,1022
9073,1022
9074,1022
9075,1022
9076,1022
9077,1022
9078,1022
9079,1021
9080,1022
9081,1022
9082,1022
9083,1022
9084,1022
9085,1022
9086,1022
9087,0
9088,0
9089,0
9090,0
9091,0
9092,0
9093,0
9094,0
9095,0
9096,0
9097,0
9098,0
9099,0
9100,0
9101,0
9102,0
9103,0
9104,0
9105,0
9106,0
9107,0
9108,0
9109,0
9110,0
9111,0
9112,0
9113,0
9114,0
9115,0
9116,0
9117,0
9118,0
9119,0
9120,0
9121,0
9122,0
9123,0
9124,0
9125,0
9126,0
9127,0
9128,0
9129,0
9130,1022
9131,1022
9132,1022
9133,1022
9134,1022
9135,1021
9136,1022
9137,1022
9138,1022
9139,1022
9140,1022
9141,1022
9142,1022
9143,1022
9144,1022
9145,1022
9146,1022
9147,1022
9148,1022
9149,1022
9150,1022
9151,1021
9152,1022
9153,1023
9154,1022
9155,1022
9156,1022
9157,1022
9158,1022
9159,1021
9160,1022
9161,1022
9162,1022
9163,1022
9164,1022
9165,1022
9166,1022
9167,1022
9168,1022
9169,1022
9170,0
9171,0
9172,0
9173,0
9174,0
9175,0
9176,0
9177,0
9178,0
9179,0
9180,0
9181,0
9182,0
9183,0
9184,0
9185,0
9186,0
9187,0
9188,0
9189,0
9190,0
9191,0
9192,0
9193,0
9194,0
9195,0
9196,0
9197,0
9198,0
9199,0
9200,0
9201,0
9202,0
9203,0
9204,0
9205,0
9206,0
9207,0
9208,0
9209,0
9210,0
9211,0
9212,0
9213,1022
9214,1021
9215,1021
9216,1022
9217,1021
9218,1022
9219,1022
9220,1022
9221,1022
9222,1022
9223,1022
9224,1022
9225,1022
9226,1022
9227,1022
9228,1022
9229,1022
9230,1022
9231,1022
9232,1022
9233,1021
9234,1022
9235,1022
9236,1022
9237,1022
9238,1022
9239,1022
9240,1022
9241,1022
9242,1022
9243,1022
9244,1022
9245,1022
9246,1022
9247,1022
9248,1022
9249,1022
9250,1022
9251,1022
9252,1022
9253,1022
9254,0
9255,0
9256,0
9257,0
9258,0
9259,0
9260,0
9261,0
9262,0
9263,0
9264,0
9265,0
9266,0
9267,0
9268,0
9269,0
9270,0
9271,0
9272,0
9273,0
9274,0
9275,0
9276,0
9277,0
9278,0
9279,0
9280,0
9281,0
9282,0
9283,0
9284,0
9285,0
9286,0
9287,0
9288,0
9289,0
9290,0
9291,0
9292,0
9293,0
9294,0
9295,0
9296,1021
9297,1022
9298,1022
9299,1022
9300,1022
9301,1022
9302,1022
9303,1022
9304,1022
9305,1022
9306,1022
9307,1021
9308,1022
9309,1022
9310,1022
9311,1022
9312,1022
9313,1022
9314,1022
9315,1022
9316,1022
9317,1021
9318,1022
9319,1022
9320,1022
9321,1022
9322,1022
9323,1022
9324,1022
9325,1022
9326,1022
9327,1022
9328,1022
9329,1022
9330,1022
9331,1021
9332,1022
9333,1022
9334,1022
9335,80
9336,0
9337,56
9338,0
9339,0
9340,0
9341,0
9342,0
9343,0
9344,0
9345,0
9346,0
9347,0
9348,0
9349,0
9350,0
9351,0
9352,0
9353,0
9354,0
9355,0
9356,0
9357,0
9358,0
9359,0
9360,0
9361,0
9362,0
9363,0
9364,0
9365,0
9366,0
9367,0
9368,0
9369,0
9370,0
9371,0
9372,0
9373,0
9374,0
9375,0
9376,0
9377,0
9378,0
9379,1022
9380,1022
9381,1022
9382,1022
9383,1022
9384,1022
9385,1022
9386,1022
9387,1022
9388,1022
9389,1022
9390,1022
9391,1022
9392,1022
9393,1022
9394,1022
9395,1022
9396,1022
9397,1022
9398,1022
9399,1022
9400,1022
9401,1022
9402,1022
9403,1022
9404,1023
9405,1022
9406,1022
9407,1022
9408,1022
9409,1022
9410,1022
9411,1022
9412,1022
9413,1022
9414,1022
9415,1022
9416,1022
9417,1021
9418,81
9419,0
9420,55
9421,0
9422,0
9423,0
9424,0
9425,0
9426,0
9427,0
9428,0
9429,0
9430,0
9431,0
9432,0
9433,0
9434,0
9435,0
9436,0
9437,0
9438,0
9439,0
9440,0
9441,0
9442,0
9443,0
9444,0
9445,0
9446,0
9447,0
9448,0
9449,0
9450,0
9451,0
9452,0
9453,0
9454,0
9455,0
9456,0
9457,0
9458,0
9459,0
9460,0
9461,0
9462,1021
9463,1022
9464,1022
9465,1021
9466,1022
9467,1022
9468,1022
9469,1022
9470,1022
9471,1022
9472,1022
9473,1022
9474,1022
9475,1022
9476,1022
9477,1022
9478,1022
9479,1022
9480,1022
9481,1022
9482,1022
9483,1022
9484,1022
9485,1021
9486,1022
9487,1022
9488,1022
9489,1022
9490,1021
9491,1022
9492,1021
9493,1022
9494,1021
9495,1022
9496,1021
9497,1022
9498,1021
9499,1021
9500,1022
9501,1022
9502,0
9503,55
9504,0
9505,0
9506,0
9507,0
9508,0
9509,0
9510,0
9511,0
9512,0
9513,0
9514,0
9515,0
9516,0
9517,0
9518,0
9519,0
9520,0
9521,0
9522,0
9523,0
9524,0
9525,0
9526,0
9527,0
9528,0
9529,0
9530,0
9531,0
9532,0
9533,0
9534,0
9535,0
9536,0
9537,0
9538,0
9539,0
9540,0
9541,0
9542,0
9543,0
9544,0
9545,1022
9546,1022
9547,1022
9548,1022
9549,1022
9550,1022
9551,1022
9552,1022
9553,1022
9554,1022
9555,1022
9556,1022
9557,1022
9558,1022
9559,1022
9560,1022
9561,1022
9562,1022
9563,1022
9564,1022
9565,1022
9566,1022
9567,1021
9568,1021
9569,1022
9570,1021
9571,1022
9572,1021
9573,1022
9574,1022
9575,1022
9576,1022
9577,1022
9578,1022
9579,1022
9580,1022
9581,1022
9582,1022
9583,1022
9584,1022
9585,0
9586,81
9587,0
9588,0
9589,0
9590,0
9591,0
9592,0
9593,0
9594,0
9595,0
9596,0
9597,0
9598,0
9599,0
9600,0
9601,0
9602,0
9603,0
9604,0
9605,0
9606,0
9607,0
9608,0
9609,0
9610,0
9611,0
9612,0
9613,0
9614,0
9615,0
9616,0
9617,0
9618,0
9619,0
9620,0
9621,0
9622,0
9623,0
9624,0
9625,0
9626,0
9627,0
9628,1022
9629,1022
9630,1022
9631,1022
9632,1022
9633,1022
9634,1022
9635,1021
9636,1022
9637,1022
9638,1022
9639,1022
9640,1022
9641,1021
9642,1022
9643,1021
9644,1022
9645,1021
9646,1021
9647,1021
9648,1022
9649,1022
9650,1021
9651,1021
9652,1022
9653,1022
9654,1023
9655,1022
9656,1022
9657,1022
9658,1022
9659,1022
9660,1022
9661,1022
9662,1022
9663,1022
9664,1022
9665,1022
9666,1022
9667,57
9668,0
9669,0
9670,0
9671,0
9672,0
9673,0
9674,0
9675,0
9676,0
9677,0
9678,0
9679,0
9680,0
9681,0
9682,0
9683,0
9684,0
9685,0
9686,0
9687,0
9688,0
9689,0
9690,0
9691,0
9692,0
9693,0
9694,0
9695,0
9696,0
9697,0
9698,0
9699,0
9700,0
9701,0
9702,0
9703,0
9704,0
9705,0
9706,0
9707,0
9708,0
9709,0
9710,0
9711,1022
9712,1022
9713,1022
9714,1022
9715,1021
9716,1022
9717,1022
9718,1022
9719,1022
9720,1022
9721,1022
9722,1022
9723,1022
9724,1022
9725,1022
9726,1022
9727,1022
9728,1022
9729,1021
9730,1022
9731,1022
9732,1022
9733,1022
9734,1022
9735,1022
9736,1022
9737,1022
9738,1022
9739,1022
9740,1022
9741,1022
9742,1022
9743,1022
9744,1021
9745,1022
9746,1022
9747,1022
9748,1022
9749,1022
9750,1021
9751,0
9752,55
9753,0
9754,0
9755,0
9756,0
9757,0
9758,0
9759,0
9760,0
9761,0
9762,0
9763,0
9764,0
9765,0
9766,0
9767,0
9768,0
9769,0
9770,0
9771,0
9772,0
9773,0
9774,0
9775,0
9776,0
9777,0
9778,0
9779,0
9780,0
9781,0
9782,0
9783,0
9784,0
9785,0
9786,0
9787,0
9788,0
9789,0
9790,0
9791,0
9792,0
9793,0
9794,1022
9795,1022
9796,1022
9797,1022
9798,1022
9799,1022
9800,1022
9801,1022
9802,1022
9803,1022
9804,1022
9805,1022
9806,1022
9807,1022
9808,1022
9809,1022
9810,1022
9811,1022
9812,1022
9813,1022
9814,1022
9815,1022
9816,1022
9817,1022
9818,1022
9819,1022
9820,1022
9821,1022
9822,1022
9823,1022
9824,1022
9825,1022
9826,1023
9827,1022
9828,1022
9829,1022
9830,1022
9831,1022
9832,1022
9833,1022
9834,0
9835,56
9836,0
9837,0
9838,0
9839,0
9840,0
9841,0
9842,0
9843,0
9844,0
9845,0
9846,0
9847,0
9848,0
9849,0
9850,0
9851,0
9852,0
9853,0
9854,0
9855,0
9856,0
9857,0
9858,0
9859,0
9860,0
9861,0
9862,0
9863,0
9864,0
9865,0
9866,0
9867,0
9868,0
9869,0
9870,0
9871,0
9872,0
9873,0
9874,0
9875,0
9876,0
9877,1022
9878,1022
9879,1022
9880,1022
9881,1022
9882,1022
9883,1022
9884,1022
9885,1022
9886,1022
9887,1022
9888,1022
9889,1022
9890,1022
9891,1022
9892,1022
9893,1022
9894,1022
9895,1022
9896,1022
9897,1022
9898,1022
9899,1022
9900,1021
9901,1022
9902,1022
9903,1023
9904,1022
9905,1022
9906,1021
9907,1022
9908,1022
9909,1022
9910,1022
9911,1021
9912,1021
9913,1022
9914,1022
9915,1023
9916,55
9917,0
9918,55
9919,0
9920,0
9921,0
9922,0
9923,0
9924,0
9925,0
9926,0
9927,0
9928,0
9929,0
9930,0
9931,0
9932,0
9933,0
9934,0
9935,0
9936,0
9937,0
9938,0
9939,0
9940,0
9941,0
9942,0
9943,0
9944,0
9945,0
9946,0
9947,0
9948,0
9949,0
9950,0
9951,0
9952,0
9953,0
9954,0
9955,0
9956,0
9957,0
9958,0
9959,0
9960,1022
9961,1022
9962,1022
9963,1022
9964,1022
9965,1022
9966,1022
9967,1022
9968,1022
9969,1022
9970,1022
9971,1022
9972,1022
9973,1022
9974,1021
9975,1021
9976,1022
9977,1022
9978,1022
9979,1022
9980,1022
9981,1022
9982,1022
9983,1022
9984,1022
9985,1022
9986,1022
9987,1022
9988,1022
9989,1022
9990,1022
9991,1022
9992,1022
9993,1021
9994,1022
9995,1022
9996,1022
9997,1022
9998,1022
9999,80
10000,0
