1,0
2,0
3,0
4,0
5,0
6,0
7,0
8,1022
9,1022
10,1022
11,1022
12,1022
13,1022
14,1022
15,1022
16,1023
17,1022
18,1022
19,1022
20,0
21,0
22,0
23,0
24,0
25,0
26,0
27,0
28,0
29,0
30,0
31,0
32,1022
33,1022
34,1022
35,1022
36,1022
37,1021
38,1021
39,1021
40,1021
41,1021
42,1021
43,1022
44,0
45,0
46,0
47,0
48,0
49,0
50,0
51,0
52,0
53,0
54,0
55,0
56,1021
57,1022
58,1022
59,1022
60,1022
61,1022
62,1022
63,1022
64,1022
65,1022
66,1022
67,1021
68,0
69,0
70,0
71,0
72,0
73,0
74,0
75,0
76,0
77,0
78,0
79,0
80,1021
81,1022
82,1022
83,1022
84,1022
85,1022
86,1022
87,1022
88,1022
89,1022
90,1022
91,1022
92,0
93,0
94,0
95,0
96,0
97,0
98,0
99,0
100,0
101,0
102,0
103,0
104,1022
105,1022
106,1022
107,1022
108,1022
109,1022
110,1022
111,1022
112,1022
113,1022
114,1022
115,1022
116,0
117,0
118,0
119,0
120,0
121,0
122,0
123,0
124,0
125,0
126,0
127,0
128,1022
129,1022
130,1022
131,1022
132,1022
133,1022
134,1022
135,1022
136,1022
137,1022
138,1021
139,1022
140,0
141,0
142,0
143,0
144,0
145,0
146,0
147,0
148,0
149,0
150,0
151,0
152,1022
153,1022
154,1022
155,1022
156,1022
157,1022
158,1021
159,1022
160,1022
161,1022
162,1022
163,1021
164,0
165,0
166,0
167,0
168,0
169,0
170,0
171,0
172,0
173,0
174,0
175,0
176,1022
177,1022
178,1022
179,1022
180,1022
181,1022
182,1022
183,1022
184,1022
185,1022
186,1022
187,1022
188,0
189,0
190,0
191,0
192,0
193,0
194,0
195,0
196,0
197,0
198,0
199,0
200,1022
201,1022
202,1022
203,1022
204,1022
205,1022
206,1022
207,1022
208,1022
209,1022
210,1022
211,1022
212,0
213,0
214,0
215,0
216,0
217,0
218,0
219,0
220,0
221,0
222,0
223,0
224,1022
225,1022
226,1022
227,1022
228,1022
229,1022
230,1022
231,1022
232,1022
233,1022
234,1022
235,1022
236,0
237,0
238,0
239,0
240,0
241,0
242,0
243,0
244,0
245,0
246,0
247,0
248,1021
249,1022
250,1022
251,1022
252,1022
253,1022
254,1022
255,1022
256,1022
257,1022
258,1022
259,1022
260,0
261,0
262,0
263,0
264,0
265,0
266,0
267,0
268,0
269,0
270,0
271,0
272,1022
273,1021
274,1022
275,1022
276,1021
277,1022
278,1021
279,1022
280,1022
281,1022
282,1022
283,1022
284,0
285,0
286,0
287,0
288,0
289,0
290,0
291,0
292,0
293,0
294,0
295,0
296,1022
297,1022
298,1022
299,1021
300,1022
301,1022
302,1022
303,1022
304,1022
305,1022
306,1022
307,1022
308,0
309,0
310,0
311,0
312,0
313,0
314,0
315,0
316,0
317,0
318,0
319,0
320,1021
321,1022
322,1022
323,1022
324,1022
325,1022
326,1022
327,1022
328,1022
329,1022
330,1022
331,1022
332,0
333,0
334,0
335,0
336,0
337,0
338,0
339,0
340,0
341,0
342,0
343,0
344,1021
345,1022
346,1021
347,1021
348,1021
349,1022
350,1021
351,1022
352,1022
353,1022
354,1022
355,1021
356,0
357,0
358,0
359,0
360,0
361,0
362,0
363,0
364,0
365,0
366,0
367,0
368,1021
369,1022
370,1022
371,1022
372,1022
373,1022
374,1022
375,1022
376,1022
377,1022
378,1022
379,1022
380,0
381,0
382,0
383,0
384,0
385,0
386,0
387,0
388,0
389,0
390,0
391,0
392,1021
393,1022
394,1022
395,1022
396,1022
397,1022
398,1022
399,1022
400,1022
401,1022
402,1022
403,1022
404,0
405,0
406,0
407,0
408,0
409,0
410,0
411,0
412,0
413,0
414,0
415,0
416,1022
417,1022
418,1021
419,1022
420,1021
421,1023
422,1021
423,1022
424,1022
425,1021
426,1021
427,1022
428,0
429,0
430,0
431,0
432,0
433,0
434,0
435,0
436,0
437,0
438,0
439,0
440,1022
441,1022
442,1022
443,1022
444,1022
445,1022
446,1022
447,1022
448,1022
449,1022
450,1022
451,1022
452,0
453,0
454,0
455,0
456,0
457,0
458,0
459,0
460,0
461,0
462,0
463,0
464,1021
465,1022
466,1022
467,1022
468,1022
469,1022
470,1022
471,1022
472,1022
473,1022
474,1022
475,1022
476,0
477,0
478,0
479,0
480,0
481,0
482,0
483,0
484,0
485,0
486,0
487,0
488,1022
489,1022
490,1022
491,1022
492,1022
493,1022
494,1022
495,1022
496,1022
497,1022
498,1022
499,1022
500,0
501,0
502,0
503,0
504,0
505,0
506,0
507,0
508,0
509,0
510,0
511,0
512,1022
513,1022
514,1022
515,1022
516,1022
517,1022
518,1022
519,1022
520,1022
521,1022
522,1022
523,1022
524,0
525,0
526,0
527,0
528,0
529,0
530,0
531,0
532,0
533,0
534,0
535,0
536,1022
537,1022
538,1022
539,1022
540,1022
541,1022
542,1022
543,1022
544,1022
545,1022
546,1022
547,1022
548,0
549,0
550,0
551,0
552,0
553,0
554,0
555,0
556,0
557,0
558,0
559,0
560,1022
561,1022
562,1022
563,1021
564,1022
565,1022
566,1022
567,1022
568,1022
569,1022
570,1022
571,1022
572,0
573,0
574,0
575,0
576,0
577,0
578,0
579,0
580,0
581,0
582,0
583,0
584,1022
585,1022
586,1022
587,1022
588,1022
589,1022
590,1022
591,1022
592,1021
593,1022
594,1022
595,1022
596,0
597,0
598,0
599,0
600,0
601,0
602,0
603,0
604,0
605,0
606,0
607,0
608,1022
609,1022
610,1022
611,1022
612,1021
613,1022
614,1022
615,1022
616,1022
617,1022
618,1022
619,1022
620,0
621,0
622,0
623,0
624,0
625,0
626,0
627,0
628,0
629,0
630,0
631,0
632,1022
633,1022
634,1022
635,1022
636,1022
637,1022
638,1022
639,1022
640,1021
641,1022
642,1022
643,1022
644,0
645,0
646,0
647,0
648,0
649,0
650,0
651,0
652,0
653,0
654,0
655,0
656,1022
657,1022
658,1022
659,1022
660,1022
661,1022
662,1022
663,1022
664,1022
665,1022
666,1022
667,1022
668,0
669,0
670,0
671,0
672,0
673,0
674,0
675,0
676,0
677,0
678,0
679,0
680,1022
681,1022
682,1022
683,1022
684,1022
685,1022
686,1022
687,1022
688,1022
689,1022
690,1022
691,1021
692,0
693,0
694,0
695,0
696,0
697,0
698,0
699,0
700,0
701,0
702,0
703,0
704,1022
705,1022
706,1022
707,1022
708,1022
709,1022
710,1022
711,1022
712,1021
713,1022
714,1022
715,1022
716,0
717,0
718,0
719,0
720,0
721,0
722,0
723,0
724,0
725,0
726,0
727,0
728,1021
729,1022
730,1021
731,1021
732,1021
733,1022
734,1022
735,1022
736,1022
737,1022
738,1022
739,1022
740,0
741,0
742,0
743,0
744,0
745,0
746,0
747,0
748,0
749,0
750,0
751,0
752,1022
753,1022
754,1022
755,1022
756,1022
757,1022
758,1022
759,1022
760,1022
761,1022
762,1022
763,1022
764,0
765,0
766,0
767,0
768,0
769,0
770,0
771,0
772,0
773,0
774,0
775,0
776,1021
777,1022
778,1022
779,1022
780,1022
781,1022
782,1022
783,1022
784,1022
785,1022
786,1022
787,1022
788,0
789,0
790,0
791,0
792,0
793,0
794,0
795,0
796,0
797,0
798,0
799,0
800,1022
801,1022
802,1022
803,1022
804,1022
805,1022
806,1022
807,1022
808,1022
809,1022
810,1022
811,1022
812,0
813,0
814,0
815,0
816,0
817,0
818,0
819,0
820,0
821,0
822,0
823,0
824,1022
825,1022
826,1022
827,1022
828,1022
829,1022
830,1022
831,1022
832,1022
833,1022
834,1022
835,1022
836,0
837,0
838,0
839,0
840,0
841,0
842,0
843,0
844,0
845,0
846,0
847,0
848,1022
849,1022
850,1021
851,1022
852,1022
853,1022
854,1022
855,1021
856,1022
857,1022
858,1022
859,1022
860,0
861,0
862,0
863,0
864,0
865,0
866,0
867,0
868,0
869,0
870,0
871,0
872,1022
873,1022
874,1022
875,1022
876,1022
877,1022
878,1022
879,1022
880,1022
881,1022
882,1022
883,1022
884,0
885,0
886,0
887,0
888,0
889,0
890,0
891,0
892,0
893,0
894,0
895,0
896,1021
897,1022
898,1022
899,1022
900,1022
901,1022
902,1022
903,1022
904,1022
905,1022
906,1022
907,1022
908,0
909,0
910,0
911,0
912,0
913,0
914,0
915,0
916,0
917,0
918,0
919,0
920,1022
921,1021
922,1022
923,1022
924,1022
925,1023
926,1022
927,1022
928,1022
929,1022
930,1022
931,1022
932,0
933,0
934,0
935,0
936,0
937,0
938,0
939,0
940,0
941,0
942,0
943,0
944,1022
945,1022
946,1022
947,1021
948,1021
949,1022
950,1022
951,1022
952,1022
953,1022
954,1022
955,1021
956,0
957,0
958,0
959,0
960,0
961,0
962,0
963,0
964,0
965,0
966,0
967,0
968,1022
969,1022
970,1022
971,1022
972,1022
973,1022
974,1022
975,1022
976,1022
977,1022
978,1021
979,1021
980,0
981,0
982,0
983,0
984,0
985,0
986,0
987,0
988,0
989,0
990,0
991,0
992,1021
993,1022
994,1022
995,1022
996,1022
997,1022
998,1022
999,1022
1000,1022
1001,1022
1002,1022
1003,1022
1004,0
1005,0
1006,0
1007,0
1008,0
1009,0
1010,0
1011,0
1012,0
1013,0
1014,0
1015,0
1016,1021
1017,1022
1018,1022
1019,1022
1020,1022
1021,1022
1022,1022
1023,1022
1024,1021
1025,1021
1026,1022
1027,1021
1028,0
1029,0
1030,0
1031,0
1032,0
1033,0
1034,0
1035,0
1036,0
1037,0
1038,0
1039,0
1040,1022
1041,1022
1042,1022
1043,1022
1044,1022
1045,1022
1046,1022
1047,1022
1048,1021
1049,1022
1050,1022
1051,1022
1052,0
1053,0
1054,0
1055,0
1056,0
1057,0
1058,0
1059,0
1060,0
1061,0
1062,0
1063,0
1064,1021
1065,1022
1066,1022
1067,1022
1068,1022
1069,1022
1070,1022
1071,1022
1072,1022
1073,1022
1074,1022
1075,1022
1076,0
1077,0
1078,0
1079,0
1080,0
1081,0
1082,0
1083,0
1084,0
1085,0
1086,0
1087,0
1088,1022
1089,1022
1090,1022
1091,1022
1092,1022
1093,1022
1094,1022
1095,1022
1096,1022
1097,1022
1098,1021
1099,1022
1100,0
1101,0
1102,0
1103,0
1104,0
1105,0
1106,0
1107,0
1108,0
1109,0
1110,0
1111,0
1112,1021
1113,1022
1114,1022
1115,1022
1116,1022
1117,1022
1118,1022
1119,1022
1120,1021
1121,1022
1122,1022
1123,1022
1124,0
1125,0
1126,0
1127,0
1128,0
1129,0
1130,0
1131,0
1132,0
1133,0
1134,0
1135,0
1136,1021
1137,1022
1138,1022
1139,1021
1140,1022
1141,1022
1142,1022
1143,1022
1144,1022
1145,1022
1146,1022
1147,1022
1148,0
1149,0
1150,0
1151,0
1152,0
1153,0
1154,0
1155,0
1156,0
1157,0
1158,0
1159,0
1160,1022
1161,1022
1162,1022
1163,1022
1164,1022
1165,1022
1166,1022
1167,1022
1168,1022
1169,1022
1170,1022
1171,1022
1172,0
1173,0
1174,0
1175,0
1176,0
1177,0
1178,0
1179,0
1180,0
1181,0
1182,0
1183,0
1184,1022
1185,1022
1186,1022
1187,1022
1188,1022
1189,1022
1190,1022
1191,1022
1192,1022
1193,1022
1194,1021
1195,1022
1196,0
1197,0
1198,0
1199,0
1200,0
1201,0
1202,0
1203,0
1204,0
1205,0
1206,0
1207,0
1208,1022
1209,1022
1210,1022
1211,1022
1212,1022
1213,1022
1214,1022
1215,1022
1216,1023
1217,1022
1218,1022
1219,1022
1220,0
1221,0
1222,0
1223,0
1224,0
1225,0
1226,0
1227,0
1228,0
1229,0
1230,0
1231,0
1232,1021
1233,1022
1234,1022
1235,1022
1236,1022
1237,1022
1238,1022
1239,1022
1240,1022
1241,1022
1242,1022
1243,1022
1244,0
1245,0
1246,0
1247,0
1248,0
1249,0
1250,0
1251,0
1252,0
1253,0
1254,0
1255,0
1256,1022
1257,1022
1258,1022
1259,1022
1260,1022
1261,1022
1262,1022
1263,1022
1264,1022
1265,1022
1266,1022
1267,1022
1268,0
1269,0
1270,0
1271,0
1272,0
1273,0
1274,0
1275,0
1276,0
1277,0
1278,0
1279,0
1280,1021
1281,1022
1282,1022
1283,1022
1284,1021
1285,1022
1286,1022
1287,1022
1288,1023
1289,1022
1290,1022
1291,1022
1292,0
1293,0
1294,0
1295,0
1296,0
1297,0
1298,0
1299,0
1300,0
1301,0
1302,0
1303,0
1304,1021
1305,1022
1306,1022
1307,1022
1308,1022
1309,1022
1310,1022
1311,1022
1312,1022
1313,1022
1314,1022
1315,1022
1316,0
1317,0
1318,0
1319,0
1320,0
1321,0
1322,0
1323,0
1324,0
1325,0
1326,0
1327,0
1328,1020
1329,1021
1330,1021
1331,1022
1332,1022
1333,1022
1334,1022
1335,1022
1336,1022
1337,1022
1338,1022
1339,1022
1340,0
1341,0
1342,0
1343,0
1344,0
1345,0
1346,0
1347,0
1348,0
1349,0
1350,0
1351,0
1352,1022
1353,1022
1354,1021
1355,1021
1356,1022
1357,1022
1358,1021
1359,1022
1360,1021
1361,1022
1362,1022
1363,1022
1364,0
1365,0
1366,0
1367,0
1368,0
1369,0
1370,0
1371,0
1372,0
1373,0
1374,0
1375,0
1376,1022
1377,1022
1378,1021
1379,1022
1380,1022
1381,1022
1382,1022
1383,1022
1384,1022
1385,1022
1386,1022
1387,1022
1388,0
1389,0
1390,0
1391,0
1392,0
1393,0
1394,0
1395,0
1396,0
1397,0
1398,0
1399,0
1400,1022
1401,1022
1402,1022
1403,1022
1404,1022
1405,1022
1406,1022
1407,1022
1408,1022
1409,1022
1410,1021
1411,1022
1412,0
1413,0
1414,0
1415,0
1416,0
1417,0
1418,0
1419,0
1420,0
1421,0
1422,0
1423,0
1424,1021
1425,1022
1426,1022
1427,1021
1428,1021
1429,1021
1430,1021
1431,1021
1432,1021
1433,1022
1434,1022
1435,1022
1436,0
1437,0
1438,0
1439,0
1440,0
1441,0
1442,0
1443,0
1444,0
1445,0
1446,0
1447,0
1448,1022
1449,1022
1450,1022
1451,1022
1452,1022
1453,1021
1454,1022
1455,1022
1456,1022
1457,1022
1458,1022
1459,1022
1460,0
1461,0
1462,0
1463,0
1464,0
1465,0
1466,0
1467,0
1468,0
1469,0
1470,0
1471,0
1472,1022
1473,1022
1474,1022
1475,1022
1476,1022
1477,1022
1478,1022
1479,1022
1480,1022
1481,1022
1482,1022
1483,1022
1484,0
1485,0
1486,0
1487,0
1488,0
1489,0
1490,0
1491,0
1492,0
1493,0
1494,0
1495,0
1496,1022
1497,1022
1498,1023
1499,1022
1500,1022
1501,1022
1502,1023
1503,1023
1504,1022
1505,1022
1506,1021
1507,1022
1508,0
1509,0
1510,0
1511,0
1512,0
1513,0
1514,0
1515,0
1516,0
1517,0
1518,0
1519,0
1520,1022
1521,1022
1522,1022
1523,1021
1524,1022
1525,1021
1526,1021
1527,1022
1528,1022
1529,1022
1530,1022
1531,1022
1532,0
1533,0
1534,0
1535,0
1536,0
1537,0
1538,0
1539,0
1540,0
1541,0
1542,0
1543,0
1544,1021
1545,1022
1546,1022
1547,1022
1548,1022
1549,1022
1550,1022
1551,1022
1552,1022
1553,1022
1554,1022
1555,1022
1556,0
1557,0
1558,0
1559,0
1560,0
1561,0
1562,0
1563,0
1564,0
1565,0
1566,0
1567,0
1568,1022
1569,1022
1570,1022
1571,1022
1572,1022
1573,1022
1574,1022
1575,1022
1576,1022
1577,1022
1578,1022
1579,1022
1580,0
1581,0
1582,0
1583,0
1584,0
1585,0
1586,0
1587,0
1588,0
1589,0
1590,0
1591,0
1592,1022
1593,1022
1594,1021
1595,1022
1596,1022
1597,1022
1598,1022
1599,1021
1600,1021
1601,1023
1602,1021
1603,1022
1604,0
1605,0
1606,0
1607,0
1608,0
1609,0
1610,0
1611,0
1612,0
1613,0
1614,0
1615,0
1616,1022
1617,1022
1618,1023
1619,1022
1620,1022
1621,1022
1622,1022
1623,1022
1624,1022
1625,1022
1626,1022
1627,1021
1628,0
1629,0
1630,0
1631,0
1632,0
1633,0
1634,0
1635,0
1636,0
1637,0
1638,0
1639,0
1640,1022
1641,1022
1642,1021
1643,1023
1644,1022
1645,1022
1646,1021
1647,1022
1648,1022
1649,1021
1650,1021
1651,1022
1652,0
1653,0
1654,0
1655,0
1656,0
1657,0
1658,0
1659,0
1660,0
1661,0
1662,0
1663,0
1664,1022
1665,1022
1666,1022
1667,1022
1668,1023
1669,1021
1670,1022
1671,1022
1672,1021
1673,1022
1674,1021
1675,1022
1676,0
1677,0
1678,0
1679,0
1680,0
1681,0
1682,0
1683,0
1684,0
1685,0
1686,0
1687,0
1688,1022
1689,1022
1690,1022
1691,1022
1692,1022
1693,1022
1694,1022
1695,1022
1696,1022
1697,1022
1698,1022
1699,1022
1700,0
1701,0
1702,0
1703,0
1704,0
1705,0
1706,0
1707,0
1708,0
1709,0
1710,0
1711,0
1712,1022
1713,1022
1714,1022
1715,1022
1716,1022
1717,1022
1718,1022
1719,1022
1720,1022
1721,1022
1722,1022
1723,1022
1724,0
1725,0
1726,0
1727,0
1728,0
1729,0
1730,0
1731,0
1732,0
1733,0
1734,0
1735,0
1736,1022
1737,1022
1738,1022
1739,1022
1740,1022
1741,1022
1742,1022
1743,1022
1744,1023
1745,1023
1746,1022
1747,1022
1748,0
1749,0
1750,0
1751,0
1752,0
1753,0
1754,0
1755,0
1756,0
1757,0
1758,0
1759,0
1760,1022
1761,1022
1762,1022
1763,1022
1764,1022
1765,1021
1766,1022
1767,1022
1768,1022
1769,1022
1770,1022
1771,1022
1772,0
1773,0
1774,0
1775,0
1776,0
1777,0
1778,0
1779,0
1780,0
1781,0
1782,0
1783,0
1784,1022
1785,1022
1786,1022
1787,1022
1788,1022
1789,1022
1790,1022
1791,1022
1792,1022
1793,1022
1794,1022
1795,1022
1796,0
1797,0
1798,0
1799,0
1800,0
1801,0
1802,0
1803,0
1804,0
1805,0
1806,0
1807,0
1808,1022
1809,1021
1810,1022
1811,1021
1812,1022
1813,1021
1814,1022
1815,1022
1816,1022
1817,1022
1818,1022
1819,1022
1820,0
1821,0
1822,0
1823,0
1824,0
1825,0
1826,0
1827,0
1828,0
1829,0
1830,0
1831,0
1832,1021
1833,1022
1834,1021
1835,1021
1836,1022
1837,1022
1838,1022
1839,1022
1840,1022
1841,1022
1842,1021
1843,1022
1844,0
1845,0
1846,0
1847,0
1848,0
1849,0
1850,0
1851,0
1852,0
1853,0
1854,0
1855,0
1856,1022
1857,1022
1858,1022
1859,1021
1860,1022
1861,1022
1862,1022
1863,1022
1864,1022
1865,1022
1866,1022
1867,1022
1868,0
1869,0
1870,0
1871,0
1872,0
1873,0
1874,0
1875,0
1876,0
1877,0
1878,0
1879,0
1880,1021
1881,1022
1882,1022
1883,1022
1884,1022
1885,1022
1886,1022
1887,1022
1888,1022
1889,1022
1890,1022
1891,1022
1892,0
1893,0
1894,0
1895,0
1896,0
1897,0
1898,0
1899,0
1900,0
1901,0
1902,0
1903,0
1904,1022
1905,1022
1906,1022
1907,1021
1908,1021
1909,1022
1910,1022
1911,1022
1912,1021
1913,1022
1914,1022
1915,1022
1916,0
1917,0
1918,0
1919,0
1920,0
1921,0
1922,0
1923,0
1924,0
1925,0
1926,0
1927,0
1928,1022
1929,1022
1930,1022
1931,1022
1932,1021
1933,1020
1934,1022
1935,1022
1936,1022
1937,1022
1938,1022
1939,1022
1940,0
1941,0
1942,0
1943,0
1944,0
1945,0
1946,0
1947,0
1948,0
1949,0
1950,0
1951,0
1952,1021
1953,1022
1954,1022
1955,1022
1956,1022
1957,1022
1958,1022
1959,1022
1960,1022
1961,1022
1962,1022
1963,1022
1964,0
1965,0
1966,0
1967,0
1968,0
1969,0
1970,0
1971,0
1972,0
1973,0
1974,0
1975,0
1976,1022
1977,1021
1978,1022
1979,1022
1980,1021
1981,1022
1982,1023
1983,1021
1984,1021
1985,1022
1986,1021
1987,1022
1988,0
1989,0
1990,0
1991,0
1992,0
1993,0
1994,0
1995,0
1996,0
1997,0
1998,0
1999,0
2000,1021
2001,1021
2002,1022
2003,1022
2004,1022
2005,1022
2006,1022
2007,1022
2008,1022
2009,1022
2010,1022
2011,1022
2012,0
2013,0
2014,0
2015,0
2016,0
2017,0
2018,0
2019,0
2020,0
2021,0
2022,0
2023,0
2024,1021
2025,1022
2026,1022
2027,1022
2028,1022
2029,1022
2030,1021
2031,1022
2032,1022
2033,1022
2034,1023
2035,1022
2036,0
2037,0
2038,0
2039,0
2040,0
2041,0
2042,0
2043,0
2044,0
2045,0
2046,0
2047,0
2048,1022
2049,1022
2050,1022
2051,1022
2052,1022
2053,1022
2054,1022
2055,1022
2056,1022
2057,1022
2058,1022
2059,1022
2060,0
2061,0
2062,0
2063,0
2064,0
2065,0
2066,0
2067,0
2068,0
2069,0
2070,0
2071,0
2072,1021
2073,1022
2074,1022
2075,1022
2076,1022
2077,1022
2078,1022
2079,1022
2080,1022
2081,1022
2082,1022
2083,1022
2084,0
2085,0
2086,0
2087,0
2088,0
2089,0
2090,0
2091,0
2092,0
2093,0
2094,0
2095,0
2096,1022
2097,1021
2098,1022
2099,1022
2100,1022
2101,1022
2102,1022
2103,1022
2104,1022
2105,1021
2106,1022
2107,1022
2108,0
2109,0
2110,0
2111,0
2112,0
2113,0
2114,0
2115,0
2116,0
2117,0
2118,0
2119,0
2120,1022
2121,1022
2122,1022
2123,1022
2124,1022
2125,1022
2126,1022
2127,1022
2128,1022
2129,1022
2130,1022
2131,1022
2132,0
2133,0
2134,0
2135,0
2136,0
2137,0
2138,0
2139,0
2140,0
2141,0
2142,0
2143,0
2144,1022
2145,1022
2146,1022
2147,1022
2148,1022
2149,1022
2150,1022
2151,1022
2152,1022
2153,1022
2154,1022
2155,1022
2156,0
2157,0
2158,0
2159,0
2160,0
2161,0
2162,0
2163,0
2164,0
2165,0
2166,0
2167,0
2168,1022
2169,1022
2170,1022
2171,1022
2172,1022
2173,1021
2174,1022
2175,1022
2176,1022
2177,1022
2178,1022
2179,1022
2180,0
2181,0
2182,0
2183,0
2184,0
2185,0
2186,0
2187,0
2188,0
2189,0
2190,0
2191,0
2192,1021
2193,1021
2194,1022
2195,1022
2196,1022
2197,1022
2198,1022
2199,1022
2200,1022
2201,1022
2202,1022
2203,1022
2204,0
2205,0
2206,0
2207,0
2208,0
2209,0
2210,0
2211,0
2212,0
2213,0
2214,0
2215,0
2216,1022
2217,1021
2218,1022
2219,1022
2220,1022
2221,1022
2222,1022
2223,1022
2224,1022
2225,1022
2226,1022
2227,1022
2228,0
2229,0
2230,0
2231,0
2232,0
2233,0
2234,0
2235,0
2236,0
2237,0
2238,0
2239,0
2240,1020
2241,1022
2242,1022
2243,1022
2244,1022
2245,1022
2246,1022
2247,1022
2248,1022
2249,1022
2250,1022
2251,1023
2252,0
2253,0
2254,0
2255,0
2256,0
2257,0
2258,0
2259,0
2260,0
2261,0
2262,0
2263,0
2264,1021
2265,1022
2266,1021
2267,1021
2268,1022
2269,1022
2270,1022
2271,1022
2272,1022
2273,1022
2274,1022
2275,1022
2276,0
2277,0
2278,0
2279,0
2280,0
2281,0
2282,0
2283,0
2284,0
2285,0
2286,0
2287,0
2288,1021
2289,1022
2290,1022
2291,1022
2292,1021
2293,1021
2294,1021
2295,1021
2296,1021
2297,1022
2298,1022
2299,1022
2300,0
2301,0
2302,0
2303,0
2304,0
2305,0
2306,0
2307,0
2308,0
2309,0
2310,0
2311,0
2312,1022
2313,1022
2314,1022
2315,1022
2316,1022
2317,1022
2318,1023
2319,1022
2320,1022
2321,1022
2322,1022
2323,1022
2324,0
2325,0
2326,0
2327,0
2328,0
2329,0
2330,0
2331,0
2332,0
2333,0
2334,0
2335,0
2336,1022
2337,1022
2338,1022
2339,1022
2340,1022
2341,1022
2342,1022
2343,1022
2344,1022
2345,1022
2346,1022
2347,1022
2348,0
2349,0
2350,0
2351,0
2352,0
2353,0
2354,0
2355,0
2356,0
2357,0
2358,0
2359,0
2360,1021
2361,1022
2362,1022
2363,1022
2364,1021
2365,1021
2366,1021
2367,1021
2368,1021
2369,1022
2370,1022
2371,1022
2372,0
2373,0
2374,0
2375,0
2376,0
2377,0
2378,0
2379,0
2380,0
2381,0
2382,0
2383,0
2384,1022
2385,1022
2386,1022
2387,1022
2388,1022
2389,1021
2390,1022
2391,1022
2392,1022
2393,1022
2394,1022
2395,1022
2396,0
2397,0
2398,0
2399,0
2400,0
2401,0
2402,0
2403,0
2404,0
2405,0
2406,0
2407,0
2408,1022
2409,1022
2410,1022
2411,1022
2412,1021
2413,1022
2414,1022
2415,1022
2416,1022
2417,1022
2418,1022
2419,1021
2420,0
2421,0
2422,0
2423,0
2424,0
2425,0
2426,0
2427,0
2428,0
2429,0
2430,0
2431,0
2432,1022
2433,1022
2434,1022
2435,1022
2436,1022
2437,1022
2438,1022
2439,1022
2440,1021
2441,1021
2442,1021
2443,1022
2444,0
2445,0
2446,0
2447,0
2448,0
2449,0
2450,0
2451,0
2452,0
2453,0
2454,0
2455,0
2456,1022
2457,1022
2458,1022
2459,1022
2460,1022
2461,1021
2462,1022
2463,1022
2464,1022
2465,1022
2466,1022
2467,1022
2468,0
2469,0
2470,0
2471,0
2472,0
2473,0
2474,0
2475,0
2476,0
2477,0
2478,0
2479,0
2480,1022
2481,1021
2482,1022
2483,1022
2484,1022
2485,1022
2486,1022
2487,1022
2488,1022
2489,1022
2490,1022
2491,1022
2492,0
2493,0
2494,0
2495,0
2496,0
2497,0
2498,0
2499,0
2500,0
2501,0
2502,0
2503,0
2504,1022
2505,1022
2506,1022
2507,1022
2508,1022
2509,1022
2510,1022
2511,1022
2512,1022
2513,1023
2514,1022
2515,1022
2516,0
2517,0
2518,0
2519,0
2520,0
2521,0
2522,0
2523,0
2524,0
2525,0
2526,0
2527,0
2528,1022
2529,1022
2530,1022
2531,1022
2532,1022
2533,1022
2534,1022
2535,1022
2536,1022
2537,1022
2538,1022
2539,1022
2540,0
2541,0
2542,0
2543,0
2544,0
2545,0
2546,0
2547,0
2548,0
2549,0
2550,0
2551,0
2552,1022
2553,1022
2554,1022
2555,1022
2556,1022
2557,1022
2558,1022
2559,1022
2560,1022
2561,1022
2562,1022
2563,1022
2564,0
2565,0
2566,0
2567,0
2568,0
2569,0
2570,0
2571,0
2572,0
2573,0
2574,0
2575,0
2576,1022
2577,1021
2578,1022
2579,1022
2580,1022
2581,1022
2582,1022
2583,1022
2584,1022
2585,1022
2586,1022
2587,1022
2588,0
2589,0
2590,0
2591,0
2592,0
2593,0
2594,0
2595,0
2596,0
2597,0
2598,0
2599,0
2600,1022
2601,1022
2602,1022
2603,1022
2604,1021
2605,1022
2606,1022
2607,1022
2608,1022
2609,1022
2610,1022
2611,1022
2612,0
2613,0
2614,0
2615,0
2616,0
2617,0
2618,0
2619,0
2620,0
2621,0
2622,0
2623,0
2624,1022
2625,1022
2626,1022
2627,1022
2628,1022
2629,1022
2630,1022
2631,1022
2632,1022
2633,1022
2634,1022
2635,1022
2636,0
2637,0
2638,0
2639,0
2640,0
2641,0
2642,0
2643,0
2644,0
2645,0
2646,0
2647,0
2648,1022
2649,1021
2650,1022
2651,1021
2652,1022
2653,1022
2654,1022
2655,1022
2656,1022
2657,1022
2658,1022
2659,1022
2660,0
2661,0
2662,0
2663,0
2664,0
2665,0
2666,0
2667,0
2668,0
2669,0
2670,0
2671,0
2672,1022
2673,1021
2674,1022
2675,1022
2676,1022
2677,1021
2678,1021
2679,1022
2680,1022
2681,1022
2682,1022
2683,1022
2684,0
2685,0
2686,0
2687,0
2688,0
2689,0
2690,0
2691,0
2692,0
2693,0
2694,0
2695,0
2696,1022
2697,1022
2698,1022
2699,1022
2700,1022
2701,1022
2702,1022
2703,1022
2704,1022
2705,1022
2706,1022
2707,1022
2708,0
2709,0
2710,0
2711,0
2712,0
2713,0
2714,0
2715,0
2716,0
2717,0
2718,0
2719,0
2720,1022
2721,1022
2722,1022
2723,1022
2724,1022
2725,1022
2726,1022
2727,1022
2728,1022
2729,1021
2730,1022
2731,1022
2732,0
2733,0
2734,0
2735,0
2736,0
2737,0
2738,0
2739,0
2740,0
2741,0
2742,0
2743,0
2744,1022
2745,1021
2746,1023
2747,1021
2748,1021
2749,1022
2750,1022
2751,1021
2752,1021
2753,1022
2754,1022
2755,1022
2756,0
2757,0
2758,0
2759,0
2760,0
2761,0
2762,0
2763,0
2764,0
2765,0
2766,0
2767,0
2768,1022
2769,1022
2770,1022
2771,1022
2772,1022
2773,1022
2774,1022
2775,1022
2776,1022
2777,1022
2778,1022
2779,1022
2780,0
2781,0
2782,0
2783,0
2784,0
2785,0
2786,0
2787,0
2788,0
2789,0
2790,0
2791,0
2792,1022
2793,1022
2794,1022
2795,1022
2796,1022
2797,1022
2798,1022
2799,1022
2800,1022
2801,1022
2802,1022
2803,1022
2804,0
2805,0
2806,0
2807,0
2808,0
2809,0
2810,0
2811,0
2812,0
2813,0
2814,0
2815,0
2816,1022
2817,1022
2818,1022
2819,1022
2820,1022
2821,1022
2822,1021
2823,1022
2824,1021
2825,1022
2826,1022
2827,1022
2828,0
2829,0
2830,0
2831,0
2832,0
2833,0
2834,0
2835,0
2836,0
2837,0
2838,0
2839,0
2840,1022
2841,1022
2842,1022
2843,1022
2844,1022
2845,1022
2846,1022
2847,1022
2848,1022
2849,1022
2850,1022
2851,1022
2852,0
2853,0
2854,0
2855,0
2856,0
2857,0
2858,0
2859,0
2860,0
2861,0
2862,0
2863,0
2864,1022
2865,1022
2866,1022
2867,1022
2868,1022
2869,1022
2870,1022
2871,1022
2872,1022
2873,1022
2874,1022
2875,1022
2876,0
2877,0
2878,0
2879,0
2880,0
2881,0
2882,0
2883,0
2884,0
2885,0
2886,0
2887,0
2888,1021
2889,1022
2890,1022
2891,1022
2892,1022
2893,1022
2894,1022
2895,1022
2896,1022
2897,1022
2898,1022
2899,1022
2900,0
2901,0
2902,0
2903,0
2904,0
2905,0
2906,0
2907,0
2908,0
2909,0
2910,0
2911,0
2912,1023
2913,1022
2914,1022
2915,1022
2916,1022
2917,1022
2918,1022
2919,1022
2920,1022
2921,1022
2922,1022
2923,1022
2924,0
2925,0
2926,0
2927,0
2928,0
2929,0
2930,0
2931,0
2932,0
2933,0
2934,0
2935,0
2936,1022
2937,1022
2938,1022
2939,1021
2940,1022
2941,1022
2942,1022
2943,1022
2944,1022
2945,1022
2946,1022
2947,1022
2948,0
2949,0
2950,0
2951,0
2952,0
2953,0
2954,0
2955,0
2956,0
2957,0
2958,0
2959,0
2960,1021
2961,1022
2962,1022
2963,1022
2964,1022
2965,1022
2966,1022
2967,1022
2968,1022
2969,1022
2970,1022
2971,1022
2972,0
2973,0
2974,0
2975,0
2976,0
2977,0
2978,0
2979,0
2980,0
2981,0
2982,0
2983,0
2984,1021
2985,1022
2986,1022
2987,1022
2988,1022
2989,1022
2990,1022
2991,1022
2992,1022
2993,1022
2994,1022
2995,1022
2996,0
2997,0
2998,0
2999,0
3000,0
3001,0
3002,0
3003,0
3004,0
3005,0
3006,0
3007,0
3008,1022
3009,1022
3010,1022
3011,1022
3012,1022
3013,1022
3014,1022
3015,1022
3016,1022
3017,1022
3018,1022
3019,1022
3020,0
3021,0
3022,0
3023,0
3024,0
3025,0
3026,0
3027,0
3028,0
3029,0
3030,0
3031,0
3032,1022
3033,1021
3034,1021
3035,1021
3036,1022
3037,1022
3038,1022
3039,1022
3040,1022
3041,1022
3042,1022
3043,1022
3044,0
3045,0
3046,0
3047,0
3048,0
3049,0
3050,0
3051,0
3052,0
3053,0
3054,0
3055,0
3056,1022
3057,1022
3058,1022
3059,1022
3060,1022
3061,1022
3062,1022
3063,1022
3064,1022
3065,1022
3066,1022
3067,1022
3068,0
3069,0
3070,0
3071,0
3072,0
3073,0
3074,0
3075,0
3076,0
3077,0
3078,0
3079,0
3080,1021
3081,1022
3082,1022
3083,1022
3084,1022
3085,1022
3086,1022
3087,1022
3088,1022
3089,1022
3090,1022
3091,1022
3092,0
3093,0
3094,0
3095,0
3096,0
3097,0
3098,0
3099,0
3100,0
3101,0
3102,0
3103,0
3104,1022
3105,1022
3106,1022
3107,1022
3108,1022
3109,1022
3110,1022
3111,1022
3112,1022
3113,1021
3114,1022
3115,1022
3116,0
3117,0
3118,0
3119,0
3120,0
3121,0
3122,0
3123,0
3124,0
3125,0
3126,0
3127,0
3128,1022
3129,1022
3130,1021
3131,1021
3132,1022
3133,1021
3134,1022
3135,1022
3136,1021
3137,1022
3138,1021
3139,1022
3140,0
3141,0
3142,0
3143,0
3144,0
3145,0
3146,0
3147,0
3148,0
3149,0
3150,0
3151,0
3152,1022
3153,1022
3154,1022
3155,1022
3156,1022
3157,1022
3158,1022
3159,1022
3160,1022
3161,1022
3162,1022
3163,1022
3164,0
3165,0
3166,0
3167,0
3168,0
3169,0
3170,0
3171,0
3172,0
3173,0
3174,0
3175,0
3176,1022
3177,1021
3178,1022
3179,1022
3180,1022
3181,1022
3182,1022
3183,1022
3184,1022
3185,1022
3186,1022
3187,1021
3188,0
3189,0
3190,0
3191,0
3192,0
3193,0
3194,0
3195,0
3196,0
3197,0
3198,0
3199,0
3200,1022
3201,1022
3202,1022
3203,1022
3204,1021
3205,1022
3206,1022
3207,1022
3208,1023
3209,1022
3210,1022
3211,1022
3212,0
3213,0
3214,0
3215,0
3216,0
3217,0
3218,0
3219,0
3220,0
3221,0
3222,0
3223,0
3224,1021
3225,1022
3226,1022
3227,1022
3228,1022
3229,1022
3230,1022
3231,1022
3232,1022
3233,1022
3234,1022
3235,1022
3236,0
3237,0
3238,0
3239,0
3240,0
3241,0
3242,0
3243,0
3244,0
3245,0
3246,0
3247,0
3248,1021
3249,1022
3250,1022
3251,1022
3252,1022
3253,1022
3254,1022
3255,1022
3256,1022
3257,1022
3258,1021
3259,1022
3260,0
3261,0
3262,0
3263,0
3264,0
3265,0
3266,0
3267,0
3268,0
3269,0
3270,0
3271,0
3272,1022
3273,1022
3274,1022
3275,1022
3276,1022
3277,1022
3278,1022
3279,1022
3280,1022
3281,1022
3282,1022
3283,1022
3284,0
3285,0
3286,0
3287,0
3288,0
3289,0
3290,0
3291,0
3292,0
3293,0
3294,0
3295,0
3296,1022
3297,1022
3298,1022
3299,1022
3300,1022
3301,1022
3302,1022
3303,1022
3304,1022
3305,1022
3306,1022
3307,1022
3308,0
3309,0
3310,0
3311,0
3312,0
3313,0
3314,0
3315,0
3316,0
3317,0
3318,0
3319,0
3320,1022
3321,1022
3322,1022
3323,1022
3324,1021
3325,1022
3326,1021
3327,1022
3328,1022
3329,1022
3330,1021
3331,1022
3332,0
3333,0
3334,0
3335,0
3336,0
3337,0
3338,0
3339,0
3340,0
3341,0
3342,0
3343,0
3344,1022
3345,1021
3346,1022
3347,1022
3348,1022
3349,1022
3350,1022
3351,1022
3352,1022
3353,1022
3354,1022
3355,1022
3356,0
3357,0
3358,0
3359,0
3360,0
3361,0
3362,0
3363,0
3364,0
3365,0
3366,0
3367,0
3368,1022
3369,1022
3370,1022
3371,1022
3372,1022
3373,1022
3374,1022
3375,1022
3376,1022
3377,1022
3378,1022
3379,1022
3380,0
3381,0
3382,0
3383,0
3384,0
3385,0
3386,0
3387,0
3388,0
3389,0
3390,0
3391,0
3392,1021
3393,1022
3394,1022
3395,1022
3396,1022
3397,1022
3398,1022
3399,1022
3400,1022
3401,1022
3402,1022
3403,1022
3404,0
3405,0
3406,0
3407,0
3408,0
3409,0
3410,0
3411,0
3412,0
3413,0
3414,0
3415,0
3416,1022
3417,1023
3418,1021
3419,1022
3420,1022
3421,1022
3422,1022
3423,1022
3424,1022
3425,1022
3426,1022
3427,1022
3428,0
3429,0
3430,0
3431,0
3432,0
3433,0
3434,0
3435,0
3436,0
3437,0
3438,0
3439,0
3440,1021
3441,1021
3442,1022
3443,1022
3444,1021
3445,1022
3446,1021
3447,1022
3448,1021
3449,1022
3450,1022
3451,1022
3452,0
3453,0
3454,0
3455,0
3456,0
3457,0
3458,0
3459,0
3460,0
3461,0
3462,0
3463,0
3464,1021
3465,1022
3466,1022
3467,1022
3468,1022
3469,1022
3470,1022
3471,1022
3472,1022
3473,1022
3474,1022
3475,1022
3476,0
3477,0
3478,0
3479,0
3480,0
3481,0
3482,0
3483,0
3484,0
3485,0
3486,0
3487,0
3488,1022
3489,1022
3490,1022
3491,1022
3492,1022
3493,1022
3494,1022
3495,1022
3496,1022
3497,1022
3498,1022
3499,1022
3500,0
3501,0
3502,0
3503,0
3504,0
3505,0
3506,0
3507,0
3508,0
3509,0
3510,0
3511,0
3512,1022
3513,1022
3514,1022
3515,1022
3516,1021
3517,1022
3518,1021
3519,1021
3520,1021
3521,1022
3522,1021
3523,1022
3524,0
3525,0
3526,0
3527,0
3528,0
3529,0
3530,0
3531,0
3532,0
3533,0
3534,0
3535,0
3536,1022
3537,1022
3538,1022
3539,1022
3540,1022
3541,1022
3542,1022
3543,1022
3544,1022
3545,1022
3546,1022
3547,1022
3548,0
3549,0
3550,0
3551,0
3552,0
3553,0
3554,0
3555,0
3556,0
3557,0
3558,0
3559,0
3560,1022
3561,1022
3562,1022
3563,1022
3564,1022
3565,1022
3566,1022
3567,1022
3568,1022
3569,1022
3570,1022
3571,1021
3572,0
3573,0
3574,0
3575,0
3576,0
3577,0
3578,0
3579,0
3580,0
3581,0
3582,0
3583,0
3584,1022
3585,1022
3586,1022
3587,1022
3588,1022
3589,1022
3590,1022
3591,1022
3592,1021
3593,1021
3594,1021
3595,1022
3596,0
3597,0
3598,0
3599,0
3600,0
3601,0
3602,0
3603,0
3604,0
3605,0
3606,0
3607,0
3608,1022
3609,1022
3610,1021
3611,1022
3612,1021
3613,1022
3614,1022
3615,1022
3616,1022
3617,1022
3618,1022
3619,1022
3620,0
3621,0
3622,0
3623,0
3624,0
3625,0
3626,0
3627,0
3628,0
3629,0
3630,0
3631,0
3632,1022
3633,1022
3634,1022
3635,1022
3636,1022
3637,1022
3638,1022
3639,1022
3640,1021
3641,1022
3642,1022
3643,1022
3644,0
3645,0
3646,0
3647,0
3648,0
3649,0
3650,0
3651,0
3652,0
3653,0
3654,0
3655,0
3656,1022
3657,1022
3658,1022
3659,1022
3660,1022
3661,1022
3662,1022
3663,1022
3664,1022
3665,1022
3666,1022
3667,1022
3668,0
3669,0
3670,0
3671,0
3672,0
3673,0
3674,0
3675,0
3676,0
3677,0
3678,0
3679,0
3680,1022
3681,1022
3682,1022
3683,1022
3684,1022
3685,1022
3686,1022
3687,1022
3688,1022
3689,1022
3690,1022
3691,1022
3692,0
3693,0
3694,0
3695,0
3696,0
3697,0
3698,0
3699,0
3700,0
3701,0
3702,0
3703,0
3704,1022
3705,1022
3706,1022
3707,1022
3708,1021
3709,1022
3710,1022
3711,1022
3712,1022
3713,1022
3714,1022
3715,1022
3716,0
3717,0
3718,0
3719,0
3720,0
3721,0
3722,0
3723,0
3724,0
3725,0
3726,0
3727,0
3728,1022
3729,1022
3730,1022
3731,1021
3732,1022
3733,1022
3734,1022
3735,1022
3736,1022
3737,1022
3738,1022
3739,1022
3740,0
3741,0
3742,0
3743,0
3744,0
3745,0
3746,0
3747,0
3748,0
3749,0
3750,0
3751,0
3752,1022
3753,1022
3754,1022
3755,1022
3756,1022
3757,1021
3758,1022
3759,1022
3760,1022
3761,1022
3762,1022
3763,1022
3764,0
3765,0
3766,0
3767,0
3768,0
3769,0
3770,0
3771,0
3772,0
3773,0
3774,0
3775,0
3776,1022
3777,1022
3778,1022
3779,1022
3780,1022
3781,1022
3782,1022
3783,1022
3784,1022
3785,1022
3786,1022
3787,1022
3788,0
3789,0
3790,0
3791,0
3792,0
3793,0
3794,0
3795,0
3796,0
3797,0
3798,0
3799,0
3800,1022
3801,1022
3802,1022
3803,1022
3804,1022
3805,1022
3806,1022
3807,1022
3808,1022
3809,1022
3810,1022
3811,1021
3812,0
3813,0
3814,0
3815,0
3816,0
3817,0
3818,0
3819,0
3820,0
3821,0
3822,0
3823,0
3824,1021
3825,1022
3826,1022
3827,1022
3828,1022
3829,1021
3830,1022
3831,1022
3832,1022
3833,1022
3834,1022
3835,1022
3836,0
3837,0
3838,0
3839,0
3840,0
3841,0
3842,0
3843,0
3844,0
3845,0
3846,0
3847,0
3848,1022
3849,1021
3850,1022
3851,1022
3852,1022
3853,1022
3854,1022
3855,1022
3856,1022
3857,1022
3858,1022
3859,1022
3860,0
3861,0
3862,0
3863,0
3864,0
3865,0
3866,0
3867,0
3868,0
3869,0
3870,0
3871,0
3872,1022
3873,1022
3874,1022
3875,1022
3876,1022
3877,1022
3878,1022
3879,1022
3880,1022
3881,1022
3882,1022
3883,1022
3884,0
3885,0
3886,0
3887,0
3888,0
3889,0
3890,0
3891,0
3892,0
3893,0
3894,0
3895,0
3896,1022
3897,1022
3898,1022
3899,1022
3900,1022
3901,1022
3902,1022
3903,1022
3904,1022
3905,1023
3906,1022
3907,1022
3908,0
3909,0
3910,0
3911,0
3912,0
3913,0
3914,0
3915,0
3916,0
3917,0
3918,0
3919,0
3920,1022
3921,1022
3922,1022
3923,1022
3924,1022
3925,1022
3926,1022
3927,1022
3928,1022
3929,1022
3930,1022
3931,1022
3932,0
3933,0
3934,0
3935,0
3936,0
3937,0
3938,0
3939,0
3940,0
3941,0
3942,0
3943,0
3944,1022
3945,1022
3946,1021
3947,1022
3948,1022
3949,1022
3950,1022
3951,1022
3952,1022
3953,1022
3954,1022
3955,1022
3956,0
3957,0
3958,0
3959,0
3960,0
3961,0
3962,0
3963,0
3964,0
3965,0
3966,0
3967,0
3968,1022
3969,1022
3970,1021
3971,1022
3972,1022
3973,1022
3974,1022
3975,1021
3976,1021
3977,1021
3978,1022
3979,1022
3980,0
3981,0
3982,0
3983,0
3984,0
3985,0
3986,0
3987,0
3988,0
3989,0
3990,0
3991,0
3992,1022
3993,1022
3994,1021
3995,1022
3996,1022
3997,1022
3998,1021
3999,1022
4000,1022
4001,1022
4002,1022
4003,1022
4004,0
4005,0
4006,0
4007,0
4008,0
4009,0
4010,0
4011,0
4012,0
4013,0
4014,0
4015,0
4016,1022
4017,1022
4018,1022
4019,1022
4020,1022
4021,1022
4022,1022
4023,1022
4024,1022
4025,1022
4026,1022
4027,1022
4028,0
4029,0
4030,0
4031,0
4032,0
4033,0
4034,0
4035,0
4036,0
4037,0
4038,0
4039,0
4040,1022
4041,1022
4042,1021
4043,1021
4044,1022
4045,1022
4046,1022
4047,1022
4048,1021
4049,1022
4050,1022
4051,1022
4052,0
4053,0
4054,0
4055,0
4056,0
4057,0
4058,0
4059,0
4060,0
4061,0
4062,0
4063,0
4064,1022
4065,1021
4066,1022
4067,1022
4068,1022
4069,1022
4070,1022
4071,1022
4072,1021
4073,1022
4074,1022
4075,1022
4076,0
4077,0
4078,0
4079,0
4080,0
4081,0
4082,0
4083,0
4084,0
4085,0
4086,0
4087,0
4088,1022
4089,1021
4090,1022
4091,1022
4092,1022
4093,1022
4094,1022
4095,1022
4096,1022
4097,1022
4098,1022
4099,1022
4100,0
4101,0
4102,0
4103,0
4104,0
4105,0
4106,0
4107,0
4108,0
4109,0
4110,0
4111,0
4112,1022
4113,1022
4114,1023
4115,1022
4116,1022
4117,1022
4118,1022
4119,1021
4120,1022
4121,1022
4122,1022
4123,1022
4124,0
4125,0
4126,0
4127,0
4128,0
4129,0
4130,0
4131,0
4132,0
4133,0
4134,0
4135,0
4136,1022
4137,1022
4138,1022
4139,1021
4140,1022
4141,1022
4142,1022
4143,1022
4144,1022
4145,1022
4146,1022
4147,1022
4148,0
4149,0
4150,0
4151,0
4152,0
4153,0
4154,0
4155,0
4156,0
4157,0
4158,0
4159,0
4160,1022
4161,1021
4162,1021
4163,1022
4164,1022
4165,1022
4166,1022
4167,1022
4168,1022
4169,1022
4170,1022
4171,1022
4172,0
4173,0
4174,0
4175,0
4176,0
4177,0
4178,0
4179,0
4180,0
4181,0
4182,0
4183,0
4184,1022
4185,1023
4186,1022
4187,1022
4188,1022
4189,1022
4190,1022
4191,1022
4192,1022
4193,1021
4194,1022
4195,1022
4196,0
4197,0
4198,0
4199,0
4200,0
4201,0
4202,0
4203,0
4204,0
4205,0
4206,0
4207,0
4208,1022
4209,1022
4210,1022
4211,1022
4212,1022
4213,1022
4214,1021
4215,1022
4216,1021
4217,1021
4218,1022
4219,1022
4220,0
4221,0
4222,0
4223,0
4224,0
4225,0
4226,0
4227,0
4228,0
4229,0
4230,0
4231,0
4232,1022
4233,1022
4234,1022
4235,1022
4236,1022
4237,1022
4238,1022
4239,1022
4240,1022
4241,1022
4242,1022
4243,1022
4244,0
4245,0
4246,0
4247,0
4248,0
4249,0
4250,0
4251,0
4252,0
4253,0
4254,0
4255,0
4256,1022
4257,1022
4258,1022
4259,1022
4260,1022
4261,1022
4262,1022
4263,1022
4264,1022
4265,1022
4266,1022
4267,1022
4268,0
4269,0
4270,0
4271,0
4272,0
4273,0
4274,0
4275,0
4276,0
4277,0
4278,0
4279,0
4280,1022
4281,1022
4282,1022
4283,1022
4284,1023
4285,1022
4286,1023
4287,1022
4288,1022
4289,1022
4290,1021
4291,1022
4292,0
4293,0
4294,0
4295,0
4296,0
4297,0
4298,0
4299,0
4300,0
4301,0
4302,0
4303,0
4304,1022
4305,1022
4306,1021
4307,1022
4308,1022
4309,1022
4310,1022
4311,1022
4312,1022
4313,1022
4314,1022
4315,1022
4316,0
4317,0
4318,0
4319,0
4320,0
4321,0
4322,0
4323,0
4324,0
4325,0
4326,0
4327,0
4328,1021
4329,1022
4330,1022
4331,1022
4332,1022
4333,1022
4334,1022
4335,1022
4336,1022
4337,1022
4338,1022
4339,1022
4340,0
4341,0
4342,0
4343,0
4344,0
4345,0
4346,0
4347,0
4348,0
4349,0
4350,0
4351,0
4352,1022
4353,1021
4354,1022
4355,1022
4356,1022
4357,1022
4358,1022
4359,1022
4360,1022
4361,1022
4362,1023
4363,1022
4364,0
4365,0
4366,0
4367,0
4368,0
4369,0
4370,0
4371,0
4372,0
4373,0
4374,0
4375,0
4376,1022
4377,1022
4378,1021
4379,1022
4380,1022
4381,1022
4382,1022
4383,1022
4384,1022
4385,1022
4386,1022
4387,1022
4388,0
4389,0
4390,0
4391,0
4392,0
4393,0
4394,0
4395,0
4396,0
4397,0
4398,0
4399,0
4400,1022
4401,1022
4402,1022
4403,1022
4404,1022
4405,1022
4406,1022
4407,1022
4408,1022
4409,1022
4410,1022
4411,1022
4412,0
4413,0
4414,0
4415,0
4416,0
4417,0
4418,0
4419,0
4420,0
4421,0
4422,0
4423,0
4424,1022
4425,1022
4426,1022
4427,1021
4428,1022
4429,1022
4430,1021
4431,1022
4432,1022
4433,1022
4434,1022
4435,1022
4436,0
4437,0
4438,0
4439,0
4440,0
4441,0
4442,0
4443,0
4444,0
4445,0
4446,0
4447,0
4448,1022
4449,1022
4450,1021
4451,1022
4452,1022
4453,1022
4454,1022
4455,1021
4456,1022
4457,1022
4458,1022
4459,1022
4460,0
4461,0
4462,0
4463,0
4464,0
4465,0
4466,0
4467,0
4468,0
4469,0
4470,0
4471,0
4472,1022
4473,1021
4474,1022
4475,1022
4476,1022
4477,1022
4478,1022
4479,1022
4480,1022
4481,1022
4482,1022
4483,1022
4484,0
4485,0
4486,0
4487,0
4488,0
4489,0
4490,0
4491,0
4492,0
4493,0
4494,0
4495,0
4496,1022
4497,1022
4498,1021
4499,1022
4500,1022
4501,1022
4502,1022
4503,1022
4504,1022
4505,1021
4506,1022
4507,1022
4508,0
4509,0
4510,0
4511,0
4512,0
4513,0
4514,0
4515,0
4516,0
4517,0
4518,0
4519,0
4520,1022
4521,1021
4522,1022
4523,1022
4524,1022
4525,1021
4526,1022
4527,1021
4528,1022
4529,1021
4530,1022
4531,1022
4532,0
4533,0
4534,0
4535,0
4536,0
4537,0
4538,0
4539,0
4540,0
4541,0
4542,0
4543,0
4544,1021
4545,1022
4546,1021
4547,1022
4548,1022
4549,1022
4550,1022
4551,1021
4552,1022
4553,1022
4554,1022
4555,1022
4556,0
4557,0
4558,0
4559,0
4560,0
4561,0
4562,0
4563,0
4564,0
4565,0
4566,0
4567,0
4568,1022
4569,1021
4570,1022
4571,1022
4572,1022
4573,1022
4574,1022
4575,1022
4576,1022
4577,1022
4578,1022
4579,1022
4580,0
4581,0
4582,0
4583,0
4584,0
4585,0
4586,0
4587,0
4588,0
4589,0
4590,0
4591,0
4592,1022
4593,1022
4594,1021
4595,1022
4596,1021
4597,1022
4598,1021
4599,1021
4600,1021
4601,1022
4602,1022
4603,1022
4604,0
4605,0
4606,0
4607,0
4608,0
4609,0
4610,0
4611,0
4612,0
4613,0
4614,0
4615,0
4616,1022
4617,1023
4618,1022
4619,1022
4620,1022
4621,1022
4622,1022
4623,1022
4624,1022
4625,1021
4626,1022
4627,1022
4628,0
4629,0
4630,0
4631,0
4632,0
4633,0
4634,0
4635,0
4636,0
4637,0
4638,0
4639,0
4640,1022
4641,1022
4642,1022
4643,1021
4644,1022
4645,1022
4646,1022
4647,1022
4648,1022
4649,1022
4650,1022
4651,1022
4652,0
4653,0
4654,0
4655,0
4656,0
4657,0
4658,0
4659,0
4660,0
4661,0
4662,0
4663,0
4664,1022
4665,1022
4666,1022
4667,1023
4668,1022
4669,1021
4670,1022
4671,1021
4672,1021
4673,1022
4674,1022
4675,1022
4676,0
4677,0
4678,0
4679,0
4680,0
4681,0
4682,0
4683,0
4684,0
4685,0
4686,0
4687,0
4688,1022
4689,1022
4690,1022
4691,1022
4692,1022
4693,1022
4694,1022
4695,1022
4696,1022
4697,1022
4698,1022
4699,1021
4700,0
4701,0
4702,0
4703,0
4704,0
4705,0
4706,0
4707,0
4708,0
4709,0
4710,0
4711,0
4712,1022
4713,1022
4714,1022
4715,1022
4716,1022
4717,1022
4718,1022
4719,1022
4720,1022
4721,1022
4722,1021
4723,1021
4724,0
4725,0
4726,0
4727,0
4728,0
4729,0
4730,0
4731,0
4732,0
4733,0
4734,0
4735,0
4736,1022
4737,1022
4738,1022
4739,1022
4740,1022
4741,1022
4742,1022
4743,1022
4744,1021
4745,1022
4746,1022
4747,1022
4748,0
4749,0
4750,0
4751,0
4752,0
4753,0
4754,0
4755,0
4756,0
4757,0
4758,0
4759,0
4760,1022
4761,1022
4762,1022
4763,1022
4764,1021
4765,1022
4766,1022
4767,1022
4768,1022
4769,1022
4770,1022
4771,1022
4772,0
4773,0
4774,0
4775,0
4776,0
4777,0
4778,0
4779,0
4780,0
4781,0
4782,0
4783,0
4784,1022
4785,1022
4786,1022
4787,1022
4788,1022
4789,1022
4790,1022
4791,1022
4792,1022
4793,1022
4794,1022
4795,1022
4796,0
4797,0
4798,0
4799,0
4800,0
4801,0
4802,0
4803,0
4804,0
4805,0
4806,0
4807,0
4808,1022
4809,1022
4810,1022
4811,1022
4812,1022
4813,1022
4814,1022
4815,1023
4816,1022
4817,1022
4818,1022
4819,1022
4820,0
4821,0
4822,0
4823,0
4824,0
4825,0
4826,0
4827,0
4828,0
4829,0
4830,0
4831,0
4832,1022
4833,1022
4834,1021
4835,1022
4836,1022
4837,1022
4838,1022
4839,1022
4840,1022
4841,1022
4842,1022
4843,1022
4844,0
4845,0
4846,0
4847,0
4848,0
4849,0
4850,0
4851,0
4852,0
4853,0
4854,0
4855,0
4856,1022
4857,1022
4858,1022
4859,1022
4860,1022
4861,1022
4862,1022
4863,1022
4864,1022
4865,1022
4866,1022
4867,1022
4868,0
4869,0
4870,0
4871,0
4872,0
4873,0
4874,0
4875,0
4876,0
4877,0
4878,0
4879,0
4880,1022
4881,1021
4882,1022
4883,1021
4884,1022
4885,1022
4886,1022
4887,1022
4888,1022
4889,1022
4890,1022
4891,1022
4892,0
4893,0
4894,0
4895,0
4896,0
4897,0
4898,0
4899,0
4900,0
4901,0
4902,0
4903,0
4904,1022
4905,1022
4906,1022
4907,1021
4908,1022
4909,1022
4910,1022
4911,1022
4912,1022
4913,1022
4914,1022
4915,1022
4916,0
4917,0
4918,0
4919,0
4920,0
4921,0
4922,0
4923,0
4924,0
4925,0
4926,0
4927,0
4928,1022
4929,1022
4930,1022
4931,1022
4932,1022
4933,1022
4934,1022
4935,1022
4936,1021
4937,1022
4938,1022
4939,1022
4940,0
4941,0
4942,0
4943,0
4944,0
4945,0
4946,0
4947,0
4948,0
4949,0
4950,0
4951,0
4952,1022
4953,1021
4954,1022
4955,1021
4956,1022
4957,1022
4958,1022
4959,1022
4960,1022
4961,1022
4962,1022
4963,1022
4964,0
4965,0
4966,0
4967,0
4968,0
4969,0
4970,0
4971,0
4972,0
4973,0
4974,0
4975,0
4976,1022
4977,1022
4978,1022
4979,1022
4980,1022
4981,1021
4982,1022
4983,1022
4984,1021
4985,1022
4986,1022
4987,1022
4988,0
4989,0
4990,0
4991,0
4992,0
4993,0
4994,0
4995,0
4996,0
4997,0
4998,0
4999,0
5000,1022
5001,1022
5002,1022
5003,1022
5004,1022
5005,1022
5006,1022
5007,1022
5008,1022
5009,1022
5010,1022
5011,1022
5012,0
5013,0
5014,0
5015,0
5016,0
5017,0
5018,0
5019,0
5020,0
5021,0
5022,0
5023,0
5024,1022
5025,1022
5026,1022
5027,1022
5028,1022
5029,1022
5030,1022
5031,1022
5032,1022
5033,1022
5034,1022
5035,1022
5036,0
5037,0
5038,0
5039,0
5040,0
5041,0
5042,0
5043,0
5044,0
5045,0
5046,0
5047,0
5048,1022
5049,1022
5050,1022
5051,1022
5052,1021
5053,1022
5054,1021
5055,1022
5056,1022
5057,1021
5058,1021
5059,1022
5060,0
5061,0
5062,0
5063,0
5064,0
5065,0
5066,0
5067,0
5068,0
5069,0
5070,0
5071,0
5072,1022
5073,1022
5074,1021
5075,1022
5076,1022
5077,1022
5078,1022
5079,1022
5080,1021
5081,1022
5082,1022
5083,1022
5084,0
5085,0
5086,0
5087,0
5088,0
5089,0
5090,0
5091,0
5092,0
5093,0
5094,0
5095,0
5096,1021
5097,1022
5098,1022
5099,1021
5100,1022
5101,1022
5102,1022
5103,1023
5104,1022
5105,1022
5106,1022
5107,1022
5108,0
5109,0
5110,0
5111,0
5112,0
5113,0
5114,0
5115,0
5116,0
5117,0
5118,0
5119,0
5120,1022
5121,1022
5122,1022
5123,1022
5124,1022
5125,1022
5126,1022
5127,1022
5128,1022
5129,1022
5130,1021
5131,1022
5132,0
5133,0
5134,0
5135,0
5136,0
5137,0
5138,0
5139,0
5140,0
5141,0
5142,0
5143,0
5144,1022
5145,1022
5146,1022
5147,1021
5148,1022
5149,1022
5150,1022
5151,1022
5152,1022
5153,1022
5154,1022
5155,1022
5156,0
5157,0
5158,0
5159,0
5160,0
5161,0
5162,0
5163,0
5164,0
5165,0
5166,0
5167,0
5168,1022
5169,1022
5170,1022
5171,1022
5172,1022
5173,1022
5174,1022
5175,1022
5176,1022
5177,1022
5178,1022
5179,1022
5180,0
5181,0
5182,0
5183,0
5184,0
5185,0
5186,0
5187,0
5188,0
5189,0
5190,0
5191,0
5192,1022
5193,1022
5194,1022
5195,1022
5196,1022
5197,1022
5198,1022
5199,1022
5200,1022
5201,1022
5202,1022
5203,1022
5204,0
5205,0
5206,0
5207,0
5208,0
5209,0
5210,0
5211,0
5212,0
5213,0
5214,0
5215,0
5216,1022
5217,1022
5218,1021
5219,1022
5220,1022
5221,1022
5222,1022
5223,1022
5224,1022
5225,1022
5226,1022
5227,1022
5228,0
5229,0
5230,0
5231,0
5232,0
5233,0
5234,0
5235,0
5236,0
5237,0
5238,0
5239,0
5240,1022
5241,1022
5242,1022
5243,1022
5244,1022
5245,1022
5246,1022
5247,1022
5248,1021
5249,1022
5250,1022
5251,1022
5252,0
5253,0
5254,0
5255,0
5256,0
5257,0
5258,0
5259,0
5260,0
5261,0
5262,0
5263,0
5264,1022
5265,1022
5266,1022
5267,1022
5268,1022
5269,1022
5270,1022
5271,1022
5272,1021
5273,1022
5274,1022
5275,1022
5276,0
5277,0
5278,0
5279,0
5280,0
5281,0
5282,0
5283,0
5284,0
5285,0
5286,0
5287,0
5288,1021
5289,1022
5290,1021
5291,1022
5292,1022
5293,1022
5294,1022
5295,1022
5296,1022
5297,1022
5298,1022
5299,1022
5300,0
5301,0
5302,0
5303,0
5304,0
5305,0
5306,0
5307,0
5308,0
5309,0
5310,0
5311,0
5312,1021
5313,1022
5314,1022
5315,1022
5316,1022
5317,1022
5318,1022
5319,1022
5320,1022
5321,1022
5322,1021
5323,1022
5324,0
5325,0
5326,0
5327,0
5328,0
5329,0
5330,0
5331,0
5332,0
5333,0
5334,0
5335,0
5336,1022
5337,1021
5338,1021
5339,1021
5340,1022
5341,1022
5342,1022
5343,1022
5344,1022
5345,1022
5346,1022
5347,1021
5348,0
5349,0
5350,0
5351,0
5352,0
5353,0
5354,0
5355,0
5356,0
5357,0
5358,0
5359,0
5360,1022
5361,1022
5362,1021
5363,1022
5364,1021
5365,1021
5366,1021
5367,1022
5368,1022
5369,1022
5370,1022
5371,1022
5372,0
5373,0
5374,0
5375,0
5376,0
5377,0
5378,0
5379,0
5380,0
5381,0
5382,0
5383,0
5384,1022
5385,1022
5386,1022
5387,1022
5388,1022
5389,1022
5390,1022
5391,1023
5392,1022
5393,1022
5394,1022
5395,1022
5396,0
5397,0
5398,0
5399,0
5400,0
5401,0
5402,0
5403,0
5404,0
5405,0
5406,0
5407,0
5408,1022
5409,1022
5410,1022
5411,1022
5412,1022
5413,1022
5414,1022
5415,1022
5416,1022
5417,1022
5418,1022
5419,1022
5420,0
5421,0
5422,0
5423,0
5424,0
5425,0
5426,0
5427,0
5428,0
5429,0
5430,0
5431,0
5432,1022
5433,1021
5434,1022
5435,1022
5436,1022
5437,1022
5438,1022
5439,1021
5440,1023
5441,1022
5442,1021
5443,1022
5444,0
5445,0
5446,0
5447,0
5448,0
5449,0
5450,0
5451,0
5452,0
5453,0
5454,0
5455,0
5456,1022
5457,1022
5458,1022
5459,1022
5460,1022
5461,1022
5462,1022
5463,1022
5464,1022
5465,1022
5466,1022
5467,1022
5468,0
5469,0
5470,0
5471,0
5472,0
5473,0
5474,0
5475,0
5476,0
5477,0
5478,0
5479,0
5480,1022
5481,1022
5482,1022
5483,1022
5484,1022
5485,1022
5486,1022
5487,1022
5488,1022
5489,1022
5490,1022
5491,1022
5492,0
5493,0
5494,0
5495,0
5496,0
5497,0
5498,0
5499,0
5500,0
5501,0
5502,0
5503,0
5504,1021
5505,1022
5506,1022
5507,1022
5508,1022
5509,1022
5510,1022
5511,1022
5512,1022
5513,1022
5514,1022
5515,1022
5516,0
5517,0
5518,0
5519,0
5520,0
5521,0
5522,0
5523,0
5524,0
5525,0
5526,0
5527,0
5528,1022
5529,1022
5530,1022
5531,1022
5532,1022
5533,1022
5534,1022
5535,1022
5536,1022
5537,1022
5538,1022
5539,1021
5540,0
5541,0
5542,0
5543,0
5544,0
5545,0
5546,0
5547,0
5548,0
5549,0
5550,0
5551,0
5552,1022
5553,1022
5554,1021
5555,1022
5556,1021
5557,1022
5558,1022
5559,1022
5560,1022
5561,1022
5562,1022
5563,1021
5564,0
5565,0
5566,0
5567,0
5568,0
5569,0
5570,0
5571,0
5572,0
5573,0
5574,0
5575,0
5576,1021
5577,1022
5578,1022
5579,1022
5580,1022
5581,1022
5582,1022
5583,1022
5584,1022
5585,1022
5586,1022
5587,1022
5588,0
5589,0
5590,0
5591,0
5592,0
5593,0
5594,0
5595,0
5596,0
5597,0
5598,0
5599,0
5600,1022
5601,1022
5602,1022
5603,1022
5604,1022
5605,1022
5606,1022
5607,1022
5608,1022
5609,1022
5610,1022
5611,1022
5612,0
5613,0
5614,0
5615,0
5616,0
5617,0
5618,0
5619,0
5620,0
5621,0
5622,0
5623,0
5624,1022
5625,1022
5626,1022
5627,1022
5628,1022
5629,1022
5630,1022
5631,1022
5632,1022
5633,1021
5634,1022
5635,1022
5636,0
5637,0
5638,0
5639,0
5640,0
5641,0
5642,0
5643,0
5644,0
5645,0
5646,0
5647,0
5648,1022
5649,1022
5650,1022
5651,1022
5652,1022
5653,1022
5654,1022
5655,1022
5656,1022
5657,1022
5658,1022
5659,1022
5660,0
5661,0
5662,0
5663,0
5664,0
5665,0
5666,0
5667,0
5668,0
5669,0
5670,0
5671,0
5672,1022
5673,1022
5674,1021
5675,1022
5676,1022
5677,1022
5678,1022
5679,1022
5680,1022
5681,1022
5682,1022
5683,1021
5684,0
5685,0
5686,0
5687,0
5688,0
5689,0
5690,0
5691,0
5692,0
5693,0
5694,0
5695,0
5696,1021
5697,1022
5698,1021
5699,1022
5700,1022
5701,1022
5702,1022
5703,1022
5704,1022
5705,1022
5706,1021
5707,1022
5708,0
5709,0
5710,0
5711,0
5712,0
5713,0
5714,0
5715,0
5716,0
5717,0
5718,0
5719,0
5720,1022
5721,1022
5722,1022
5723,1022
5724,1022
5725,1022
5726,1022
5727,1022
5728,1022
5729,1022
5730,1022
5731,1023
5732,0
5733,0
5734,0
5735,0
5736,0
5737,0
5738,0
5739,0
5740,0
5741,0
5742,0
5743,0
5744,1022
5745,1022
5746,1021
5747,1022
5748,1023
5749,1022
5750,1021
5751,1021
5752,1022
5753,1021
5754,1022
5755,1022
5756,0
5757,0
5758,0
5759,0
5760,0
5761,0
5762,0
5763,0
5764,0
5765,0
5766,0
5767,0
5768,1021
5769,1022
5770,1022
5771,1022
5772,1022
5773,1022
5774,1022
5775,1022
5776,1022
5777,1022
5778,1022
5779,1022
5780,0
5781,0
5782,0
5783,0
5784,0
5785,0
5786,0
5787,0
5788,0
5789,0
5790,0
5791,0
5792,1022
5793,1022
5794,1022
5795,1022
5796,1022
5797,1022
5798,1022
5799,1022
5800,1022
5801,1022
5802,1022
5803,1022
5804,0
5805,0
5806,0
5807,0
5808,0
5809,0
5810,0
5811,0
5812,0
5813,0
5814,0
5815,0
5816,1021
5817,1022
5818,1022
5819,1022
5820,1022
5821,1022
5822,1022
5823,1022
5824,1021
5825,1021
5826,1021
5827,1022
5828,0
5829,0
5830,0
5831,0
5832,0
5833,0
5834,0
5835,0
5836,0
5837,0
5838,0
5839,0
5840,1022
5841,1022
5842,1022
5843,1022
5844,1022
5845,1022
5846,1022
5847,1022
5848,1022
5849,1021
5850,1021
5851,1022
5852,0
5853,0
5854,0
5855,0
5856,0
5857,0
5858,0
5859,0
5860,0
5861,0
5862,0
5863,0
5864,1022
5865,1022
5866,1021
5867,1022
5868,1022
5869,1022
5870,1022
5871,1022
5872,1022
5873,1022
5874,1022
5875,1022
5876,0
5877,0
5878,0
5879,0
5880,0
5881,0
5882,0
5883,0
5884,0
5885,0
5886,0
5887,0
5888,1022
5889,1022
5890,1022
5891,1022
5892,1022
5893,1022
5894,1023
5895,1022
5896,1022
5897,1022
5898,1021
5899,1022
5900,0
5901,0
5902,0
5903,0
5904,0
5905,0
5906,0
5907,0
5908,0
5909,0
5910,0
5911,0
5912,1021
5913,1022
5914,1021
5915,1022
5916,1022
5917,1022
5918,1022
5919,1022
5920,1022
5921,1022
5922,1022
5923,1022
5924,0
5925,0
5926,0
5927,0
5928,0
5929,0
5930,0
5931,0
5932,0
5933,0
5934,0
5935,0
5936,1022
5937,1022
5938,1022
5939,1022
5940,1022
5941,1022
5942,1022
5943,1021
5944,1022
5945,1022
5946,1022
5947,1022
5948,0
5949,0
5950,0
5951,0
5952,0
5953,0
5954,0
5955,0
5956,0
5957,0
5958,0
5959,0
5960,1022
5961,1022
5962,1022
5963,1022
5964,1022
5965,1022
5966,1022
5967,1022
5968,1022
5969,1022
5970,1022
5971,1022
5972,0
5973,0
5974,0
5975,0
5976,0
5977,0
5978,0
5979,0
5980,0
5981,0
5982,0
5983,0
5984,1022
5985,1022
5986,1022
5987,1022
5988,1022
5989,1023
5990,1022
5991,1022
5992,1022
5993,1022
5994,1022
5995,1022
5996,0
5997,0
5998,0
5999,0
6000,0
6001,0
6002,0
6003,0
6004,0
6005,0
6006,0
6007,0
6008,1022
6009,1022
6010,1022
6011,1022
6012,1022
6013,1022
6014,1022
6015,1022
6016,1022
6017,1022
6018,1022
6019,1022
6020,0
6021,0
6022,0
6023,0
6024,0
6025,0
6026,0
6027,0
6028,0
6029,0
6030,0
6031,0
6032,1022
6033,1022
6034,1022
6035,1022
6036,1022
6037,1022
6038,1022
6039,1022
6040,1022
6041,1022
6042,1022
6043,1022
6044,0
6045,0
6046,0
6047,0
6048,0
6049,0
6050,0
6051,0
6052,0
6053,0
6054,0
6055,0
6056,1022
6057,1022
6058,1022
6059,1021
6060,1022
6061,1022
6062,1022
6063,1022
6064,1022
6065,1022
6066,1022
6067,1022
6068,0
6069,0
6070,0
6071,0
6072,0
6073,0
6074,0
6075,0
6076,0
6077,0
6078,0
6079,0
6080,1021
6081,1022
6082,1022
6083,1022
6084,1022
6085,1022
6086,1022
6087,1022
6088,1022
6089,1022
6090,1022
6091,1022
6092,0
6093,0
6094,0
6095,0
6096,0
6097,0
6098,0
6099,0
6100,0
6101,0
6102,0
6103,0
6104,1023
6105,1021
6106,1021
6107,1022
6108,1022
6109,1022
6110,1022
6111,1022
6112,1022
6113,1022
6114,1022
6115,1022
6116,0
6117,0
6118,0
6119,0
6120,0
6121,0
6122,0
6123,0
6124,0
6125,0
6126,0
6127,0
6128,1021
6129,1022
6130,1021
6131,1022
6132,1021
6133,1021
6134,1022
6135,1021
6136,1022
6137,1022
6138,1021
6139,1022
6140,0
6141,0
6142,0
6143,0
6144,0
6145,0
6146,0
6147,0
6148,0
6149,0
6150,0
6151,0
6152,1021
6153,1022
6154,1022
6155,1021
6156,1022
6157,1022
6158,1022
6159,1022
6160,1022
6161,1022
6162,1022
6163,1022
6164,0
6165,0
6166,0
6167,0
6168,0
6169,0
6170,0
6171,0
6172,0
6173,0
6174,0
6175,0
6176,1022
6177,1021
6178,1022
6179,1022
6180,1022
6181,1022
6182,1022
6183,1022
6184,1022
6185,1022
6186,1022
6187,1022
6188,0
6189,0
6190,0
6191,0
6192,0
6193,0
6194,0
6195,0
6196,0
6197,0
6198,0
6199,0
6200,1021
6201,1022
6202,1022
6203,1021
6204,1022
6205,1021
6206,1021
6207,1022
6208,1021
6209,1021
6210,1021
6211,1022
6212,0
6213,0
6214,0
6215,0
6216,0
6217,0
6218,0
6219,0
6220,0
6221,0
6222,0
6223,0
6224,1022
6225,1021
6226,1022
6227,1022
6228,1022
6229,1022
6230,1021
6231,1022
6232,1022
6233,1022
6234,1022
6235,1022
6236,0
6237,0
6238,0
6239,0
6240,0
6241,0
6242,0
6243,0
6244,0
6245,0
6246,0
6247,0
6248,1022
6249,1022
6250,1022
6251,1022
6252,1022
6253,1022
6254,1022
6255,1022
6256,1022
6257,1022
6258,1022
6259,1022
6260,0
6261,0
6262,0
6263,0
6264,0
6265,0
6266,0
6267,0
6268,0
6269,0
6270,0
6271,0
6272,1022
6273,1022
6274,1022
6275,1022
6276,1022
6277,1022
6278,1022
6279,1022
6280,1022
6281,1022
6282,1022
6283,1022
6284,0
6285,0
6286,0
6287,0
6288,0
6289,0
6290,0
6291,0
6292,0
6293,0
6294,0
6295,0
6296,1022
6297,1022
6298,1022
6299,1022
6300,1021
6301,1022
6302,1022
6303,1022
6304,1021
6305,1022
6306,1022
6307,1021
6308,0
6309,0
6310,0
6311,0
6312,0
6313,0
6314,0
6315,0
6316,0
6317,0
6318,0
6319,0
6320,1022
6321,1022
6322,1021
6323,1022
6324,1022
6325,1022
6326,1022
6327,1022
6328,1022
6329,1022
6330,1021
6331,1022
6332,0
6333,0
6334,0
6335,0
6336,0
6337,0
6338,0
6339,0
6340,0
6341,0
6342,0
6343,0
6344,1022
6345,1022
6346,1022
6347,1022
6348,1022
6349,1022
6350,1022
6351,1022
6352,1022
6353,1022
6354,1022
6355,1022
6356,0
6357,0
6358,0
6359,0
6360,0
6361,0
6362,0
6363,0
6364,0
6365,0
6366,0
6367,0
6368,1022
6369,1022
6370,1022
6371,1022
6372,1022
6373,1021
6374,1022
6375,1022
6376,1022
6377,1022
6378,1022
6379,1022
6380,0
6381,0
6382,0
6383,0
6384,0
6385,0
6386,0
6387,0
6388,0
6389,0
6390,0
6391,0
6392,1022
6393,1022
6394,1022
6395,1022
6396,1022
6397,1022
6398,1022
6399,1022
6400,1022
6401,1022
6402,1022
6403,1022
6404,0
6405,0
6406,0
6407,0
6408,0
6409,0
6410,0
6411,0
6412,0
6413,0
6414,0
6415,0
6416,1022
6417,1021
6418,1022
6419,1022
6420,1022
6421,1022
6422,1022
6423,1022
6424,1022
6425,1022
6426,1022
6427,1022
6428,0
6429,0
6430,0
6431,0
6432,0
6433,0
6434,0
6435,0
6436,0
6437,0
6438,0
6439,0
6440,1021
6441,1022
6442,1021
6443,1022
6444,1021
6445,1022
6446,1022
6447,1022
6448,1022
6449,1022
6450,1022
6451,1022
6452,0
6453,0
6454,0
6455,0
6456,0
6457,0
6458,0
6459,0
6460,0
6461,0
6462,0
6463,0
6464,1021
6465,1022
6466,1022
6467,1022
6468,1022
6469,1022
6470,1022
6471,1022
6472,1022
6473,1022
6474,1022
6475,1022
6476,0
6477,0
6478,0
6479,0
6480,0
6481,0
6482,0
6483,0
6484,0
6485,0
6486,0
6487,0
6488,1021
6489,1022
6490,1022
6491,1021
6492,1022
6493,1022
6494,1022
6495,1022
6496,1022
6497,1022
6498,1022
6499,1022
6500,0
6501,0
6502,0
6503,0
6504,0
6505,0
6506,0
6507,0
6508,0
6509,0
6510,0
6511,0
6512,1022
6513,1022
6514,1021
6515,1022
6516,1021
6517,1022
6518,1021
6519,1022
6520,1022
6521,1021
6522,1022
6523,1022
6524,0
6525,0
6526,0
6527,0
6528,0
6529,0
6530,0
6531,0
6532,0
6533,0
6534,0
6535,0
6536,1022
6537,1022
6538,1022
6539,1022
6540,1022
6541,1022
6542,1022
6543,1022
6544,1022
6545,1022
6546,1022
6547,1022
6548,0
6549,0
6550,0
6551,0
6552,0
6553,0
6554,0
6555,0
6556,0
6557,0
6558,0
6559,0
6560,1022
6561,1022
6562,1022
6563,1021
6564,1022
6565,1022
6566,1022
6567,1022
6568,1022
6569,1021
6570,1022
6571,1021
6572,0
6573,0
6574,0
6575,0
6576,0
6577,0
6578,0
6579,0
6580,0
6581,0
6582,0
6583,0
6584,1022
6585,1022
6586,1022
6587,1022
6588,1021
6589,1022
6590,1021
6591,1021
6592,1021
6593,1021
6594,1022
6595,1022
6596,0
6597,0
6598,0
6599,0
6600,0
6601,0
6602,0
6603,0
6604,0
6605,0
6606,0
6607,0
6608,1022
6609,1022
6610,1022
6611,1022
6612,1022
6613,1022
6614,1022
6615,1022
6616,1022
6617,1022
6618,1022
6619,1022
6620,0
6621,0
6622,0
6623,0
6624,0
6625,0
6626,0
6627,0
6628,0
6629,0
6630,0
6631,0
6632,1022
6633,1022
6634,1022
6635,1022
6636,1022
6637,1022
6638,1022
6639,1022
6640,1022
6641,1022
6642,1022
6643,1022
6644,0
6645,0
6646,0
6647,0
6648,0
6649,0
6650,0
6651,0
6652,0
6653,0
6654,0
6655,0
6656,1021
6657,1022
6658,1022
6659,1022
6660,1022
6661,1022
6662,1022
6663,1022
6664,1022
6665,1021
6666,1021
6667,1022
6668,0
6669,0
6670,0
6671,0
6672,0
6673,0
6674,0
6675,0
6676,0
6677,0
6678,0
6679,0
6680,1022
6681,1022
6682,1022
6683,1022
6684,1022
6685,1022
6686,1022
6687,1022
6688,1022
6689,1022
6690,1022
6691,1022
6692,0
6693,0
6694,0
6695,0
6696,0
6697,0
6698,0
6699,0
6700,0
6701,0
6702,0
6703,0
6704,1022
6705,1022
6706,1022
6707,1022
6708,1022
6709,1022
6710,1022
6711,1022
6712,1022
6713,1022
6714,1022
6715,1022
6716,0
6717,0
6718,0
6719,0
6720,0
6721,0
6722,0
6723,0
6724,0
6725,0
6726,0
6727,0
6728,1022
6729,1022
6730,1022
6731,1022
6732,1022
6733,1022
6734,1022
6735,1022
6736,1022
6737,1022
6738,1022
6739,1022
6740,0
6741,0
6742,0
6743,0
6744,0
6745,0
6746,0
6747,0
6748,0
6749,0
6750,0
6751,0
6752,1022
6753,1022
6754,1022
6755,1022
6756,1022
6757,1022
6758,1022
6759,1022
6760,1022
6761,1022
6762,1022
6763,1022
6764,0
6765,0
6766,0
6767,0
6768,0
6769,0
6770,0
6771,0
6772,0
6773,0
6774,0
6775,0
6776,1021
6777,1022
6778,1022
6779,1022
6780,1022
6781,1022
6782,1022
6783,1022
6784,1022
6785,1022
6786,1022
6787,1022
6788,0
6789,0
6790,0
6791,0
6792,0
6793,0
6794,0
6795,0
6796,0
6797,0
6798,0
6799,0
6800,1022
6801,1022
6802,1022
6803,1022
6804,1022
6805,1022
6806,1022
6807,1022
6808,1022
6809,1022
6810,1022
6811,1022
6812,0
6813,0
6814,0
6815,0
6816,0
6817,0
6818,0
6819,0
6820,0
6821,0
6822,0
6823,0
6824,1022
6825,1022
6826,1021
6827,1022
6828,1022
6829,1022
6830,1022
6831,1022
6832,1022
6833,1021
6834,1022
6835,1022
6836,0
6837,0
6838,0
6839,0
6840,0
6841,0
6842,0
6843,0
6844,0
6845,0
6846,0
6847,0
6848,1022
6849,1022
6850,1022
6851,1022
6852,1022
6853,1022
6854,1022
6855,1022
6856,1022
6857,1022
6858,1022
6859,1022
6860,0
6861,0
6862,0
6863,0
6864,0
6865,0
6866,0
6867,0
6868,0
6869,0
6870,0
6871,0
6872,1022
6873,1022
6874,1022
6875,1022
6876,1022
6877,1022
6878,1022
6879,1022
6880,1022
6881,1022
6882,1022
6883,1022
6884,0
6885,0
6886,0
6887,0
6888,0
6889,0
6890,0
6891,0
6892,0
6893,0
6894,0
6895,0
6896,1022
6897,1022
6898,1022
6899,1022
6900,1022
6901,1022
6902,1022
6903,1022
6904,1022
6905,1022
6906,1022
6907,1022
6908,0
6909,0
6910,0
6911,0
6912,0
6913,0
6914,0
6915,0
6916,0
6917,0
6918,0
6919,0
6920,1022
6921,1022
6922,1021
6923,1022
6924,1021
6925,1022
6926,1022
6927,1022
6928,1022
6929,1022
6930,1022
6931,1022
6932,0
6933,0
6934,0
6935,0
6936,0
6937,0
6938,0
6939,0
6940,0
6941,0
6942,0
6943,0
6944,1022
6945,1022
6946,1022
6947,1022
6948,1022
6949,1022
6950,1022
6951,1022
6952,1022
6953,1022
6954,1022
6955,1022
6956,0
6957,0
6958,0
6959,0
6960,0
6961,0
6962,0
6963,0
6964,0
6965,0
6966,0
6967,0
6968,1022
6969,1022
6970,1021
6971,1022
6972,1022
6973,1022
6974,1022
6975,1022
6976,1021
6977,1022
6978,1022
6979,1021
6980,0
6981,0
6982,0
6983,0
6984,0
6985,0
6986,0
6987,0
6988,0
6989,0
6990,0
6991,0
6992,1022
6993,1022
6994,1022
6995,1022
6996,1022
6997,1022
6998,1022
6999,1022
7000,1022
7001,1022
7002,1022
7003,1022
7004,0
7005,0
7006,0
7007,0
7008,0
7009,0
7010,0
7011,0
7012,0
7013,0
7014,0
7015,0
7016,1021
7017,1022
7018,1022
7019,1022
7020,1022
7021,1022
7022,1022
7023,1022
7024,1022
7025,1022
7026,1021
7027,1022
7028,0
7029,0
7030,0
7031,0
7032,0
7033,0
7034,0
7035,0
7036,0
7037,0
7038,0
7039,0
7040,1021
7041,1022
7042,1022
7043,1022
7044,1022
7045,1022
7046,1021
7047,1022
7048,1021
7049,1021
7050,1022
7051,1022
7052,0
7053,0
7054,0
7055,0
7056,0
7057,0
7058,0
7059,0
7060,0
7061,0
7062,0
7063,0
7064,1022
7065,1022
7066,1022
7067,1021
7068,1022
7069,1022
7070,1022
7071,1022
7072,1022
7073,1022
7074,1022
7075,1022
7076,0
7077,0
7078,0
7079,0
7080,0
7081,0
7082,0
7083,0
7084,0
7085,0
7086,0
7087,0
7088,1022
7089,1022
7090,1022
7091,1022
7092,1022
7093,1022
7094,1022
7095,1022
7096,1022
7097,1022
7098,1022
7099,1022
7100,0
7101,0
7102,0
7103,0
7104,0
7105,0
7106,0
7107,0
7108,0
7109,0
7110,0
7111,0
7112,1022
7113,1022
7114,1022
7115,1022
7116,1021
7117,1022
7118,1022
7119,1021
7120,1022
7121,1022
7122,1022
7123,1021
7124,0
7125,0
7126,0
7127,0
7128,0
7129,0
7130,0
7131,0
7132,0
7133,0
7134,0
7135,0
7136,1020
7137,1022
7138,1022
7139,1022
7140,1022
7141,1022
7142,1022
7143,1022
7144,1022
7145,1022
7146,1022
7147,1022
7148,0
7149,0
7150,0
7151,0
7152,0
7153,0
7154,0
7155,0
7156,0
7157,0
7158,0
7159,0
7160,1022
7161,1021
7162,1022
7163,1022
7164,1022
7165,1022
7166,1022
7167,1022
7168,1022
7169,1021
7170,1022
7171,1022
7172,0
7173,0
7174,0
7175,0
7176,0
7177,0
7178,0
7179,0
7180,0
7181,0
7182,0
7183,0
7184,1022
7185,1021
7186,1022
7187,1021
7188,1021
7189,1022
7190,1021
7191,1022
7192,1021
7193,1022
7194,1022
7195,1021
7196,0
7197,0
7198,0
7199,0
7200,0
7201,0
7202,0
7203,0
7204,0
7205,0
7206,0
7207,0
7208,1021
7209,1021
7210,1022
7211,1021
7212,1022
7213,1022
7214,1020
7215,1022
7216,1022
7217,1022
7218,1023
7219,1022
7220,0
7221,0
7222,0
7223,0
7224,0
7225,0
7226,0
7227,0
7228,0
7229,0
7230,0
7231,0
7232,1021
7233,1022
7234,1022
7235,1022
7236,1022
7237,1022
7238,1022
7239,1022
7240,1022
7241,1022
7242,1022
7243,1022
7244,0
7245,0
7246,0
7247,0
7248,0
7249,0
7250,0
7251,0
7252,0
7253,0
7254,0
7255,0
7256,1022
7257,1023
7258,1022
7259,1022
7260,1022
7261,1022
7262,1022
7263,1023
7264,1022
7265,1022
7266,1022
7267,1022
7268,0
7269,0
7270,0
7271,0
7272,0
7273,0
7274,0
7275,0
7276,0
7277,0
7278,0
7279,0
7280,1022
7281,1022
7282,1022
7283,1022
7284,1022
7285,1022
7286,1021
7287,1021
7288,1022
7289,1021
7290,1022
7291,1022
7292,0
7293,0
7294,0
7295,0
7296,0
7297,0
7298,0
7299,0
7300,0
7301,0
7302,0
7303,0
7304,1022
7305,1022
7306,1022
7307,1022
7308,1022
7309,1022
7310,1022
7311,1022
7312,1022
7313,1022
7314,1022
7315,1022
7316,0
7317,0
7318,0
7319,0
7320,0
7321,0
7322,0
7323,0
7324,0
7325,0
7326,0
7327,0
7328,1021
7329,1022
7330,1022
7331,1022
7332,1022
7333,1022
7334,1022
7335,1022
7336,1022
7337,1022
7338,1022
7339,1022
7340,0
7341,0
7342,0
7343,0
7344,0
7345,0
7346,0
7347,0
7348,0
7349,0
7350,0
7351,0
7352,1022
7353,1022
7354,1022
7355,1022
7356,1022
7357,1022
7358,1023
7359,1022
7360,1022
7361,1021
7362,1022
7363,1022
7364,0
7365,0
7366,0
7367,0
7368,0
7369,0
7370,0
7371,0
7372,0
7373,0
7374,0
7375,0
7376,1022
7377,1022
7378,1022
7379,1022
7380,1022
7381,1022
7382,1022
7383,1022
7384,1022
7385,1022
7386,1022
7387,1022
7388,0
7389,0
7390,0
7391,0
7392,0
7393,0
7394,0
7395,0
7396,0
7397,0
7398,0
7399,0
7400,1022
7401,1022
7402,1022
7403,1022
7404,1022
7405,1022
7406,1022
7407,1022
7408,1022
7409,1022
7410,1022
7411,1022
7412,0
7413,0
7414,0
7415,0
7416,0
7417,0
7418,0
7419,0
7420,0
7421,0
7422,0
7423,0
7424,1021
7425,1022
7426,1022
7427,1022
7428,1022
7429,1022
7430,1022
7431,1023
7432,1022
7433,1022
7434,1022
7435,1022
7436,0
7437,0
7438,0
7439,0
7440,0
7441,0
7442,0
7443,0
7444,0
7445,0
7446,0
7447,0
7448,1022
7449,1022
7450,1022
7451,1022
7452,1022
7453,1022
7454,1022
7455,1022
7456,1022
7457,1022
7458,1022
7459,1022
7460,0
7461,0
7462,0
7463,0
7464,0
7465,0
7466,0
7467,0
7468,0
7469,0
7470,0
7471,0
7472,1021
7473,1022
7474,1022
7475,1022
7476,1022
7477,1021
7478,1022
7479,1022
7480,1022
7481,1022
7482,1022
7483,1022
7484,0
7485,0
7486,0
7487,0
7488,0
7489,0
7490,0
7491,0
7492,0
7493,0
7494,0
7495,0
7496,1022
7497,1022
7498,1022
7499,1021
7500,1021
7501,1022
7502,1022
7503,1022
7504,1022
7505,1022
7506,1022
7507,1022
7508,0
7509,0
7510,0
7511,0
7512,0
7513,0
7514,0
7515,0
7516,0
7517,0
7518,0
7519,0
7520,1023
7521,1022
7522,1022
7523,1022
7524,1022
7525,1022
7526,1022
7527,1022
7528,1022
7529,1022
7530,1022
7531,1022
7532,0
7533,0
7534,0
7535,0
7536,0
7537,0
7538,0
7539,0
7540,0
7541,0
7542,0
7543,0
7544,1022
7545,1022
7546,1022
7547,1022
7548,1022
7549,1022
7550,1022
7551,1022
7552,1022
7553,1022
7554,1022
7555,1022
7556,0
7557,0
7558,0
7559,0
7560,0
7561,0
7562,0
7563,0
7564,0
7565,0
7566,0
7567,0
7568,1021
7569,1022
7570,1022
7571,1022
7572,1022
7573,1022
7574,1021
7575,1022
7576,1022
7577,1022
7578,1022
7579,1022
7580,0
7581,0
7582,0
7583,0
7584,0
7585,0
7586,0
7587,0
7588,0
7589,0
7590,0
7591,0
7592,1021
7593,1022
7594,1021
7595,1022
7596,1022
7597,1022
7598,1022
7599,1022
7600,1022
7601,1022
7602,1022
7603,1022
7604,0
7605,0
7606,0
7607,0
7608,0
7609,0
7610,0
7611,0
7612,0
7613,0
7614,0
7615,0
7616,1021
7617,1022
7618,1022
7619,1022
7620,1022
7621,1022
7622,1022
7623,1022
7624,1022
7625,1022
7626,1022
7627,1022
7628,0
7629,0
7630,0
7631,0
7632,0
7633,0
7634,0
7635,0
7636,0
7637,0
7638,0
7639,0
7640,1022
7641,1021
7642,1022
7643,1021
7644,1022
7645,1021
7646,1022
7647,1021
7648,1022
7649,1022
7650,1022
7651,1023
7652,0
7653,0
7654,0
7655,0
7656,0
7657,0
7658,0
7659,0
7660,0
7661,0
7662,0
7663,0
7664,1022
7665,1022
7666,1022
7667,1022
7668,1022
7669,1022
7670,1022
7671,1022
7672,1022
7673,1021
7674,1022
7675,1022
7676,0
7677,0
7678,0
7679,0
7680,0
7681,0
7682,0
7683,0
7684,0
7685,0
7686,0
7687,0
7688,1022
7689,1022
7690,1022
7691,1022
7692,1022
7693,1022
7694,1022
7695,1022
7696,1022
7697,1022
7698,1022
7699,1022
7700,0
7701,0
7702,0
7703,0
7704,0
7705,0
7706,0
7707,0
7708,0
7709,0
7710,0
7711,0
7712,1022
7713,1022
7714,1022
7715,1022
7716,1022
7717,1022
7718,1022
7719,1022
7720,1022
7721,1022
7722,1022
7723,1022
7724,0
7725,0
7726,0
7727,0
7728,0
7729,0
7730,0
7731,0
7732,0
7733,0
7734,0
7735,0
7736,1022
7737,1022
7738,1022
7739,1022
7740,1022
7741,1021
7742,1021
7743,1022
7744,1021
7745,1021
7746,1021
7747,1022
7748,0
7749,0
7750,0
7751,0
7752,0
7753,0
7754,0
7755,0
7756,0
7757,0
7758,0
7759,0
7760,1023
7761,1022
7762,1022
7763,1022
7764,1022
7765,1022
7766,1022
7767,1022
7768,1022
7769,1022
7770,1022
7771,1022
7772,0
7773,0
7774,0
7775,0
7776,0
7777,0
7778,0
7779,0
7780,0
7781,0
7782,0
7783,0
7784,1022
7785,1021
7786,1022
7787,1022
7788,1023
7789,1022
7790,1022
7791,1022
7792,1022
7793,1022
7794,1022
7795,1022
7796,0
7797,0
7798,0
7799,0
7800,0
7801,0
7802,0
7803,0
7804,0
7805,0
7806,0
7807,0
7808,1022
7809,1022
7810,1022
7811,1022
7812,1022
7813,1022
7814,1022
7815,1021
7816,1022
7817,1021
7818,1021
7819,1022
7820,0
7821,0
7822,0
7823,0
7824,0
7825,0
7826,0
7827,0
7828,0
7829,0
7830,0
7831,0
7832,1022
7833,1022
7834,1022
7835,1022
7836,1022
7837,1022
7838,1022
7839,1022
7840,1022
7841,1022
7842,1022
7843,1022
7844,0
7845,0
7846,0
7847,0
7848,0
7849,0
7850,0
7851,0
7852,0
7853,0
7854,0
7855,0
7856,1022
7857,1022
7858,1022
7859,1022
7860,1022
7861,1022
7862,1022
7863,1022
7864,1022
7865,1022
7866,1022
7867,1022
7868,0
7869,0
7870,0
7871,0
7872,0
7873,0
7874,0
7875,0
7876,0
7877,0
7878,0
7879,0
7880,1022
7881,1022
7882,1022
7883,1022
7884,1022
7885,1022
7886,1022
7887,1022
7888,1022
7889,1022
7890,1022
7891,1022
7892,0
7893,0
7894,0
7895,0
7896,0
7897,0
7898,0
7899,0
7900,0
7901,0
7902,0
7903,0
7904,1022
7905,1022
7906,1022
7907,1022
7908,1022
7909,1022
7910,1022
7911,1023
7912,1022
7913,1022
7914,1022
7915,1022
7916,0
7917,0
7918,0
7919,0
7920,0
7921,0
7922,0
7923,0
7924,0
7925,0
7926,0
7927,0
7928,1022
7929,1022
7930,1022
7931,1022
7932,1022
7933,1022
7934,1022
7935,1021
7936,1022
7937,1022
7938,1022
7939,1022
7940,0
7941,0
7942,0
7943,0
7944,0
7945,0
7946,0
7947,0
7948,0
7949,0
7950,0
7951,0
7952,1021
7953,1022
7954,1022
7955,1022
7956,1022
7957,1022
7958,1022
7959,1022
7960,1022
7961,1022
7962,1022
7963,1022
7964,0
7965,0
7966,0
7967,0
7968,0
7969,0
7970,0
7971,0
7972,0
7973,0
7974,0
7975,0
7976,1021
7977,1021
7978,1022
7979,1021
7980,1022
7981,1021
7982,1022
7983,1022
7984,1022
7985,1022
7986,1022
7987,1022
7988,0
7989,0
7990,0
7991,0
7992,0
7993,0
7994,0
7995,0
7996,0
7997,0
7998,0
7999,0
8000,1021
8001,1022
8002,1022
8003,1022
8004,1022
8005,1022
8006,1022
8007,1022
8008,1022
8009,1022
8010,1022
8011,1022
8012,0
8013,0
8014,0
8015,0
8016,0
8017,0
8018,0
8019,0
8020,0
8021,0
8022,0
8023,0
8024,1021
8025,1021
8026,1022
8027,1022
8028,1022
8029,1022
8030,1022
8031,1022
8032,1022
8033,1022
8034,1022
8035,1022
8036,0
8037,0
8038,0
8039,0
8040,0
8041,0
8042,0
8043,0
8044,0
8045,0
8046,0
8047,0
8048,1021
8049,1021
8050,1022
8051,1022
8052,1022
8053,1022
8054,1022
8055,1022
8056,1021
8057,1021
8058,1022
8059,1022
8060,0
8061,0
8062,0
8063,0
8064,0
8065,0
8066,0
8067,0
8068,0
8069,0
8070,0
8071,0
8072,1022
8073,1022
8074,1022
8075,1022
8076,1022
8077,1022
8078,1022
8079,1022
8080,1022
8081,1022
8082,1022
8083,1022
8084,0
8085,0
8086,0
8087,0
8088,0
8089,0
8090,0
8091,0
8092,0
8093,0
8094,0
8095,0
8096,1022
8097,1022
8098,1022
8099,1021
8100,1022
8101,1022
8102,1022
8103,1022
8104,1022
8105,1022
8106,1022
8107,1022
8108,0
8109,0
8110,0
8111,0
8112,0
8113,0
8114,0
8115,0
8116,0
8117,0
8118,0
8119,0
8120,1022
8121,1022
8122,1022
8123,1022
8124,1022
8125,1021
8126,1022
8127,1021
8128,1022
8129,1021
8130,1022
8131,1022
8132,0
8133,0
8134,0
8135,0
8136,0
8137,0
8138,0
8139,0
8140,0
8141,0
8142,0
8143,0
8144,1022
8145,1022
8146,1022
8147,1022
8148,1022
8149,1022
8150,1022
8151,1022
8152,1021
8153,1021
8154,1022
8155,1022
8156,0
8157,0
8158,0
8159,0
8160,0
8161,0
8162,0
8163,0
8164,0
8165,0
8166,0
8167,0
8168,1022
8169,1022
8170,1022
8171,1022
8172,1022
8173,1022
8174,1022
8175,1022
8176,1022
8177,1022
8178,1022
8179,1021
8180,0
8181,0
8182,0
8183,0
8184,0
8185,0
8186,0
8187,0
8188,0
8189,0
8190,0
8191,0
8192,1022
8193,1022
8194,1022
8195,1022
8196,1022
8197,1022
8198,1022
8199,1022
8200,1021
8201,1022
8202,1022
8203,1022
8204,0
8205,0
8206,0
8207,0
8208,0
8209,0
8210,0
8211,0
8212,0
8213,0
8214,0
8215,0
8216,1021
8217,1022
8218,1022
8219,1022
8220,1022
8221,1022
8222,1022
8223,1022
8224,1022
8225,1022
8226,1022
8227,1022
8228,0
8229,0
8230,0
8231,0
8232,0
8233,0
8234,0
8235,0
8236,0
8237,0
8238,0
8239,0
8240,1022
8241,1022
8242,1022
8243,1022
8244,1022
8245,1022
8246,1022
8247,1022
8248,1022
8249,1022
8250,1021
8251,1022
8252,0
8253,0
8254,0
8255,0
8256,0
8257,0
8258,0
8259,0
8260,0
8261,0
8262,0
8263,0
8264,1022
8265,1022
8266,1022
8267,1021
8268,1022
8269,1022
8270,1022
8271,1022
8272,1022
8273,1022
8274,1022
8275,1022
8276,0
8277,0
8278,0
8279,0
8280,0
8281,0
8282,0
8283,0
8284,0
8285,0
8286,0
8287,0
8288,1022
8289,1022
8290,1022
8291,1022
8292,1022
8293,1022
8294,1022
8295,1022
8296,1022
8297,1022
8298,1022
8299,1022
8300,0
8301,0
8302,0
8303,0
8304,0
8305,0
8306,0
8307,0
8308,0
8309,0
8310,0
8311,0
8312,1022
8313,1022
8314,1022
8315,1022
8316,1021
8317,1022
8318,1022
8319,1022
8320,1022
8321,1022
8322,1022
8323,1022
8324,0
8325,0
8326,0
8327,0
8328,0
8329,0
8330,0
8331,0
8332,0
8333,0
8334,0
8335,0
8336,1022
8337,1022
8338,1022
8339,1021
8340,1022
8341,1022
8342,1021
8343,1022
8344,1022
8345,1022
8346,1022
8347,1022
8348,0
8349,0
8350,0
8351,0
8352,0
8353,0
8354,0
8355,0
8356,0
8357,0
8358,0
8359,0
8360,1022
8361,1022
8362,1022
8363,1022
8364,1022
8365,1022
8366,1022
8367,1022
8368,1022
8369,1022
8370,1022
8371,1022
8372,0
8373,0
8374,0
8375,0
8376,0
8377,0
8378,0
8379,0
8380,0
8381,0
8382,0
8383,0
8384,1021
8385,1022
8386,1022
8387,1022
8388,1022
8389,1022
8390,1022
8391,1022
8392,1022
8393,1022
8394,1021
8395,1022
8396,0
8397,0
8398,0
8399,0
8400,0
8401,0
8402,0
8403,0
8404,0
8405,0
8406,0
8407,0
8408,1022
8409,1022
8410,1022
8411,1022
8412,1022
8413,1022
8414,1022
8415,1022
8416,1022
8417,1022
8418,1022
8419,1022
8420,0
8421,0
8422,0
8423,0
8424,0
8425,0
8426,0
8427,0
8428,0
8429,0
8430,0
8431,0
8432,1022
8433,1022
8434,1022
8435,1022
8436,1022
8437,1022
8438,1022
8439,1021
8440,1022
8441,1021
8442,1022
8443,1022
8444,0
8445,0
8446,0
8447,0
8448,0
8449,0
8450,0
8451,0
8452,0
8453,0
8454,0
8455,0
8456,1021
8457,1021
8458,1021
8459,1021
8460,1021
8461,1021
8462,1021
8463,1022
8464,1022
8465,1022
8466,1022
8467,1022
8468,0
8469,0
8470,0
8471,0
8472,0
8473,0
8474,0
8475,0
8476,0
8477,0
8478,0
8479,0
8480,1022
8481,1022
8482,1022
8483,1022
8484,1021
8485,1022
8486,1022
8487,1022
8488,1022
8489,1022
8490,1022
8491,1022
8492,0
8493,0
8494,0
8495,0
8496,0
8497,0
8498,0
8499,0
8500,0
8501,0
8502,0
8503,0
8504,1022
8505,1022
8506,1022
8507,1022
8508,1022
8509,1022
8510,1023
8511,1022
8512,1022
8513,1022
8514,1022
8515,1022
8516,0
8517,0
8518,0
8519,0
8520,0
8521,0
8522,0
8523,0
8524,0
8525,0
8526,0
8527,0
8528,1022
8529,1022
8530,1022
8531,1022
8532,1022
8533,1022
8534,1021
8535,1021
8536,1022
8537,1022
8538,1022
8539,1022
8540,0
8541,0
8542,0
8543,0
8544,0
8545,0
8546,0
8547,0
8548,0
8549,0
8550,0
8551,0
8552,1022
8553,1021
8554,1022
8555,1021
8556,1022
8557,1021
8558,1021
8559,1022
8560,1021
8561,1022
8562,1022
8563,1022
8564,0
8565,0
8566,0
8567,0
8568,0
8569,0
8570,0
8571,0
8572,0
8573,0
8574,0
8575,0
8576,1022
8577,1022
8578,1022
8579,1022
8580,1022
8581,1022
8582,1022
8583,1022
8584,1022
8585,1022
8586,1022
8587,1022
8588,0
8589,0
8590,0
8591,0
8592,0
8593,0
8594,0
8595,0
8596,0
8597,0
8598,0
8599,0
8600,1022
8601,1022
8602,1022
8603,1022
8604,1022
8605,1022
8606,1022
8607,1022
8608,1022
8609,1022
8610,1022
8611,1021
8612,0
8613,0
8614,0
8615,0
8616,0
8617,0
8618,0
8619,0
8620,0
8621,0
8622,0
8623,0
8624,1022
8625,1022
8626,1022
8627,1022
8628,1022
8629,1022
8630,1022
8631,1022
8632,1022
8633,1022
8634,1021
8635,1022
8636,0
8637,0
8638,0
8639,0
8640,0
8641,0
8642,0
8643,0
8644,0
8645,0
8646,0
8647,0
8648,1022
8649,1022
8650,1021
8651,1021
8652,1022
8653,1021
8654,1022
8655,1021
8656,1022
8657,1022
8658,1022
8659,1022
8660,0
8661,0
8662,0
8663,0
8664,0
8665,0
8666,0
8667,0
8668,0
8669,0
8670,0
8671,0
8672,1022
8673,1022
8674,1022
8675,1022
8676,1022
8677,1022
8678,1022
8679,1022
8680,1022
8681,1022
8682,1022
8683,1022
8684,0
8685,0
8686,0
8687,0
8688,0
8689,0
8690,0
8691,0
8692,0
8693,0
8694,0
8695,0
8696,1022
8697,1023
8698,1022
8699,1022
8700,1022
8701,1022
8702,1022
8703,1022
8704,1022
8705,1021
8706,1022
8707,1021
8708,0
8709,0
8710,0
8711,0
8712,0
8713,0
8714,0
8715,0
8716,0
8717,0
8718,0
8719,0
8720,1021
8721,1022
8722,1022
8723,1022
8724,1022
8725,1022
8726,1022
8727,1022
8728,1022
8729,1022
8730,1022
8731,1022
8732,0
8733,0
8734,0
8735,0
8736,0
8737,0
8738,0
8739,0
8740,0
8741,0
8742,0
8743,0
8744,1022
8745,1021
8746,1021
8747,1021
8748,1022
8749,1022
8750,1022
8751,1022
8752,1022
8753,1022
8754,1022
8755,1022
8756,0
8757,0
8758,0
8759,0
8760,0
8761,0
8762,0
8763,0
8764,0
8765,0
8766,0
8767,0
8768,1022
8769,1022
8770,1022
8771,1022
8772,1022
8773,1022
8774,1022
8775,1022
8776,1022
8777,1022
8778,1022
8779,1021
8780,0
8781,0
8782,0
8783,0
8784,0
8785,0
8786,0
8787,0
8788,0
8789,0
8790,0
8791,0
8792,1022
8793,1022
8794,1022
8795,1022
8796,1022
8797,1022
8798,1022
8799,1022
8800,1022
8801,1022
8802,1022
8803,1022
8804,0
8805,0
8806,0
8807,0
8808,0
8809,0
8810,0
8811,0
8812,0
8813,0
8814,0
8815,0
8816,1022
8817,1022
8818,1022
8819,1022
8820,1022
8821,1022
8822,1022
8823,1022
8824,1022
8825,1022
8826,1021
8827,1021
8828,0
8829,0
8830,0
8831,0
8832,0
8833,0
8834,0
8835,0
8836,0
8837,0
8838,0
8839,0
8840,1021
8841,1021
8842,1021
8843,1021
8844,1021
8845,1021
8846,1022
8847,1022
8848,1021
8849,1022
8850,1021
8851,1022
8852,0
8853,0
8854,0
8855,0
8856,0
8857,0
8858,0
8859,0
8860,0
8861,0
8862,0
8863,0
8864,1022
8865,1021
8866,1022
8867,1022
8868,1022
8869,1023
8870,1022
8871,1022
8872,1022
8873,1022
8874,1022
8875,1022
8876,0
8877,0
8878,0
8879,0
8880,0
8881,0
8882,0
8883,0
8884,0
8885,0
8886,0
8887,0
8888,1022
8889,1022
8890,1022
8891,1022
8892,1022
8893,1022
8894,1022
8895,1022
8896,1022
8897,1022
8898,1022
8899,1022
8900,0
8901,0
8902,0
8903,0
8904,0
8905,0
8906,0
8907,0
8908,0
8909,0
8910,0
8911,0
8912,1022
8913,1021
8914,1022
8915,1022
8916,1022
8917,1022
8918,1021
8919,1022
8920,1021
8921,1022
8922,1022
8923,1022
8924,0
8925,0
8926,0
8927,0
8928,0
8929,0
8930,0
8931,0
8932,0
8933,0
8934,0
8935,0
8936,1022
8937,1021
8938,1021
8939,1022
8940,1021
8941,1021
8942,1021
8943,1022
8944,1022
8945,1021
8946,1022
8947,1022
8948,0
8949,0
8950,0
8951,0
8952,0
8953,0
8954,0
8955,0
8956,0
8957,0
8958,0
8959,0
8960,1022
8961,1022
8962,1022
8963,1022
8964,1022
8965,1022
8966,1022
8967,1022
8968,1022
8969,1022
8970,1022
8971,1022
8972,0
8973,0
8974,0
8975,0
8976,0
8977,0
8978,0
8979,0
8980,0
8981,0
8982,0
8983,0
8984,1021
8985,1022
8986,1022
8987,1022
8988,1022
8989,1022
8990,1022
8991,1022
8992,1022
8993,1022
8994,1022
8995,1022
8996,0
8997,0
8998,0
8999,0
9000,0
9001,0
9002,0
9003,0
9004,0
9005,0
9006,0
9007,0
9008,1021
9009,1022
9010,1022
9011,1022
9012,1022
9013,1022
9014,1022
9015,1022
9016,1022
9017,1022
9018,1022
9019,1022
9020,0
9021,0
9022,0
9023,0
9024,0
9025,0
9026,0
9027,0
9028,0
9029,0
9030,0
9031,0
9032,1022
9033,1022
9034,1021
9035,1021
9036,1021
9037,1021
9038,1021
9039,1022
9040,1021
9041,1021
9042,1022
9043,1022
9044,0
9045,0
9046,0
9047,0
9048,0
9049,0
9050,0
9051,0
9052,0
9053,0
9054,0
9055,0
9056,1021
9057,1022
9058,1022
9059,1022
9060,1022
9061,1022
9062,1022
9063,1022
9064,1022
9065,1022
9066,1021
9067,1021
9068,0
9069,0
9070,0
9071,0
9072,0
9073,0
9074,0
9075,0
9076,0
9077,0
9078,0
9079,0
9080,1022
9081,1022
9082,1022
9083,1022
9084,1022
9085,1022
9086,1022
9087,1022
9088,1022
9089,1021
9090,1022
9091,1022
9092,0
9093,0
9094,0
9095,0
9096,0
9097,0
9098,0
9099,0
9100,0
9101,0
9102,0
9103,0
9104,1022
9105,1021
9106,1022
9107,1022
9108,1022
9109,1021
9110,1022
9111,1022
9112,1022
9113,1021
9114,1022
9115,1022
9116,0
9117,0
9118,0
9119,0
9120,0
9121,0
9122,0
9123,0
9124,0
9125,0
9126,0
9127,0
9128,1022
9129,1021
9130,1021
9131,1021
9132,1022
9133,1021
9134,1022
9135,1022
9136,1022
9137,1022
9138,1022
9139,1022
9140,0
9141,0
9142,0
9143,0
9144,0
9145,0
9146,0
9147,0
9148,0
9149,0
9150,0
9151,0
9152,1021
9153,1022
9154,1022
9155,1022
9156,1022
9157,1022
9158,1022
9159,1022
9160,1021
9161,1022
9162,1022
9163,1022
9164,0
9165,0
9166,0
9167,0
9168,0
9169,0
9170,0
9171,0
9172,0
9173,0
9174,0
9175,0
9176,1022
9177,1022
9178,1022
9179,1022
9180,1022
9181,1022
9182,1022
9183,1022
9184,1022
9185,1022
9186,1022
9187,1022
9188,0
9189,0
9190,0
9191,0
9192,0
9193,0
9194,0
9195,0
9196,0
9197,0
9198,0
9199,0
9200,1021
9201,1022
9202,1022
9203,1022
9204,1022
9205,1021
9206,1022
9207,1022
9208,1022
9209,1021
9210,1022
9211,1021
9212,0
9213,0
9214,0
9215,0
9216,0
9217,0
9218,0
9219,0
9220,0
9221,0
9222,0
9223,0
9224,1021
9225,1021
9226,1021
9227,1021
9228,1021
9229,1021
9230,1022
9231,1021
9232,1022
9233,1022
9234,1021
9235,1022
9236,0
9237,0
9238,0
9239,0
9240,0
9241,0
9242,0
9243,0
9244,0
9245,0
9246,0
9247,0
9248,1021
9249,1022
9250,1022
9251,1022
9252,1022
9253,1022
9254,1022
9255,1022
9256,1022
9257,1022
9258,1022
9259,1022
9260,0
9261,0
9262,0
9263,0
9264,0
9265,0
9266,0
9267,0
9268,0
9269,0
9270,0
9271,0
9272,1022
9273,1022
9274,1022
9275,1022
9276,1021
9277,1022
9278,1022
9279,1022
9280,1022
9281,1022
9282,1022
9283,1022
9284,0
9285,0
9286,0
9287,0
9288,0
9289,0
9290,0
9291,0
9292,0
9293,0
9294,0
9295,0
9296,1022
9297,1021
9298,1022
9299,1022
9300,1022
9301,1022
9302,1022
9303,1022
9304,1022
9305,1022
9306,1022
9307,1022
9308,0
9309,0
9310,0
9311,0
9312,0
9313,0
9314,0
9315,0
9316,0
9317,0
9318,0
9319,0
9320,1022
9321,1022
9322,1021
9323,1021
9324,1022
9325,1021
9326,1021
9327,1022
9328,1021
9329,1022
9330,1022
9331,1022
9332,0
9333,0
9334,0
9335,0
9336,0
9337,0
9338,0
9339,0
9340,0
9341,0
9342,0
9343,0
9344,1021
9345,1022
9346,1022
9347,1022
9348,1022
9349,1022
9350,1022
9351,1022
9352,1022
9353,1022
9354,1022
9355,1022
9356,0
9357,0
9358,0
9359,0
9360,0
9361,0
9362,0
9363,0
9364,0
9365,0
9366,0
9367,0
9368,1022
9369,1022
9370,1022
9371,1022
9372,1022
9373,1022
9374,1022
9375,1022
9376,1022
9377,1022
9378,1022
9379,1022
9380,0
9381,0
9382,0
9383,0
9384,0
9385,0
9386,0
9387,0
9388,0
9389,0
9390,0
9391,0
9392,1022
9393,1022
9394,1022
9395,1022
9396,1022
9397,1022
9398,1022
9399,1022
9400,1021
9401,1022
9402,1022
9403,1022
9404,0
9405,0
9406,0
9407,0
9408,0
9409,0
9410,0
9411,0
9412,0
9413,0
9414,0
9415,0
9416,1022
9417,1021
9418,1022
9419,1021
9420,1021
9421,1021
9422,1022
9423,1022
9424,1021
9425,1022
9426,1022
9427,1022
9428,0
9429,0
9430,0
9431,0
9432,0
9433,0
9434,0
9435,0
9436,0
9437,0
9438,0
9439,0
9440,1021
9441,1022
9442,1022
9443,1022
9444,1022
9445,1022
9446,1022
9447,1022
9448,1022
9449,1022
9450,1022
9451,1022
9452,0
9453,0
9454,0
9455,0
9456,0
9457,0
9458,0
9459,0
9460,0
9461,0
9462,0
9463,0
9464,1022
9465,1022
9466,1022
9467,1022
9468,1022
9469,1022
9470,1022
9471,1022
9472,1022
9473,1022
9474,1022
9475,1022
9476,0
9477,0
9478,0
9479,0
9480,0
9481,0
9482,0
9483,0
9484,0
9485,0
9486,0
9487,0
9488,1022
9489,1021
9490,1022
9491,1022
9492,1022
9493,1022
9494,1022
9495,1022
9496,1022
9497,1022
9498,1022
9499,1022
9500,0
9501,0
9502,0
9503,0
9504,0
9505,0
9506,0
9507,0
9508,0
9509,0
9510,0
9511,0
9512,1022
9513,1022
9514,1021
9515,1021
9516,1022
9517,1022
9518,1022
9519,1022
9520,1022
9521,1022
9522,1022
9523,1022
9524,0
9525,0
9526,0
9527,0
9528,0
9529,0
9530,0
9531,0
9532,0
9533,0
9534,0
9535,0
9536,1022
9537,1022
9538,1022
9539,1022
9540,1022
9541,1022
9542,1022
9543,1022
9544,1022
9545,1022
9546,1022
9547,1022
9548,0
9549,0
9550,0
9551,0
9552,0
9553,0
9554,0
9555,0
9556,0
9557,0
9558,0
9559,0
9560,1022
9561,1022
9562,1021
9563,1021
9564,1022
9565,1022
9566,1022
9567,1022
9568,1022
9569,1022
9570,1022
9571,1022
9572,0
9573,0
9574,0
9575,0
9576,0
9577,0
9578,0
9579,0
9580,0
9581,0
9582,0
9583,0
9584,1022
9585,1022
9586,1021
9587,1021
9588,1022
9589,1022
9590,1021
9591,1022
9592,1021
9593,1021
9594,1022
9595,1022
9596,0
9597,0
9598,0
9599,0
9600,0
9601,0
9602,0
9603,0
9604,0
9605,0
9606,0
9607,0
9608,1022
9609,1022
9610,1022
9611,1022
9612,1022
9613,1022
9614,1022
9615,1022
9616,1022
9617,1022
9618,1022
9619,1022
9620,0
9621,0
9622,0
9623,0
9624,0
9625,0
9626,0
9627,0
9628,0
9629,0
9630,0
9631,0
9632,1022
9633,1022
9634,1022
9635,1022
9636,1022
9637,1022
9638,1022
9639,1022
9640,1022
9641,1022
9642,1022
9643,1022
9644,0
9645,0
9646,0
9647,0
9648,0
9649,0
9650,0
9651,0
9652,0
9653,0
9654,0
9655,0
9656,1022
9657,1022
9658,1022
9659,1022
9660,1022
9661,1022
9662,1021
9663,1022
9664,1022
9665,1021
9666,1021
9667,1022
9668,0
9669,0
9670,0
9671,0
9672,0
9673,0
9674,0
9675,0
9676,0
9677,0
9678,0
9679,0
9680,1022
9681,1021
9682,1022
9683,1022
9684,1022
9685,1022
9686,1022
9687,1022
9688,1022
9689,1022
9690,1022
9691,1022
9692,0
9693,0
9694,0
9695,0
9696,0
9697,0
9698,0
9699,0
9700,0
9701,0
9702,0
9703,0
9704,1022
9705,1022
9706,1022
9707,1022
9708,1022
9709,1022
9710,1022
9711,1022
9712,1022
9713,1022
9714,1022
9715,1021
9716,0
9717,0
9718,0
9719,0
9720,0
9721,0
9722,0
9723,0
9724,0
9725,0
9726,0
9727,0
9728,1022
9729,1022
9730,1022
9731,1022
9732,1022
9733,1022
9734,1022
9735,1022
9736,1022
9737,1022
9738,1021
9739,1022
9740,0
9741,0
9742,0
9743,0
9744,0
9745,0
9746,0
9747,0
9748,0
9749,0
9750,0
9751,0
9752,1022
9753,1022
9754,1023
9755,1022
9756,1022
9757,1022
9758,1021
9759,1022
9760,1022
9761,1022
9762,1022
9763,1022
9764,0
9765,0
9766,0
9767,0
9768,0
9769,0
9770,0
9771,0
9772,0
9773,0
9774,0
9775,0
9776,1022
9777,1022
9778,1022
9779,1022
9780,1022
9781,1022
9782,1022
9783,1022
9784,1022
9785,1021
9786,1022
9787,1022
9788,0
9789,0
9790,0
9791,0
9792,0
9793,0
9794,0
9795,0
9796,0
9797,0
9798,0
9799,0
9800,1022
9801,1022
9802,1022
9803,1022
9804,1022
9805,1022
9806,1022
9807,1022
9808,1022
9809,1022
9810,1022
9811,1022
9812,0
9813,0
9814,0
9815,0
9816,0
9817,0
9818,0
9819,0
9820,0
9821,0
9822,0
9823,0
9824,1022
9825,1022
9826,1022
9827,1022
9828,1022
9829,1022
9830,1022
9831,1022
9832,1021
9833,1022
9834,1022
9835,1022
9836,0
9837,0
9838,0
9839,0
9840,0
9841,0
9842,0
9843,0
9844,0
9845,0
9846,0
9847,0
9848,1022
9849,1022
9850,1022
9851,1022
9852,1022
9853,1022
9854,1022
9855,1022
9856,1022
9857,1021
9858,1022
9859,1022
9860,0
9861,0
9862,0
9863,0
9864,0
9865,0
9866,0
9867,0
9868,0
9869,0
9870,0
9871,0
9872,1022
9873,1023
9874,1022
9875,1022
9876,1022
9877,1021
9878,1022
9879,1022
9880,1022
9881,1022
9882,1021
9883,1022
9884,0
9885,0
9886,0
9887,0
9888,0
9889,0
9890,0
9891,0
9892,0
9893,0
9894,0
9895,0
9896,1022
9897,1022
9898,1022
9899,1022
9900,1022
9901,1023
9902,1022
9903,1022
9904,1022
9905,1022
9906,1022
9907,1022
9908,0
9909,0
9910,0
9911,0
9912,0
9913,0
9914,0
9915,0
9916,0
9917,0
9918,0
9919,0
9920,1022
9921,1022
9922,1022
9923,1022
9924,1022
9925,1022
9926,1022
9927,1022
9928,1022
9929,1022
9930,1022
9931,1022
9932,0
9933,0
9934,0
9935,0
9936,0
9937,0
9938,0
9939,0
9940,0
9941,0
9942,0
9943,0
9944,1022
9945,1022
9946,1021
9947,1021
9948,1022
9949,1022
9950,1022
9951,1022
9952,1022
9953,1022
9954,1022
9955,1022
9956,0
9957,0
9958,0
9959,0
9960,0
9961,0
9962,0
9963,0
9964,0
9965,0
9966,0
9967,0
9968,1022
9969,1022
9970,1022
9971,1022
9972,1022
9973,1023
9974,1022
9975,1022
9976,1022
9977,1022
9978,1022
9979,1022
9980,0
9981,0
9982,0
9983,0
9984,0
9985,0
9986,0
9987,0
9988,0
9989,0
9990,0
9991,0
9992,1022
9993,1022
9994,1022
9995,1022
9996,1022
9997,1022
9998,1022
9999,1022
10000,1022
