1,0
2,1022
3,1022
4,1022
5,1022
6,0
7,0
8,0
9,1022
10,1022
11,1022
12,0
13,0
14,0
15,1022
16,1022
17,1021
18,1022
19,0
20,0
21,0
22,1022
23,1022
24,1022
25,0
26,0
27,0
28,1022
29,1022
30,1022
31,0
32,0
33,0
34,0
35,1022
36,1022
37,1023
38,0
39,0
40,0
41,1022
42,1022
43,1022
44,0
45,0
46,0
47,0
48,1022
49,1022
50,1022
51,0
52,0
53,0
54,1022
55,1022
56,1022
57,0
58,0
59,0
60,0
61,1021
62,1022
63,1022
64,0
65,0
66,0
67,1021
68,1022
69,1022
70,0
71,0
72,0
73,0
74,1022
75,1021
76,1022
77,0
78,0
79,0
80,1022
81,1022
82,1022
83,0
84,0
85,0
86,1021
87,1022
88,1022
89,1022
90,0
91,0
92,0
93,1022
94,1021
95,1022
96,0
97,0
98,0
99,1022
100,1022
101,1022
102,1022
103,0
104,0
105,0
106,1022
107,1022
108,1022
109,0
110,0
111,0
112,1022
113,1022
114,1022
115,1022
116,0
117,0
118,0
119,1022
120,1022
121,1022
122,0
123,0
124,0
125,1021
126,1022
127,1022
128,0
129,0
130,0
131,0
132,1021
133,1022
134,1022
135,0
136,0
137,0
138,1022
139,1022
140,1021
141,0
142,0
143,0
144,0
145,1022
146,1022
147,1022
148,0
149,0
150,0
151,1022
152,1022
153,1022
154,0
155,0
156,0
157,0
158,1022
159,1022
160,1022
161,0
162,0
163,0
164,1022
165,1022
166,1022
167,0
168,0
169,0
170,1022
171,1022
172,1021
173,1022
174,0
175,0
176,0
177,1022
178,1022
179,1022
180,0
181,0
182,0
183,1021
184,1022
185,1022
186,1022
187,0
188,0
189,0
190,1022
191,1022
192,1022
193,0
194,0
195,0
196,1022
197,1023
198,1022
199,1022
200,0
201,0
202,0
203,1022
204,1022
205,1022
206,0
207,0
208,0
209,1021
210,1022
211,1022
212,0
213,0
214,0
215,0
216,1021
217,1022
218,1022
219,0
220,0
221,0
222,1022
223,1022
224,1022
225,0
226,0
227,0
228,0
229,1022
230,1022
231,1022
232,0
233,0
234,0
235,1022
236,1022
237,1022
238,0
239,0
240,0
241,0
242,1022
243,1022
244,1022
245,0
246,0
247,0
248,1022
249,1022
250,1022
251,0
252,0
253,0
254,1022
255,1022
256,1022
257,1022
258,0
259,0
260,0
261,1021
262,1022
263,1022
264,0
265,0
266,0
267,1022
268,1022
269,1022
270,1022
271,0
272,0
273,0
274,1022
275,1022
276,1022
277,0
278,0
279,0
280,1022
281,1022
282,1021
283,1022
284,0
285,0
286,0
287,1022
288,1022
289,1022
290,0
291,0
292,0
293,1022
294,1022
295,1022
296,1021
297,0
298,0
299,0
300,1022
301,1022
302,1022
303,0
304,0
305,0
306,1022
307,1022
308,1022
309,0
310,0
311,0
312,0
313,1022
314,1022
315,1022
316,0
317,0
318,0
319,1022
320,1022
321,1022
322,0
323,0
324,0
325,0
326,1022
327,1022
328,1023
329,0
330,0
331,0
332,1022
333,1022
334,1022
335,0
336,0
337,0
338,0
339,1022
340,1022
341,1022
342,0
343,0
344,0
345,1022
346,1022
347,1022
348,0
349,0
350,0
351,1022
352,1022
353,1022
354,1022
355,0
356,0
357,0
358,1022
359,1022
360,1021
361,0
362,0
363,0
364,1021
365,1022
366,1022
367,1022
368,0
369,0
370,0
371,1022
372,1022
373,1022
374,0
375,0
376,0
377,1022
378,1022
379,1022
380,1022
381,0
382,0
383,0
384,1021
385,1022
386,1021
387,0
388,0
389,0
390,1022
391,1022
392,1022
393,0
394,0
395,0
396,0
397,1022
398,1022
399,1022
400,0
401,0
402,0
403,1022
404,1023
405,1022
406,0
407,0
408,0
409,0
410,1022
411,1022
412,1021
413,0
414,0
415,0
416,1021
417,1022
418,1021
419,0
420,0
421,0
422,0
423,1022
424,1022
425,1022
426,0
427,0
428,0
429,1022
430,1022
431,1022
432,0
433,0
434,0
435,1022
436,1022
437,1022
438,1022
439,0
440,0
441,0
442,1021
443,1022
444,1022
445,0
446,0
447,0
448,1021
449,1022
450,1022
451,1022
452,0
453,0
454,0
455,1022
456,1022
457,1022
458,0
459,0
460,0
461,1022
462,1022
463,1022
464,1022
465,0
466,0
467,0
468,1022
469,1022
470,1022
471,0
472,0
473,0
474,1022
475,1022
476,1022
477,1022
478,0
479,0
480,0
481,1022
482,1022
483,1021
484,0
485,0
486,0
487,1022
488,1022
489,1021
490,0
491,0
492,0
493,0
494,1021
495,1022
496,1022
497,0
498,0
499,0
500,1022
501,1022
502,1022
503,0
504,0
505,0
506,0
507,1021
508,1022
509,1022
510,0
511,0
512,0
513,1022
514,1021
515,1021
516,0
517,0
518,0
519,0
520,1022
521,1022
522,1021
523,0
524,0
525,0
526,1022
527,1022
528,1022
529,0
530,0
531,0
532,1022
533,1022
534,1022
535,1022
536,0
537,0
538,0
539,1022
540,1022
541,1022
542,0
543,0
544,0
545,1022
546,1022
547,1022
548,1022
549,0
550,0
551,0
552,1022
553,1022
554,1022
555,0
556,0
557,0
558,1022
559,1022
560,1021
561,1022
562,0
563,0
564,0
565,1022
566,1021
567,1021
568,0
569,0
570,0
571,1022
572,1022
573,1022
574,0
575,0
576,0
577,0
578,1022
579,1022
580,1021
581,0
582,0
583,0
584,1022
585,1022
586,1022
587,0
588,0
589,0
590,0
591,1022
592,1021
593,1022
594,0
595,0
596,0
597,1022
598,1022
599,1021
600,0
601,0
602,0
603,0
604,1022
605,1022
606,1022
607,0
608,0
609,0
610,1022
611,1022
612,1022
613,0
614,0
615,0
616,1022
617,1022
618,1022
619,1022
620,0
621,0
622,0
623,1022
624,1021
625,1022
626,0
627,0
628,0
629,1022
630,1022
631,1022
632,1022
633,0
634,0
635,0
636,1022
637,1022
638,1022
639,0
640,0
641,0
642,1022
643,1022
644,1021
645,1022
646,0
647,0
648,0
649,1022
650,1022
651,1022
652,0
653,0
654,0
655,1022
656,1022
657,1022
658,0
659,0
660,0
661,0
662,1022
663,1021
664,1022
665,0
666,0
667,0
668,1022
669,1022
670,1022
671,0
672,0
673,0
674,0
675,1022
676,1022
677,1022
678,0
679,0
680,0
681,1022
682,1022
683,1022
684,0
685,0
686,0
687,0
688,1022
689,1022
690,1022
691,0
692,0
693,0
694,1022
695,1022
696,1022
697,0
698,0
699,0
700,0
701,1022
702,1022
703,1022
704,0
705,0
706,0
707,1022
708,1022
709,1022
710,0
711,0
712,0
713,1022
714,1022
715,1021
716,1022
717,0
718,0
719,0
720,1022
721,1023
722,1022
723,0
724,0
725,0
726,1022
727,1023
728,1021
729,1022
730,0
731,0
732,0
733,1022
734,1022
735,1022
736,0
737,0
738,0
739,1022
740,1021
741,1022
742,1022
743,0
744,0
745,0
746,1022
747,1022
748,1022
749,0
750,0
751,0
752,1022
753,1022
754,1022
755,0
756,0
757,0
758,0
759,1021
760,1022
761,1022
762,0
763,0
764,0
765,1022
766,1022
767,1022
768,0
769,0
770,0
771,0
772,1022
773,1022
774,1022
775,0
776,0
777,0
778,1022
779,1022
780,1022
781,0
782,0
783,0
784,0
785,1022
786,1022
787,1022
788,0
789,0
790,0
791,1022
792,1022
793,1023
794,0
795,0
796,0
797,1021
798,1022
799,1021
800,1022
801,0
802,0
803,0
804,1022
805,1022
806,1022
807,0
808,0
809,0
810,1022
811,1022
812,1021
813,1021
814,0
815,0
816,0
817,1022
818,1022
819,1022
820,0
821,0
822,0
823,1022
824,1022
825,1022
826,1022
827,0
828,0
829,0
830,1022
831,1022
832,1022
833,0
834,0
835,0
836,1022
837,1022
838,1022
839,0
840,0
841,0
842,0
843,1021
844,1022
845,1021
846,0
847,0
848,0
849,1022
850,1022
851,1022
852,0
853,0
854,0
855,0
856,1022
857,1022
858,1022
859,0
860,0
861,0
862,1022
863,1022
864,1023
865,0
866,0
867,0
868,0
869,1021
870,1022
871,1022
872,0
873,0
874,0
875,1022
876,1022
877,1022
878,0
879,0
880,0
881,1021
882,1022
883,1022
884,1022
885,0
886,0
887,0
888,1022
889,1022
890,1021
891,0
892,0
893,0
894,1022
895,1021
896,1022
897,1021
898,0
899,0
900,0
901,1022
902,1022
903,1022
904,0
905,0
906,0
907,1022
908,1022
909,1022
910,1022
911,0
912,0
913,0
914,1022
915,1022
916,1022
917,0
918,0
919,0
920,1022
921,1022
922,1022
923,1022
924,0
925,0
926,0
927,1022
928,1022
929,1022
930,0
931,0
932,0
933,1022
934,1022
935,1022
936,0
937,0
938,0
939,0
940,1023
941,1022
942,1022
943,0
944,0
945,0
946,1022
947,1022
948,1022
949,0
950,0
951,0
952,0
953,1022
954,1022
955,1022
956,0
957,0
958,0
959,1022
960,1022
961,1022
962,0
963,0
964,0
965,0
966,1021
967,1022
968,1022
969,0
970,0
971,0
972,1022
973,1022
974,1021
975,0
976,0
977,0
978,1021
979,1022
980,1022
981,1022
982,0
983,0
984,0
985,1022
986,1022
987,1022
988,0
989,0
990,0
991,1021
992,1022
993,1022
994,1022
995,0
996,0
997,0
998,1022
999,1022
1000,1022
1001,0
1002,0
1003,0
1004,1022
1005,1022
1006,1022
1007,1022
1008,0
1009,0
1010,0
1011,1022
1012,1022
1013,1022
1014,0
1015,0
1016,0
1017,1022
1018,1022
1019,1022
1020,0
1021,0
1022,0
1023,0
1024,1022
1025,1021
1026,1022
1027,0
1028,0
1029,0
1030,1022
1031,1022
1032,1022
1033,0
1034,0
1035,0
1036,0
1037,1022
1038,1022
1039,1022
1040,0
1041,0
1042,0
1043,1021
1044,1022
1045,1022
1046,0
1047,0
1048,0
1049,0
1050,1022
1051,1022
1052,1022
1053,0
1054,0
1055,0
1056,1021
1057,1022
1058,1022
1059,0
1060,0
1061,0
1062,1022
1063,1022
1064,1022
1065,1021
1066,0
1067,0
1068,0
1069,1022
1070,1022
1071,1022
1072,0
1073,0
1074,0
1075,1022
1076,1022
1077,1022
1078,1022
1079,0
1080,0
1081,0
1082,1022
1083,1022
1084,1022
1085,0
1086,0
1087,0
1088,1022
1089,1022
1090,1022
1091,1022
1092,0
1093,0
1094,0
1095,1022
1096,1021
1097,1022
1098,0
1099,0
1100,0
1101,1022
1102,1022
1103,1022
1104,1022
1105,0
1106,0
1107,0
1108,1022
1109,1022
1110,1022
1111,0
1112,0
1113,0
1114,1023
1115,1022
1116,1022
1117,0
1118,0
1119,0
1120,0
1121,1022
1122,1022
1123,1022
1124,0
1125,0
1126,0
1127,1021
1128,1022
1129,1022
1130,0
1131,0
1132,0
1133,0
1134,1022
1135,1022
1136,1022
1137,0
1138,0
1139,0
1140,1022
1141,1022
1142,1022
1143,0
1144,0
1145,0
1146,0
1147,1022
1148,1022
1149,1022
1150,0
1151,0
1152,0
1153,1022
1154,1022
1155,1022
1156,0
1157,0
1158,0
1159,1022
1160,1022
1161,1022
1162,1022
1163,0
1164,0
1165,0
1166,1022
1167,1022
1168,1022
1169,0
1170,0
1171,0
1172,1022
1173,1022
1174,1021
1175,1022
1176,0
1177,0
1178,0
1179,1022
1180,1021
1181,1022
1182,0
1183,0
1184,0
1185,1022
1186,1022
1187,1022
1188,1022
1189,0
1190,0
1191,0
1192,1022
1193,1022
1194,1022
1195,0
1196,0
1197,0
1198,1022
1199,1021
1200,1022
1201,0
1202,0
1203,0
1204,0
1205,1022
1206,1022
1207,1022
1208,0
1209,0
1210,0
1211,1022
1212,1022
1213,1022
1214,0
1215,0
1216,0
1217,0
1218,1022
1219,1022
1220,1022
1221,0
1222,0
1223,0
1224,1022
1225,1022
1226,1022
1227,0
1228,0
1229,0
1230,0
1231,1022
1232,1022
1233,1022
1234,0
1235,0
1236,0
1237,1022
1238,1021
1239,1022
1240,0
1241,0
1242,0
1243,1022
1244,1022
1245,1022
1246,1022
1247,0
1248,0
1249,0
1250,1021
1251,1022
1252,1022
1253,0
1254,0
1255,0
1256,1022
1257,1021
1258,1021
1259,1022
1260,0
1261,0
1262,0
1263,1022
1264,1022
1265,1022
1266,0
1267,0
1268,0
1269,1021
1270,1022
1271,1023
1272,1022
1273,0
1274,0
1275,0
1276,1022
1277,1022
1278,1022
1279,0
1280,0
1281,0
1282,1022
1283,1020
1284,1022
1285,0
1286,0
1287,0
1288,0
1289,1022
1290,1022
1291,1022
1292,0
1293,0
1294,0
1295,1022
1296,1022
1297,1022
1298,0
1299,0
1300,0
1301,0
1302,1022
1303,1022
1304,1022
1305,0
1306,0
1307,0
1308,1022
1309,1022
1310,1022
1311,0
1312,0
1313,0
1314,0
1315,1022
1316,1022
1317,1022
1318,0
1319,0
1320,0
1321,1022
1322,1022
1323,1022
1324,0
1325,0
1326,0
1327,0
1328,1022
1329,1021
1330,1021
1331,0
1332,0
1333,0
1334,1022
1335,1021
1336,1022
1337,0
1338,0
1339,0
1340,1022
1341,1021
1342,1022
1343,1022
1344,0
1345,0
1346,0
1347,1021
1348,1022
1349,1021
1350,0
1351,0
1352,0
1353,1022
1354,1022
1355,1022
1356,1022
1357,0
1358,0
1359,0
1360,1022
1361,1021
1362,1022
1363,0
1364,0
1365,0
1366,1022
1367,1022
1368,1022
1369,1022
1370,0
1371,0
1372,0
1373,1022
1374,1022
1375,1022
1376,0
1377,0
1378,0
1379,1022
1380,1022
1381,1022
1382,0
1383,0
1384,0
1385,0
1386,1021
1387,1022
1388,1022
1389,0
1390,0
1391,0
1392,1022
1393,1022
1394,1022
1395,0
1396,0
1397,0
1398,0
1399,1022
1400,1022
1401,1022
1402,0
1403,0
1404,0
1405,1022
1406,1022
1407,1021
1408,0
1409,0
1410,0
1411,0
1412,1022
1413,1021
1414,1022
1415,0
1416,0
1417,0
1418,1022
1419,1022
1420,1022
1421,0
1422,0
1423,0
1424,1022
1425,1022
1426,1022
1427,1022
1428,0
1429,0
1430,0
1431,1022
1432,1022
1433,1022
1434,0
1435,0
1436,0
1437,1022
1438,1022
1439,1022
1440,1022
1441,0
1442,0
1443,0
1444,1022
1445,1022
1446,1022
1447,0
1448,0
1449,0
1450,1021
1451,1022
1452,1022
1453,1022
1454,0
1455,0
1456,0
1457,1022
1458,1022
1459,1022
1460,0
1461,0
1462,0
1463,1022
1464,1022
1465,1022
1466,0
1467,0
1468,0
1469,0
1470,1022
1471,1022
1472,1021
1473,0
1474,0
1475,0
1476,1022
1477,1022
1478,1021
1479,0
1480,0
1481,0
1482,0
1483,1021
1484,1022
1485,1021
1486,0
1487,0
1488,0
1489,1022
1490,1021
1491,1022
1492,0
1493,0
1494,0
1495,0
1496,1022
1497,1022
1498,1022
1499,0
1500,0
1501,0
1502,1021
1503,1022
1504,1022
1505,0
1506,0
1507,0
1508,0
1509,1022
1510,1022
1511,1022
1512,0
1513,0
1514,0
1515,1022
1516,1022
1517,1022
1518,0
1519,0
1520,0
1521,1022
1522,1022
1523,1022
1524,1022
1525,0
1526,0
1527,0
1528,1022
1529,1022
1530,1022
1531,0
1532,0
1533,0
1534,1022
1535,1022
1536,1022
1537,1022
1538,0
1539,0
1540,0
1541,1022
1542,1022
1543,1022
1544,0
1545,0
1546,0
1547,1022
1548,1022
1549,1022
1550,1022
1551,0
1552,0
1553,0
1554,1022
1555,1022
1556,1021
1557,0
1558,0
1559,0
1560,1022
1561,1021
1562,1022
1563,0
1564,0
1565,0
1566,0
1567,1022
1568,1022
1569,1022
1570,0
1571,0
1572,0
1573,1022
1574,1022
1575,1022
1576,0
1577,0
1578,0
1579,0
1580,1021
1581,1022
1582,1021
1583,0
1584,0
1585,0
1586,1022
1587,1022
1588,1022
1589,0
1590,0
1591,0
1592,0
1593,1022
1594,1022
1595,1022
1596,0
1597,0
1598,0
1599,1022
1600,1021
1601,1022
1602,0
1603,0
1604,0
1605,1022
1606,1022
1607,1022
1608,1022
1609,0
1610,0
1611,0
1612,1022
1613,1022
1614,1022
1615,0
1616,0
1617,0
1618,1022
1619,1022
1620,1022
1621,1022
1622,0
1623,0
1624,0
1625,1022
1626,1022
1627,1022
1628,0
1629,0
1630,0
1631,1023
1632,1022
1633,1021
1634,1021
1635,0
1636,0
1637,0
1638,1022
1639,1021
1640,1022
1641,0
1642,0
1643,0
1644,1022
1645,1022
1646,1022
1647,0
1648,0
1649,0
1650,0
1651,1022
1652,1021
1653,1022
1654,0
1655,0
1656,0
1657,1022
1658,1022
1659,1022
1660,0
1661,0
1662,0
1663,0
1664,1021
1665,1021
1666,1022
1667,0
1668,0
1669,0
1670,1022
1671,1022
1672,1022
1673,0
1674,0
1675,0
1676,0
1677,1022
1678,1022
1679,1022
1680,0
1681,0
1682,0
1683,1022
1684,1022
1685,1022
1686,0
1687,0
1688,0
1689,1022
1690,1022
1691,1022
1692,1022
1693,0
1694,0
1695,0
1696,1022
1697,1022
1698,1022
1699,0
1700,0
1701,0
1702,1022
1703,1022
1704,1022
1705,1022
1706,0
1707,0
1708,0
1709,1023
1710,1022
1711,1022
1712,0
1713,0
1714,0
1715,1022
1716,1022
1717,1021
1718,1022
1719,0
1720,0
1721,0
1722,1022
1723,1022
1724,1022
1725,0
1726,0
1727,0
1728,1023
1729,1022
1730,1022
1731,1022
1732,0
1733,0
1734,0
1735,1022
1736,1022
1737,1022
1738,0
1739,0
1740,0
1741,1022
1742,1021
1743,1022
1744,0
1745,0
1746,0
1747,0
1748,1022
1749,1022
1750,1022
1751,0
1752,0
1753,0
1754,1022
1755,1022
1756,1022
1757,0
1758,0
1759,0
1760,0
1761,1022
1762,1022
1763,1022
1764,0
1765,0
1766,0
1767,1022
1768,1022
1769,1022
1770,0
1771,0
1772,0
1773,0
1774,1022
1775,1022
1776,1022
1777,0
1778,0
1779,0
1780,1022
1781,1022
1782,1022
1783,0
1784,0
1785,0
1786,1022
1787,1022
1788,1021
1789,1021
1790,0
1791,0
1792,0
1793,1022
1794,1022
1795,1022
1796,0
1797,0
1798,0
1799,1021
1800,1022
1801,1022
1802,1022
1803,0
1804,0
1805,0
1806,1022
1807,1022
1808,1022
1809,0
1810,0
1811,0
1812,1021
1813,1022
1814,1022
1815,1022
1816,0
1817,0
1818,0
1819,1022
1820,1022
1821,1022
1822,0
1823,0
1824,0
1825,1022
1826,1022
1827,1022
1828,0
1829,0
1830,0
1831,0
1832,1022
1833,1021
1834,1022
1835,0
1836,0
1837,0
1838,1022
1839,1022
1840,1022
1841,0
1842,0
1843,0
1844,0
1845,1022
1846,1022
1847,1022
1848,0
1849,0
1850,0
1851,1022
1852,1022
1853,1022
1854,0
1855,0
1856,0
1857,0
1858,1022
1859,1022
1860,1021
1861,0
1862,0
1863,0
1864,1022
1865,1022
1866,1021
1867,0
1868,0
1869,0
1870,1022
1871,1022
1872,1022
1873,1022
1874,0
1875,0
1876,0
1877,1022
1878,1022
1879,1022
1880,0
1881,0
1882,0
1883,1022
1884,1022
1885,1022
1886,1022
1887,0
1888,0
1889,0
1890,1021
1891,1022
1892,1021
1893,0
1894,0
1895,0
1896,1022
1897,1022
1898,1021
1899,1022
1900,0
1901,0
1902,0
1903,1022
1904,1022
1905,1022
1906,0
1907,0
1908,0
1909,1022
1910,1022
1911,1022
1912,1022
1913,0
1914,0
1915,0
1916,1022
1917,1022
1918,1022
1919,0
1920,0
1921,0
1922,1022
1923,1022
1924,1022
1925,0
1926,0
1927,0
1928,0
1929,1022
1930,1022
1931,1021
1932,0
1933,0
1934,0
1935,1022
1936,1022
1937,1021
1938,0
1939,0
1940,0
1941,0
1942,1022
1943,1022
1944,1022
1945,0
1946,0
1947,0
1948,1022
1949,1021
1950,1022
1951,0
1952,0
1953,0
1954,0
1955,1021
1956,1022
1957,1022
1958,0
1959,0
1960,0
1961,1021
1962,1022
1963,1022
1964,0
1965,0
1966,0
1967,1021
1968,1021
1969,1022
1970,1022
1971,0
1972,0
1973,0
1974,1022
1975,1022
1976,1022
1977,0
1978,0
1979,0
1980,1022
1981,1022
1982,1022
1983,1022
1984,0
1985,0
1986,0
1987,1022
1988,1022
1989,1022
1990,0
1991,0
1992,0
1993,1022
1994,1022
1995,1022
1996,1022
1997,0
1998,0
1999,0
2000,1022
2001,1022
2002,1022
2003,0
2004,0
2005,0
2006,1022
2007,1022
2008,1022
2009,0
2010,0
2011,0
2012,0
2013,1021
2014,1022
2015,1021
2016,0
2017,0
2018,0
2019,1022
2020,1022
2021,1022
2022,0
2023,0
2024,0
2025,0
2026,1022
2027,1022
2028,1022
2029,0
2030,0
2031,0
2032,1022
2033,1022
2034,1022
2035,0
2036,0
2037,0
2038,0
2039,1022
2040,1022
2041,1021
2042,0
2043,0
2044,0
2045,1021
2046,1022
2047,1022
2048,0
2049,0
2050,0
2051,1022
2052,1022
2053,1022
2054,1022
2055,0
2056,0
2057,0
2058,1022
2059,1022
2060,1022
2061,0
2062,0
2063,0
2064,1022
2065,1022
2066,1022
2067,1022
2068,0
2069,0
2070,0
2071,1022
2072,1022
2073,1022
2074,0
2075,0
2076,0
2077,1022
2078,1022
2079,1022
2080,1022
2081,0
2082,0
2083,0
2084,1022
2085,1022
2086,1022
2087,0
2088,0
2089,0
2090,1021
2091,1022
2092,1021
2093,0
2094,0
2095,0
2096,0
2097,1022
2098,1022
2099,1022
2100,0
2101,0
2102,0
2103,1022
2104,1022
2105,1022
2106,0
2107,0
2108,0
2109,0
2110,1022
2111,1022
2112,1022
2113,0
2114,0
2115,0
2116,1022
2117,1022
2118,1022
2119,0
2120,0
2121,0
2122,0
2123,1022
2124,1022
2125,1022
2126,0
2127,0
2128,0
2129,1022
2130,1022
2131,1022
2132,0
2133,0
2134,0
2135,0
2136,1022
2137,1022
2138,1022
2139,0
2140,0
2141,0
2142,1022
2143,1022
2144,1022
2145,0
2146,0
2147,0
2148,1022
2149,1022
2150,1022
2151,1022
2152,0
2153,0
2154,0
2155,1022
2156,1022
2157,1022
2158,0
2159,0
2160,0
2161,1022
2162,1022
2163,1022
2164,1022
2165,0
2166,0
2167,0
2168,1022
2169,1021
2170,1021
2171,0
2172,0
2173,0
2174,1022
2175,1022
2176,1022
2177,1021
2178,0
2179,0
2180,0
2181,1022
2182,1022
2183,1022
2184,0
2185,0
2186,0
2187,1022
2188,1022
2189,1022
2190,0
2191,0
2192,0
2193,0
2194,1021
2195,1022
2196,1022
2197,0
2198,0
2199,0
2200,1021
2201,1022
2202,1022
2203,0
2204,0
2205,0
2206,0
2207,1022
2208,1022
2209,1022
2210,0
2211,0
2212,0
2213,1022
2214,1022
2215,1022
2216,0
2217,0
2218,0
2219,0
2220,1022
2221,1022
2222,1022
2223,0
2224,0
2225,0
2226,1022
2227,1022
2228,1022
2229,0
2230,0
2231,0
2232,1022
2233,1022
2234,1022
2235,1022
2236,0
2237,0
2238,0
2239,1022
2240,1022
2241,1022
2242,0
2243,0
2244,0
2245,1022
2246,1021
2247,1021
2248,1021
2249,0
2250,0
2251,0
2252,1022
2253,1023
2254,1022
2255,0
2256,0
2257,0
2258,1022
2259,1022
2260,1022
2261,1022
2262,0
2263,0
2264,0
2265,1022
2266,1022
2267,1022
2268,0
2269,0
2270,0
2271,1021
2272,1022
2273,1022
2274,0
2275,0
2276,0
2277,0
2278,1022
2279,1022
2280,1022
2281,0
2282,0
2283,0
2284,1022
2285,1022
2286,1022
2287,0
2288,0
2289,0
2290,0
2291,1022
2292,1022
2293,1022
2294,0
2295,0
2296,0
2297,1022
2298,1022
2299,1022
2300,0
2301,0
2302,0
2303,0
2304,1022
2305,1022
2306,1022
2307,0
2308,0
2309,0
2310,1022
2311,1022
2312,1022
2313,0
2314,0
2315,0
2316,0
2317,1022
2318,1022
2319,1022
2320,0
2321,0
2322,0
2323,1022
2324,1021
2325,1021
2326,0
2327,0
2328,0
2329,1022
2330,1022
2331,1022
2332,1022
2333,0
2334,0
2335,0
2336,1023
2337,1022
2338,1022
2339,0
2340,0
2341,0
2342,1022
2343,1022
2344,1022
2345,1022
2346,0
2347,0
2348,0
2349,1022
2350,1022
2351,1022
2352,0
2353,0
2354,0
2355,1022
2356,1022
2357,1022
2358,1022
2359,0
2360,0
2361,0
2362,1022
2363,1022
2364,1022
2365,0
2366,0
2367,0
2368,1022
2369,1022
2370,1022
2371,0
2372,0
2373,0
2374,0
2375,1022
2376,1022
2377,1022
2378,0
2379,0
2380,0
2381,1022
2382,1022
2383,1022
2384,0
2385,0
2386,0
2387,0
2388,1022
2389,1022
2390,1022
2391,0
2392,0
2393,0
2394,1022
2395,1022
2396,1022
2397,0
2398,0
2399,0
2400,0
2401,1022
2402,1022
2403,1022
2404,0
2405,0
2406,0
2407,1022
2408,1022
2409,1022
2410,0
2411,0
2412,0
2413,1022
2414,1022
2415,1022
2416,1022
2417,0
2418,0
2419,0
2420,1022
2421,1022
2422,1022
2423,0
2424,0
2425,0
2426,1022
2427,1022
2428,1022
2429,1022
2430,0
2431,0
2432,0
2433,1022
2434,1022
2435,1022
2436,0
2437,0
2438,0
2439,1022
2440,1022
2441,1022
2442,1022
2443,0
2444,0
2445,0
2446,1022
2447,1022
2448,1022
2449,0
2450,0
2451,0
2452,1022
2453,1022
2454,1022
2455,0
2456,0
2457,0
2458,0
2459,1022
2460,1022
2461,1022
2462,0
2463,0
2464,0
2465,1022
2466,1022
2467,1022
2468,0
2469,0
2470,0
2471,0
2472,1022
2473,1022
2474,1022
2475,0
2476,0
2477,0
2478,1022
2479,1022
2480,1022
2481,0
2482,0
2483,0
2484,0
2485,1022
2486,1022
2487,1022
2488,0
2489,0
2490,0
2491,1021
2492,1022
2493,1022
2494,0
2495,0
2496,0
2497,0
2498,1022
2499,1022
2500,1022
2501,0
2502,0
2503,0
2504,1022
2505,1022
2506,1022
2507,0
2508,0
2509,0
2510,1022
2511,1022
2512,1022
2513,1022
2514,0
2515,0
2516,0
2517,1022
2518,1022
2519,1022
2520,0
2521,0
2522,0
2523,1022
2524,1022
2525,1022
2526,1022
2527,0
2528,0
2529,0
2530,1022
2531,1022
2532,1022
2533,0
2534,0
2535,0
2536,1022
2537,1022
2538,1022
2539,1022
2540,0
2541,0
2542,0
2543,1022
2544,1022
2545,1022
2546,0
2547,0
2548,0
2549,1022
2550,1022
2551,1022
2552,0
2553,0
2554,0
2555,0
2556,1022
2557,1022
2558,1022
2559,0
2560,0
2561,0
2562,1022
2563,1022
2564,1022
2565,0
2566,0
2567,0
2568,0
2569,1021
2570,1022
2571,1022
2572,0
2573,0
2574,0
2575,1021
2576,1022
2577,1022
2578,0
2579,0
2580,0
2581,0
2582,1021
2583,1022
2584,1022
2585,0
2586,0
2587,0
2588,1022
2589,1022
2590,1022
2591,0
2592,0
2593,0
2594,1022
2595,1022
2596,1022
2597,1022
2598,0
2599,0
2600,0
2601,1022
2602,1022
2603,1022
2604,0
2605,0
2606,0
2607,1022
2608,1022
2609,1022
2610,1022
2611,0
2612,0
2613,0
2614,1021
2615,1022
2616,1021
2617,0
2618,0
2619,0
2620,1022
2621,1021
2622,1022
2623,1022
2624,0
2625,0
2626,0
2627,1022
2628,1021
2629,1022
2630,0
2631,0
2632,0
2633,1021
2634,1022
2635,1022
2636,0
2637,0
2638,0
2639,0
2640,1022
2641,1021
2642,1022
2643,0
2644,0
2645,0
2646,1022
2647,1022
2648,1022
2649,0
2650,0
2651,0
2652,0
2653,1022
2654,1022
2655,1022
2656,0
2657,0
2658,0
2659,1022
2660,1022
2661,1022
2662,0
2663,0
2664,0
2665,0
2666,1022
2667,1022
2668,1022
2669,0
2670,0
2671,0
2672,1021
2673,1022
2674,1022
2675,0
2676,0
2677,0
2678,1022
2679,1022
2680,1022
2681,1022
2682,0
2683,0
2684,0
2685,1022
2686,1022
2687,1022
2688,0
2689,0
2690,0
2691,1022
2692,1021
2693,1022
2694,1022
2695,0
2696,0
2697,0
2698,1022
2699,1022
2700,1022
2701,0
2702,0
2703,0
2704,1022
2705,1022
2706,1021
2707,1021
2708,0
2709,0
2710,0
2711,1022
2712,1022
2713,1022
2714,0
2715,0
2716,0
2717,1022
2718,1022
2719,1022
2720,1022
2721,0
2722,0
2723,0
2724,1022
2725,1022
2726,1022
2727,0
2728,0
2729,0
2730,1022
2731,1022
2732,1022
2733,0
2734,0
2735,0
2736,0
2737,1022
2738,1022
2739,1022
2740,0
2741,0
2742,0
2743,1022
2744,1022
2745,1022
2746,0
2747,0
2748,0
2749,0
2750,1021
2751,1022
2752,1022
2753,0
2754,0
2755,0
2756,1022
2757,1022
2758,1022
2759,0
2760,0
2761,0
2762,0
2763,1022
2764,1022
2765,1022
2766,0
2767,0
2768,0
2769,1022
2770,1022
2771,1022
2772,0
2773,0
2774,0
2775,1022
2776,1022
2777,1022
2778,1022
2779,0
2780,0
2781,0
2782,1022
2783,1022
2784,1022
2785,0
2786,0
2787,0
2788,1022
2789,1021
2790,1022
2791,1022
2792,0
2793,0
2794,0
2795,1022
2796,1022
2797,1022
2798,0
2799,0
2800,0
2801,1023
2802,1022
2803,1021
2804,1022
2805,0
2806,0
2807,0
2808,1022
2809,1022
2810,1022
2811,0
2812,0
2813,0
2814,1022
2815,1022
2816,1022
2817,0
2818,0
2819,0
2820,0
2821,1022
2822,1021
2823,1022
2824,0
2825,0
2826,0
2827,1022
2828,1022
2829,1022
2830,0
2831,0
2832,0
2833,0
2834,1022
2835,1022
2836,1022
2837,0
2838,0
2839,0
2840,1021
2841,1022
2842,1022
2843,0
2844,0
2845,0
2846,0
2847,1022
2848,1022
2849,1022
2850,0
2851,0
2852,0
2853,1023
2854,1022
2855,1022
2856,0
2857,0
2858,0
2859,1022
2860,1022
2861,1022
2862,1022
2863,0
2864,0
2865,0
2866,1022
2867,1021
2868,1022
2869,0
2870,0
2871,0
2872,1022
2873,1022
2874,1022
2875,1022
2876,0
2877,0
2878,0
2879,1022
2880,1022
2881,1022
2882,0
2883,0
2884,0
2885,1022
2886,1022
2887,1022
2888,1022
2889,0
2890,0
2891,0
2892,1022
2893,1022
2894,1021
2895,0
2896,0
2897,0
2898,1021
2899,1022
2900,1022
2901,1022
2902,0
2903,0
2904,0
2905,1022
2906,1021
2907,1022
2908,0
2909,0
2910,0
2911,1022
2912,1022
2913,1022
2914,0
2915,0
2916,0
2917,0
2918,1022
2919,1022
2920,1022
2921,0
2922,0
2923,0
2924,1022
2925,1022
2926,1022
2927,0
2928,0
2929,0
2930,0
2931,1022
2932,1023
2933,1022
2934,0
2935,0
2936,0
2937,1021
2938,1022
2939,1022
2940,0
2941,0
2942,0
2943,0
2944,1022
2945,1021
2946,1021
2947,0
2948,0
2949,0
2950,1022
2951,1022
2952,1022
2953,0
2954,0
2955,0
2956,1022
2957,1022
2958,1022
2959,1022
2960,0
2961,0
2962,0
2963,1021
2964,1022
2965,1022
2966,0
2967,0
2968,0
2969,1022
2970,1022
2971,1022
2972,1022
2973,0
2974,0
2975,0
2976,1022
2977,1022
2978,1022
2979,0
2980,0
2981,0
2982,1022
2983,1022
2984,1022
2985,1022
2986,0
2987,0
2988,0
2989,1022
2990,1022
2991,1022
2992,0
2993,0
2994,0
2995,1022
2996,1022
2997,1021
2998,0
2999,0
3000,0
3001,0
3002,1022
3003,1022
3004,1022
3005,0
3006,0
3007,0
3008,1022
3009,1022
3010,1022
3011,0
3012,0
3013,0
3014,0
3015,1022
3016,1022
3017,1022
3018,0
3019,0
3020,0
3021,1022
3022,1022
3023,1022
3024,0
3025,0
3026,0
3027,0
3028,1022
3029,1021
3030,1022
3031,0
3032,0
3033,0
3034,1022
3035,1022
3036,1022
3037,0
3038,0
3039,0
3040,1021
3041,1021
3042,1022
3043,1022
3044,0
3045,0
3046,0
3047,1022
3048,1022
3049,1022
3050,0
3051,0
3052,0
3053,1022
3054,1022
3055,1022
3056,1022
3057,0
3058,0
3059,0
3060,1022
3061,1022
3062,1022
3063,0
3064,0
3065,0
3066,1022
3067,1022
3068,1022
3069,1022
3070,0
3071,0
3072,0
3073,1022
3074,1022
3075,1022
3076,0
3077,0
3078,0
3079,1022
3080,1022
3081,1022
3082,0
3083,0
3084,0
3085,0
3086,1022
3087,1022
3088,1022
3089,0
3090,0
3091,0
3092,1022
3093,1021
3094,1022
3095,0
3096,0
3097,0
3098,0
3099,1021
3100,1022
3101,1022
3102,0
3103,0
3104,0
3105,1022
3106,1022
3107,1022
3108,0
3109,0
3110,0
3111,0
3112,1022
3113,1022
3114,1022
3115,0
3116,0
3117,0
3118,1022
3119,1022
3120,1022
3121,0
3122,0
3123,0
3124,0
3125,1022
3126,1022
3127,1022
3128,0
3129,0
3130,0
3131,1021
3132,1022
3133,1022
3134,0
3135,0
3136,0
3137,1022
3138,1022
3139,1022
3140,1022
3141,0
3142,0
3143,0
3144,1022
3145,1022
3146,1022
3147,0
3148,0
3149,0
3150,1022
3151,1022
3152,1022
3153,1022
3154,0
3155,0
3156,0
3157,1022
3158,1022
3159,1022
3160,0
3161,0
3162,0
3163,1022
3164,1022
3165,1021
3166,1021
3167,0
3168,0
3169,0
3170,1022
3171,1022
3172,1022
3173,0
3174,0
3175,0
3176,1022
3177,1022
3178,1022
3179,0
3180,0
3181,0
3182,0
3183,1021
3184,1022
3185,1022
3186,0
3187,0
3188,0
3189,1022
3190,1022
3191,1022
3192,0
3193,0
3194,0
3195,0
3196,1021
3197,1022
3198,1022
3199,0
3200,0
3201,0
3202,1022
3203,1022
3204,1022
3205,0
3206,0
3207,0
3208,0
3209,1022
3210,1022
3211,1022
3212,0
3213,0
3214,0
3215,1022
3216,1022
3217,1022
3218,0
3219,0
3220,0
3221,1022
3222,1022
3223,1022
3224,1022
3225,0
3226,0
3227,0
3228,1022
3229,1022
3230,1022
3231,0
3232,0
3233,0
3234,1022
3235,1022
3236,1022
3237,1021
3238,0
3239,0
3240,0
3241,1021
3242,1022
3243,1022
3244,0
3245,0
3246,0
3247,1022
3248,1022
3249,1021
3250,1021
3251,0
3252,0
3253,0
3254,1022
3255,1022
3256,1022
3257,0
3258,0
3259,0
3260,1022
3261,1022
3262,1022
3263,0
3264,0
3265,0
3266,0
3267,1022
3268,1022
3269,1022
3270,0
3271,0
3272,0
3273,1022
3274,1021
3275,1022
3276,0
3277,0
3278,0
3279,0
3280,1022
3281,1022
3282,1022
3283,0
3284,0
3285,0
3286,1022
3287,1022
3288,1022
3289,0
3290,0
3291,0
3292,0
3293,1022
3294,1022
3295,1022
3296,0
3297,0
3298,0
3299,1022
3300,1022
3301,1022
3302,0
3303,0
3304,0
3305,0
3306,1022
3307,1022
3308,1022
3309,0
3310,0
3311,0
3312,1022
3313,1022
3314,1022
3315,0
3316,0
3317,0
3318,1022
3319,1021
3320,1021
3321,1022
3322,0
3323,0
3324,0
3325,1022
3326,1022
3327,1022
3328,0
3329,0
3330,0
3331,1023
3332,1022
3333,1022
3334,1022
3335,0
3336,0
3337,0
3338,1023
3339,1021
3340,1022
3341,0
3342,0
3343,0
3344,1022
3345,1022
3346,1022
3347,1022
3348,0
3349,0
3350,0
3351,1022
3352,1022
3353,1022
3354,0
3355,0
3356,0
3357,1022
3358,1022
3359,1022
3360,0
3361,0
3362,0
3363,0
3364,1022
3365,1022
3366,1022
3367,0
3368,0
3369,0
3370,1022
3371,1021
3372,1022
3373,0
3374,0
3375,0
3376,0
3377,1022
3378,1022
3379,1022
3380,0
3381,0
3382,0
3383,1022
3384,1022
3385,1022
3386,0
3387,0
3388,0
3389,0
3390,1022
3391,1022
3392,1022
3393,0
3394,0
3395,0
3396,1021
3397,1021
3398,1021
3399,0
3400,0
3401,0
3402,1022
3403,1021
3404,1022
3405,1022
3406,0
3407,0
3408,0
3409,1022
3410,1021
3411,1022
3412,0
3413,0
3414,0
3415,1022
3416,1023
3417,1021
3418,1022
3419,0
3420,0
3421,0
3422,1021
3423,1022
3424,1022
3425,0
3426,0
3427,0
3428,1022
3429,1022
3430,1022
3431,1022
3432,0
3433,0
3434,0
3435,1022
3436,1022
3437,1022
3438,0
3439,0
3440,0
3441,1022
3442,1022
3443,1022
3444,0
3445,0
3446,0
3447,0
3448,1022
3449,1021
3450,1022
3451,0
3452,0
3453,0
3454,1022
3455,1022
3456,1022
3457,0
3458,0
3459,0
3460,0
3461,1022
3462,1022
3463,1022
3464,0
3465,0
3466,0
3467,1022
3468,1022
3469,1021
3470,0
3471,0
3472,0
3473,0
3474,1022
3475,1022
3476,1021
3477,0
3478,0
3479,0
3480,1022
3481,1022
3482,1022
3483,0
3484,0
3485,0
3486,1021
3487,1022
3488,1022
3489,1022
3490,0
3491,0
3492,0
3493,1021
3494,1022
3495,1022
3496,0
3497,0
3498,0
3499,1021
3500,1022
3501,1021
3502,1021
3503,0
3504,0
3505,0
3506,1022
3507,1022
3508,1022
3509,0
3510,0
3511,0
3512,1022
3513,1021
3514,1022
3515,1021
3516,0
3517,0
3518,0
3519,1022
3520,1022
3521,1022
3522,0
3523,0
3524,0
3525,1022
3526,1022
3527,1022
3528,1022
3529,0
3530,0
3531,0
3532,1022
3533,1022
3534,1022
3535,0
3536,0
3537,0
3538,1022
3539,1022
3540,1022
3541,0
3542,0
3543,0
3544,0
3545,1022
3546,1022
3547,1022
3548,0
3549,0
3550,0
3551,1022
3552,1022
3553,1022
3554,0
3555,0
3556,0
3557,0
3558,1022
3559,1022
3560,1022
3561,0
3562,0
3563,0
3564,1022
3565,1023
3566,1021
3567,0
3568,0
3569,0
3570,0
3571,1022
3572,1022
3573,1022
3574,0
3575,0
3576,0
3577,1022
3578,1021
3579,1022
3580,0
3581,0
3582,0
3583,1021
3584,1022
3585,1022
3586,1021
3587,0
3588,0
3589,0
3590,1022
3591,1022
3592,1022
3593,0
3594,0
3595,0
3596,1021
3597,1022
3598,1022
3599,1022
3600,0
3601,0
3602,0
3603,1022
3604,1022
3605,1022
3606,0
3607,0
3608,0
3609,1022
3610,1022
3611,1022
3612,1022
3613,0
3614,0
3615,0
3616,1022
3617,1022
3618,1022
3619,0
3620,0
3621,0
3622,1022
3623,1022
3624,1021
3625,0
3626,0
3627,0
3628,0
3629,1021
3630,1022
3631,1022
3632,0
3633,0
3634,0
3635,1022
3636,1022
3637,1022
3638,0
3639,0
3640,0
3641,0
3642,1022
3643,1021
3644,1022
3645,0
3646,0
3647,0
3648,1021
3649,1022
3650,1022
3651,0
3652,0
3653,0
3654,0
3655,1022
3656,1022
3657,1022
3658,0
3659,0
3660,0
3661,1022
3662,1022
3663,1022
3664,0
3665,0
3666,0
3667,1022
3668,1022
3669,1022
3670,1021
3671,0
3672,0
3673,0
3674,1022
3675,1022
3676,1022
3677,0
3678,0
3679,0
3680,1022
3681,1022
3682,1022
3683,1022
3684,0
3685,0
3686,0
3687,1022
3688,1022
3689,1022
3690,0
3691,0
3692,0
3693,1022
3694,1022
3695,1022
3696,1021
3697,0
3698,0
3699,0
3700,1021
3701,1021
3702,1022
3703,0
3704,0
3705,0
3706,1022
3707,1021
3708,1022
3709,1022
3710,0
3711,0
3712,0
3713,1022
3714,1022
3715,1022
3716,0
3717,0
3718,0
3719,1021
3720,1022
3721,1021
3722,0
3723,0
3724,0
3725,0
3726,1021
3727,1022
3728,1022
3729,0
3730,0
3731,0
3732,1022
3733,1021
3734,1022
3735,0
3736,0
3737,0
3738,0
3739,1022
3740,1022
3741,1022
3742,0
3743,0
3744,0
3745,1022
3746,1022
3747,1022
3748,0
3749,0
3750,0
3751,0
3752,1022
3753,1022
3754,1022
3755,0
3756,0
3757,0
3758,1022
3759,1022
3760,1022
3761,0
3762,0
3763,0
3764,1022
3765,1022
3766,1022
3767,1022
3768,0
3769,0
3770,0
3771,1022
3772,1022
3773,1021
3774,0
3775,0
3776,0
3777,1022
3778,1021
3779,1022
3780,1021
3781,0
3782,0
3783,0
3784,1022
3785,1022
3786,1022
3787,0
3788,0
3789,0
3790,1022
3791,1022
3792,1022
3793,1022
3794,0
3795,0
3796,0
3797,1022
3798,1022
3799,1022
3800,0
3801,0
3802,0
3803,1022
3804,1022
3805,1022
3806,0
3807,0
3808,0
3809,0
3810,1022
3811,1021
3812,1022
3813,0
3814,0
3815,0
3816,1022
3817,1022
3818,1022
3819,0
3820,0
3821,0
3822,0
3823,1022
3824,1022
3825,1022
3826,0
3827,0
3828,0
3829,1022
3830,1022
3831,1022
3832,0
3833,0
3834,0
3835,0
3836,1021
3837,1022
3838,1022
3839,0
3840,0
3841,0
3842,1022
3843,1022
3844,1022
3845,0
3846,0
3847,0
3848,1022
3849,1022
3850,1022
3851,1022
3852,0
3853,0
3854,0
3855,1022
3856,1022
3857,1022
3858,0
3859,0
3860,0
3861,1022
3862,1022
3863,1022
3864,1022
3865,0
3866,0
3867,0
3868,1022
3869,1022
3870,1022
3871,0
3872,0
3873,0
3874,1021
3875,1022
3876,1022
3877,1022
3878,0
3879,0
3880,0
3881,1022
3882,1022
3883,1022
3884,0
3885,0
3886,0
3887,1022
3888,1022
3889,1022
3890,0
3891,0
3892,0
3893,0
3894,1022
3895,1022
3896,1022
3897,0
3898,0
3899,0
3900,1022
3901,1021
3902,1022
3903,0
3904,0
3905,0
3906,0
3907,1022
3908,1022
3909,1022
3910,0
3911,0
3912,0
3913,1022
3914,1022
3915,1022
3916,0
3917,0
3918,0
3919,0
3920,1022
3921,1022
3922,1022
3923,0
3924,0
3925,0
3926,1022
3927,1022
3928,1022
3929,0
3930,0
3931,0
3932,0
3933,1022
3934,1022
3935,1022
3936,0
3937,0
3938,0
3939,1022
3940,1022
3941,1022
3942,0
3943,0
3944,0
3945,1022
3946,1022
3947,1022
3948,1022
3949,0
3950,0
3951,0
3952,1022
3953,1022
3954,1022
3955,0
3956,0
3957,0
3958,1021
3959,1022
3960,1022
3961,1022
3962,0
3963,0
3964,0
3965,1022
3966,1022
3967,1022
3968,0
3969,0
3970,0
3971,1022
3972,1022
3973,1022
3974,1021
3975,0
3976,0
3977,0
3978,1022
3979,1022
3980,1022
3981,0
3982,0
3983,0
3984,1022
3985,1022
3986,1022
3987,0
3988,0
3989,0
3990,0
3991,1022
3992,1022
3993,1022
3994,0
3995,0
3996,0
3997,1022
3998,1022
3999,1022
4000,0
4001,0
4002,0
4003,0
4004,1022
4005,1023
4006,1022
4007,0
4008,0
4009,0
4010,1022
4011,1022
4012,1022
4013,0
4014,0
4015,0
4016,0
4017,1022
4018,1022
4019,1022
4020,0
4021,0
4022,0
4023,1022
4024,1022
4025,1022
4026,0
4027,0
4028,0
4029,1021
4030,1022
4031,1022
4032,1022
4033,0
4034,0
4035,0
4036,1022
4037,1022
4038,1022
4039,0
4040,0
4041,0
4042,1022
4043,1022
4044,1022
4045,1022
4046,0
4047,0
4048,0
4049,1022
4050,1022
4051,1022
4052,0
4053,0
4054,0
4055,1022
4056,1022
4057,1022
4058,1022
4059,0
4060,0
4061,0
4062,1022
4063,1022
4064,1022
4065,0
4066,0
4067,0
4068,1022
4069,1022
4070,1022
4071,0
4072,0
4073,0
4074,0
4075,1022
4076,1021
4077,1021
4078,0
4079,0
4080,0
4081,1022
4082,1022
4083,1021
4084,0
4085,0
4086,0
4087,0
4088,1022
4089,1022
4090,1021
4091,0
4092,0
4093,0
4094,1022
4095,1022
4096,1022
4097,0
4098,0
4099,0
4100,0
4101,1022
4102,1021
4103,1022
4104,0
4105,0
4106,0
4107,1021
4108,1022
4109,1022
4110,0
4111,0
4112,0
4113,0
4114,1021
4115,1022
4116,1022
4117,0
4118,0
4119,0
4120,1022
4121,1022
4122,1022
4123,0
4124,0
4125,0
4126,1022
4127,1022
4128,1022
4129,1022
4130,0
4131,0
4132,0
4133,1022
4134,1022
4135,1022
4136,0
4137,0
4138,0
4139,1022
4140,1022
4141,1022
4142,1022
4143,0
4144,0
4145,0
4146,1022
4147,1022
4148,1022
4149,0
4150,0
4151,0
4152,1022
4153,1022
4154,1021
4155,1022
4156,0
4157,0
4158,0
4159,1022
4160,1021
4161,1021
4162,0
4163,0
4164,0
4165,1022
4166,1021
4167,1022
4168,0
4169,0
4170,0
4171,0
4172,1022
4173,1022
4174,1022
4175,0
4176,0
4177,0
4178,1022
4179,1022
4180,1022
4181,0
4182,0
4183,0
4184,0
4185,1022
4186,1022
4187,1022
4188,0
4189,0
4190,0
4191,1022
4192,1022
4193,1022
4194,0
4195,0
4196,0
4197,0
4198,1022
4199,1022
4200,1022
4201,0
4202,0
4203,0
4204,1022
4205,1022
4206,1022
4207,0
4208,0
4209,0
4210,1022
4211,1022
4212,1022
4213,1022
4214,0
4215,0
4216,0
4217,1022
4218,1022
4219,1022
4220,0
4221,0
4222,0
4223,1022
4224,1022
4225,1022
4226,1022
4227,0
4228,0
4229,0
4230,1022
4231,1021
4232,1021
4233,0
4234,0
4235,0
4236,1021
4237,1022
4238,1022
4239,1022
4240,0
4241,0
4242,0
4243,1022
4244,1021
4245,1022
4246,0
4247,0
4248,0
4249,1022
4250,1022
4251,1022
4252,0
4253,0
4254,0
4255,0
4256,1022
4257,1022
4258,1022
4259,0
4260,0
4261,0
4262,1022
4263,1022
4264,1022
4265,0
4266,0
4267,0
4268,0
4269,1022
4270,1022
4271,1022
4272,0
4273,0
4274,0
4275,1021
4276,1022
4277,1021
4278,0
4279,0
4280,0
4281,0
4282,1022
4283,1022
4284,1022
4285,0
4286,0
4287,0
4288,1022
4289,1022
4290,1022
4291,0
4292,0
4293,0
4294,1022
4295,1022
4296,1022
4297,1022
4298,0
4299,0
4300,0
4301,1022
4302,1022
4303,1022
4304,0
4305,0
4306,0
4307,1022
4308,1021
4309,1022
4310,1022
4311,0
4312,0
4313,0
4314,1022
4315,1022
4316,1021
4317,0
4318,0
4319,0
4320,1022
4321,1022
4322,1022
4323,1022
4324,0
4325,0
4326,0
4327,1022
4328,1022
4329,1022
4330,0
4331,0
4332,0
4333,1021
4334,1022
4335,1022
4336,1022
4337,0
4338,0
4339,0
4340,1021
4341,1022
4342,1022
4343,0
4344,0
4345,0
4346,1022
4347,1022
4348,1022
4349,0
4350,0
4351,0
4352,0
4353,1022
4354,1022
4355,1022
4356,0
4357,0
4358,0
4359,1022
4360,1022
4361,1022
4362,0
4363,0
4364,0
4365,0
4366,1022
4367,1022
4368,1022
4369,0
4370,0
4371,0
4372,1022
4373,1022
4374,1022
4375,0
4376,0
4377,0
4378,0
4379,1022
4380,1021
4381,1022
4382,0
4383,0
4384,0
4385,1022
4386,1021
4387,1023
4388,0
4389,0
4390,0
4391,1022
4392,1021
4393,1022
4394,1022
4395,0
4396,0
4397,0
4398,1022
4399,1022
4400,1022
4401,0
4402,0
4403,0
4404,1022
4405,1022
4406,1022
4407,1022
4408,0
4409,0
4410,0
4411,1021
4412,1022
4413,1022
4414,0
4415,0
4416,0
4417,1022
4418,1022
4419,1022
4420,1022
4421,0
4422,0
4423,0
4424,1022
4425,1022
4426,1022
4427,0
4428,0
4429,0
4430,1021
4431,1022
4432,1022
4433,0
4434,0
4435,0
4436,0
4437,1022
4438,1022
4439,1022
4440,0
4441,0
4442,0
4443,1022
4444,1022
4445,1022
4446,0
4447,0
4448,0
4449,0
4450,1022
4451,1022
4452,1022
4453,0
4454,0
4455,0
4456,1022
4457,1022
4458,1022
4459,0
4460,0
4461,0
4462,0
4463,1021
4464,1021
4465,1021
4466,0
4467,0
4468,0
4469,1022
4470,1022
4471,1022
4472,0
4473,0
4474,0
4475,1021
4476,1022
4477,1022
4478,1022
4479,0
4480,0
4481,0
4482,1022
4483,1022
4484,1022
4485,0
4486,0
4487,0
4488,1022
4489,1022
4490,1022
4491,1022
4492,0
4493,0
4494,0
4495,1022
4496,1022
4497,1022
4498,0
4499,0
4500,0
4501,1022
4502,1022
4503,1022
4504,1022
4505,0
4506,0
4507,0
4508,1022
4509,1022
4510,1022
4511,0
4512,0
4513,0
4514,1022
4515,1022
4516,1022
4517,1021
4518,0
4519,0
4520,0
4521,1022
4522,1022
4523,1022
4524,0
4525,0
4526,0
4527,1022
4528,1022
4529,1022
4530,0
4531,0
4532,0
4533,0
4534,1022
4535,1023
4536,1022
4537,0
4538,0
4539,0
4540,1022
4541,1021
4542,1021
4543,0
4544,0
4545,0
4546,0
4547,1022
4548,1022
4549,1022
4550,0
4551,0
4552,0
4553,1022
4554,1022
4555,1022
4556,0
4557,0
4558,0
4559,0
4560,1022
4561,1022
4562,1021
4563,0
4564,0
4565,0
4566,1022
4567,1021
4568,1022
4569,0
4570,0
4571,0
4572,1022
4573,1022
4574,1022
4575,1022
4576,0
4577,0
4578,0
4579,1022
4580,1022
4581,1022
4582,0
4583,0
4584,0
4585,1022
4586,1022
4587,1022
4588,1022
4589,0
4590,0
4591,0
4592,1022
4593,1022
4594,1022
4595,0
4596,0
4597,0
4598,1022
4599,1022
4600,1022
4601,1021
4602,0
4603,0
4604,0
4605,1022
4606,1022
4607,1022
4608,0
4609,0
4610,0
4611,1022
4612,1022
4613,1021
4614,0
4615,0
4616,0
4617,0
4618,1022
4619,1021
4620,1021
4621,0
4622,0
4623,0
4624,1022
4625,1022
4626,1022
4627,0
4628,0
4629,0
4630,0
4631,1022
4632,1021
4633,1022
4634,0
4635,0
4636,0
4637,1022
4638,1022
4639,1022
4640,0
4641,0
4642,0
4643,0
4644,1022
4645,1022
4646,1022
4647,0
4648,0
4649,0
4650,1022
4651,1022
4652,1021
4653,0
4654,0
4655,0
4656,1022
4657,1022
4658,1022
4659,1022
4660,0
4661,0
4662,0
4663,1021
4664,1022
4665,1022
4666,0
4667,0
4668,0
4669,1022
4670,1022
4671,1022
4672,1022
4673,0
4674,0
4675,0
4676,1022
4677,1022
4678,1022
4679,0
4680,0
4681,0
4682,1022
4683,1022
4684,1022
4685,1022
4686,0
4687,0
4688,0
4689,1022
4690,1023
4691,1021
4692,0
4693,0
4694,0
4695,1022
4696,1022
4697,1022
4698,0
4699,0
4700,0
4701,0
4702,1022
4703,1022
4704,1022
4705,0
4706,0
4707,0
4708,1021
4709,1022
4710,1022
4711,0
4712,0
4713,0
4714,0
4715,1021
4716,1022
4717,1022
4718,0
4719,0
4720,0
4721,1021
4722,1022
4723,1022
4724,0
4725,0
4726,0
4727,0
4728,1022
4729,1022
4730,1022
4731,0
4732,0
4733,0
4734,1022
4735,1022
4736,1022
4737,0
4738,0
4739,0
4740,0
4741,1022
4742,1022
4743,1022
4744,0
4745,0
4746,0
4747,1022
4748,1022
4749,1022
4750,0
4751,0
4752,0
4753,1022
4754,1022
4755,1022
4756,1022
4757,0
4758,0
4759,0
4760,1022
4761,1022
4762,1022
4763,0
4764,0
4765,0
4766,1022
4767,1021
4768,1023
4769,1021
4770,0
4771,0
4772,0
4773,1022
4774,1021
4775,1022
4776,0
4777,0
4778,0
4779,1022
4780,1022
4781,1022
4782,1022
4783,0
4784,0
4785,0
4786,1022
4787,1022
4788,1022
4789,0
4790,0
4791,0
4792,1022
4793,1022
4794,1022
4795,0
4796,0
4797,0
4798,0
4799,1022
4800,1022
4801,1022
4802,0
4803,0
4804,0
4805,1022
4806,1022
4807,1022
4808,0
4809,0
4810,0
4811,0
4812,1022
4813,1022
4814,1022
4815,0
4816,0
4817,0
4818,1022
4819,1022
4820,1022
4821,0
4822,0
4823,0
4824,0
4825,1021
4826,1022
4827,1022
4828,0
4829,0
4830,0
4831,1022
4832,1022
4833,1022
4834,0
4835,0
4836,0
4837,1022
4838,1022
4839,1022
4840,1022
4841,0
4842,0
4843,0
4844,1022
4845,1021
4846,1022
4847,0
4848,0
4849,0
4850,1022
4851,1021
4852,1023
4853,1023
4854,0
4855,0
4856,0
4857,1021
4858,1022
4859,1022
4860,0
4861,0
4862,0
4863,1021
4864,1022
4865,1022
4866,1021
4867,0
4868,0
4869,0
4870,1021
4871,1022
4872,1022
4873,0
4874,0
4875,0
4876,1022
4877,1022
4878,1022
4879,0
4880,0
4881,0
4882,0
4883,1022
4884,1022
4885,1022
4886,0
4887,0
4888,0
4889,1022
4890,1022
4891,1022
4892,0
4893,0
4894,0
4895,0
4896,1022
4897,1022
4898,1022
4899,0
4900,0
4901,0
4902,1022
4903,1022
4904,1022
4905,0
4906,0
4907,0
4908,0
4909,1022
4910,1022
4911,1022
4912,0
4913,0
4914,0
4915,1022
4916,1022
4917,1022
4918,0
4919,0
4920,0
4921,0
4922,1021
4923,1022
4924,1022
4925,0
4926,0
4927,0
4928,1022
4929,1021
4930,1022
4931,0
4932,0
4933,0
4934,1022
4935,1022
4936,1022
4937,1022
4938,0
4939,0
4940,0
4941,1021
4942,1022
4943,1022
4944,0
4945,0
4946,0
4947,1021
4948,1022
4949,1022
4950,1022
4951,0
4952,0
4953,0
4954,1022
4955,1022
4956,1022
4957,0
4958,0
4959,0
4960,1022
4961,1022
4962,1022
4963,1021
4964,0
4965,0
4966,0
4967,1022
4968,1022
4969,1022
4970,0
4971,0
4972,0
4973,1022
4974,1022
4975,1022
4976,0
4977,0
4978,0
4979,0
4980,1022
4981,1022
4982,1022
4983,0
4984,0
4985,0
4986,1022
4987,1022
4988,1022
4989,0
4990,0
4991,0
4992,0
4993,1021
4994,1022
4995,1021
4996,0
4997,0
4998,0
4999,1022
5000,1021
5001,1022
5002,0
5003,0
5004,0
5005,0
5006,1022
5007,1022
5008,1022
5009,0
5010,0
5011,0
5012,1022
5013,1022
5014,1022
5015,0
5016,0
5017,0
5018,1022
5019,1022
5020,1022
5021,1022
5022,0
5023,0
5024,0
5025,1021
5026,1022
5027,1022
5028,0
5029,0
5030,0
5031,1022
5032,1022
5033,1022
5034,1022
5035,0
5036,0
5037,0
5038,1022
5039,1022
5040,1021
5041,0
5042,0
5043,0
5044,1022
5045,1022
5046,1022
5047,1022
5048,0
5049,0
5050,0
5051,1022
5052,1022
5053,1022
5054,0
5055,0
5056,0
5057,1022
5058,1022
5059,1022
5060,0
5061,0
5062,0
5063,0
5064,1022
5065,1022
5066,1022
5067,0
5068,0
5069,0
5070,1022
5071,1021
5072,1022
5073,0
5074,0
5075,0
5076,0
5077,1021
5078,1023
5079,1022
5080,0
5081,0
5082,0
5083,1021
5084,1022
5085,1022
5086,0
5087,0
5088,0
5089,0
5090,1022
5091,1022
5092,1022
5093,0
5094,0
5095,0
5096,1022
5097,1022
5098,1022
5099,0
5100,0
5101,0
5102,1021
5103,1022
5104,1022
5105,1022
5106,0
5107,0
5108,0
5109,1022
5110,1022
5111,1022
5112,0
5113,0
5114,0
5115,1022
5116,1021
5117,1022
5118,1022
5119,0
5120,0
5121,0
5122,1022
5123,1022
5124,1022
5125,0
5126,0
5127,0
5128,1022
5129,1022
5130,1023
5131,1022
5132,0
5133,0
5134,0
5135,1022
5136,1022
5137,1022
5138,0
5139,0
5140,0
5141,1021
5142,1022
5143,1022
5144,1022
5145,0
5146,0
5147,0
5148,1022
5149,1021
5150,1021
5151,0
5152,0
5153,0
5154,1022
5155,1022
5156,1021
5157,0
5158,0
5159,0
5160,0
5161,1022
5162,1022
5163,1022
5164,0
5165,0
5166,0
5167,1022
5168,1022
5169,1022
5170,0
5171,0
5172,0
5173,0
5174,1022
5175,1022
5176,1022
5177,0
5178,0
5179,0
5180,1021
5181,1022
5182,1022
5183,0
5184,0
5185,0
5186,0
5187,1022
5188,1022
5189,1022
5190,0
5191,0
5192,0
5193,1022
5194,1022
5195,1022
5196,0
5197,0
5198,0
5199,1022
5200,1022
5201,1022
5202,1022
5203,0
5204,0
5205,0
5206,1022
5207,1022
5208,1022
5209,0
5210,0
5211,0
5212,1021
5213,1022
5214,1022
5215,1022
5216,0
5217,0
5218,0
5219,1022
5220,1022
5221,1022
5222,0
5223,0
5224,0
5225,1022
5226,1021
5227,1021
5228,1021
5229,0
5230,0
5231,0
5232,1022
5233,1022
5234,1022
5235,0
5236,0
5237,0
5238,1022
5239,1022
5240,1022
5241,0
5242,0
5243,0
5244,0
5245,1022
5246,1022
5247,1022
5248,0
5249,0
5250,0
5251,1021
5252,1022
5253,1022
5254,0
5255,0
5256,0
5257,0
5258,1021
5259,1022
5260,1022
5261,0
5262,0
5263,0
5264,1022
5265,1022
5266,1022
5267,0
5268,0
5269,0
5270,0
5271,1022
5272,1022
5273,1022
5274,0
5275,0
5276,0
5277,1022
5278,1022
5279,1022
5280,0
5281,0
5282,0
5283,1022
5284,1022
5285,1022
5286,1022
5287,0
5288,0
5289,0
5290,1022
5291,1022
5292,1022
5293,0
5294,0
5295,0
5296,1022
5297,1022
5298,1022
5299,1022
5300,0
5301,0
5302,0
5303,1022
5304,1021
5305,1022
5306,0
5307,0
5308,0
5309,1022
5310,1022
5311,1022
5312,1022
5313,0
5314,0
5315,0
5316,1022
5317,1022
5318,1022
5319,0
5320,0
5321,0
5322,1022
5323,1022
5324,1022
5325,1021
5326,0
5327,0
5328,0
5329,1021
5330,1022
5331,1022
5332,0
5333,0
5334,0
5335,1022
5336,1022
5337,1022
5338,0
5339,0
5340,0
5341,0
5342,1022
5343,1022
5344,1022
5345,0
5346,0
5347,0
5348,1022
5349,1021
5350,1022
5351,0
5352,0
5353,0
5354,0
5355,1022
5356,1022
5357,1022
5358,0
5359,0
5360,0
5361,1022
5362,1022
5363,1022
5364,0
5365,0
5366,0
5367,0
5368,1022
5369,1022
5370,1022
5371,0
5372,0
5373,0
5374,1022
5375,1022
5376,1022
5377,0
5378,0
5379,0
5380,1022
5381,1022
5382,1022
5383,1022
5384,0
5385,0
5386,0
5387,1022
5388,1022
5389,1022
5390,0
5391,0
5392,0
5393,1022
5394,1022
5395,1022
5396,1022
5397,0
5398,0
5399,0
5400,1022
5401,1022
5402,1022
5403,0
5404,0
5405,0
5406,1022
5407,1022
5408,1022
5409,1022
5410,0
5411,0
5412,0
5413,1022
5414,1022
5415,1022
5416,0
5417,0
5418,0
5419,1022
5420,1022
5421,1022
5422,0
5423,0
5424,0
5425,0
5426,1022
5427,1022
5428,1022
5429,0
5430,0
5431,0
5432,1022
5433,1022
5434,1022
5435,0
5436,0
5437,0
5438,0
5439,1022
5440,1022
5441,1022
5442,0
5443,0
5444,0
5445,1022
5446,1022
5447,1022
5448,0
5449,0
5450,0
5451,0
5452,1022
5453,1022
5454,1022
5455,0
5456,0
5457,0
5458,1022
5459,1022
5460,1022
5461,0
5462,0
5463,0
5464,1022
5465,1022
5466,1022
5467,1022
5468,0
5469,0
5470,0
5471,1022
5472,1022
5473,1022
5474,0
5475,0
5476,0
5477,1022
5478,1022
5479,1022
5480,1022
5481,0
5482,0
5483,0
5484,1023
5485,1022
5486,1022
5487,0
5488,0
5489,0
5490,1022
5491,1022
5492,1022
5493,1022
5494,0
5495,0
5496,0
5497,1022
5498,1022
5499,1022
5500,0
5501,0
5502,0
5503,1022
5504,1022
5505,1022
5506,0
5507,0
5508,0
5509,0
5510,1022
5511,1022
5512,1022
5513,0
5514,0
5515,0
5516,1022
5517,1022
5518,1022
5519,0
5520,0
5521,0
5522,0
5523,1022
5524,1022
5525,1022
5526,0
5527,0
5528,0
5529,1022
5530,1022
5531,1022
5532,0
5533,0
5534,0
5535,0
5536,1022
5537,1022
5538,1022
5539,0
5540,0
5541,0
5542,1022
5543,1022
5544,1022
5545,0
5546,0
5547,0
5548,0
5549,1022
5550,1021
5551,1022
5552,0
5553,0
5554,0
5555,1021
5556,1022
5557,1022
5558,0
5559,0
5560,0
5561,1022
5562,1022
5563,1022
5564,1022
5565,0
5566,0
5567,0
5568,1022
5569,1022
5570,1021
5571,0
5572,0
5573,0
5574,1022
5575,1022
5576,1022
5577,1022
5578,0
5579,0
5580,0
5581,1022
5582,1022
5583,1022
5584,0
5585,0
5586,0
5587,1022
5588,1022
5589,1022
5590,1022
5591,0
5592,0
5593,0
5594,1022
5595,1022
5596,1022
5597,0
5598,0
5599,0
5600,1022
5601,1022
5602,1022
5603,0
5604,0
5605,0
5606,0
5607,1022
5608,1021
5609,1021
5610,0
5611,0
5612,0
5613,1021
5614,1022
5615,1022
5616,0
5617,0
5618,0
5619,0
5620,1022
5621,1022
5622,1022
5623,0
5624,0
5625,0
5626,1022
5627,1022
5628,1022
5629,0
5630,0
5631,0
5632,0
5633,1021
5634,1022
5635,1022
5636,0
5637,0
5638,0
5639,1022
5640,1022
5641,1022
5642,0
5643,0
5644,0
5645,1021
5646,1022
5647,1022
5648,1022
5649,0
5650,0
5651,0
5652,1022
5653,1022
5654,1022
5655,0
5656,0
5657,0
5658,1022
5659,1022
5660,1022
5661,1022
5662,0
5663,0
5664,0
5665,1022
5666,1022
5667,1022
5668,0
5669,0
5670,0
5671,1022
5672,1021
5673,1022
5674,1022
5675,0
5676,0
5677,0
5678,1021
5679,1022
5680,1022
5681,0
5682,0
5683,0
5684,1022
5685,1022
5686,1022
5687,0
5688,0
5689,0
5690,0
5691,1022
5692,1022
5693,1022
5694,0
5695,0
5696,0
5697,1021
5698,1022
5699,1022
5700,0
5701,0
5702,0
5703,0
5704,1022
5705,1022
5706,1022
5707,0
5708,0
5709,0
5710,1022
5711,1022
5712,1021
5713,0
5714,0
5715,0
5716,0
5717,1022
5718,1022
5719,1022
5720,0
5721,0
5722,0
5723,1022
5724,1022
5725,1022
5726,0
5727,0
5728,0
5729,0
5730,1022
5731,1022
5732,1022
5733,0
5734,0
5735,0
5736,1022
5737,1022
5738,1022
5739,0
5740,0
5741,0
5742,1022
5743,1022
5744,1022
5745,1022
5746,0
5747,0
5748,0
5749,1022
5750,1022
5751,1022
5752,0
5753,0
5754,0
5755,1022
5756,1021
5757,1022
5758,1022
5759,0
5760,0
5761,0
5762,1022
5763,1022
5764,1023
5765,0
5766,0
5767,0
5768,1022
5769,1022
5770,1022
5771,1022
5772,0
5773,0
5774,0
5775,1022
5776,1022
5777,1022
5778,0
5779,0
5780,0
5781,1022
5782,1022
5783,1022
5784,0
5785,0
5786,0
5787,0
5788,1022
5789,1022
5790,1022
5791,0
5792,0
5793,0
5794,1022
5795,1022
5796,1022
5797,0
5798,0
5799,0
5800,0
5801,1022
5802,1022
5803,1022
5804,0
5805,0
5806,0
5807,1022
5808,1022
5809,1022
5810,0
5811,0
5812,0
5813,0
5814,1022
5815,1022
5816,1022
5817,0
5818,0
5819,0
5820,1022
5821,1022
5822,1022
5823,0
5824,0
5825,0
5826,1021
5827,1022
5828,1021
5829,1022
5830,0
5831,0
5832,0
5833,1022
5834,1023
5835,1022
5836,0
5837,0
5838,0
5839,1022
5840,1022
5841,1021
5842,1022
5843,0
5844,0
5845,0
5846,1021
5847,1022
5848,1022
5849,0
5850,0
5851,0
5852,1022
5853,1022
5854,1022
5855,1022
5856,0
5857,0
5858,0
5859,1022
5860,1021
5861,1022
5862,0
5863,0
5864,0
5865,1021
5866,1022
5867,1022
5868,0
5869,0
5870,0
5871,0
5872,1021
5873,1022
5874,1021
5875,0
5876,0
5877,0
5878,1022
5879,1022
5880,1022
5881,0
5882,0
5883,0
5884,0
5885,1022
5886,1022
5887,1022
5888,0
5889,0
5890,0
5891,1022
5892,1022
5893,1022
5894,0
5895,0
5896,0
5897,0
5898,1022
5899,1022
5900,1022
5901,0
5902,0
5903,0
5904,1022
5905,1022
5906,1021
5907,0
5908,0
5909,0
5910,1021
5911,1022
5912,1022
5913,1022
5914,0
5915,0
5916,0
5917,1022
5918,1022
5919,1022
5920,0
5921,0
5922,0
5923,1022
5924,1021
5925,1022
5926,1021
5927,0
5928,0
5929,0
5930,1022
5931,1021
5932,1021
5933,0
5934,0
5935,0
5936,1022
5937,1022
5938,1022
5939,1022
5940,0
5941,0
5942,0
5943,1022
5944,1022
5945,1022
5946,0
5947,0
5948,0
5949,1022
5950,1022
5951,1022
5952,1022
5953,0
5954,0
5955,0
5956,1022
5957,1022
5958,1022
5959,0
5960,0
5961,0
5962,1022
5963,1022
5964,1022
5965,0
5966,0
5967,0
5968,0
5969,1022
5970,1022
5971,1022
5972,0
5973,0
5974,0
5975,1022
5976,1022
5977,1022
5978,0
5979,0
5980,0
5981,0
5982,1022
5983,1021
5984,1022
5985,0
5986,0
5987,0
5988,1022
5989,1022
5990,1022
5991,0
5992,0
5993,0
5994,0
5995,1022
5996,1021
5997,1022
5998,0
5999,0
6000,0
6001,1022
6002,1022
6003,1022
6004,0
6005,0
6006,0
6007,1022
6008,1022
6009,1022
6010,1022
6011,0
6012,0
6013,0
6014,1022
6015,1022
6016,1022
6017,0
6018,0
6019,0
6020,1022
6021,1021
6022,1021
6023,1022
6024,0
6025,0
6026,0
6027,1022
6028,1022
6029,1022
6030,0
6031,0
6032,0
6033,1022
6034,1022
6035,1022
6036,1022
6037,0
6038,0
6039,0
6040,1022
6041,1022
6042,1021
6043,0
6044,0
6045,0
6046,1022
6047,1022
6048,1022
6049,0
6050,0
6051,0
6052,0
6053,1022
6054,1022
6055,1022
6056,0
6057,0
6058,0
6059,1022
6060,1022
6061,1021
6062,0
6063,0
6064,0
6065,0
6066,1022
6067,1022
6068,1022
6069,0
6070,0
6071,0
6072,1022
6073,1022
6074,1022
6075,0
6076,0
6077,0
6078,0
6079,1022
6080,1022
6081,1022
6082,0
6083,0
6084,0
6085,1022
6086,1022
6087,1022
6088,0
6089,0
6090,0
6091,1022
6092,1022
6093,1022
6094,1022
6095,0
6096,0
6097,0
6098,1022
6099,1022
6100,1022
6101,0
6102,0
6103,0
6104,1022
6105,1021
6106,1022
6107,1022
6108,0
6109,0
6110,0
6111,1022
6112,1022
6113,1022
6114,0
6115,0
6116,0
6117,1022
6118,1022
6119,1022
6120,1022
6121,0
6122,0
6123,0
6124,1022
6125,1022
6126,1022
6127,0
6128,0
6129,0
6130,1022
6131,1022
6132,1022
6133,1021
6134,0
6135,0
6136,0
6137,1022
6138,1022
6139,1022
6140,0
6141,0
6142,0
6143,1022
6144,1022
6145,1022
6146,0
6147,0
6148,0
6149,0
6150,1022
6151,1022
6152,1022
6153,0
6154,0
6155,0
6156,1022
6157,1022
6158,1022
6159,0
6160,0
6161,0
6162,0
6163,1022
6164,1022
6165,1022
6166,0
6167,0
6168,0
6169,1021
6170,1022
6171,1022
6172,0
6173,0
6174,0
6175,0
6176,1022
6177,1021
6178,1022
6179,0
6180,0
6181,0
6182,1021
6183,1021
6184,1022
6185,0
6186,0
6187,0
6188,1021
6189,1022
6190,1022
6191,1022
6192,0
6193,0
6194,0
6195,1023
6196,1022
6197,1022
6198,0
6199,0
6200,0
6201,1022
6202,1022
6203,1022
6204,1022
6205,0
6206,0
6207,0
6208,1022
6209,1022
6210,1022
6211,0
6212,0
6213,0
6214,1022
6215,1022
6216,1022
6217,1022
6218,0
6219,0
6220,0
6221,1022
6222,1022
6223,1022
6224,0
6225,0
6226,0
6227,1022
6228,1022
6229,1022
6230,0
6231,0
6232,0
6233,0
6234,1022
6235,1023
6236,1022
6237,0
6238,0
6239,0
6240,1022
6241,1022
6242,1022
6243,0
6244,0
6245,0
6246,0
6247,1021
6248,1022
6249,1022
6250,0
6251,0
6252,0
6253,1022
6254,1022
6255,1022
6256,0
6257,0
6258,0
6259,0
6260,1022
6261,1022
6262,1022
6263,0
6264,0
6265,0
6266,1022
6267,1022
6268,1022
6269,0
6270,0
6271,0
6272,1022
6273,1021
6274,1022
6275,1022
6276,0
6277,0
6278,0
6279,1022
6280,1022
6281,1022
6282,0
6283,0
6284,0
6285,1022
6286,1022
6287,1022
6288,1023
6289,0
6290,0
6291,0
6292,1022
6293,1022
6294,1022
6295,0
6296,0
6297,0
6298,1022
6299,1022
6300,1022
6301,1022
6302,0
6303,0
6304,0
6305,1022
6306,1022
6307,1022
6308,0
6309,0
6310,0
6311,1023
6312,1022
6313,1022
6314,0
6315,0
6316,0
6317,0
6318,1022
6319,1021
6320,1022
6321,0
6322,0
6323,0
6324,1022
6325,1022
6326,1022
6327,0
6328,0
6329,0
6330,0
6331,1022
6332,1022
6333,1022
6334,0
6335,0
6336,0
6337,1022
6338,1022
6339,1021
6340,0
6341,0
6342,0
6343,0
6344,1022
6345,1022
6346,1022
6347,0
6348,0
6349,0
6350,1022
6351,1022
6352,1022
6353,0
6354,0
6355,0
6356,0
6357,1022
6358,1022
6359,1022
6360,0
6361,0
6362,0
6363,1022
6364,1022
6365,1022
6366,0
6367,0
6368,0
6369,1022
6370,1022
6371,1022
6372,1022
6373,0
6374,0
6375,0
6376,1022
6377,1021
6378,1022
6379,0
6380,0
6381,0
6382,1022
6383,1022
6384,1022
6385,1022
6386,0
6387,0
6388,0
6389,1022
6390,1022
6391,1022
6392,0
6393,0
6394,0
6395,1021
6396,1022
6397,1022
6398,1021
6399,0
6400,0
6401,0
6402,1022
6403,1022
6404,1022
6405,0
6406,0
6407,0
6408,1022
6409,1022
6410,1022
6411,0
6412,0
6413,0
6414,0
6415,1022
6416,1022
6417,1022
6418,0
6419,0
6420,0
6421,1022
6422,1022
6423,1022
6424,0
6425,0
6426,0
6427,0
6428,1022
6429,1022
6430,1022
6431,0
6432,0
6433,0
6434,1022
6435,1022
6436,1022
6437,0
6438,0
6439,0
6440,0
6441,1022
6442,1022
6443,1022
6444,0
6445,0
6446,0
6447,1022
6448,1022
6449,1022
6450,0
6451,0
6452,0
6453,1021
6454,1022
6455,1022
6456,1022
6457,0
6458,0
6459,0
6460,1022
6461,1022
6462,1022
6463,0
6464,0
6465,0
6466,1022
6467,1022
6468,1022
6469,1022
6470,0
6471,0
6472,0
6473,1022
6474,1021
6475,1022
6476,0
6477,0
6478,0
6479,1021
6480,1022
6481,1022
6482,1022
6483,0
6484,0
6485,0
6486,1022
6487,1022
6488,1022
6489,0
6490,0
6491,0
6492,1022
6493,1022
6494,1022
6495,0
6496,0
6497,0
6498,0
6499,1021
6500,1022
6501,1022
6502,0
6503,0
6504,0
6505,1022
6506,1022
6507,1022
6508,0
6509,0
6510,0
6511,0
6512,1022
6513,1022
6514,1022
6515,0
6516,0
6517,0
6518,1022
6519,1022
6520,1022
6521,0
6522,0
6523,0
6524,0
6525,1022
6526,1021
6527,1022
6528,0
6529,0
6530,0
6531,1022
6532,1022
6533,1022
6534,0
6535,0
6536,0
6537,0
6538,1022
6539,1022
6540,1021
6541,0
6542,0
6543,0
6544,1022
6545,1021
6546,1022
6547,0
6548,0
6549,0
6550,1022
6551,1022
6552,1022
6553,1022
6554,0
6555,0
6556,0
6557,1022
6558,1022
6559,1022
6560,0
6561,0
6562,0
6563,1022
6564,1022
6565,1021
6566,1022
6567,0
6568,0
6569,0
6570,1022
6571,1022
6572,1022
6573,0
6574,0
6575,0
6576,1022
6577,1022
6578,1022
6579,1022
6580,0
6581,0
6582,0
6583,1022
6584,1022
6585,1022
6586,0
6587,0
6588,0
6589,1021
6590,1022
6591,1022
6592,0
6593,0
6594,0
6595,0
6596,1022
6597,1022
6598,1022
6599,0
6600,0
6601,0
6602,1022
6603,1022
6604,1021
6605,0
6606,0
6607,0
6608,0
6609,1022
6610,1021
6611,1022
6612,0
6613,0
6614,0
6615,1022
6616,1022
6617,1022
6618,0
6619,0
6620,0
6621,0
6622,1022
6623,1022
6624,1021
6625,0
6626,0
6627,0
6628,1022
6629,1022
6630,1022
6631,0
6632,0
6633,0
6634,1022
6635,1022
6636,1022
6637,1022
6638,0
6639,0
6640,0
6641,1022
6642,1021
6643,1022
6644,0
6645,0
6646,0
6647,1022
6648,1022
6649,1022
6650,1021
6651,0
6652,0
6653,0
6654,1022
6655,1022
6656,1021
6657,0
6658,0
6659,0
6660,1022
6661,1022
6662,1022
6663,1022
6664,0
6665,0
6666,0
6667,1022
6668,1022
6669,1022
6670,0
6671,0
6672,0
6673,1022
6674,1022
6675,1022
6676,0
6677,0
6678,0
6679,0
6680,1022
6681,1022
6682,1021
6683,0
6684,0
6685,0
6686,1022
6687,1022
6688,1022
6689,0
6690,0
6691,0
6692,0
6693,1022
6694,1022
6695,1022
6696,0
6697,0
6698,0
6699,1022
6700,1021
6701,1021
6702,0
6703,0
6704,0
6705,0
6706,1022
6707,1022
6708,1022
6709,0
6710,0
6711,0
6712,1023
6713,1022
6714,1022
6715,0
6716,0
6717,0
6718,1021
6719,1022
6720,1022
6721,1022
6722,0
6723,0
6724,0
6725,1022
6726,1022
6727,1022
6728,0
6729,0
6730,0
6731,1022
6732,1022
6733,1022
6734,1022
6735,0
6736,0
6737,0
6738,1022
6739,1022
6740,1022
6741,0
6742,0
6743,0
6744,1022
6745,1022
6746,1022
6747,1022
6748,0
6749,0
6750,0
6751,1022
6752,1022
6753,1022
6754,0
6755,0
6756,0
6757,1022
6758,1021
6759,1022
6760,1022
6761,0
6762,0
6763,0
6764,1022
6765,1022
6766,1022
6767,0
6768,0
6769,0
6770,1022
6771,1022
6772,1022
6773,0
6774,0
6775,0
6776,0
6777,1022
6778,1022
6779,1022
6780,0
6781,0
6782,0
6783,1022
6784,1023
6785,1022
6786,0
6787,0
6788,0
6789,0
6790,1022
6791,1022
6792,1022
6793,0
6794,0
6795,0
6796,1022
6797,1022
6798,1022
6799,0
6800,0
6801,0
6802,0
6803,1022
6804,1022
6805,1022
6806,0
6807,0
6808,0
6809,1022
6810,1022
6811,1022
6812,0
6813,0
6814,0
6815,1022
6816,1022
6817,1022
6818,1022
6819,0
6820,0
6821,0
6822,1022
6823,1022
6824,1022
6825,0
6826,0
6827,0
6828,1021
6829,1022
6830,1022
6831,1022
6832,0
6833,0
6834,0
6835,1022
6836,1022
6837,1022
6838,0
6839,0
6840,0
6841,1022
6842,1022
6843,1022
6844,1022
6845,0
6846,0
6847,0
6848,1022
6849,1021
6850,1022
6851,0
6852,0
6853,0
6854,1022
6855,1022
6856,1022
6857,0
6858,0
6859,0
6860,0
6861,1021
6862,1022
6863,1022
6864,0
6865,0
6866,0
6867,1022
6868,1022
6869,1022
6870,0
6871,0
6872,0
6873,0
6874,1022
6875,1022
6876,1022
6877,0
6878,0
6879,0
6880,1022
6881,1022
6882,1022
6883,0
6884,0
6885,0
6886,0
6887,1022
6888,1022
6889,1022
6890,0
6891,0
6892,0
6893,1022
6894,1022
6895,1022
6896,0
6897,0
6898,0
6899,1022
6900,1022
6901,1022
6902,1023
6903,0
6904,0
6905,0
6906,1022
6907,1021
6908,1021
6909,0
6910,0
6911,0
6912,1022
6913,1022
6914,1022
6915,1022
6916,0
6917,0
6918,0
6919,1022
6920,1022
6921,1022
6922,0
6923,0
6924,0
6925,1022
6926,1022
6927,1022
6928,1022
6929,0
6930,0
6931,0
6932,1022
6933,1022
6934,1022
6935,0
6936,0
6937,0
6938,1021
6939,1022
6940,1022
6941,1021
6942,0
6943,0
6944,0
6945,1022
6946,1022
6947,1022
6948,0
6949,0
6950,0
6951,1022
6952,1022
6953,1022
6954,0
6955,0
6956,0
6957,0
6958,1022
6959,1022
6960,1022
6961,0
6962,0
6963,0
6964,1022
6965,1022
6966,1022
6967,0
6968,0
6969,0
6970,0
6971,1022
6972,1022
6973,1021
6974,0
6975,0
6976,0
6977,1022
6978,1022
6979,1022
6980,0
6981,0
6982,0
6983,0
6984,1021
6985,1021
6986,1021
6987,0
6988,0
6989,0
6990,1022
6991,1021
6992,1022
6993,0
6994,0
6995,0
6996,1022
6997,1022
6998,1022
6999,1022
7000,0
7001,0
7002,0
7003,1022
7004,1022
7005,1022
7006,0
7007,0
7008,0
7009,1022
7010,1022
7011,1021
7012,1021
7013,0
7014,0
7015,0
7016,1022
7017,1022
7018,1022
7019,0
7020,0
7021,0
7022,1022
7023,1022
7024,1022
7025,1022
7026,0
7027,0
7028,0
7029,1022
7030,1022
7031,1022
7032,0
7033,0
7034,0
7035,1022
7036,1022
7037,1022
7038,0
7039,0
7040,0
7041,0
7042,1022
7043,1022
7044,1022
7045,0
7046,0
7047,0
7048,1022
7049,1022
7050,1022
7051,0
7052,0
7053,0
7054,0
7055,1022
7056,1022
7057,1022
7058,0
7059,0
7060,0
7061,1022
7062,1022
7063,1022
7064,0
7065,0
7066,0
7067,0
7068,1022
7069,1022
7070,1022
7071,0
7072,0
7073,0
7074,1022
7075,1022
7076,1022
7077,0
7078,0
7079,0
7080,1022
7081,1022
7082,1022
7083,1022
7084,0
7085,0
7086,0
7087,1022
7088,1022
7089,1022
7090,0
7091,0
7092,0
7093,1022
7094,1022
7095,1022
7096,1022
7097,0
7098,0
7099,0
7100,1022
7101,1022
7102,1022
7103,0
7104,0
7105,0
7106,1022
7107,1022
7108,1022
7109,1022
7110,0
7111,0
7112,0
7113,1022
7114,1022
7115,1022
7116,0
7117,0
7118,0
7119,1022
7120,1022
7121,1022
7122,0
7123,0
7124,0
7125,0
7126,1022
7127,1022
7128,1021
7129,0
7130,0
7131,0
7132,1022
7133,1021
7134,1022
7135,0
7136,0
7137,0
7138,0
7139,1022
7140,1021
7141,1022
7142,0
7143,0
7144,0
7145,1022
7146,1022
7147,1022
7148,0
7149,0
7150,0
7151,0
7152,1022
7153,1022
7154,1022
7155,0
7156,0
7157,0
7158,1022
7159,1022
7160,1022
7161,0
7162,0
7163,0
7164,0
7165,1022
7166,1022
7167,1021
7168,0
7169,0
7170,0
7171,1022
7172,1022
7173,1022
7174,0
7175,0
7176,0
7177,1022
7178,1022
7179,1022
7180,1022
7181,0
7182,0
7183,0
7184,1022
7185,1022
7186,1022
7187,0
7188,0
7189,0
7190,1022
7191,1022
7192,1022
7193,1022
7194,0
7195,0
7196,0
7197,1022
7198,1022
7199,1022
7200,0
7201,0
7202,0
7203,1022
7204,1022
7205,1022
7206,1022
7207,0
7208,0
7209,0
7210,1022
7211,1022
7212,1022
7213,0
7214,0
7215,0
7216,1022
7217,1023
7218,1021
7219,0
7220,0
7221,0
7222,0
7223,1022
7224,1022
7225,1022
7226,0
7227,0
7228,0
7229,1022
7230,1022
7231,1022
7232,0
7233,0
7234,0
7235,0
7236,1022
7237,1022
7238,1022
7239,0
7240,0
7241,0
7242,1022
7243,1022
7244,1022
7245,0
7246,0
7247,0
7248,0
7249,1021
7250,1022
7251,1022
7252,0
7253,0
7254,0
7255,1022
7256,1022
7257,1022
7258,0
7259,0
7260,0
7261,1022
7262,1022
7263,1022
7264,1022
7265,0
7266,0
7267,0
7268,1022
7269,1022
7270,1022
7271,0
7272,0
7273,0
7274,1022
7275,1022
7276,1022
7277,1022
7278,0
7279,0
7280,0
7281,1022
7282,1022
7283,1022
7284,0
7285,0
7286,0
7287,1022
7288,1022
7289,1022
7290,1022
7291,0
7292,0
7293,0
7294,1022
7295,1023
7296,1022
7297,0
7298,0
7299,0
7300,1022
7301,1022
7302,1022
7303,0
7304,0
7305,0
7306,0
7307,1022
7308,1022
7309,1022
7310,0
7311,0
7312,0
7313,1022
7314,1021
7315,1022
7316,0
7317,0
7318,0
7319,0
7320,1021
7321,1022
7322,1022
7323,0
7324,0
7325,0
7326,1022
7327,1022
7328,1022
7329,0
7330,0
7331,0
7332,0
7333,1022
7334,1022
7335,1022
7336,0
7337,0
7338,0
7339,1022
7340,1022
7341,1021
7342,0
7343,0
7344,0
7345,0
7346,1022
7347,1022
7348,1022
7349,0
7350,0
7351,0
7352,1022
7353,1022
7354,1022
7355,0
7356,0
7357,0
7358,1022
7359,1022
7360,1022
7361,1023
7362,0
7363,0
7364,0
7365,1022
7366,1022
7367,1021
7368,0
7369,0
7370,0
7371,1022
7372,1021
7373,1022
7374,1022
7375,0
7376,0
7377,0
7378,1022
7379,1022
7380,1022
7381,0
7382,0
7383,0
7384,1022
7385,1023
7386,1022
7387,1022
7388,0
7389,0
7390,0
7391,1022
7392,1022
7393,1022
7394,0
7395,0
7396,0
7397,1021
7398,1022
7399,1022
7400,0
7401,0
7402,0
7403,0
7404,1022
7405,1022
7406,1021
7407,0
7408,0
7409,0
7410,1022
7411,1021
7412,1022
7413,0
7414,0
7415,0
7416,0
7417,1022
7418,1022
7419,1022
7420,0
7421,0
7422,0
7423,1022
7424,1022
7425,1022
7426,0
7427,0
7428,0
7429,0
7430,1022
7431,1022
7432,1022
7433,0
7434,0
7435,0
7436,1022
7437,1022
7438,1022
7439,0
7440,0
7441,0
7442,1022
7443,1023
7444,1020
7445,1022
7446,0
7447,0
7448,0
7449,1022
7450,1021
7451,1021
7452,0
7453,0
7454,0
7455,1022
7456,1022
7457,1022
7458,1022
7459,0
7460,0
7461,0
7462,1022
7463,1022
7464,1022
7465,0
7466,0
7467,0
7468,1022
7469,1021
7470,1022
7471,1022
7472,0
7473,0
7474,0
7475,1021
7476,1022
7477,1022
7478,0
7479,0
7480,0
7481,1022
7482,1022
7483,1022
7484,0
7485,0
7486,0
7487,0
7488,1022
7489,1022
7490,1021
7491,0
7492,0
7493,0
7494,1022
7495,1022
7496,1022
7497,0
7498,0
7499,0
7500,0
7501,1022
7502,1022
7503,1022
7504,0
7505,0
7506,0
7507,1022
7508,1021
7509,1022
7510,0
7511,0
7512,0
7513,0
7514,1022
7515,1022
7516,1021
7517,0
7518,0
7519,0
7520,1022
7521,1021
7522,1022
7523,0
7524,0
7525,0
7526,1021
7527,1022
7528,1021
7529,1022
7530,0
7531,0
7532,0
7533,1022
7534,1022
7535,1022
7536,0
7537,0
7538,0
7539,1022
7540,1022
7541,1022
7542,1022
7543,0
7544,0
7545,0
7546,1022
7547,1022
7548,1022
7549,0
7550,0
7551,0
7552,1022
7553,1022
7554,1022
7555,1022
7556,0
7557,0
7558,0
7559,1022
7560,1022
7561,1022
7562,0
7563,0
7564,0
7565,1022
7566,1021
7567,1022
7568,1022
7569,0
7570,0
7571,0
7572,1022
7573,1022
7574,1022
7575,0
7576,0
7577,0
7578,1022
7579,1022
7580,1022
7581,0
7582,0
7583,0
7584,0
7585,1022
7586,1022
7587,1022
7588,0
7589,0
7590,0
7591,1022
7592,1022
7593,1022
7594,0
7595,0
7596,0
7597,0
7598,1022
7599,1022
7600,1022
7601,0
7602,0
7603,0
7604,1022
7605,1022
7606,1022
7607,0
7608,0
7609,0
7610,0
7611,1022
7612,1022
7613,1022
7614,0
7615,0
7616,0
7617,1022
7618,1022
7619,1022
7620,0
7621,0
7622,0
7623,1021
7624,1022
7625,1022
7626,1022
7627,0
7628,0
7629,0
7630,1022
7631,1022
7632,1022
7633,0
7634,0
7635,0
7636,1022
7637,1022
7638,1022
7639,1022
7640,0
7641,0
7642,0
7643,1022
7644,1022
7645,1022
7646,0
7647,0
7648,0
7649,1022
7650,1022
7651,1022
7652,1022
7653,0
7654,0
7655,0
7656,1022
7657,1022
7658,1022
7659,0
7660,0
7661,0
7662,1021
7663,1022
7664,1022
7665,0
7666,0
7667,0
7668,0
7669,1022
7670,1022
7671,1022
7672,0
7673,0
7674,0
7675,1022
7676,1022
7677,1021
7678,0
7679,0
7680,0
7681,0
7682,1022
7683,1022
7684,1022
7685,0
7686,0
7687,0
7688,1022
7689,1022
7690,1022
7691,0
7692,0
7693,0
7694,0
7695,1022
7696,1022
7697,1022
7698,0
7699,0
7700,0
7701,1021
7702,1022
7703,1022
7704,0
7705,0
7706,0
7707,1022
7708,1022
7709,1022
7710,1022
7711,0
7712,0
7713,0
7714,1022
7715,1022
7716,1022
7717,0
7718,0
7719,0
7720,1022
7721,1022
7722,1022
7723,1021
7724,0
7725,0
7726,0
7727,1022
7728,1022
7729,1022
7730,0
7731,0
7732,0
7733,1022
7734,1022
7735,1022
7736,1021
7737,0
7738,0
7739,0
7740,1022
7741,1022
7742,1022
7743,0
7744,0
7745,0
7746,1022
7747,1022
7748,1022
7749,1022
7750,0
7751,0
7752,0
7753,1022
7754,1021
7755,1022
7756,0
7757,0
7758,0
7759,1022
7760,1022
7761,1022
7762,0
7763,0
7764,0
7765,0
7766,1022
7767,1022
7768,1022
7769,0
7770,0
7771,0
7772,1022
7773,1022
7774,1021
7775,0
7776,0
7777,0
7778,0
7779,1022
7780,1021
7781,1022
7782,0
7783,0
7784,0
7785,1022
7786,1022
7787,1022
7788,0
7789,0
7790,0
7791,0
7792,1022
7793,1022
7794,1022
7795,0
7796,0
7797,0
7798,1022
7799,1022
7800,1022
7801,0
7802,0
7803,0
7804,1022
7805,1022
7806,1022
7807,1022
7808,0
7809,0
7810,0
7811,1022
7812,1022
7813,1021
7814,0
7815,0
7816,0
7817,1022
7818,1022
7819,1022
7820,1022
7821,0
7822,0
7823,0
7824,1022
7825,1021
7826,1022
7827,0
7828,0
7829,0
7830,1022
7831,1022
7832,1022
7833,1022
7834,0
7835,0
7836,0
7837,1022
7838,1022
7839,1022
7840,0
7841,0
7842,0
7843,1022
7844,1022
7845,1022
7846,0
7847,0
7848,0
7849,0
7850,1022
7851,1022
7852,1021
7853,0
7854,0
7855,0
7856,1022
7857,1022
7858,1022
7859,0
7860,0
7861,0
7862,0
7863,1022
7864,1022
7865,1022
7866,0
7867,0
7868,0
7869,1022
7870,1022
7871,1022
7872,0
7873,0
7874,0
7875,0
7876,1022
7877,1022
7878,1022
7879,0
7880,0
7881,0
7882,1022
7883,1022
7884,1022
7885,0
7886,0
7887,0
7888,1022
7889,1022
7890,1022
7891,1022
7892,0
7893,0
7894,0
7895,1022
7896,1022
7897,1022
7898,0
7899,0
7900,0
7901,1022
7902,1021
7903,1022
7904,1022
7905,0
7906,0
7907,0
7908,1021
7909,1022
7910,1022
7911,0
7912,0
7913,0
7914,1022
7915,1022
7916,1021
7917,1022
7918,0
7919,0
7920,0
7921,1022
7922,1022
7923,1022
7924,0
7925,0
7926,0
7927,1021
7928,1022
7929,1022
7930,0
7931,0
7932,0
7933,0
7934,1022
7935,1022
7936,1022
7937,0
7938,0
7939,0
7940,1022
7941,1022
7942,1022
7943,0
7944,0
7945,0
7946,0
7947,1022
7948,1022
7949,1021
7950,0
7951,0
7952,0
7953,1022
7954,1022
7955,1022
7956,0
7957,0
7958,0
7959,0
7960,1022
7961,1022
7962,1022
7963,0
7964,0
7965,0
7966,1022
7967,1022
7968,1022
7969,0
7970,0
7971,0
7972,0
7973,1022
7974,1022
7975,1021
7976,0
7977,0
7978,0
7979,1022
7980,1022
7981,1022
7982,0
7983,0
7984,0
7985,1022
7986,1021
7987,1021
7988,1022
7989,0
7990,0
7991,0
7992,1022
7993,1022
7994,1022
7995,0
7996,0
7997,0
7998,1022
7999,1022
8000,1022
8001,1022
8002,0
8003,0
8004,0
8005,1022
8006,1022
8007,1022
8008,0
8009,0
8010,0
8011,1021
8012,1022
8013,1022
8014,1022
8015,0
8016,0
8017,0
8018,1022
8019,1022
8020,1022
8021,0
8022,0
8023,0
8024,1022
8025,1022
8026,1022
8027,0
8028,0
8029,0
8030,0
8031,1022
8032,1022
8033,1022
8034,0
8035,0
8036,0
8037,1022
8038,1022
8039,1022
8040,0
8041,0
8042,0
8043,0
8044,1022
8045,1022
8046,1022
8047,0
8048,0
8049,0
8050,1022
8051,1022
8052,1022
8053,0
8054,0
8055,0
8056,0
8057,1021
8058,1022
8059,1021
8060,0
8061,0
8062,0
8063,1022
8064,1022
8065,1022
8066,0
8067,0
8068,0
8069,1022
8070,1022
8071,1023
8072,1022
8073,0
8074,0
8075,0
8076,1022
8077,1022
8078,1022
8079,0
8080,0
8081,0
8082,1021
8083,1022
8084,1022
8085,1022
8086,0
8087,0
8088,0
8089,1022
8090,1022
8091,1022
8092,0
8093,0
8094,0
8095,1022
8096,1022
8097,1022
8098,1022
8099,0
8100,0
8101,0
8102,1022
8103,1022
8104,1022
8105,0
8106,0
8107,0
8108,1022
8109,1022
8110,1022
8111,0
8112,0
8113,0
8114,0
8115,1022
8116,1022
8117,1021
8118,0
8119,0
8120,0
8121,1022
8122,1022
8123,1022
8124,0
8125,0
8126,0
8127,0
8128,1022
8129,1022
8130,1022
8131,0
8132,0
8133,0
8134,1022
8135,1021
8136,1021
8137,0
8138,0
8139,0
8140,0
8141,1022
8142,1022
8143,1022
8144,0
8145,0
8146,0
8147,1022
8148,1022
8149,1022
8150,0
8151,0
8152,0
8153,0
8154,1022
8155,1021
8156,1022
8157,0
8158,0
8159,0
8160,1021
8161,1022
8162,1021
8163,0
8164,0
8165,0
8166,1021
8167,1022
8168,1022
8169,1022
8170,0
8171,0
8172,0
8173,1022
8174,1022
8175,1022
8176,0
8177,0
8178,0
8179,1022
8180,1022
8181,1022
8182,1022
8183,0
8184,0
8185,0
8186,1022
8187,1022
8188,1022
8189,0
8190,0
8191,0
8192,1022
8193,1021
8194,1022
8195,1022
8196,0
8197,0
8198,0
8199,1022
8200,1022
8201,1022
8202,0
8203,0
8204,0
8205,1022
8206,1022
8207,1022
8208,0
8209,0
8210,0
8211,0
8212,1022
8213,1021
8214,1022
8215,0
8216,0
8217,0
8218,1022
8219,1022
8220,1022
8221,0
8222,0
8223,0
8224,0
8225,1022
8226,1022
8227,1021
8228,0
8229,0
8230,0
8231,1022
8232,1022
8233,1022
8234,0
8235,0
8236,0
8237,0
8238,1022
8239,1022
8240,1022
8241,0
8242,0
8243,0
8244,1022
8245,1022
8246,1022
8247,0
8248,0
8249,0
8250,1021
8251,1022
8252,1021
8253,1022
8254,0
8255,0
8256,0
8257,1022
8258,1022
8259,1022
8260,0
8261,0
8262,0
8263,1022
8264,1022
8265,1022
8266,1022
8267,0
8268,0
8269,0
8270,1022
8271,1022
8272,1022
8273,0
8274,0
8275,0
8276,1022
8277,1022
8278,1022
8279,1023
8280,0
8281,0
8282,0
8283,1022
8284,1021
8285,1021
8286,0
8287,0
8288,0
8289,1022
8290,1022
8291,1021
8292,0
8293,0
8294,0
8295,0
8296,1022
8297,1022
8298,1022
8299,0
8300,0
8301,0
8302,1022
8303,1022
8304,1022
8305,0
8306,0
8307,0
8308,0
8309,1021
8310,1022
8311,1022
8312,0
8313,0
8314,0
8315,1022
8316,1022
8317,1022
8318,0
8319,0
8320,0
8321,0
8322,1022
8323,1022
8324,1022
8325,0
8326,0
8327,0
8328,1022
8329,1021
8330,1022
8331,0
8332,0
8333,0
8334,1020
8335,1022
8336,1022
8337,1022
8338,0
8339,0
8340,0
8341,1022
8342,1022
8343,1022
8344,0
8345,0
8346,0
8347,1022
8348,1022
8349,1022
8350,1022
8351,0
8352,0
8353,0
8354,1022
8355,1022
8356,1022
8357,0
8358,0
8359,0
8360,1022
8361,1022
8362,1022
8363,1022
8364,0
8365,0
8366,0
8367,1022
8368,1022
8369,1022
8370,0
8371,0
8372,0
8373,1022
8374,1022
8375,1022
8376,1021
8377,0
8378,0
8379,0
8380,1022
8381,1022
8382,1022
8383,0
8384,0
8385,0
8386,1022
8387,1022
8388,1022
8389,0
8390,0
8391,0
8392,0
8393,1022
8394,1022
8395,1022
8396,0
8397,0
8398,0
8399,1022
8400,1022
8401,1022
8402,0
8403,0
8404,0
8405,0
8406,1022
8407,1022
8408,1022
8409,0
8410,0
8411,0
8412,1022
8413,1022
8414,1022
8415,0
8416,0
8417,0
8418,0
8419,1022
8420,1022
8421,1022
8422,0
8423,0
8424,0
8425,1022
8426,1022
8427,1022
8428,0
8429,0
8430,0
8431,1022
8432,1022
8433,1022
8434,1022
8435,0
8436,0
8437,0
8438,1022
8439,1022
8440,1022
8441,0
8442,0
8443,0
8444,1022
8445,1022
8446,1022
8447,1022
8448,0
8449,0
8450,0
8451,1022
8452,1022
8453,1022
8454,0
8455,0
8456,0
8457,1022
8458,1022
8459,1022
8460,1022
8461,0
8462,0
8463,0
8464,1022
8465,1022
8466,1022
8467,0
8468,0
8469,0
8470,1022
8471,1022
8472,1022
8473,0
8474,0
8475,0
8476,0
8477,1022
8478,1022
8479,1022
8480,0
8481,0
8482,0
8483,1022
8484,1022
8485,1022
8486,0
8487,0
8488,0
8489,0
8490,1022
8491,1022
8492,1022
8493,0
8494,0
8495,0
8496,1022
8497,1022
8498,1022
8499,0
8500,0
8501,0
8502,0
8503,1022
8504,1022
8505,1022
8506,0
8507,0
8508,0
8509,1022
8510,1022
8511,1022
8512,0
8513,0
8514,0
8515,1022
8516,1022
8517,1022
8518,1021
8519,0
8520,0
8521,0
8522,1022
8523,1022
8524,1022
8525,0
8526,0
8527,0
8528,1022
8529,1022
8530,1022
8531,1022
8532,0
8533,0
8534,0
8535,1022
8536,1022
8537,1021
8538,0
8539,0
8540,0
8541,1022
8542,1022
8543,1022
8544,1022
8545,0
8546,0
8547,0
8548,1021
8549,1022
8550,1022
8551,0
8552,0
8553,0
8554,1022
8555,1022
8556,1022
8557,0
8558,0
8559,0
8560,0
8561,1022
8562,1022
8563,1022
8564,0
8565,0
8566,0
8567,1022
8568,1022
8569,1022
8570,0
8571,0
8572,0
8573,0
8574,1022
8575,1022
8576,1022
8577,0
8578,0
8579,0
8580,1022
8581,1022
8582,1022
8583,0
8584,0
8585,0
8586,0
8587,1021
8588,1022
8589,1021
8590,0
8591,0
8592,0
8593,1022
8594,1022
8595,1022
8596,0
8597,0
8598,0
8599,0
8600,1022
8601,1022
8602,1022
8603,0
8604,0
8605,0
8606,1021
8607,1022
8608,1022
8609,0
8610,0
8611,0
8612,1021
8613,1022
8614,1022
8615,1022
8616,0
8617,0
8618,0
8619,1022
8620,1022
8621,1022
8622,0
8623,0
8624,0
8625,1022
8626,1022
8627,1022
8628,1022
8629,0
8630,0
8631,0
8632,1022
8633,1021
8634,1022
8635,0
8636,0
8637,0
8638,1021
8639,1022
8640,1021
8641,1022
8642,0
8643,0
8644,0
8645,1022
8646,1022
8647,1022
8648,0
8649,0
8650,0
8651,1022
8652,1022
8653,1021
8654,0
8655,0
8656,0
8657,0
8658,1022
8659,1021
8660,1022
8661,0
8662,0
8663,0
8664,1022
8665,1022
8666,1022
8667,0
8668,0
8669,0
8670,0
8671,1021
8672,1022
8673,1022
8674,0
8675,0
8676,0
8677,1022
8678,1022
8679,1022
8680,0
8681,0
8682,0
8683,0
8684,1022
8685,1021
8686,1022
8687,0
8688,0
8689,0
8690,1022
8691,1021
8692,1022
8693,0
8694,0
8695,0
8696,1022
8697,1022
8698,1022
8699,1022
8700,0
8701,0
8702,0
8703,1022
8704,1022
8705,1022
8706,0
8707,0
8708,0
8709,1022
8710,1021
8711,1022
8712,1022
8713,0
8714,0
8715,0
8716,1022
8717,1022
8718,1022
8719,0
8720,0
8721,0
8722,1022
8723,1022
8724,1021
8725,1022
8726,0
8727,0
8728,0
8729,1022
8730,1022
8731,1022
8732,0
8733,0
8734,0
8735,1022
8736,1022
8737,1022
8738,0
8739,0
8740,0
8741,0
8742,1022
8743,1022
8744,1022
8745,0
8746,0
8747,0
8748,1021
8749,1022
8750,1022
8751,0
8752,0
8753,0
8754,0
8755,1022
8756,1021
8757,1022
8758,0
8759,0
8760,0
8761,1021
8762,1022
8763,1022
8764,0
8765,0
8766,0
8767,0
8768,1022
8769,1022
8770,1021
8771,0
8772,0
8773,0
8774,1021
8775,1022
8776,1022
8777,0
8778,0
8779,0
8780,0
8781,1022
8782,1022
8783,1022
8784,0
8785,0
8786,0
8787,1022
8788,1022
8789,1022
8790,0
8791,0
8792,0
8793,1022
8794,1022
8795,1022
8796,1022
8797,0
8798,0
8799,0
8800,1022
8801,1022
8802,1022
8803,0
8804,0
8805,0
8806,1021
8807,1021
8808,1022
8809,1022
8810,0
8811,0
8812,0
8813,1022
8814,1022
8815,1022
8816,0
8817,0
8818,0
8819,1022
8820,1022
8821,1023
8822,1022
8823,0
8824,0
8825,0
8826,1022
8827,1022
8828,1021
8829,0
8830,0
8831,0
8832,1022
8833,1022
8834,1022
8835,0
8836,0
8837,0
8838,0
8839,1022
8840,1022
8841,1022
8842,0
8843,0
8844,0
8845,1022
8846,1022
8847,1022
8848,0
8849,0
8850,0
8851,0
8852,1022
8853,1022
8854,1022
8855,0
8856,0
8857,0
8858,1022
8859,1022
8860,1022
8861,0
8862,0
8863,0
8864,0
8865,1022
8866,1022
8867,1022
8868,0
8869,0
8870,0
8871,1022
8872,1022
8873,1022
8874,0
8875,0
8876,0
8877,1022
8878,1022
8879,1022
8880,1022
8881,0
8882,0
8883,0
8884,1022
8885,1021
8886,1022
8887,0
8888,0
8889,0
8890,1022
8891,1022
8892,1022
8893,1022
8894,0
8895,0
8896,0
8897,1022
8898,1023
8899,1022
8900,0
8901,0
8902,0
8903,1022
8904,1022
8905,1022
8906,1022
8907,0
8908,0
8909,0
8910,1022
8911,1022
8912,1022
8913,0
8914,0
8915,0
8916,1022
8917,1022
8918,1022
8919,0
8920,0
8921,0
8922,0
8923,1022
8924,1022
8925,1022
8926,0
8927,0
8928,0
8929,1022
8930,1022
8931,1022
8932,0
8933,0
8934,0
8935,0
8936,1022
8937,1021
8938,1022
8939,0
8940,0
8941,0
8942,1022
8943,1022
8944,1022
8945,0
8946,0
8947,0
8948,0
8949,1022
8950,1022
8951,1022
8952,0
8953,0
8954,0
8955,1022
8956,1022
8957,1022
8958,0
8959,0
8960,0
8961,0
8962,1022
8963,1022
8964,1022
8965,0
8966,0
8967,0
8968,1022
8969,1022
8970,1022
8971,0
8972,0
8973,0
8974,1022
8975,1022
8976,1022
8977,1022
8978,0
8979,0
8980,0
8981,1022
8982,1022
8983,1022
8984,0
8985,0
8986,0
8987,1021
8988,1022
8989,1022
8990,1022
8991,0
8992,0
8993,0
8994,1022
8995,1022
8996,1022
8997,0
8998,0
8999,0
9000,1022
9001,1022
9002,1022
9003,1022
9004,0
9005,0
9006,0
9007,1022
9008,1022
9009,1022
9010,0
9011,0
9012,0
9013,1022
9014,1021
9015,1022
9016,0
9017,0
9018,0
9019,0
9020,1022
9021,1022
9022,1022
9023,0
9024,0
9025,0
9026,1022
9027,1022
9028,1022
9029,0
9030,0
9031,0
9032,0
9033,1022
9034,1022
9035,1022
9036,0
9037,0
9038,0
9039,1021
9040,1021
9041,1021
9042,0
9043,0
9044,0
9045,0
9046,1022
9047,1022
9048,1022
9049,0
9050,0
9051,0
9052,1022
9053,1022
9054,1022
9055,0
9056,0
9057,0
9058,1022
9059,1022
9060,1022
9061,1022
9062,0
9063,0
9064,0
9065,1022
9066,1022
9067,1022
9068,0
9069,0
9070,0
9071,1022
9072,1021
9073,1022
9074,1022
9075,0
9076,0
9077,0
9078,1022
9079,1022
9080,1021
9081,0
9082,0
9083,0
9084,1022
9085,1022
9086,1022
9087,1022
9088,0
9089,0
9090,0
9091,1022
9092,1022
9093,1022
9094,0
9095,0
9096,0
9097,1022
9098,1022
9099,1021
9100,0
9101,0
9102,0
9103,0
9104,1022
9105,1022
9106,1022
9107,0
9108,0
9109,0
9110,1022
9111,1022
9112,1022
9113,0
9114,0
9115,0
9116,0
9117,1022
9118,1022
9119,1023
9120,0
9121,0
9122,0
9123,1022
9124,1022
9125,1022
9126,0
9127,0
9128,0
9129,0
9130,1021
9131,1022
9132,1022
9133,0
9134,0
9135,0
9136,1021
9137,1022
9138,1022
9139,0
9140,0
9141,0
9142,1021
9143,1022
9144,1022
9145,1022
9146,0
9147,0
9148,0
9149,1023
9150,1022
9151,1022
9152,0
9153,0
9154,0
9155,1022
9156,1022
9157,1022
9158,1022
9159,0
9160,0
9161,0
9162,1022
9163,1022
9164,1022
9165,0
9166,0
9167,0
9168,1022
9169,1022
9170,1023
9171,1022
9172,0
9173,0
9174,0
9175,1022
9176,1022
9177,1022
9178,0
9179,0
9180,0
9181,1022
9182,1021
9183,1022
9184,1022
9185,0
9186,0
9187,0
9188,1022
9189,1022
9190,1022
9191,0
9192,0
9193,0
9194,1022
9195,1022
9196,1022
9197,0
9198,0
9199,0
9200,0
9201,1022
9202,1022
9203,1022
9204,0
9205,0
9206,0
9207,1022
9208,1022
9209,1021
9210,0
9211,0
9212,0
9213,0
9214,1022
9215,1022
9216,1022
9217,0
9218,0
9219,0
9220,1022
9221,1022
9222,1022
9223,0
9224,0
9225,0
9226,0
9227,1022
9228,1022
9229,1022
9230,0
9231,0
9232,0
9233,1021
9234,1022
9235,1022
9236,0
9237,0
9238,0
9239,1022
9240,1022
9241,1022
9242,1022
9243,0
9244,0
9245,0
9246,1022
9247,1022
9248,1022
9249,0
9250,0
9251,0
9252,1021
9253,1022
9254,1022
9255,1022
9256,0
9257,0
9258,0
9259,1022
9260,1021
9261,1022
9262,0
9263,0
9264,0
9265,1022
9266,1022
9267,1022
9268,1022
9269,0
9270,0
9271,0
9272,1022
9273,1023
9274,1022
9275,0
9276,0
9277,0
9278,1022
9279,1021
9280,1021
9281,0
9282,0
9283,0
9284,0
9285,1022
9286,1021
9287,1022
9288,0
9289,0
9290,0
9291,1022
9292,1022
9293,1022
9294,0
9295,0
9296,0
9297,0
9298,1022
9299,1022
9300,1022
9301,0
9302,0
9303,0
9304,1022
9305,1022
9306,1023
9307,0
9308,0
9309,0
9310,0
9311,1022
9312,1022
9313,1022
9314,0
9315,0
9316,0
9317,1022
9318,1022
9319,1022
9320,0
9321,0
9322,0
9323,1022
9324,1022
9325,1022
9326,1022
9327,0
9328,0
9329,0
9330,1022
9331,1022
9332,1022
9333,0
9334,0
9335,0
9336,1022
9337,1022
9338,1022
9339,1022
9340,0
9341,0
9342,0
9343,1022
9344,1022
9345,1021
9346,0
9347,0
9348,0
9349,1022
9350,1022
9351,1022
9352,1022
9353,0
9354,0
9355,0
9356,1021
9357,1021
9358,1022
9359,0
9360,0
9361,0
9362,1022
9363,1022
9364,1022
9365,1021
9366,0
9367,0
9368,0
9369,1022
9370,1022
9371,1022
9372,0
9373,0
9374,0
9375,1022
9376,1022
9377,1022
9378,0
9379,0
9380,0
9381,0
9382,1022
9383,1021
9384,1022
9385,0
9386,0
9387,0
9388,1022
9389,1022
9390,1022
9391,0
9392,0
9393,0
9394,0
9395,1022
9396,1022
9397,1022
9398,0
9399,0
9400,0
9401,1022
9402,1022
9403,1022
9404,0
9405,0
9406,0
9407,0
9408,1021
9409,1022
9410,1022
9411,0
9412,0
9413,0
9414,1022
9415,1022
9416,1022
9417,0
9418,0
9419,0
9420,1022
9421,1022
9422,1022
9423,1022
9424,0
9425,0
9426,0
9427,1022
9428,1022
9429,1022
9430,0
9431,0
9432,0
9433,1022
9434,1022
9435,1022
9436,1021
9437,0
9438,0
9439,0
9440,1021
9441,1022
9442,1021
9443,0
9444,0
9445,0
9446,1022
9447,1022
9448,1022
9449,1022
9450,0
9451,0
9452,0
9453,1022
9454,1022
9455,1022
9456,0
9457,0
9458,0
9459,1021
9460,1022
9461,1022
9462,0
9463,0
9464,0
9465,0
9466,1021
9467,1022
9468,1022
9469,0
9470,0
9471,0
9472,1022
9473,1021
9474,1022
9475,0
9476,0
9477,0
9478,0
9479,1022
9480,1022
9481,1022
9482,0
9483,0
9484,0
9485,1022
9486,1022
9487,1022
9488,0
9489,0
9490,0
9491,0
9492,1022
9493,1022
9494,1021
9495,0
9496,0
9497,0
9498,1022
9499,1022
9500,1022
9501,0
9502,0
9503,0
9504,1022
9505,1022
9506,1022
9507,1022
9508,0
9509,0
9510,0
9511,1022
9512,1021
9513,1022
9514,0
9515,0
9516,0
9517,1022
9518,1022
9519,1022
9520,1022
9521,0
9522,0
9523,0
9524,1022
9525,1021
9526,1022
9527,0
9528,0
9529,0
9530,1022
9531,1022
9532,1022
9533,1022
9534,0
9535,0
9536,0
9537,1022
9538,1022
9539,1022
9540,0
9541,0
9542,0
9543,1022
9544,1022
9545,1022
9546,0
9547,0
9548,0
9549,0
9550,1022
9551,1022
9552,1022
9553,0
9554,0
9555,0
9556,1022
9557,1022
9558,1022
9559,0
9560,0
9561,0
9562,0
9563,1022
9564,1022
9565,1022
9566,0
9567,0
9568,0
9569,1022
9570,1022
9571,1022
9572,0
9573,0
9574,0
9575,0
9576,1021
9577,1022
9578,1022
9579,0
9580,0
9581,0
9582,1022
9583,1021
9584,1022
9585,0
9586,0
9587,0
9588,0
9589,1021
9590,1023
9591,1022
9592,0
9593,0
9594,0
9595,1021
9596,1022
9597,1022
9598,0
9599,0
9600,0
9601,1022
9602,1022
9603,1022
9604,1022
9605,0
9606,0
9607,0
9608,1022
9609,1022
9610,1022
9611,0
9612,0
9613,0
9614,1022
9615,1022
9616,1022
9617,1022
9618,0
9619,0
9620,0
9621,1022
9622,1022
9623,1022
9624,0
9625,0
9626,0
9627,1022
9628,1022
9629,1022
9630,1022
9631,0
9632,0
9633,0
9634,1022
9635,1022
9636,1022
9637,0
9638,0
9639,0
9640,1022
9641,1022
9642,1022
9643,0
9644,0
9645,0
9646,0
9647,1022
9648,1022
9649,1022
9650,0
9651,0
9652,0
9653,1022
9654,1022
9655,1022
9656,0
9657,0
9658,0
9659,0
9660,1022
9661,1021
9662,1022
9663,0
9664,0
9665,0
9666,1022
9667,1022
9668,1021
9669,0
9670,0
9671,0
9672,0
9673,1021
9674,1022
9675,1022
9676,0
9677,0
9678,0
9679,1022
9680,1022
9681,1022
9682,0
9683,0
9684,0
9685,1022
9686,1022
9687,1022
9688,1021
9689,0
9690,0
9691,0
9692,1021
9693,1022
9694,1022
9695,0
9696,0
9697,0
9698,1022
9699,1022
9700,1022
9701,1022
9702,0
9703,0
9704,0
9705,1022
9706,1022
9707,1022
9708,0
9709,0
9710,0
9711,1022
9712,1022
9713,1022
9714,1022
9715,0
9716,0
9717,0
9718,1022
9719,1022
9720,1022
9721,0
9722,0
9723,0
9724,1022
9725,1022
9726,1022
9727,0
9728,0
9729,0
9730,0
9731,1022
9732,1022
9733,1022
9734,0
9735,0
9736,0
9737,1022
9738,1021
9739,1022
9740,0
9741,0
9742,0
9743,0
9744,1022
9745,1022
9746,1022
9747,0
9748,0
9749,0
9750,1022
9751,1022
9752,1022
9753,0
9754,0
9755,0
9756,0
9757,1022
9758,1022
9759,1021
9760,0
9761,0
9762,0
9763,1022
9764,1022
9765,1022
9766,0
9767,0
9768,0
9769,0
9770,1022
9771,1022
9772,1023
9773,0
9774,0
9775,0
9776,1022
9777,1022
9778,1022
9779,0
9780,0
9781,0
9782,1022
9783,1022
9784,1022
9785,1022
9786,0
9787,0
9788,0
9789,1022
9790,1022
9791,1022
9792,0
9793,0
9794,0
9795,1022
9796,1022
9797,1022
9798,1022
9799,0
9800,0
9801,0
9802,1022
9803,1022
9804,1022
9805,0
9806,0
9807,0
9808,1022
9809,1022
9810,1022
9811,1022
9812,0
9813,0
9814,0
9815,1022
9816,1022
9817,1022
9818,0
9819,0
9820,0
9821,1022
9822,1021
9823,1022
9824,0
9825,0
9826,0
9827,0
9828,1022
9829,1022
9830,1022
9831,0
9832,0
9833,0
9834,1022
9835,1022
9836,1022
9837,0
9838,0
9839,0
9840,0
9841,1021
9842,1022
9843,1022
9844,0
9845,0
9846,0
9847,1021
9848,1022
9849,1022
9850,0
9851,0
9852,0
9853,0
9854,1022
9855,1022
9856,1022
9857,0
9858,0
9859,0
9860,1022
9861,1022
9862,1022
9863,0
9864,0
9865,0
9866,1022
9867,1022
9868,1022
9869,1022
9870,0
9871,0
9872,0
9873,1022
9874,1022
9875,1022
9876,0
9877,0
9878,0
9879,1022
9880,1022
9881,1022
9882,1022
9883,0
9884,0
9885,0
9886,1022
9887,1022
9888,1022
9889,0
9890,0
9891,0
9892,1022
9893,1021
9894,1022
9895,1022
9896,0
9897,0
9898,0
9899,1022
9900,1022
9901,1022
9902,0
9903,0
9904,0
9905,1022
9906,1022
9907,1022
9908,0
9909,0
9910,0
9911,0
9912,1021
9913,1022
9914,1021
9915,0
9916,0
9917,0
9918,1022
9919,1022
9920,1022
9921,0
9922,0
9923,0
9924,0
9925,1022
9926,1022
9927,1022
9928,0
9929,0
9930,0
9931,1022
9932,1022
9933,1022
9934,0
9935,0
9936,0
9937,0
9938,1022
9939,1022
9940,1022
9941,0
9942,0
9943,0
9944,1022
9945,1022
9946,1022
9947,0
9948,0
9949,0
9950,1022
9951,1022
9952,1022
9953,1022
9954,0
9955,0
9956,0
9957,1022
9958,1022
9959,1022
9960,0
9961,0
9962,0
9963,1022
9964,1022
9965,1022
9966,1022
9967,0
9968,0
9969,0
9970,1022
9971,1022
9972,1021
9973,0
9974,0
9975,0
9976,1022
9977,1022
9978,1022
9979,1022
9980,0
9981,0
9982,0
9983,1022
9984,1022
9985,1022
9986,0
9987,0
9988,0
9989,1022
9990,1022
9991,1022
9992,1022
9993,0
9994,0
9995,0
9996,1022
9997,1022
9998,1022
9999,0
10000,0
