1,0
2,0
3,1022
4,1022
5,1022
6,1022
7,1023
8,1022
9,1022
10,1022
11,0
12,0
13,0
14,0
15,0
16,0
17,0
18,0
19,1022
20,1022
21,1022
22,1022
23,1022
24,1022
25,1022
26,1021
27,0
28,0
29,0
30,0
31,0
32,0
33,0
34,0
35,1022
36,1022
37,1022
38,1022
39,1022
40,1022
41,1022
42,1022
43,0
44,0
45,0
46,0
47,0
48,0
49,0
50,0
51,1022
52,1022
53,1022
54,1022
55,1022
56,1022
57,1022
58,1022
59,0
60,0
61,0
62,0
63,0
64,0
65,0
66,0
67,1022
68,1022
69,1022
70,1022
71,1022
72,1022
73,1022
74,1022
75,0
76,0
77,0
78,0
79,0
80,0
81,0
82,0
83,1022
84,1022
85,1022
86,1022
87,1022
88,1022
89,1022
90,0
91,0
92,0
93,0
94,0
95,0
96,0
97,0
98,1022
99,1022
100,1022
101,1022
102,1022
103,1022
104,1022
105,1021
106,0
107,0
108,0
109,0
110,0
111,0
112,0
113,0
114,1022
115,1022
116,1022
117,1022
118,1022
119,1022
120,1022
121,1022
122,0
123,0
124,0
125,0
126,0
127,0
128,0
129,0
130,1022
131,1022
132,1022
133,1022
134,1022
135,1022
136,1021
137,1022
138,0
139,0
140,0
141,0
142,0
143,0
144,0
145,0
146,1022
147,1022
148,1022
149,1022
150,1022
151,1022
152,1022
153,1022
154,0
155,0
156,0
157,0
158,0
159,0
160,0
161,0
162,1022
163,1022
164,1022
165,1022
166,1022
167,1022
168,1022
169,1022
170,0
171,0
172,0
173,0
174,0
175,0
176,0
177,0
178,1022
179,1022
180,1022
181,1022
182,1022
183,1022
184,1022
185,1022
186,0
187,0
188,0
189,0
190,0
191,0
192,0
193,0
194,1022
195,1022
196,1023
197,1022
198,1022
199,1022
200,1022
201,1021
202,0
203,0
204,0
205,0
206,0
207,0
208,0
209,0
210,1022
211,1022
212,1022
213,1021
214,1022
215,1022
216,1022
217,0
218,0
219,0
220,0
221,0
222,0
223,0
224,0
225,1021
226,1022
227,1022
228,1022
229,1022
230,1022
231,1022
232,1022
233,0
234,0
235,0
236,0
237,0
238,0
239,0
240,0
241,1022
242,1021
243,1022
244,1022
245,1022
246,1022
247,1022
248,1022
249,0
250,0
251,0
252,0
253,0
254,0
255,0
256,0
257,1022
258,1022
259,1022
260,1022
261,1022
262,1022
263,1022
264,1022
265,0
266,0
267,0
268,0
269,0
270,0
271,0
272,0
273,1022
274,1022
275,1022
276,1022
277,1022
278,1022
279,1022
280,1022
281,0
282,0
283,0
284,0
285,0
286,0
287,0
288,0
289,1022
290,1021
291,1021
292,1022
293,1022
294,1022
295,1022
296,1022
297,0
298,0
299,0
300,0
301,0
302,0
303,0
304,0
305,1021
306,1022
307,1022
308,1021
309,1022
310,1022
311,1022
312,1022
313,0
314,0
315,0
316,0
317,0
318,0
319,0
320,0
321,1022
322,1022
323,1022
324,1022
325,1022
326,1022
327,1022
328,1022
329,0
330,0
331,0
332,0
333,0
334,0
335,0
336,1022
337,1022
338,1022
339,1022
340,1021
341,1022
342,1022
343,1022
344,0
345,0
346,0
347,0
348,0
349,0
350,0
351,0
352,1022
353,1022
354,1022
355,1022
356,1021
357,1022
358,1022
359,1021
360,0
361,0
362,0
363,0
364,0
365,0
366,0
367,0
368,1022
369,1022
370,1022
371,1022
372,1022
373,1022
374,1021
375,1022
376,0
377,0
378,0
379,0
380,0
381,0
382,0
383,0
384,1022
385,1021
386,1021
387,1022
388,1022
389,1022
390,1022
391,1022
392,0
393,0
394,0
395,0
396,0
397,0
398,0
399,0
400,1021
401,1022
402,1022
403,1022
404,1022
405,1022
406,1022
407,1022
408,0
409,0
410,0
411,0
412,0
413,0
414,0
415,0
416,1022
417,1022
418,1022
419,1022
420,1022
421,1022
422,1022
423,1022
424,0
425,0
426,0
427,0
428,0
429,0
430,0
431,0
432,1022
433,1022
434,1022
435,1022
436,1022
437,1022
438,1022
439,1022
440,0
441,0
442,0
443,0
444,0
445,0
446,0
447,0
448,1021
449,1022
450,1022
451,1022
452,1022
453,1022
454,1021
455,1022
456,0
457,0
458,0
459,0
460,0
461,0
462,0
463,1022
464,1023
465,1022
466,1022
467,1022
468,1022
469,1022
470,1022
471,0
472,0
473,0
474,0
475,0
476,0
477,0
478,0
479,1022
480,1022
481,1022
482,1022
483,1022
484,1021
485,1022
486,1022
487,0
488,0
489,0
490,0
491,0
492,0
493,0
494,0
495,1022
496,1021
497,1022
498,1022
499,1022
500,1022
501,1022
502,1022
503,0
504,0
505,0
506,0
507,0
508,0
509,0
510,0
511,1022
512,1022
513,1022
514,1022
515,1022
516,1022
517,1022
518,1022
519,0
520,0
521,0
522,0
523,0
524,0
525,0
526,0
527,1022
528,1021
529,1022
530,1022
531,1022
532,1022
533,1021
534,1021
535,0
536,0
537,0
538,0
539,0
540,0
541,0
542,0
543,1022
544,1022
545,1022
546,1022
547,1022
548,1022
549,1022
550,1022
551,0
552,0
553,0
554,0
555,0
556,0
557,0
558,0
559,1022
560,1022
561,1022
562,1022
563,1022
564,1022
565,1022
566,1022
567,0
568,0
569,0
570,0
571,0
572,0
573,0
574,0
575,1022
576,1022
577,1022
578,1022
579,1022
580,1022
581,1022
582,0
583,0
584,0
585,0
586,0
587,0
588,0
589,0
590,1022
591,1022
592,1022
593,1022
594,1022
595,1022
596,1021
597,1022
598,0
599,0
600,0
601,0
602,0
603,0
604,0
605,0
606,1022
607,1022
608,1022
609,1022
610,1022
611,1022
612,1022
613,1022
614,0
615,0
616,0
617,0
618,0
619,0
620,0
621,0
622,1022
623,1021
624,1022
625,1022
626,1022
627,1022
628,1022
629,1022
630,0
631,0
632,0
633,0
634,0
635,0
636,0
637,0
638,1022
639,1022
640,1022
641,1022
642,1022
643,1022
644,1022
645,1022
646,0
647,0
648,0
649,0
650,0
651,0
652,0
653,0
654,1022
655,1022
656,1022
657,1022
658,1022
659,1022
660,1022
661,1022
662,0
663,0
664,0
665,0
666,0
667,0
668,0
669,0
670,1022
671,1022
672,1022
673,1022
674,1022
675,1022
676,1022
677,1022
678,0
679,0
680,0
681,0
682,0
683,0
684,0
685,0
686,1021
687,1022
688,1022
689,1022
690,1021
691,1022
692,1022
693,1022
694,0
695,0
696,0
697,0
698,0
699,0
700,0
701,0
702,1022
703,1022
704,1022
705,1022
706,1022
707,1022
708,1022
709,0
710,0
711,0
712,0
713,0
714,0
715,0
716,0
717,1022
718,1022
719,1022
720,1022
721,1022
722,1022
723,1022
724,1022
725,0
726,0
727,0
728,0
729,0
730,0
731,0
732,0
733,1022
734,1022
735,1022
736,1022
737,1022
738,1022
739,1023
740,1022
741,0
742,0
743,0
744,0
745,0
746,0
747,0
748,0
749,1022
750,1022
751,1022
752,1022
753,1021
754,1021
755,1022
756,1021
757,0
758,0
759,0
760,0
761,0
762,0
763,0
764,0
765,1022
766,1022
767,1022
768,1022
769,1021
770,1022
771,1022
772,1022
773,0
774,0
775,0
776,0
777,0
778,0
779,0
780,0
781,1022
782,1022
783,1021
784,1022
785,1022
786,1022
787,1022
788,1022
789,0
790,0
791,0
792,0
793,0
794,0
795,0
796,0
797,1022
798,1022
799,1022
800,1022
801,1022
802,1022
803,1022
804,1022
805,0
806,0
807,0
808,0
809,0
810,0
811,0
812,0
813,1022
814,1022
815,1022
816,1022
817,1022
818,1023
819,1022
820,1022
821,0
822,0
823,0
824,0
825,0
826,0
827,0
828,0
829,1021
830,1021
831,1022
832,1022
833,1022
834,1021
835,1022
836,0
837,0
838,0
839,0
840,0
841,0
842,0
843,0
844,1022
845,1022
846,1022
847,1022
848,1022
849,1022
850,1022
851,1022
852,0
853,0
854,0
855,0
856,0
857,0
858,0
859,0
860,1021
861,1022
862,1022
863,1022
864,1022
865,1022
866,1022
867,1022
868,0
869,0
870,0
871,0
872,0
873,0
874,0
875,0
876,1022
877,1021
878,1022
879,1022
880,1022
881,1022
882,1022
883,1022
884,0
885,0
886,0
887,0
888,0
889,0
890,0
891,0
892,1022
893,1022
894,1022
895,1021
896,1022
897,1021
898,1022
899,1022
900,0
901,0
902,0
903,0
904,0
905,0
906,0
907,0
908,1022
909,1021
910,1022
911,1021
912,1022
913,1022
914,1023
915,1022
916,0
917,0
918,0
919,0
920,0
921,0
922,0
923,0
924,1022
925,1022
926,1022
927,1022
928,1022
929,1022
930,1022
931,1022
932,0
933,0
934,0
935,0
936,0
937,0
938,0
939,0
940,1021
941,1022
942,1022
943,1022
944,1022
945,1022
946,1022
947,1022
948,0
949,0
950,0
951,0
952,0
953,0
954,0
955,1022
956,1022
957,1022
958,1022
959,1022
960,1022
961,1022
962,1022
963,0
964,0
965,0
966,0
967,0
968,0
969,0
970,0
971,1022
972,1022
973,1022
974,1022
975,1022
976,1022
977,1021
978,1022
979,0
980,0
981,0
982,0
983,0
984,0
985,0
986,0
987,1021
988,1022
989,1022
990,1022
991,1022
992,1022
993,1022
994,1022
995,0
996,0
997,0
998,0
999,0
1000,0
1001,0
1002,0
1003,1022
1004,1023
1005,1022
1006,1022
1007,1022
1008,1022
1009,1022
1010,1022
1011,0
1012,0
1013,0
1014,0
1015,0
1016,0
1017,0
1018,0
1019,1022
1020,1022
1021,1022
1022,1022
1023,1022
1024,1022
1025,1022
1026,1022
1027,0
1028,0
1029,0
1030,0
1031,0
1032,0
1033,0
1034,0
1035,1022
1036,1022
1037,1022
1038,1022
1039,1022
1040,1022
1041,1022
1042,1022
1043,0
1044,0
1045,0
1046,0
1047,0
1048,0
1049,0
1050,0
1051,1022
1052,1022
1053,1022
1054,1021
1055,1022
1056,1021
1057,1021
1058,1022
1059,0
1060,0
1061,0
1062,0
1063,0
1064,0
1065,0
1066,0
1067,1022
1068,1022
1069,1022
1070,1021
1071,1022
1072,1022
1073,1022
1074,1022
1075,0
1076,0
1077,0
1078,0
1079,0
1080,0
1081,0
1082,1022
1083,1022
1084,1022
1085,1022
1086,1022
1087,1022
1088,1022
1089,1022
1090,0
1091,0
1092,0
1093,0
1094,0
1095,0
1096,0
1097,0
1098,1022
1099,1022
1100,1022
1101,1022
1102,1022
1103,1022
1104,1022
1105,1022
1106,0
1107,0
1108,0
1109,0
1110,0
1111,0
1112,0
1113,0
1114,1022
1115,1022
1116,1022
1117,1022
1118,1022
1119,1022
1120,1021
1121,1022
1122,0
1123,0
1124,0
1125,0
1126,0
1127,0
1128,0
1129,0
1130,1022
1131,1021
1132,1022
1133,1022
1134,1021
1135,1021
1136,1022
1137,1022
1138,0
1139,0
1140,0
1141,0
1142,0
1143,0
1144,0
1145,0
1146,1022
1147,1022
1148,1021
1149,1022
1150,1022
1151,1022
1152,1021
1153,1021
1154,0
1155,0
1156,0
1157,0
1158,0
1159,0
1160,0
1161,0
1162,1022
1163,1022
1164,1021
1165,1022
1166,1022
1167,1022
1168,1022
1169,1022
1170,0
1171,0
1172,0
1173,0
1174,0
1175,0
1176,0
1177,0
1178,1022
1179,1022
1180,1022
1181,1022
1182,1022
1183,1022
1184,1022
1185,1022
1186,0
1187,0
1188,0
1189,0
1190,0
1191,0
1192,0
1193,0
1194,1022
1195,1022
1196,1022
1197,1022
1198,1022
1199,1022
1200,1022
1201,1022
1202,0
1203,0
1204,0
1205,0
1206,0
1207,0
1208,0
1209,1021
1210,1021
1211,1022
1212,1022
1213,1022
1214,1022
1215,1021
1216,1022
1217,0
1218,0
1219,0
1220,0
1221,0
1222,0
1223,0
1224,0
1225,1022
1226,1022
1227,1022
1228,1022
1229,1022
1230,1022
1231,1022
1232,1022
1233,0
1234,0
1235,0
1236,0
1237,0
1238,0
1239,0
1240,0
1241,1021
1242,1022
1243,1022
1244,1021
1245,1022
1246,1021
1247,1022
1248,1022
1249,0
1250,0
1251,0
1252,0
1253,0
1254,0
1255,0
1256,0
1257,1022
1258,1022
1259,1022
1260,1022
1261,1022
1262,1022
1263,1022
1264,1022
1265,0
1266,0
1267,0
1268,0
1269,0
1270,0
1271,0
1272,0
1273,1022
1274,1022
1275,1022
1276,1022
1277,1022
1278,1022
1279,1022
1280,1022
1281,0
1282,0
1283,0
1284,0
1285,0
1286,0
1287,0
1288,0
1289,1022
1290,1021
1291,1022
1292,1022
1293,1022
1294,1022
1295,1022
1296,1022
1297,0
1298,0
1299,0
1300,0
1301,0
1302,0
1303,0
1304,0
1305,1022
1306,1022
1307,1022
1308,1022
1309,1022
1310,1022
1311,1022
1312,1022
1313,0
1314,0
1315,0
1316,0
1317,0
1318,0
1319,0
1320,0
1321,1021
1322,1022
1323,1022
1324,1022
1325,1022
1326,1022
1327,1022
1328,0
1329,0
1330,0
1331,0
1332,0
1333,0
1334,0
1335,0
1336,1022
1337,1022
1338,1022
1339,1022
1340,1022
1341,1022
1342,1022
1343,1022
1344,0
1345,0
1346,0
1347,0
1348,0
1349,0
1350,0
1351,0
1352,1022
1353,1022
1354,1022
1355,1022
1356,1022
1357,1022
1358,1022
1359,1021
1360,0
1361,0
1362,0
1363,0
1364,0
1365,0
1366,0
1367,0
1368,1022
1369,1022
1370,1022
1371,1022
1372,1023
1373,1021
1374,1022
1375,1022
1376,0
1377,0
1378,0
1379,0
1380,0
1381,0
1382,0
1383,0
1384,1022
1385,1021
1386,1021
1387,1022
1388,1022
1389,1022
1390,1022
1391,1022
1392,0
1393,0
1394,0
1395,0
1396,0
1397,0
1398,0
1399,0
1400,1022
1401,1022
1402,1022
1403,1022
1404,1022
1405,1022
1406,1022
1407,1022
1408,0
1409,0
1410,0
1411,0
1412,0
1413,0
1414,0
1415,0
1416,1022
1417,1022
1418,1022
1419,1022
1420,1022
1421,1022
1422,1021
1423,1022
1424,0
1425,0
1426,0
1427,0
1428,0
1429,0
1430,0
1431,0
1432,1022
1433,1021
1434,1021
1435,1022
1436,1021
1437,1021
1438,1022
1439,1021
1440,0
1441,0
1442,0
1443,0
1444,0
1445,0
1446,0
1447,0
1448,1022
1449,1022
1450,1022
1451,1022
1452,1022
1453,1022
1454,1022
1455,0
1456,0
1457,0
1458,0
1459,0
1460,0
1461,0
1462,0
1463,1022
1464,1022
1465,1022
1466,1022
1467,1022
1468,1022
1469,1022
1470,1022
1471,0
1472,0
1473,0
1474,0
1475,0
1476,0
1477,0
1478,0
1479,1022
1480,1022
1481,1022
1482,1022
1483,1022
1484,1022
1485,1022
1486,1022
1487,0
1488,0
1489,0
1490,0
1491,0
1492,0
1493,0
1494,0
1495,1022
1496,1022
1497,1022
1498,1022
1499,1022
1500,1022
1501,1022
1502,1022
1503,0
1504,0
1505,0
1506,0
1507,0
1508,0
1509,0
1510,0
1511,1022
1512,1022
1513,1021
1514,1022
1515,1022
1516,1021
1517,1021
1518,1021
1519,0
1520,0
1521,0
1522,0
1523,0
1524,0
1525,0
1526,0
1527,1022
1528,1022
1529,1022
1530,1022
1531,1022
1532,1022
1533,1022
1534,1022
1535,0
1536,0
1537,0
1538,0
1539,0
1540,0
1541,0
1542,0
1543,1022
1544,1022
1545,1022
1546,1022
1547,1022
1548,1022
1549,1021
1550,1022
1551,0
1552,0
1553,0
1554,0
1555,0
1556,0
1557,0
1558,0
1559,1022
1560,1022
1561,1021
1562,1022
1563,1022
1564,1022
1565,1022
1566,1022
1567,0
1568,0
1569,0
1570,0
1571,0
1572,0
1573,0
1574,1022
1575,1022
1576,1022
1577,1022
1578,1022
1579,1022
1580,1022
1581,1022
1582,0
1583,0
1584,0
1585,0
1586,0
1587,0
1588,0
1589,0
1590,1022
1591,1023
1592,1021
1593,1021
1594,1022
1595,1021
1596,1021
1597,1022
1598,0
1599,0
1600,0
1601,0
1602,0
1603,0
1604,0
1605,0
1606,1022
1607,1022
1608,1022
1609,1022
1610,1022
1611,1022
1612,1022
1613,1022
1614,0
1615,0
1616,0
1617,0
1618,0
1619,0
1620,0
1621,0
1622,1022
1623,1022
1624,1022
1625,1022
1626,1022
1627,1022
1628,1021
1629,1022
1630,0
1631,0
1632,0
1633,0
1634,0
1635,0
1636,0
1637,0
1638,1022
1639,1022
1640,1022
1641,1022
1642,1022
1643,1022
1644,1022
1645,1022
1646,0
1647,0
1648,0
1649,0
1650,0
1651,0
1652,0
1653,0
1654,1022
1655,1022
1656,1022
1657,1022
1658,1022
1659,1022
1660,1022
1661,1022
1662,0
1663,0
1664,0
1665,0
1666,0
1667,0
1668,0
1669,0
1670,1021
1671,1021
1672,1022
1673,1021
1674,1022
1675,1022
1676,1022
1677,1022
1678,0
1679,0
1680,0
1681,0
1682,0
1683,0
1684,0
1685,0
1686,1022
1687,1021
1688,1022
1689,1022
1690,1022
1691,1022
1692,1022
1693,1022
1694,0
1695,0
1696,0
1697,0
1698,0
1699,0
1700,0
1701,1022
1702,1022
1703,1022
1704,1022
1705,1022
1706,1022
1707,1022
1708,1022
1709,0
1710,0
1711,0
1712,0
1713,0
1714,0
1715,0
1716,0
1717,1022
1718,1022
1719,1022
1720,1022
1721,1022
1722,1022
1723,1022
1724,1022
1725,0
1726,0
1727,0
1728,0
1729,0
1730,0
1731,0
1732,0
1733,1022
1734,1022
1735,1022
1736,1022
1737,1022
1738,1022
1739,1022
1740,1021
1741,0
1742,0
1743,0
1744,0
1745,0
1746,0
1747,0
1748,0
1749,1021
1750,1022
1751,1022
1752,1022
1753,1022
1754,1022
1755,1022
1756,1021
1757,0
1758,0
1759,0
1760,0
1761,0
1762,0
1763,0
1764,0
1765,1022
1766,1023
1767,1022
1768,1022
1769,1022
1770,1022
1771,1022
1772,1022
1773,0
1774,0
1775,0
1776,0
1777,0
1778,0
1779,0
1780,0
1781,1022
1782,1022
1783,1022
1784,1022
1785,1022
1786,1022
1787,1022
1788,1022
1789,0
1790,0
1791,0
1792,0
1793,0
1794,0
1795,0
1796,0
1797,1022
1798,1022
1799,1022
1800,1022
1801,1022
1802,1022
1803,1021
1804,1022
1805,0
1806,0
1807,0
1808,0
1809,0
1810,0
1811,0
1812,0
1813,1022
1814,1022
1815,1022
1816,1022
1817,1021
1818,1021
1819,1022
1820,1022
1821,0
1822,0
1823,0
1824,0
1825,0
1826,0
1827,0
1828,1022
1829,1022
1830,1022
1831,1022
1832,1022
1833,1022
1834,1022
1835,1022
1836,0
1837,0
1838,0
1839,0
1840,0
1841,0
1842,0
1843,0
1844,1022
1845,1022
1846,1022
1847,1022
1848,1022
1849,1022
1850,1022
1851,1021
1852,0
1853,0
1854,0
1855,0
1856,0
1857,0
1858,0
1859,0
1860,1022
1861,1022
1862,1022
1863,1022
1864,1022
1865,1022
1866,1022
1867,1022
1868,0
1869,0
1870,0
1871,0
1872,0
1873,0
1874,0
1875,0
1876,1022
1877,1022
1878,1022
1879,1022
1880,1022
1881,1022
1882,1022
1883,1022
1884,0
1885,0
1886,0
1887,0
1888,0
1889,0
1890,0
1891,0
1892,1021
1893,1022
1894,1021
1895,1021
1896,1022
1897,1022
1898,1021
1899,1021
1900,0
1901,0
1902,0
1903,0
1904,0
1905,0
1906,0
1907,0
1908,1022
1909,1022
1910,1022
1911,1022
1912,1022
1913,1022
1914,1022
1915,1022
1916,0
1917,0
1918,0
1919,0
1920,0
1921,0
1922,0
1923,0
1924,1022
1925,1022
1926,1022
1927,1022
1928,1022
1929,1022
1930,1022
1931,1022
1932,0
1933,0
1934,0
1935,0
1936,0
1937,0
1938,0
1939,0
1940,1022
1941,1022
1942,1022
1943,1022
1944,1022
1945,1022
1946,1022
1947,0
1948,0
1949,0
1950,0
1951,0
1952,0
1953,0
1954,0
1955,1022
1956,1022
1957,1022
1958,1022
1959,1022
1960,1022
1961,1022
1962,1022
1963,0
1964,0
1965,0
1966,0
1967,0
1968,0
1969,0
1970,0
1971,1022
1972,1021
1973,1022
1974,1021
1975,1022
1976,1021
1977,1021
1978,1021
1979,0
1980,0
1981,0
1982,0
1983,0
1984,0
1985,0
1986,0
1987,1022
1988,1022
1989,1022
1990,1022
1991,1022
1992,1022
1993,1022
1994,1022
1995,0
1996,0
1997,0
1998,0
1999,0
2000,0
2001,0
2002,0
2003,1022
2004,1022
2005,1022
2006,1022
2007,1022
2008,1022
2009,1021
2010,1022
2011,0
2012,0
2013,0
2014,0
2015,0
2016,0
2017,0
2018,0
2019,1022
2020,1023
2021,1022
2022,1022
2023,1022
2024,1022
2025,1022
2026,1022
2027,0
2028,0
2029,0
2030,0
2031,0
2032,0
2033,0
2034,0
2035,1022
2036,1022
2037,1022
2038,1022
2039,1022
2040,1022
2041,1022
2042,1022
2043,0
2044,0
2045,0
2046,0
2047,0
2048,0
2049,0
2050,0
2051,1022
2052,1021
2053,1022
2054,1022
2055,1021
2056,1022
2057,1022
2058,1022
2059,0
2060,0
2061,0
2062,0
2063,0
2064,0
2065,0
2066,0
2067,1022
2068,1022
2069,1022
2070,1021
2071,1022
2072,1022
2073,1022
2074,0
2075,0
2076,0
2077,0
2078,0
2079,0
2080,0
2081,0
2082,1022
2083,1022
2084,1022
2085,1022
2086,1022
2087,1022
2088,1022
2089,1022
2090,0
2091,0
2092,0
2093,0
2094,0
2095,0
2096,0
2097,0
2098,1022
2099,1022
2100,1022
2101,1022
2102,1022
2103,1022
2104,1022
2105,1022
2106,0
2107,0
2108,0
2109,0
2110,0
2111,0
2112,0
2113,0
2114,1022
2115,1022
2116,1022
2117,1022
2118,1022
2119,1021
2120,1021
2121,1022
2122,0
2123,0
2124,0
2125,0
2126,0
2127,0
2128,0
2129,0
2130,1021
2131,1022
2132,1021
2133,1021
2134,1022
2135,1021
2136,1022
2137,1022
2138,0
2139,0
2140,0
2141,0
2142,0
2143,0
2144,0
2145,0
2146,1022
2147,1022
2148,1022
2149,1022
2150,1022
2151,1022
2152,1022
2153,1022
2154,0
2155,0
2156,0
2157,0
2158,0
2159,0
2160,0
2161,0
2162,1022
2163,1022
2164,1022
2165,1022
2166,1022
2167,1022
2168,1022
2169,1022
2170,0
2171,0
2172,0
2173,0
2174,0
2175,0
2176,0
2177,0
2178,1022
2179,1022
2180,1022
2181,1022
2182,1022
2183,1022
2184,1022
2185,1022
2186,0
2187,0
2188,0
2189,0
2190,0
2191,0
2192,0
2193,1021
2194,1022
2195,1022
2196,1022
2197,1022
2198,1022
2199,1021
2200,1022
2201,0
2202,0
2203,0
2204,0
2205,0
2206,0
2207,0
2208,0
2209,1022
2210,1022
2211,1022
2212,1022
2213,1022
2214,1022
2215,1022
2216,1022
2217,0
2218,0
2219,0
2220,0
2221,0
2222,0
2223,0
2224,0
2225,1022
2226,1022
2227,1022
2228,1022
2229,1022
2230,1022
2231,1022
2232,1022
2233,0
2234,0
2235,0
2236,0
2237,0
2238,0
2239,0
2240,0
2241,1022
2242,1022
2243,1022
2244,1022
2245,1022
2246,1022
2247,1022
2248,1022
2249,0
2250,0
2251,0
2252,0
2253,0
2254,0
2255,0
2256,0
2257,1022
2258,1022
2259,1022
2260,1022
2261,1022
2262,1022
2263,1022
2264,1022
2265,0
2266,0
2267,0
2268,0
2269,0
2270,0
2271,0
2272,0
2273,1021
2274,1022
2275,1022
2276,1021
2277,1022
2278,1022
2279,1021
2280,1022
2281,0
2282,0
2283,0
2284,0
2285,0
2286,0
2287,0
2288,0
2289,1022
2290,1022
2291,1022
2292,1022
2293,1021
2294,1022
2295,1022
2296,1022
2297,0
2298,0
2299,0
2300,0
2301,0
2302,0
2303,0
2304,0
2305,1021
2306,1022
2307,1022
2308,1022
2309,1021
2310,1022
2311,1022
2312,1022
2313,0
2314,0
2315,0
2316,0
2317,0
2318,0
2319,0
2320,1022
2321,1022
2322,1022
2323,1022
2324,1022
2325,1022
2326,1022
2327,1022
2328,0
2329,0
2330,0
2331,0
2332,0
2333,0
2334,0
2335,0
2336,1022
2337,1022
2338,1022
2339,1022
2340,1022
2341,1022
2342,1022
2343,1021
2344,0
2345,0
2346,0
2347,0
2348,0
2349,0
2350,0
2351,0
2352,1022
2353,1021
2354,1023
2355,1021
2356,1021
2357,1021
2358,1022
2359,1021
2360,0
2361,0
2362,0
2363,0
2364,0
2365,0
2366,0
2367,0
2368,1022
2369,1022
2370,1022
2371,1022
2372,1022
2373,1022
2374,1022
2375,1022
2376,0
2377,0
2378,0
2379,0
2380,0
2381,0
2382,0
2383,0
2384,1022
2385,1022
2386,1022
2387,1022
2388,1022
2389,1022
2390,1022
2391,1022
2392,0
2393,0
2394,0
2395,0
2396,0
2397,0
2398,0
2399,0
2400,1022
2401,1022
2402,1022
2403,1022
2404,1022
2405,1022
2406,1022
2407,1022
2408,0
2409,0
2410,0
2411,0
2412,0
2413,0
2414,0
2415,0
2416,1022
2417,1022
2418,1022
2419,1022
2420,1021
2421,1022
2422,1022
2423,1022
2424,0
2425,0
2426,0
2427,0
2428,0
2429,0
2430,0
2431,0
2432,1022
2433,1021
2434,1022
2435,1022
2436,1022
2437,1021
2438,1022
2439,1021
2440,0
2441,0
2442,0
2443,0
2444,0
2445,0
2446,0
2447,1022
2448,1022
2449,1022
2450,1021
2451,1022
2452,1022
2453,1022
2454,1022
2455,0
2456,0
2457,0
2458,0
2459,0
2460,0
2461,0
2462,0
2463,1022
2464,1022
2465,1022
2466,1022
2467,1022
2468,1022
2469,1022
2470,1022
2471,0
2472,0
2473,0
2474,0
2475,0
2476,0
2477,0
2478,0
2479,1022
2480,1022
2481,1022
2482,1022
2483,1022
2484,1022
2485,1022
2486,1022
2487,0
2488,0
2489,0
2490,0
2491,0
2492,0
2493,0
2494,0
2495,1022
2496,1022
2497,1022
2498,1022
2499,1022
2500,1022
2501,1022
2502,1022
2503,0
2504,0
2505,0
2506,0
2507,0
2508,0
2509,0
2510,0
2511,1022
2512,1022
2513,1022
2514,1021
2515,1022
2516,1022
2517,1022
2518,1022
2519,0
2520,0
2521,0
2522,0
2523,0
2524,0
2525,0
2526,0
2527,1022
2528,1021
2529,1021
2530,1023
2531,1021
2532,1022
2533,1022
2534,1022
2535,0
2536,0
2537,0
2538,0
2539,0
2540,0
2541,0
2542,0
2543,1022
2544,1022
2545,1022
2546,1022
2547,1022
2548,1022
2549,1022
2550,1022
2551,0
2552,0
2553,0
2554,0
2555,0
2556,0
2557,0
2558,0
2559,1022
2560,1022
2561,1021
2562,1022
2563,1022
2564,1022
2565,1022
2566,0
2567,0
2568,0
2569,0
2570,0
2571,0
2572,0
2573,0
2574,1022
2575,1022
2576,1022
2577,1022
2578,1022
2579,1022
2580,1022
2581,1021
2582,0
2583,0
2584,0
2585,0
2586,0
2587,0
2588,0
2589,0
2590,1022
2591,1021
2592,1022
2593,1022
2594,1022
2595,1022
2596,1022
2597,1022
2598,0
2599,0
2600,0
2601,0
2602,0
2603,0
2604,0
2605,0
2606,1022
2607,1022
2608,1021
2609,1021
2610,1021
2611,1022
2612,1021
2613,1022
2614,0
2615,0
2616,0
2617,0
2618,0
2619,0
2620,0
2621,0
2622,1021
2623,1022
2624,1022
2625,1022
2626,1021
2627,1022
2628,1022
2629,1022
2630,0
2631,0
2632,0
2633,0
2634,0
2635,0
2636,0
2637,0
2638,1022
2639,1022
2640,1022
2641,1022
2642,1022
2643,1022
2644,1022
2645,1022
2646,0
2647,0
2648,0
2649,0
2650,0
2651,0
2652,0
2653,0
2654,1022
2655,1022
2656,1022
2657,1022
2658,1022
2659,1021
2660,1022
2661,1021
2662,0
2663,0
2664,0
2665,0
2666,0
2667,0
2668,0
2669,0
2670,1022
2671,1022
2672,1022
2673,1022
2674,1022
2675,1022
2676,1022
2677,1022
2678,0
2679,0
2680,0
2681,0
2682,0
2683,0
2684,0
2685,0
2686,1021
2687,1021
2688,1022
2689,1021
2690,1022
2691,1022
2692,1021
2693,0
2694,0
2695,0
2696,0
2697,0
2698,0
2699,0
2700,0
2701,1021
2702,1022
2703,1022
2704,1022
2705,1022
2706,1022
2707,1022
2708,1022
2709,0
2710,0
2711,0
2712,0
2713,0
2714,0
2715,0
2716,0
2717,1022
2718,1022
2719,1022
2720,1022
2721,1021
2722,1022
2723,1022
2724,1022
2725,0
2726,0
2727,0
2728,0
2729,0
2730,0
2731,0
2732,0
2733,1022
2734,1022
2735,1022
2736,1021
2737,1022
2738,1021
2739,1021
2740,1021
2741,0
2742,0
2743,0
2744,0
2745,0
2746,0
2747,0
2748,0
2749,1022
2750,1022
2751,1022
2752,1021
2753,1022
2754,1021
2755,1022
2756,1022
2757,0
2758,0
2759,0
2760,0
2761,0
2762,0
2763,0
2764,0
2765,1022
2766,1022
2767,1022
2768,1022
2769,1022
2770,1022
2771,1022
2772,1022
2773,0
2774,0
2775,0
2776,0
2777,0
2778,0
2779,0
2780,0
2781,1022
2782,1022
2783,1022
2784,1022
2785,1022
2786,1022
2787,1022
2788,1022
2789,0
2790,0
2791,0
2792,0
2793,0
2794,0
2795,0
2796,0
2797,1022
2798,1022
2799,1022
2800,1022
2801,1022
2802,1022
2803,1022
2804,1022
2805,0
2806,0
2807,0
2808,0
2809,0
2810,0
2811,0
2812,0
2813,1022
2814,1022
2815,1022
2816,1022
2817,1021
2818,1022
2819,1022
2820,0
2821,0
2822,0
2823,0
2824,0
2825,0
2826,0
2827,0
2828,1022
2829,1022
2830,1022
2831,1022
2832,1022
2833,1022
2834,1022
2835,1022
2836,0
2837,0
2838,0
2839,0
2840,0
2841,0
2842,0
2843,0
2844,1022
2845,1022
2846,1021
2847,1022
2848,1022
2849,1022
2850,1022
2851,1022
2852,0
2853,0
2854,0
2855,0
2856,0
2857,0
2858,0
2859,0
2860,1021
2861,1022
2862,1022
2863,1021
2864,1022
2865,1022
2866,1022
2867,1022
2868,0
2869,0
2870,0
2871,0
2872,0
2873,0
2874,0
2875,0
2876,1022
2877,1022
2878,1022
2879,1022
2880,1022
2881,1022
2882,1022
2883,1022
2884,0
2885,0
2886,0
2887,0
2888,0
2889,0
2890,0
2891,0
2892,1021
2893,1022
2894,1021
2895,1022
2896,1022
2897,1022
2898,1022
2899,1022
2900,0
2901,0
2902,0
2903,0
2904,0
2905,0
2906,0
2907,0
2908,1022
2909,1022
2910,1022
2911,1022
2912,1022
2913,1022
2914,1022
2915,1022
2916,0
2917,0
2918,0
2919,0
2920,0
2921,0
2922,0
2923,0
2924,1022
2925,1022
2926,1022
2927,1022
2928,1022
2929,1022
2930,1022
2931,1022
2932,0
2933,0
2934,0
2935,0
2936,0
2937,0
2938,0
2939,1022
2940,1022
2941,1022
2942,1022
2943,1022
2944,1022
2945,1022
2946,1022
2947,0
2948,0
2949,0
2950,0
2951,0
2952,0
2953,0
2954,0
2955,1022
2956,1022
2957,1022
2958,1022
2959,1022
2960,1022
2961,1022
2962,1022
2963,0
2964,0
2965,0
2966,0
2967,0
2968,0
2969,0
2970,0
2971,1022
2972,1022
2973,1022
2974,1022
2975,1022
2976,1022
2977,1022
2978,1022
2979,0
2980,0
2981,0
2982,0
2983,0
2984,0
2985,0
2986,0
2987,1022
2988,1022
2989,1022
2990,1022
2991,1022
2992,1022
2993,1022
2994,1022
2995,0
2996,0
2997,0
2998,0
2999,0
3000,0
3001,0
3002,0
3003,1022
3004,1022
3005,1022
3006,1022
3007,1022
3008,1022
3009,1022
3010,1022
3011,0
3012,0
3013,0
3014,0
3015,0
3016,0
3017,0
3018,0
3019,1022
3020,1022
3021,1022
3022,1022
3023,1022
3024,1021
3025,1022
3026,1022
3027,0
3028,0
3029,0
3030,0
3031,0
3032,0
3033,0
3034,0
3035,1022
3036,1022
3037,1021
3038,1022
3039,1022
3040,1022
3041,1022
3042,1022
3043,0
3044,0
3045,0
3046,0
3047,0
3048,0
3049,0
3050,0
3051,1022
3052,1022
3053,1022
3054,1022
3055,1022
3056,1022
3057,1022
3058,1022
3059,0
3060,0
3061,0
3062,0
3063,0
3064,0
3065,0
3066,1022
3067,1022
3068,1022
3069,1022
3070,1022
3071,1022
3072,1022
3073,1022
3074,0
3075,0
3076,0
3077,0
3078,0
3079,0
3080,0
3081,0
3082,1022
3083,1022
3084,1022
3085,1021
3086,1022
3087,1022
3088,1022
3089,1021
3090,0
3091,0
3092,0
3093,0
3094,0
3095,0
3096,0
3097,0
3098,1022
3099,1022
3100,1022
3101,1022
3102,1022
3103,1022
3104,1022
3105,1022
3106,0
3107,0
3108,0
3109,0
3110,0
3111,0
3112,0
3113,0
3114,1022
3115,1022
3116,1022
3117,1022
3118,1022
3119,1022
3120,1021
3121,1023
3122,0
3123,0
3124,0
3125,0
3126,0
3127,0
3128,0
3129,0
3130,1022
3131,1022
3132,1022
3133,1022
3134,1022
3135,1021
3136,1022
3137,1022
3138,0
3139,0
3140,0
3141,0
3142,0
3143,0
3144,0
3145,0
3146,1022
3147,1021
3148,1022
3149,1022
3150,1022
3151,1022
3152,1022
3153,1022
3154,0
3155,0
3156,0
3157,0
3158,0
3159,0
3160,0
3161,0
3162,1022
3163,1022
3164,1022
3165,1022
3166,1022
3167,1022
3168,1022
3169,1022
3170,0
3171,0
3172,0
3173,0
3174,0
3175,0
3176,0
3177,0
3178,1022
3179,1022
3180,1022
3181,1022
3182,1022
3183,1022
3184,1022
3185,1022
3186,0
3187,0
3188,0
3189,0
3190,0
3191,0
3192,0
3193,1022
3194,1022
3195,1022
3196,1022
3197,1021
3198,1022
3199,1022
3200,1022
3201,0
3202,0
3203,0
3204,0
3205,0
3206,0
3207,0
3208,0
3209,1022
3210,1022
3211,1022
3212,1022
3213,1022
3214,1022
3215,1022
3216,1022
3217,0
3218,0
3219,0
3220,0
3221,0
3222,0
3223,0
3224,0
3225,1022
3226,1022
3227,1022
3228,1022
3229,1022
3230,1022
3231,1022
3232,1022
3233,0
3234,0
3235,0
3236,0
3237,0
3238,0
3239,0
3240,0
3241,1022
3242,1022
3243,1022
3244,1022
3245,1022
3246,1022
3247,1022
3248,1022
3249,0
3250,0
3251,0
3252,0
3253,0
3254,0
3255,0
3256,0
3257,1022
3258,1022
3259,1022
3260,1021
3261,1022
3262,1022
3263,1021
3264,1022
3265,0
3266,0
3267,0
3268,0
3269,0
3270,0
3271,0
3272,0
3273,1022
3274,1022
3275,1021
3276,1022
3277,1022
3278,1021
3279,1022
3280,1022
3281,0
3282,0
3283,0
3284,0
3285,0
3286,0
3287,0
3288,0
3289,1021
3290,1022
3291,1022
3292,1022
3293,1021
3294,1021
3295,1021
3296,1021
3297,0
3298,0
3299,0
3300,0
3301,0
3302,0
3303,0
3304,0
3305,1022
3306,1022
3307,1022
3308,1022
3309,1022
3310,1022
3311,1022
3312,0
3313,0
3314,0
3315,0
3316,0
3317,0
3318,0
3319,0
3320,1022
3321,1022
3322,1022
3323,1022
3324,1022
3325,1022
3326,1022
3327,1022
3328,0
3329,0
3330,0
3331,0
3332,0
3333,0
3334,0
3335,0
3336,1022
3337,1021
3338,1021
3339,1022
3340,1022
3341,1022
3342,1022
3343,1021
3344,0
3345,0
3346,0
3347,0
3348,0
3349,0
3350,0
3351,0
3352,1022
3353,1022
3354,1022
3355,1022
3356,1022
3357,1022
3358,1021
3359,1022
3360,0
3361,0
3362,0
3363,0
3364,0
3365,0
3366,0
3367,0
3368,1021
3369,1022
3370,1022
3371,1022
3372,1022
3373,1022
3374,1022
3375,1022
3376,0
3377,0
3378,0
3379,0
3380,0
3381,0
3382,0
3383,0
3384,1022
3385,1021
3386,1022
3387,1022
3388,1022
3389,1022
3390,1022
3391,1022
3392,0
3393,0
3394,0
3395,0
3396,0
3397,0
3398,0
3399,0
3400,1022
3401,1022
3402,1022
3403,1022
3404,1022
3405,1021
3406,1022
3407,1022
3408,0
3409,0
3410,0
3411,0
3412,0
3413,0
3414,0
3415,0
3416,1022
3417,1022
3418,1022
3419,1022
3420,1022
3421,1022
3422,1022
3423,1022
3424,0
3425,0
3426,0
3427,0
3428,0
3429,0
3430,0
3431,0
3432,1022
3433,1022
3434,1022
3435,1022
3436,1022
3437,1022
3438,1022
3439,0
3440,0
3441,0
3442,0
3443,0
3444,0
3445,0
3446,0
3447,1022
3448,1022
3449,1022
3450,1020
3451,1022
3452,1022
3453,1022
3454,1022
3455,0
3456,0
3457,0
3458,0
3459,0
3460,0
3461,0
3462,0
3463,1022
3464,1022
3465,1022
3466,1022
3467,1022
3468,1022
3469,1022
3470,1022
3471,0
3472,0
3473,0
3474,0
3475,0
3476,0
3477,0
3478,0
3479,1021
3480,1022
3481,1022
3482,1023
3483,1021
3484,1022
3485,1022
3486,1022
3487,0
3488,0
3489,0
3490,0
3491,0
3492,0
3493,0
3494,0
3495,1022
3496,1022
3497,1022
3498,1022
3499,1022
3500,1022
3501,1022
3502,1022
3503,0
3504,0
3505,0
3506,0
3507,0
3508,0
3509,0
3510,0
3511,1022
3512,1022
3513,1021
3514,1022
3515,1022
3516,1022
3517,1022
3518,1022
3519,0
3520,0
3521,0
3522,0
3523,0
3524,0
3525,0
3526,0
3527,1022
3528,1022
3529,1021
3530,1022
3531,1022
3532,1022
3533,1022
3534,1022
3535,0
3536,0
3537,0
3538,0
3539,0
3540,0
3541,0
3542,0
3543,1022
3544,1022
3545,1022
3546,1022
3547,1022
3548,1022
3549,1022
3550,1022
3551,0
3552,0
3553,0
3554,0
3555,0
3556,0
3557,0
3558,1022
3559,1022
3560,1022
3561,1022
3562,1022
3563,1022
3564,1022
3565,1021
3566,0
3567,0
3568,0
3569,0
3570,0
3571,0
3572,0
3573,0
3574,1022
3575,1022
3576,1022
3577,1022
3578,1022
3579,1021
3580,1022
3581,1022
3582,0
3583,0
3584,0
3585,0
3586,0
3587,0
3588,0
3589,0
3590,1022
3591,1022
3592,1022
3593,1022
3594,1022
3595,1022
3596,1022
3597,1021
3598,0
3599,0
3600,0
3601,0
3602,0
3603,0
3604,0
3605,0
3606,1022
3607,1022
3608,1021
3609,1022
3610,1022
3611,1022
3612,1022
3613,1022
3614,0
3615,0
3616,0
3617,0
3618,0
3619,0
3620,0
3621,0
3622,1022
3623,1022
3624,1022
3625,1022
3626,1022
3627,1022
3628,1022
3629,1022
3630,0
3631,0
3632,0
3633,0
3634,0
3635,0
3636,0
3637,0
3638,1022
3639,1022
3640,1022
3641,1022
3642,1021
3643,1021
3644,1022
3645,1021
3646,0
3647,0
3648,0
3649,0
3650,0
3651,0
3652,0
3653,0
3654,1022
3655,1022
3656,1023
3657,1022
3658,1022
3659,1022
3660,1022
3661,1022
3662,0
3663,0
3664,0
3665,0
3666,0
3667,0
3668,0
3669,0
3670,1022
3671,1021
3672,1022
3673,1022
3674,1022
3675,1022
3676,1022
3677,1021
3678,0
3679,0
3680,0
3681,0
3682,0
3683,0
3684,0
3685,1022
3686,1022
3687,1022
3688,1022
3689,1022
3690,1022
3691,1022
3692,1022
3693,0
3694,0
3695,0
3696,0
3697,0
3698,0
3699,0
3700,0
3701,1022
3702,1022
3703,1022
3704,1021
3705,1022
3706,1022
3707,1022
3708,1022
3709,0
3710,0
3711,0
3712,0
3713,0
3714,0
3715,0
3716,0
3717,1021
3718,1022
3719,1021
3720,1022
3721,1022
3722,1022
3723,1022
3724,1023
3725,0
3726,0
3727,0
3728,0
3729,0
3730,0
3731,0
3732,0
3733,1022
3734,1022
3735,1022
3736,1021
3737,1022
3738,1021
3739,1022
3740,1022
3741,0
3742,0
3743,0
3744,0
3745,0
3746,0
3747,0
3748,0
3749,1022
3750,1022
3751,1022
3752,1022
3753,1022
3754,1021
3755,1022
3756,1022
3757,0
3758,0
3759,0
3760,0
3761,0
3762,0
3763,0
3764,0
3765,1022
3766,1021
3767,1022
3768,1022
3769,1022
3770,1022
3771,1022
3772,1022
3773,0
3774,0
3775,0
3776,0
3777,0
3778,0
3779,0
3780,0
3781,1022
3782,1022
3783,1022
3784,1022
3785,1022
3786,1022
3787,1022
3788,1022
3789,0
3790,0
3791,0
3792,0
3793,0
3794,0
3795,0
3796,0
3797,1022
3798,1022
3799,1022
3800,1023
3801,1022
3802,1022
3803,1021
3804,1022
3805,0
3806,0
3807,0
3808,0
3809,0
3810,0
3811,0
3812,1021
3813,1021
3814,1021
3815,1022
3816,1022
3817,1022
3818,1022
3819,1022
3820,0
3821,0
3822,0
3823,0
3824,0
3825,0
3826,0
3827,0
3828,1022
3829,1022
3830,1022
3831,1021
3832,1022
3833,1022
3834,1022
3835,1022
3836,0
3837,0
3838,0
3839,0
3840,0
3841,0
3842,0
3843,0
3844,1022
3845,1022
3846,1022
3847,1022
3848,1022
3849,1022
3850,1022
3851,1022
3852,0
3853,0
3854,0
3855,0
3856,0
3857,0
3858,0
3859,0
3860,1022
3861,1022
3862,1022
3863,1022
3864,1021
3865,1022
3866,1022
3867,1022
3868,0
3869,0
3870,0
3871,0
3872,0
3873,0
3874,0
3875,0
3876,1022
3877,1022
3878,1022
3879,1022
3880,1022
3881,1022
3882,1022
3883,1022
3884,0
3885,0
3886,0
3887,0
3888,0
3889,0
3890,0
3891,0
3892,1021
3893,1022
3894,1021
3895,1022
3896,1022
3897,1022
3898,1022
3899,1022
3900,0
3901,0
3902,0
3903,0
3904,0
3905,0
3906,0
3907,0
3908,1022
3909,1021
3910,1022
3911,1022
3912,1022
3913,1020
3914,1022
3915,1022
3916,0
3917,0
3918,0
3919,0
3920,0
3921,0
3922,0
3923,0
3924,1022
3925,1022
3926,1022
3927,1022
3928,1022
3929,1022
3930,1022
3931,0
3932,0
3933,0
3934,0
3935,0
3936,0
3937,0
3938,0
3939,1022
3940,1022
3941,1022
3942,1021
3943,1022
3944,1022
3945,1022
3946,1022
3947,0
3948,0
3949,0
3950,0
3951,0
3952,0
3953,0
3954,0
3955,1022
3956,1022
3957,1023
3958,1021
3959,1021
3960,1022
3961,1022
3962,1022
3963,0
3964,0
3965,0
3966,0
3967,0
3968,0
3969,0
3970,0
3971,1022
3972,1022
3973,1022
3974,1022
3975,1022
3976,1022
3977,1022
3978,1022
3979,0
3980,0
3981,0
3982,0
3983,0
3984,0
3985,0
3986,0
3987,1021
3988,1022
3989,1022
3990,1022
3991,1022
3992,1022
3993,1022
3994,1022
3995,0
3996,0
3997,0
3998,0
3999,0
4000,0
4001,0
4002,0
4003,1022
4004,1022
4005,1022
4006,1022
4007,1022
4008,1022
4009,1022
4010,1022
4011,0
4012,0
4013,0
4014,0
4015,0
4016,0
4017,0
4018,0
4019,1022
4020,1022
4021,1022
4022,1022
4023,1022
4024,1022
4025,1022
4026,1022
4027,0
4028,0
4029,0
4030,0
4031,0
4032,0
4033,0
4034,0
4035,1021
4036,1021
4037,1023
4038,1021
4039,1021
4040,1022
4041,1021
4042,1021
4043,0
4044,0
4045,0
4046,0
4047,0
4048,0
4049,0
4050,0
4051,1022
4052,1022
4053,1022
4054,1022
4055,1022
4056,1022
4057,1022
4058,0
4059,0
4060,0
4061,0
4062,0
4063,0
4064,0
4065,0
4066,1022
4067,1022
4068,1022
4069,1022
4070,1022
4071,1022
4072,1022
4073,1022
4074,0
4075,0
4076,0
4077,0
4078,0
4079,0
4080,0
4081,0
4082,1021
4083,1022
4084,1022
4085,1022
4086,1022
4087,1022
4088,1022
4089,1022
4090,0
4091,0
4092,0
4093,0
4094,0
4095,0
4096,0
4097,0
4098,1022
4099,1022
4100,1022
4101,1022
4102,1022
4103,1022
4104,1022
4105,1022
4106,0
4107,0
4108,0
4109,0
4110,0
4111,0
4112,0
4113,0
4114,1022
4115,1021
4116,1022
4117,1021
4118,1022
4119,1021
4120,1021
4121,1022
4122,0
4123,0
4124,0
4125,0
4126,0
4127,0
4128,0
4129,0
4130,1022
4131,1022
4132,1022
4133,1022
4134,1022
4135,1022
4136,1022
4137,1022
4138,0
4139,0
4140,0
4141,0
4142,0
4143,0
4144,0
4145,0
4146,1022
4147,1022
4148,1022
4149,1022
4150,1022
4151,1022
4152,1021
4153,1022
4154,0
4155,0
4156,0
4157,0
4158,0
4159,0
4160,0
4161,0
4162,1022
4163,1022
4164,1022
4165,1022
4166,1022
4167,1022
4168,1022
4169,1022
4170,0
4171,0
4172,0
4173,0
4174,0
4175,0
4176,0
4177,1021
4178,1022
4179,1021
4180,1022
4181,1022
4182,1022
4183,1022
4184,1022
4185,0
4186,0
4187,0
4188,0
4189,0
4190,0
4191,0
4192,0
4193,1021
4194,1022
4195,1022
4196,1022
4197,1021
4198,1022
4199,1022
4200,1022
4201,0
4202,0
4203,0
4204,0
4205,0
4206,0
4207,0
4208,0
4209,1022
4210,1022
4211,1022
4212,1021
4213,1022
4214,1022
4215,1022
4216,1022
4217,0
4218,0
4219,0
4220,0
4221,0
4222,0
4223,0
4224,0
4225,1022
4226,1022
4227,1022
4228,1022
4229,1022
4230,1021
4231,1022
4232,1022
4233,0
4234,0
4235,0
4236,0
4237,0
4238,0
4239,0
4240,0
4241,1022
4242,1022
4243,1022
4244,1022
4245,1022
4246,1022
4247,1022
4248,1022
4249,0
4250,0
4251,0
4252,0
4253,0
4254,0
4255,0
4256,0
4257,1022
4258,1022
4259,1022
4260,1022
4261,1022
4262,1022
4263,1021
4264,1021
4265,0
4266,0
4267,0
4268,0
4269,0
4270,0
4271,0
4272,0
4273,1021
4274,1022
4275,1022
4276,1021
4277,1021
4278,1022
4279,1021
4280,1022
4281,0
4282,0
4283,0
4284,0
4285,0
4286,0
4287,0
4288,0
4289,1022
4290,1022
4291,1022
4292,1022
4293,1022
4294,1021
4295,1022
4296,1022
4297,0
4298,0
4299,0
4300,0
4301,0
4302,0
4303,0
4304,1022
4305,1022
4306,1022
4307,1022
4308,1022
4309,1022
4310,1022
4311,1022
4312,0
4313,0
4314,0
4315,0
4316,0
4317,0
4318,0
4319,0
4320,1022
4321,1022
4322,1022
4323,1022
4324,1022
4325,1022
4326,1022
4327,1022
4328,0
4329,0
4330,0
4331,0
4332,0
4333,0
4334,0
4335,0
4336,1022
4337,1022
4338,1022
4339,1020
4340,1022
4341,1021
4342,1021
4343,1022
4344,0
4345,0
4346,0
4347,0
4348,0
4349,0
4350,0
4351,0
4352,1022
4353,1022
4354,1022
4355,1022
4356,1022
4357,1022
4358,1022
4359,1022
4360,0
4361,0
4362,0
4363,0
4364,0
4365,0
4366,0
4367,0
4368,1022
4369,1022
4370,1021
4371,1022
4372,1022
4373,1022
4374,1022
4375,1022
4376,0
4377,0
4378,0
4379,0
4380,0
4381,0
4382,0
4383,0
4384,1022
4385,1022
4386,1022
4387,1022
4388,1022
4389,1022
4390,1022
4391,1022
4392,0
4393,0
4394,0
4395,0
4396,0
4397,0
4398,0
4399,0
4400,1022
4401,1022
4402,1022
4403,1022
4404,1022
4405,1022
4406,1022
4407,1022
4408,0
4409,0
4410,0
4411,0
4412,0
4413,0
4414,0
4415,0
4416,1022
4417,1022
4418,1022
4419,1022
4420,1022
4421,1021
4422,1021
4423,1021
4424,0
4425,0
4426,0
4427,0
4428,0
4429,0
4430,0
4431,1023
4432,1022
4433,1022
4434,1022
4435,1022
4436,1022
4437,1022
4438,1022
4439,0
4440,0
4441,0
4442,0
4443,0
4444,0
4445,0
4446,0
4447,1022
4448,1021
4449,1021
4450,1022
4451,1021
4452,1021
4453,1022
4454,1022
4455,0
4456,0
4457,0
4458,0
4459,0
4460,0
4461,0
4462,0
4463,1022
4464,1022
4465,1022
4466,1022
4467,1022
4468,1022
4469,1022
4470,1022
4471,0
4472,0
4473,0
4474,0
4475,0
4476,0
4477,0
4478,0
4479,1022
4480,1023
4481,1022
4482,1022
4483,1022
4484,1022
4485,1022
4486,1022
4487,0
4488,0
4489,0
4490,0
4491,0
4492,0
4493,0
4494,0
4495,1022
4496,1021
4497,1021
4498,1021
4499,1022
4500,1021
4501,1021
4502,1022
4503,0
4504,0
4505,0
4506,0
4507,0
4508,0
4509,0
4510,0
4511,1022
4512,1022
4513,1022
4514,1022
4515,1022
4516,1022
4517,1022
4518,1022
4519,0
4520,0
4521,0
4522,0
4523,0
4524,0
4525,0
4526,0
4527,1022
4528,1022
4529,1022
4530,1022
4531,1022
4532,1022
4533,1022
4534,1022
4535,0
4536,0
4537,0
4538,0
4539,0
4540,0
4541,0
4542,0
4543,1022
4544,1022
4545,1022
4546,1022
4547,1022
4548,1021
4549,1022
4550,0
4551,0
4552,0
4553,0
4554,0
4555,0
4556,0
4557,0
4558,1022
4559,1022
4560,1022
4561,1021
4562,1022
4563,1022
4564,1022
4565,1022
4566,0
4567,0
4568,0
4569,0
4570,0
4571,0
4572,0
4573,0
4574,1022
4575,1022
4576,1022
4577,1021
4578,1022
4579,1022
4580,1022
4581,1022
4582,0
4583,0
4584,0
4585,0
4586,0
4587,0
4588,0
4589,0
4590,1022
4591,1022
4592,1022
4593,1022
4594,1022
4595,1022
4596,1022
4597,1022
4598,0
4599,0
4600,0
4601,0
4602,0
4603,0
4604,0
4605,0
4606,1022
4607,1022
4608,1022
4609,1022
4610,1022
4611,1022
4612,1022
4613,1022
4614,0
4615,0
4616,0
4617,0
4618,0
4619,0
4620,0
4621,0
4622,1022
4623,1022
4624,1022
4625,1022
4626,1022
4627,1022
4628,1022
4629,1022
4630,0
4631,0
4632,0
4633,0
4634,0
4635,0
4636,0
4637,0
4638,1021
4639,1022
4640,1022
4641,1022
4642,1022
4643,1022
4644,1022
4645,1022
4646,0
4647,0
4648,0
4649,0
4650,0
4651,0
4652,0
4653,0
4654,1022
4655,1022
4656,1022
4657,1022
4658,1022
4659,1022
4660,1022
4661,1022
4662,0
4663,0
4664,0
4665,0
4666,0
4667,0
4668,0
4669,0
4670,1022
4671,1022
4672,1022
4673,1022
4674,1021
4675,1021
4676,1022
4677,0
4678,0
4679,0
4680,0
4681,0
4682,0
4683,0
4684,0
4685,1022
4686,1022
4687,1022
4688,1022
4689,1022
4690,1022
4691,1022
4692,1022
4693,0
4694,0
4695,0
4696,0
4697,0
4698,0
4699,0
4700,0
4701,1022
4702,1022
4703,1022
4704,1022
4705,1022
4706,1022
4707,1022
4708,1021
4709,0
4710,0
4711,0
4712,0
4713,0
4714,0
4715,0
4716,0
4717,1022
4718,1022
4719,1022
4720,1022
4721,1022
4722,1022
4723,1022
4724,1021
4725,0
4726,0
4727,0
4728,0
4729,0
4730,0
4731,0
4732,0
4733,1022
4734,1021
4735,1022
4736,1022
4737,1022
4738,1022
4739,1022
4740,1022
4741,0
4742,0
4743,0
4744,0
4745,0
4746,0
4747,0
4748,0
4749,1022
4750,1022
4751,1022
4752,1022
4753,1022
4754,1022
4755,1022
4756,1022
4757,0
4758,0
4759,0
4760,0
4761,0
4762,0
4763,0
4764,0
4765,1022
4766,1022
4767,1022
4768,1022
4769,1021
4770,1022
4771,1021
4772,1022
4773,0
4774,0
4775,0
4776,0
4777,0
4778,0
4779,0
4780,0
4781,1022
4782,1022
4783,1022
4784,1022
4785,1022
4786,1022
4787,1022
4788,1022
4789,0
4790,0
4791,0
4792,0
4793,0
4794,0
4795,0
4796,0
4797,1022
4798,1022
4799,1021
4800,1022
4801,1022
4802,1021
4803,1022
4804,0
4805,0
4806,0
4807,0
4808,0
4809,0
4810,0
4811,0
4812,1022
4813,1022
4814,1021
4815,1022
4816,1022
4817,1022
4818,1022
4819,1021
4820,0
4821,0
4822,0
4823,0
4824,0
4825,0
4826,0
4827,0
4828,1021
4829,1021
4830,1021
4831,1022
4832,1021
4833,1022
4834,1022
4835,1021
4836,0
4837,0
4838,0
4839,0
4840,0
4841,0
4842,0
4843,0
4844,1022
4845,1022
4846,1021
4847,1022
4848,1022
4849,1022
4850,1022
4851,1022
4852,0
4853,0
4854,0
4855,0
4856,0
4857,0
4858,0
4859,0
4860,1022
4861,1022
4862,1022
4863,1022
4864,1022
4865,1022
4866,1022
4867,1022
4868,0
4869,0
4870,0
4871,0
4872,0
4873,0
4874,0
4875,0
4876,1022
4877,1022
4878,1022
4879,1021
4880,1022
4881,1021
4882,1022
4883,1021
4884,0
4885,0
4886,0
4887,0
4888,0
4889,0
4890,0
4891,0
4892,1022
4893,1022
4894,1021
4895,1022
4896,1022
4897,1022
4898,1022
4899,1022
4900,0
4901,0
4902,0
4903,0
4904,0
4905,0
4906,0
4907,0
4908,1021
4909,1022
4910,1021
4911,1022
4912,1022
4913,1021
4914,1022
4915,1022
4916,0
4917,0
4918,0
4919,0
4920,0
4921,0
4922,0
4923,1022
4924,1022
4925,1021
4926,1022
4927,1022
4928,1022
4929,1022
4930,1022
4931,0
4932,0
4933,0
4934,0
4935,0
4936,0
4937,0
4938,0
4939,1022
4940,1022
4941,1021
4942,1022
4943,1022
4944,1022
4945,1022
4946,1022
4947,0
4948,0
4949,0
4950,0
4951,0
4952,0
4953,0
4954,0
4955,1022
4956,1021
4957,1022
4958,1022
4959,1022
4960,1021
4961,1021
4962,1022
4963,0
4964,0
4965,0
4966,0
4967,0
4968,0
4969,0
4970,0
4971,1022
4972,1022
4973,1022
4974,1022
4975,1022
4976,1022
4977,1022
4978,1022
4979,0
4980,0
4981,0
4982,0
4983,0
4984,0
4985,0
4986,0
4987,1022
4988,1022
4989,1022
4990,1022
4991,1022
4992,1022
4993,1021
4994,1022
4995,0
4996,0
4997,0
4998,0
4999,0
5000,0
5001,0
5002,0
5003,1021
5004,1022
5005,1022
5006,1022
5007,1022
5008,1022
5009,1022
5010,1022
5011,0
5012,0
5013,0
5014,0
5015,0
5016,0
5017,0
5018,0
5019,1022
5020,1022
5021,1022
5022,1022
5023,1022
5024,1022
5025,1022
5026,1022
5027,0
5028,0
5029,0
5030,0
5031,0
5032,0
5033,0
5034,0
5035,1022
5036,1022
5037,1022
5038,1021
5039,1022
5040,1021
5041,1022
5042,1022
5043,0
5044,0
5045,0
5046,0
5047,0
5048,0
5049,0
5050,1022
5051,1022
5052,1022
5053,1022
5054,1022
5055,1022
5056,1022
5057,1022
5058,0
5059,0
5060,0
5061,0
5062,0
5063,0
5064,0
5065,0
5066,1022
5067,1022
5068,1022
5069,1022
5070,1022
5071,1022
5072,1022
5073,1022
5074,0
5075,0
5076,0
5077,0
5078,0
5079,0
5080,0
5081,0
5082,1022
5083,1022
5084,1022
5085,1022
5086,1022
5087,1022
5088,1022
5089,1022
5090,0
5091,0
5092,0
5093,0
5094,0
5095,0
5096,0
5097,0
5098,1022
5099,1022
5100,1022
5101,1022
5102,1022
5103,1022
5104,1022
5105,1022
5106,0
5107,0
5108,0
5109,0
5110,0
5111,0
5112,0
5113,0
5114,1022
5115,1022
5116,1022
5117,1022
5118,1022
5119,1022
5120,1022
5121,1022
5122,0
5123,0
5124,0
5125,0
5126,0
5127,0
5128,0
5129,0
5130,1022
5131,1022
5132,1022
5133,1022
5134,1022
5135,1022
5136,1022
5137,1022
5138,0
5139,0
5140,0
5141,0
5142,0
5143,0
5144,0
5145,0
5146,1022
5147,1022
5148,1022
5149,1022
5150,1022
5151,1022
5152,1022
5153,1022
5154,0
5155,0
5156,0
5157,0
5158,0
5159,0
5160,0
5161,0
5162,1022
5163,1022
5164,1022
5165,1022
5166,1022
5167,1022
5168,1022
5169,1022
5170,0
5171,0
5172,0
5173,0
5174,0
5175,0
5176,0
5177,1022
5178,1022
5179,1022
5180,1022
5181,1022
5182,1022
5183,1022
5184,1022
5185,0
5186,0
5187,0
5188,0
5189,0
5190,0
5191,0
5192,0
5193,1022
5194,1021
5195,1022
5196,1022
5197,1022
5198,1022
5199,1022
5200,1022
5201,0
5202,0
5203,0
5204,0
5205,0
5206,0
5207,0
5208,0
5209,1021
5210,1022
5211,1021
5212,1022
5213,1022
5214,1021
5215,1022
5216,1021
5217,0
5218,0
5219,0
5220,0
5221,0
5222,0
5223,0
5224,0
5225,1022
5226,1022
5227,1022
5228,1022
5229,1021
5230,1022
5231,1022
5232,1022
5233,0
5234,0
5235,0
5236,0
5237,0
5238,0
5239,0
5240,0
5241,1022
5242,1022
5243,1022
5244,1022
5245,1023
5246,1022
5247,1022
5248,1022
5249,0
5250,0
5251,0
5252,0
5253,0
5254,0
5255,0
5256,0
5257,1022
5258,1022
5259,1023
5260,1021
5261,1022
5262,1022
5263,1021
5264,1021
5265,0
5266,0
5267,0
5268,0
5269,0
5270,0
5271,0
5272,0
5273,1022
5274,1022
5275,1021
5276,1022
5277,1022
5278,1022
5279,1022
5280,1022
5281,0
5282,0
5283,0
5284,0
5285,0
5286,0
5287,0
5288,0
5289,1022
5290,1022
5291,1022
5292,1022
5293,1022
5294,1022
5295,1022
5296,0
5297,0
5298,0
5299,0
5300,0
5301,0
5302,0
5303,0
5304,1021
5305,1022
5306,1022
5307,1022
5308,1022
5309,1022
5310,1022
5311,1022
5312,0
5313,0
5314,0
5315,0
5316,0
5317,0
5318,0
5319,0
5320,1022
5321,1022
5322,1022
5323,1022
5324,1022
5325,1022
5326,1022
5327,1022
5328,0
5329,0
5330,0
5331,0
5332,0
5333,0
5334,0
5335,0
5336,1022
5337,1022
5338,1022
5339,1021
5340,1022
5341,1022
5342,1022
5343,1022
5344,0
5345,0
5346,0
5347,0
5348,0
5349,0
5350,0
5351,0
5352,1022
5353,1022
5354,1022
5355,1022
5356,1022
5357,1022
5358,1022
5359,1022
5360,0
5361,0
5362,0
5363,0
5364,0
5365,0
5366,0
5367,0
5368,1022
5369,1022
5370,1022
5371,1022
5372,1022
5373,1022
5374,1022
5375,1022
5376,0
5377,0
5378,0
5379,0
5380,0
5381,0
5382,0
5383,0
5384,1022
5385,1022
5386,1022
5387,1022
5388,1022
5389,1022
5390,1022
5391,1022
5392,0
5393,0
5394,0
5395,0
5396,0
5397,0
5398,0
5399,0
5400,1022
5401,1022
5402,1022
5403,1022
5404,1022
5405,1022
5406,1022
5407,1022
5408,0
5409,0
5410,0
5411,0
5412,0
5413,0
5414,0
5415,0
5416,1022
5417,1022
5418,1022
5419,1022
5420,1022
5421,1022
5422,1021
5423,0
5424,0
5425,0
5426,0
5427,0
5428,0
5429,0
5430,0
5431,1022
5432,1022
5433,1022
5434,1022
5435,1022
5436,1022
5437,1022
5438,1022
5439,0
5440,0
5441,0
5442,0
5443,0
5444,0
5445,0
5446,0
5447,1022
5448,1022
5449,1022
5450,1022
5451,1022
5452,1022
5453,1022
5454,1022
5455,0
5456,0
5457,0
5458,0
5459,0
5460,0
5461,0
5462,0
5463,1022
5464,1022
5465,1022
5466,1022
5467,1022
5468,1022
5469,1022
5470,1022
5471,0
5472,0
5473,0
5474,0
5475,0
5476,0
5477,0
5478,0
5479,1022
5480,1022
5481,1022
5482,1022
5483,1022
5484,1022
5485,1022
5486,1022
5487,0
5488,0
5489,0
5490,0
5491,0
5492,0
5493,0
5494,0
5495,1022
5496,1021
5497,1021
5498,1022
5499,1021
5500,1022
5501,1022
5502,1022
5503,0
5504,0
5505,0
5506,0
5507,0
5508,0
5509,0
5510,0
5511,1021
5512,1022
5513,1022
5514,1021
5515,1022
5516,1021
5517,1021
5518,1023
5519,0
5520,0
5521,0
5522,0
5523,0
5524,0
5525,0
5526,0
5527,1022
5528,1022
5529,1022
5530,1022
5531,1022
5532,1022
5533,1022
5534,1022
5535,0
5536,0
5537,0
5538,0
5539,0
5540,0
5541,0
5542,1021
5543,1022
5544,1022
5545,1022
5546,1022
5547,1022
5548,1022
5549,1022
5550,0
5551,0
5552,0
5553,0
5554,0
5555,0
5556,0
5557,0
5558,1022
5559,1022
5560,1021
5561,1022
5562,1022
5563,1022
5564,1023
5565,1021
5566,0
5567,0
5568,0
5569,0
5570,0
5571,0
5572,0
5573,0
5574,1021
5575,1022
5576,1022
5577,1022
5578,1022
5579,1022
5580,1022
5581,1022
5582,0
5583,0
5584,0
5585,0
5586,0
5587,0
5588,0
5589,0
5590,1022
5591,1022
5592,1021
5593,1022
5594,1021
5595,1022
5596,1022
5597,1022
5598,0
5599,0
5600,0
5601,0
5602,0
5603,0
5604,0
5605,0
5606,1022
5607,1022
5608,1021
5609,1022
5610,1021
5611,1022
5612,1022
5613,1022
5614,0
5615,0
5616,0
5617,0
5618,0
5619,0
5620,0
5621,0
5622,1022
5623,1022
5624,1022
5625,1022
5626,1022
5627,1022
5628,1022
5629,1022
5630,0
5631,0
5632,0
5633,0
5634,0
5635,0
5636,0
5637,0
5638,1022
5639,1022
5640,1022
5641,1022
5642,1022
5643,1022
5644,1021
5645,1021
5646,0
5647,0
5648,0
5649,0
5650,0
5651,0
5652,0
5653,0
5654,1022
5655,1022
5656,1022
5657,1022
5658,1022
5659,1022
5660,1022
5661,1022
5662,0
5663,0
5664,0
5665,0
5666,0
5667,0
5668,0
5669,1022
5670,1022
5671,1022
5672,1022
5673,1022
5674,1022
5675,1022
5676,1022
5677,0
5678,0
5679,0
5680,0
5681,0
5682,0
5683,0
5684,0
5685,1022
5686,1022
5687,1022
5688,1022
5689,1022
5690,1022
5691,1022
5692,1022
5693,0
5694,0
5695,0
5696,0
5697,0
5698,0
5699,0
5700,0
5701,1022
5702,1022
5703,1022
5704,1021
5705,1022
5706,1022
5707,1022
5708,1022
5709,0
5710,0
5711,0
5712,0
5713,0
5714,0
5715,0
5716,0
5717,1022
5718,1022
5719,1021
5720,1022
5721,1021
5722,1022
5723,1022
5724,1021
5725,0
5726,0
5727,0
5728,0
5729,0
5730,0
5731,0
5732,0
5733,1022
5734,1022
5735,1022
5736,1022
5737,1022
5738,1022
5739,1022
5740,1022
5741,0
5742,0
5743,0
5744,0
5745,0
5746,0
5747,0
5748,0
5749,1022
5750,1021
5751,1022
5752,1022
5753,1022
5754,1022
5755,1022
5756,1022
5757,0
5758,0
5759,0
5760,0
5761,0
5762,0
5763,0
5764,0
5765,1022
5766,1021
5767,1022
5768,1022
5769,1021
5770,1022
5771,1022
5772,1022
5773,0
5774,0
5775,0
5776,0
5777,0
5778,0
5779,0
5780,0
5781,1022
5782,1022
5783,1022
5784,1022
5785,1022
5786,1022
5787,1022
5788,1022
5789,0
5790,0
5791,0
5792,0
5793,0
5794,0
5795,0
5796,1022
5797,1021
5798,1021
5799,1021
5800,1021
5801,1021
5802,1021
5803,1022
5804,0
5805,0
5806,0
5807,0
5808,0
5809,0
5810,0
5811,0
5812,1022
5813,1022
5814,1022
5815,1022
5816,1022
5817,1022
5818,1022
5819,1022
5820,0
5821,0
5822,0
5823,0
5824,0
5825,0
5826,0
5827,0
5828,1022
5829,1022
5830,1022
5831,1022
5832,1022
5833,1022
5834,1022
5835,1022
5836,0
5837,0
5838,0
5839,0
5840,0
5841,0
5842,0
5843,0
5844,1022
5845,1022
5846,1022
5847,1022
5848,1022
5849,1022
5850,1022
5851,1022
5852,0
5853,0
5854,0
5855,0
5856,0
5857,0
5858,0
5859,0
5860,1022
5861,1022
5862,1022
5863,1022
5864,1022
5865,1022
5866,1023
5867,1022
5868,0
5869,0
5870,0
5871,0
5872,0
5873,0
5874,0
5875,0
5876,1022
5877,1021
5878,1022
5879,1022
5880,1022
5881,1022
5882,1022
5883,1022
5884,0
5885,0
5886,0
5887,0
5888,0
5889,0
5890,0
5891,0
5892,1022
5893,1022
5894,1022
5895,1021
5896,1021
5897,1022
5898,1022
5899,1022
5900,0
5901,0
5902,0
5903,0
5904,0
5905,0
5906,0
5907,0
5908,1021
5909,1022
5910,1022
5911,1022
5912,1022
5913,1022
5914,1022
5915,0
5916,0
5917,0
5918,0
5919,0
5920,0
5921,0
5922,0
5923,1022
5924,1022
5925,1022
5926,1022
5927,1022
5928,1022
5929,1022
5930,1022
5931,0
5932,0
5933,0
5934,0
5935,0
5936,0
5937,0
5938,0
5939,1022
5940,1022
5941,1022
5942,1022
5943,1022
5944,1021
5945,1022
5946,1022
5947,0
5948,0
5949,0
5950,0
5951,0
5952,0
5953,0
5954,0
5955,1022
5956,1022
5957,1022
5958,1022
5959,1022
5960,1022
5961,1022
5962,1022
5963,0
5964,0
5965,0
5966,0
5967,0
5968,0
5969,0
5970,0
5971,1022
5972,1022
5973,1022
5974,1022
5975,1022
5976,1022
5977,1022
5978,1023
5979,0
5980,0
5981,0
5982,0
5983,0
5984,0
5985,0
5986,0
5987,1022
5988,1022
5989,1022
5990,1022
5991,1022
5992,1022
5993,1022
5994,1021
5995,0
5996,0
5997,0
5998,0
5999,0
6000,0
6001,0
6002,0
6003,1022
6004,1022
6005,1022
6006,1022
6007,1022
6008,1022
6009,1022
6010,1022
6011,0
6012,0
6013,0
6014,0
6015,0
6016,0
6017,0
6018,0
6019,1022
6020,1022
6021,1022
6022,1022
6023,1022
6024,1022
6025,1022
6026,1022
6027,0
6028,0
6029,0
6030,0
6031,0
6032,0
6033,0
6034,0
6035,1022
6036,1022
6037,1022
6038,1022
6039,1021
6040,1022
6041,1022
6042,0
6043,0
6044,0
6045,0
6046,0
6047,0
6048,0
6049,0
6050,1022
6051,1022
6052,1022
6053,1022
6054,1022
6055,1022
6056,1022
6057,1022
6058,0
6059,0
6060,0
6061,0
6062,0
6063,0
6064,0
6065,0
6066,1022
6067,1022
6068,1022
6069,1022
6070,1022
6071,1022
6072,1022
6073,1021
6074,0
6075,0
6076,0
6077,0
6078,0
6079,0
6080,0
6081,0
6082,1022
6083,1022
6084,1022
6085,1022
6086,1022
6087,1022
6088,1022
6089,1022
6090,0
6091,0
6092,0
6093,0
6094,0
6095,0
6096,0
6097,0
6098,1022
6099,1022
6100,1022
6101,1022
6102,1022
6103,1021
6104,1022
6105,1022
6106,0
6107,0
6108,0
6109,0
6110,0
6111,0
6112,0
6113,0
6114,1022
6115,1022
6116,1022
6117,1022
6118,1022
6119,1022
6120,1022
6121,1022
6122,0
6123,0
6124,0
6125,0
6126,0
6127,0
6128,0
6129,0
6130,1021
6131,1022
6132,1022
6133,1022
6134,1022
6135,1022
6136,1022
6137,1022
6138,0
6139,0
6140,0
6141,0
6142,0
6143,0
6144,0
6145,0
6146,1022
6147,1022
6148,1022
6149,1022
6150,1022
6151,1022
6152,1022
6153,1022
6154,0
6155,0
6156,0
6157,0
6158,0
6159,0
6160,0
6161,1021
6162,1022
6163,1022
6164,1022
6165,1022
6166,1022
6167,1022
6168,1022
6169,0
6170,0
6171,0
6172,0
6173,0
6174,0
6175,0
6176,0
6177,1022
6178,1021
6179,1022
6180,1022
6181,1021
6182,1022
6183,1022
6184,1022
6185,0
6186,0
6187,0
6188,0
6189,0
6190,0
6191,0
6192,0
6193,1022
6194,1022
6195,1022
6196,1021
6197,1022
6198,1022
6199,1022
6200,1022
6201,0
6202,0
6203,0
6204,0
6205,0
6206,0
6207,0
6208,0
6209,1022
6210,1022
6211,1022
6212,1022
6213,1022
6214,1022
6215,1022
6216,1022
6217,0
6218,0
6219,0
6220,0
6221,0
6222,0
6223,0
6224,0
6225,1022
6226,1022
6227,1022
6228,1022
6229,1022
6230,1022
6231,1022
6232,1022
6233,0
6234,0
6235,0
6236,0
6237,0
6238,0
6239,0
6240,0
6241,1022
6242,1022
6243,1021
6244,1022
6245,1022
6246,1021
6247,1022
6248,1022
6249,0
6250,0
6251,0
6252,0
6253,0
6254,0
6255,0
6256,0
6257,1022
6258,1022
6259,1022
6260,1021
6261,1022
6262,1022
6263,1022
6264,1022
6265,0
6266,0
6267,0
6268,0
6269,0
6270,0
6271,0
6272,0
6273,1022
6274,1022
6275,1022
6276,1022
6277,1022
6278,1022
6279,1022
6280,1022
6281,0
6282,0
6283,0
6284,0
6285,0
6286,0
6287,0
6288,1022
6289,1022
6290,1022
6291,1022
6292,1022
6293,1022
6294,1021
6295,1022
6296,0
6297,0
6298,0
6299,0
6300,0
6301,0
6302,0
6303,0
6304,1022
6305,1022
6306,1022
6307,1022
6308,1022
6309,1022
6310,1022
6311,1022
6312,0
6313,0
6314,0
6315,0
6316,0
6317,0
6318,0
6319,0
6320,1022
6321,1022
6322,1022
6323,1022
6324,1022
6325,1022
6326,1022
6327,1022
6328,0
6329,0
6330,0
6331,0
6332,0
6333,0
6334,0
6335,0
6336,1021
6337,1022
6338,1022
6339,1023
6340,1022
6341,1022
6342,1021
6343,1022
6344,0
6345,0
6346,0
6347,0
6348,0
6349,0
6350,0
6351,0
6352,1022
6353,1022
6354,1021
6355,1022
6356,1022
6357,1022
6358,1022
6359,1022
6360,0
6361,0
6362,0
6363,0
6364,0
6365,0
6366,0
6367,0
6368,1022
6369,1021
6370,1022
6371,1022
6372,1022
6373,1022
6374,1022
6375,1022
6376,0
6377,0
6378,0
6379,0
6380,0
6381,0
6382,0
6383,0
6384,1022
6385,1022
6386,1022
6387,1022
6388,1022
6389,1022
6390,1022
6391,1022
6392,0
6393,0
6394,0
6395,0
6396,0
6397,0
6398,0
6399,0
6400,1022
6401,1021
6402,1022
6403,1022
6404,1021
6405,1022
6406,1022
6407,1021
6408,0
6409,0
6410,0
6411,0
6412,0
6413,0
6414,0
6415,1022
6416,1022
6417,1021
6418,1022
6419,1022
6420,1021
6421,1022
6422,1022
6423,0
6424,0
6425,0
6426,0
6427,0
6428,0
6429,0
6430,0
6431,1022
6432,1022
6433,1022
6434,1022
6435,1022
6436,1022
6437,1022
6438,1022
6439,0
6440,0
6441,0
6442,0
6443,0
6444,0
6445,0
6446,0
6447,1022
6448,1022
6449,1022
6450,1022
6451,1022
6452,1022
6453,1022
6454,1021
6455,0
6456,0
6457,0
6458,0
6459,0
6460,0
6461,0
6462,0
6463,1022
6464,1022
6465,1022
6466,1022
6467,1022
6468,1022
6469,1022
6470,1022
6471,0
6472,0
6473,0
6474,0
6475,0
6476,0
6477,0
6478,0
6479,1022
6480,1022
6481,1022
6482,1022
6483,1022
6484,1022
6485,1022
6486,1022
6487,0
6488,0
6489,0
6490,0
6491,0
6492,0
6493,0
6494,0
6495,1021
6496,1021
6497,1022
6498,1022
6499,1022
6500,1022
6501,1022
6502,1022
6503,0
6504,0
6505,0
6506,0
6507,0
6508,0
6509,0
6510,0
6511,1022
6512,1022
6513,1021
6514,1022
6515,1022
6516,1022
6517,1022
6518,1022
6519,0
6520,0
6521,0
6522,0
6523,0
6524,0
6525,0
6526,0
6527,1022
6528,1022
6529,1022
6530,1022
6531,1022
6532,1022
6533,1022
6534,0
6535,0
6536,0
6537,0
6538,0
6539,0
6540,0
6541,0
6542,1022
6543,1022
6544,1022
6545,1022
6546,1022
6547,1022
6548,1022
6549,1022
6550,0
6551,0
6552,0
6553,0
6554,0
6555,0
6556,0
6557,0
6558,1022
6559,1022
6560,1022
6561,1022
6562,1022
6563,1022
6564,1022
6565,1022
6566,0
6567,0
6568,0
6569,0
6570,0
6571,0
6572,0
6573,0
6574,1021
6575,1021
6576,1022
6577,1021
6578,1021
6579,1022
6580,1022
6581,1022
6582,0
6583,0
6584,0
6585,0
6586,0
6587,0
6588,0
6589,0
6590,1022
6591,1022
6592,1022
6593,1022
6594,1023
6595,1022
6596,1022
6597,1022
6598,0
6599,0
6600,0
6601,0
6602,0
6603,0
6604,0
6605,0
6606,1022
6607,1022
6608,1022
6609,1022
6610,1022
6611,1022
6612,1022
6613,1022
6614,0
6615,0
6616,0
6617,0
6618,0
6619,0
6620,0
6621,0
6622,1022
6623,1022
6624,1022
6625,1022
6626,1022
6627,1022
6628,1022
6629,1022
6630,0
6631,0
6632,0
6633,0
6634,0
6635,0
6636,0
6637,0
6638,1022
6639,1022
6640,1022
6641,1022
6642,1022
6643,1022
6644,1022
6645,1022
6646,0
6647,0
6648,0
6649,0
6650,0
6651,0
6652,0
6653,0
6654,1021
6655,1021
6656,1022
6657,1021
6658,1022
6659,1022
6660,1022
6661,0
6662,0
6663,0
6664,0
6665,0
6666,0
6667,0
6668,0
6669,1022
6670,1022
6671,1022
6672,1022
6673,1022
6674,1022
6675,1022
6676,1022
6677,0
6678,0
6679,0
6680,0
6681,0
6682,0
6683,0
6684,0
6685,1021
6686,1022
6687,1022
6688,1022
6689,1022
6690,1022
6691,1022
6692,1022
6693,0
6694,0
6695,0
6696,0
6697,0
6698,0
6699,0
6700,0
6701,1022
6702,1022
6703,1022
6704,1022
6705,1022
6706,1022
6707,1022
6708,1022
6709,0
6710,0
6711,0
6712,0
6713,0
6714,0
6715,0
6716,0
6717,1022
6718,1022
6719,1022
6720,1022
6721,1022
6722,1022
6723,1021
6724,1022
6725,0
6726,0
6727,0
6728,0
6729,0
6730,0
6731,0
6732,0
6733,1022
6734,1022
6735,1022
6736,1022
6737,1022
6738,1022
6739,1022
6740,1022
6741,0
6742,0
6743,0
6744,0
6745,0
6746,0
6747,0
6748,0
6749,1022
6750,1022
6751,1022
6752,1022
6753,1022
6754,1022
6755,1022
6756,1022
6757,0
6758,0
6759,0
6760,0
6761,0
6762,0
6763,0
6764,0
6765,1022
6766,1022
6767,1022
6768,1022
6769,1022
6770,1022
6771,1022
6772,1022
6773,0
6774,0
6775,0
6776,0
6777,0
6778,0
6779,0
6780,0
6781,1022
6782,1022
6783,1022
6784,1022
6785,1021
6786,1022
6787,1022
6788,0
6789,0
6790,0
6791,0
6792,0
6793,0
6794,0
6795,0
6796,1022
6797,1022
6798,1022
6799,1021
6800,1021
6801,1021
6802,1021
6803,1021
6804,0
6805,0
6806,0
6807,0
6808,0
6809,0
6810,0
6811,0
6812,1022
6813,1022
6814,1021
6815,1022
6816,1022
6817,1022
6818,1022
6819,1022
6820,0
6821,0
6822,0
6823,0
6824,0
6825,0
6826,0
6827,0
6828,1022
6829,1022
6830,1022
6831,1022
6832,1022
6833,1022
6834,1022
6835,1022
6836,0
6837,0
6838,0
6839,0
6840,0
6841,0
6842,0
6843,0
6844,1022
6845,1021
6846,1022
6847,1022
6848,1022
6849,1022
6850,1022
6851,1022
6852,0
6853,0
6854,0
6855,0
6856,0
6857,0
6858,0
6859,0
6860,1022
6861,1023
6862,1022
6863,1022
6864,1022
6865,1022
6866,1022
6867,1022
6868,0
6869,0
6870,0
6871,0
6872,0
6873,0
6874,0
6875,0
6876,1022
6877,1022
6878,1022
6879,1022
6880,1022
6881,1022
6882,1022
6883,1022
6884,0
6885,0
6886,0
6887,0
6888,0
6889,0
6890,0
6891,0
6892,1022
6893,1022
6894,1022
6895,1022
6896,1022
6897,1022
6898,1022
6899,1022
6900,0
6901,0
6902,0
6903,0
6904,0
6905,0
6906,0
6907,1022
6908,1023
6909,1022
6910,1022
6911,1022
6912,1022
6913,1021
6914,1022
6915,0
6916,0
6917,0
6918,0
6919,0
6920,0
6921,0
6922,0
6923,1022
6924,1022
6925,1021
6926,1022
6927,1022
6928,1022
6929,1022
6930,1022
6931,0
6932,0
6933,0
6934,0
6935,0
6936,0
6937,0
6938,0
6939,1022
6940,1022
6941,1022
6942,1022
6943,1022
6944,1022
6945,1022
6946,1022
6947,0
6948,0
6949,0
6950,0
6951,0
6952,0
6953,0
6954,0
6955,1022
6956,1022
6957,1022
6958,1022
6959,1022
6960,1022
6961,1022
6962,1022
6963,0
6964,0
6965,0
6966,0
6967,0
6968,0
6969,0
6970,0
6971,1022
6972,1022
6973,1022
6974,1022
6975,1022
6976,1022
6977,1022
6978,1021
6979,0
6980,0
6981,0
6982,0
6983,0
6984,0
6985,0
6986,0
6987,1022
6988,1022
6989,1022
6990,1022
6991,1022
6992,1022
6993,1022
6994,1022
6995,0
6996,0
6997,0
6998,0
6999,0
7000,0
7001,0
7002,0
7003,1022
7004,1022
7005,1022
7006,1022
7007,1022
7008,1022
7009,1022
7010,1022
7011,0
7012,0
7013,0
7014,0
7015,0
7016,0
7017,0
7018,0
7019,1022
7020,1022
7021,1022
7022,1022
7023,1022
7024,1023
7025,1021
7026,1021
7027,0
7028,0
7029,0
7030,0
7031,0
7032,0
7033,0
7034,1022
7035,1021
7036,1022
7037,1023
7038,1021
7039,1022
7040,1022
7041,1021
7042,0
7043,0
7044,0
7045,0
7046,0
7047,0
7048,0
7049,0
7050,1022
7051,1022
7052,1022
7053,1022
7054,1022
7055,1022
7056,1022
7057,1022
7058,0
7059,0
7060,0
7061,0
7062,0
7063,0
7064,0
7065,0
7066,1022
7067,1022
7068,1022
7069,1022
7070,1021
7071,1022
7072,1021
7073,1022
7074,0
7075,0
7076,0
7077,0
7078,0
7079,0
7080,0
7081,0
7082,1022
7083,1022
7084,1022
7085,1022
7086,1022
7087,1022
7088,1022
7089,1022
7090,0
7091,0
7092,0
7093,0
7094,0
7095,0
7096,0
7097,0
7098,1022
7099,1021
7100,1021
7101,1021
7102,1022
7103,1022
7104,1021
7105,1022
7106,0
7107,0
7108,0
7109,0
7110,0
7111,0
7112,0
7113,0
7114,1022
7115,1022
7116,1022
7117,1022
7118,1022
7119,1022
7120,1022
7121,1022
7122,0
7123,0
7124,0
7125,0
7126,0
7127,0
7128,0
7129,0
7130,1022
7131,1021
7132,1022
7133,1022
7134,1022
7135,1022
7136,1021
7137,1022
7138,0
7139,0
7140,0
7141,0
7142,0
7143,0
7144,0
7145,0
7146,1022
7147,1022
7148,1022
7149,1022
7150,1022
7151,1022
7152,1022
7153,1022
7154,0
7155,0
7156,0
7157,0
7158,0
7159,0
7160,0
7161,1022
7162,1022
7163,1022
7164,1022
7165,1022
7166,1022
7167,1022
7168,1022
7169,0
7170,0
7171,0
7172,0
7173,0
7174,0
7175,0
7176,0
7177,1022
7178,1022
7179,1021
7180,1022
7181,1022
7182,1022
7183,1022
7184,1021
7185,0
7186,0
7187,0
7188,0
7189,0
7190,0
7191,0
7192,0
7193,1022
7194,1022
7195,1022
7196,1021
7197,1022
7198,1022
7199,1021
7200,1022
7201,0
7202,0
7203,0
7204,0
7205,0
7206,0
7207,0
7208,0
7209,1022
7210,1022
7211,1021
7212,1022
7213,1022
7214,1022
7215,1022
7216,1022
7217,0
7218,0
7219,0
7220,0
7221,0
7222,0
7223,0
7224,0
7225,1022
7226,1022
7227,1022
7228,1022
7229,1022
7230,1022
7231,1022
7232,1022
7233,0
7234,0
7235,0
7236,0
7237,0
7238,0
7239,0
7240,0
7241,1022
7242,1022
7243,1022
7244,1021
7245,1022
7246,1022
7247,1022
7248,1021
7249,0
7250,0
7251,0
7252,0
7253,0
7254,0
7255,0
7256,0
7257,1021
7258,1022
7259,1022
7260,1021
7261,1023
7262,1022
7263,1022
7264,1022
7265,0
7266,0
7267,0
7268,0
7269,0
7270,0
7271,0
7272,0
7273,1022
7274,1022
7275,1021
7276,1022
7277,1022
7278,1022
7279,1022
7280,0
7281,0
7282,0
7283,0
7284,0
7285,0
7286,0
7287,0
7288,1022
7289,1021
7290,1022
7291,1022
7292,1022
7293,1022
7294,1022
7295,1022
7296,0
7297,0
7298,0
7299,0
7300,0
7301,0
7302,0
7303,0
7304,1021
7305,1022
7306,1022
7307,1022
7308,1022
7309,1022
7310,1022
7311,1022
7312,0
7313,0
7314,0
7315,0
7316,0
7317,0
7318,0
7319,0
7320,1022
7321,1022
7322,1021
7323,1022
7324,1022
7325,1022
7326,1021
7327,1023
7328,0
7329,0
7330,0
7331,0
7332,0
7333,0
7334,0
7335,0
7336,1023
7337,1022
7338,1021
7339,1022
7340,1022
7341,1022
7342,1022
7343,1022
7344,0
7345,0
7346,0
7347,0
7348,0
7349,0
7350,0
7351,0
7352,1022
7353,1022
7354,1022
7355,1022
7356,1022
7357,1022
7358,1022
7359,1022
7360,0
7361,0
7362,0
7363,0
7364,0
7365,0
7366,0
7367,0
7368,1022
7369,1022
7370,1022
7371,1021
7372,1022
7373,1022
7374,1022
7375,1022
7376,0
7377,0
7378,0
7379,0
7380,0
7381,0
7382,0
7383,0
7384,1022
7385,1022
7386,1022
7387,1022
7388,1022
7389,1022
7390,1022
7391,1022
7392,0
7393,0
7394,0
7395,0
7396,0
7397,0
7398,0
7399,0
7400,1022
7401,1022
7402,1022
7403,1022
7404,1021
7405,1022
7406,1021
7407,0
7408,0
7409,0
7410,0
7411,0
7412,0
7413,0
7414,0
7415,1021
7416,1022
7417,1022
7418,1022
7419,1022
7420,1022
7421,1022
7422,1022
7423,0
7424,0
7425,0
7426,0
7427,0
7428,0
7429,0
7430,0
7431,1022
7432,1021
7433,1022
7434,1022
7435,1021
7436,1022
7437,1022
7438,1021
7439,0
7440,0
7441,0
7442,0
7443,0
7444,0
7445,0
7446,0
7447,1022
7448,1022
7449,1022
7450,1022
7451,1022
7452,1022
7453,1022
7454,1022
7455,0
7456,0
7457,0
7458,0
7459,0
7460,0
7461,0
7462,0
7463,1022
7464,1022
7465,1022
7466,1022
7467,1022
7468,1022
7469,1022
7470,1022
7471,0
7472,0
7473,0
7474,0
7475,0
7476,0
7477,0
7478,0
7479,1022
7480,1021
7481,1022
7482,1021
7483,1021
7484,1021
7485,1022
7486,1022
7487,0
7488,0
7489,0
7490,0
7491,0
7492,0
7493,0
7494,0
7495,1022
7496,1022
7497,1022
7498,1022
7499,1022
7500,1022
7501,1022
7502,1022
7503,0
7504,0
7505,0
7506,0
7507,0
7508,0
7509,0
7510,0
7511,1022
7512,1021
7513,1022
7514,1022
7515,1022
7516,1022
7517,1022
7518,1022
7519,0
7520,0
7521,0
7522,0
7523,0
7524,0
7525,0
7526,1022
7527,1022
7528,1022
7529,1022
7530,1022
7531,1022
7532,1022
7533,1022
7534,0
7535,0
7536,0
7537,0
7538,0
7539,0
7540,0
7541,0
7542,1022
7543,1022
7544,1022
7545,1022
7546,1022
7547,1022
7548,1022
7549,1022
7550,0
7551,0
7552,0
7553,0
7554,0
7555,0
7556,0
7557,0
7558,1022
7559,1022
7560,1022
7561,1021
7562,1021
7563,1022
7564,1021
7565,1021
7566,0
7567,0
7568,0
7569,0
7570,0
7571,0
7572,0
7573,0
7574,1022
7575,1022
7576,1022
7577,1022
7578,1022
7579,1022
7580,1022
7581,1022
7582,0
7583,0
7584,0
7585,0
7586,0
7587,0
7588,0
7589,0
7590,1021
7591,1022
7592,1021
7593,1022
7594,1022
7595,1022
7596,1022
7597,1022
7598,0
7599,0
7600,0
7601,0
7602,0
7603,0
7604,0
7605,0
7606,1022
7607,1022
7608,1022
7609,1021
7610,1022
7611,1022
7612,1022
7613,1022
7614,0
7615,0
7616,0
7617,0
7618,0
7619,0
7620,0
7621,0
7622,1022
7623,1021
7624,1022
7625,1022
7626,1022
7627,1022
7628,1022
7629,1020
7630,0
7631,0
7632,0
7633,0
7634,0
7635,0
7636,0
7637,0
7638,1021
7639,1022
7640,1022
7641,1022
7642,1021
7643,1022
7644,1023
7645,1022
7646,0
7647,0
7648,0
7649,0
7650,0
7651,0
7652,0
7653,1022
7654,1022
7655,1022
7656,1022
7657,1022
7658,1022
7659,1022
7660,1022
7661,0
7662,0
7663,0
7664,0
7665,0
7666,0
7667,0
7668,0
7669,1022
7670,1022
7671,1022
7672,1022
7673,1022
7674,1021
7675,1022
7676,1022
7677,0
7678,0
7679,0
7680,0
7681,0
7682,0
7683,0
7684,0
7685,1022
7686,1022
7687,1022
7688,1022
7689,1022
7690,1022
7691,1022
7692,1022
7693,0
7694,0
7695,0
7696,0
7697,0
7698,0
7699,0
7700,0
7701,1022
7702,1022
7703,1022
7704,1022
7705,1021
7706,1022
7707,1022
7708,1021
7709,0
7710,0
7711,0
7712,0
7713,0
7714,0
7715,0
7716,0
7717,1021
7718,1022
7719,1022
7720,1021
7721,1022
7722,1022
7723,1022
7724,1022
7725,0
7726,0
7727,0
7728,0
7729,0
7730,0
7731,0
7732,0
7733,1022
7734,1023
7735,1021
7736,1022
7737,1022
7738,1022
7739,1022
7740,1022
7741,0
7742,0
7743,0
7744,0
7745,0
7746,0
7747,0
7748,0
7749,1022
7750,1022
7751,1022
7752,1022
7753,1022
7754,1021
7755,1022
7756,1022
7757,0
7758,0
7759,0
7760,0
7761,0
7762,0
7763,0
7764,0
7765,1022
7766,1022
7767,1022
7768,1022
7769,1022
7770,1022
7771,1022
7772,1022
7773,0
7774,0
7775,0
7776,0
7777,0
7778,0
7779,0
7780,1022
7781,1022
7782,1022
7783,1022
7784,1022
7785,1022
7786,1021
7787,1022
7788,0
7789,0
7790,0
7791,0
7792,0
7793,0
7794,0
7795,0
7796,1022
7797,1022
7798,1021
7799,1022
7800,1022
7801,1022
7802,1022
7803,1022
7804,0
7805,0
7806,0
7807,0
7808,0
7809,0
7810,0
7811,0
7812,1022
7813,1021
7814,1022
7815,1022
7816,1022
7817,1022
7818,1022
7819,1022
7820,0
7821,0
7822,0
7823,0
7824,0
7825,0
7826,0
7827,0
7828,1022
7829,1022
7830,1022
7831,1022
7832,1022
7833,1022
7834,1022
7835,1022
7836,0
7837,0
7838,0
7839,0
7840,0
7841,0
7842,0
7843,0
7844,1022
7845,1022
7846,1021
7847,1022
7848,1021
7849,1022
7850,1022
7851,1022
7852,0
7853,0
7854,0
7855,0
7856,0
7857,0
7858,0
7859,0
7860,1022
7861,1021
7862,1022
7863,1022
7864,1021
7865,1021
7866,1022
7867,1022
7868,0
7869,0
7870,0
7871,0
7872,0
7873,0
7874,0
7875,0
7876,1022
7877,1022
7878,1022
7879,1022
7880,1022
7881,1022
7882,1022
7883,1021
7884,0
7885,0
7886,0
7887,0
7888,0
7889,0
7890,0
7891,0
7892,1021
7893,1023
7894,1022
7895,1021
7896,1022
7897,1022
7898,1022
7899,0
7900,0
7901,0
7902,0
7903,0
7904,0
7905,0
7906,0
7907,1021
7908,1022
7909,1022
7910,1022
7911,1022
7912,1022
7913,1022
7914,1022
7915,0
7916,0
7917,0
7918,0
7919,0
7920,0
7921,0
7922,0
7923,1022
7924,1022
7925,1022
7926,1022
7927,1022
7928,1021
7929,1022
7930,1022
7931,0
7932,0
7933,0
7934,0
7935,0
7936,0
7937,0
7938,0
7939,1021
7940,1022
7941,1021
7942,1021
7943,1022
7944,1021
7945,1022
7946,1022
7947,0
7948,0
7949,0
7950,0
7951,0
7952,0
7953,0
7954,0
7955,1022
7956,1022
7957,1021
7958,1022
7959,1022
7960,1022
7961,1022
7962,1022
7963,0
7964,0
7965,0
7966,0
7967,0
7968,0
7969,0
7970,0
7971,1022
7972,1022
7973,1022
7974,1022
7975,1022
7976,1022
7977,1022
7978,1022
7979,0
7980,0
7981,0
7982,0
7983,0
7984,0
7985,0
7986,0
7987,1022
7988,1022
7989,1022
7990,1022
7991,1022
7992,1022
7993,1022
7994,1022
7995,0
7996,0
7997,0
7998,0
7999,0
8000,0
8001,0
8002,0
8003,1022
8004,1022
8005,1022
8006,1022
8007,1022
8008,1022
8009,1023
8010,1022
8011,0
8012,0
8013,0
8014,0
8015,0
8016,0
8017,0
8018,0
8019,1022
8020,1022
8021,1022
8022,1021
8023,1022
8024,1021
8025,1022
8026,0
8027,0
8028,0
8029,0
8030,0
8031,0
8032,0
8033,0
8034,1022
8035,1022
8036,1022
8037,1022
8038,1022
8039,1022
8040,1021
8041,1022
8042,0
8043,0
8044,0
8045,0
8046,0
8047,0
8048,0
8049,0
8050,1022
8051,1022
8052,1022
8053,1022
8054,1022
8055,1021
8056,1022
8057,1022
8058,0
8059,0
8060,0
8061,0
8062,0
8063,0
8064,0
8065,0
8066,1022
8067,1022
8068,1022
8069,1022
8070,1022
8071,1022
8072,1022
8073,1022
8074,0
8075,0
8076,0
8077,0
8078,0
8079,0
8080,0
8081,0
8082,1022
8083,1022
8084,1022
8085,1022
8086,1022
8087,1022
8088,1022
8089,1022
8090,0
8091,0
8092,0
8093,0
8094,0
8095,0
8096,0
8097,0
8098,1021
8099,1021
8100,1021
8101,1022
8102,1022
8103,1022
8104,1022
8105,1022
8106,0
8107,0
8108,0
8109,0
8110,0
8111,0
8112,0
8113,0
8114,1022
8115,1021
8116,1022
8117,1021
8118,1022
8119,1021
8120,1022
8121,1022
8122,0
8123,0
8124,0
8125,0
8126,0
8127,0
8128,0
8129,0
8130,1022
8131,1022
8132,1022
8133,1022
8134,1022
8135,1022
8136,1022
8137,1022
8138,0
8139,0
8140,0
8141,0
8142,0
8143,0
8144,0
8145,0
8146,1022
8147,1022
8148,1022
8149,1022
8150,1022
8151,1022
8152,1022
8153,0
8154,0
8155,0
8156,0
8157,0
8158,0
8159,0
8160,0
8161,1022
8162,1022
8163,1022
8164,1022
8165,1022
8166,1022
8167,1022
8168,1022
8169,0
8170,0
8171,0
8172,0
8173,0
8174,0
8175,0
8176,0
8177,1022
8178,1022
8179,1022
8180,1022
8181,1022
8182,1022
8183,1022
8184,1022
8185,0
8186,0
8187,0
8188,0
8189,0
8190,0
8191,0
8192,0
8193,1021
8194,1022
8195,1021
8196,1022
8197,1021
8198,1022
8199,1022
8200,1022
8201,0
8202,0
8203,0
8204,0
8205,0
8206,0
8207,0
8208,0
8209,1022
8210,1022
8211,1022
8212,1022
8213,1022
8214,1022
8215,1022
8216,1022
8217,0
8218,0
8219,0
8220,0
8221,0
8222,0
8223,0
8224,0
8225,1022
8226,1022
8227,1022
8228,1022
8229,1022
8230,1022
8231,1022
8232,1022
8233,0
8234,0
8235,0
8236,0
8237,0
8238,0
8239,0
8240,0
8241,1022
8242,1022
8243,1022
8244,1021
8245,1022
8246,1022
8247,1021
8248,1022
8249,0
8250,0
8251,0
8252,0
8253,0
8254,0
8255,0
8256,0
8257,1022
8258,1022
8259,1022
8260,1022
8261,1022
8262,1022
8263,1022
8264,1020
8265,0
8266,0
8267,0
8268,0
8269,0
8270,0
8271,0
8272,1022
8273,1021
8274,1022
8275,1021
8276,1021
8277,1022
8278,1022
8279,1022
8280,0
8281,0
8282,0
8283,0
8284,0
8285,0
8286,0
8287,0
8288,1022
8289,1022
8290,1022
8291,1022
8292,1022
8293,1022
8294,1022
8295,1022
8296,0
8297,0
8298,0
8299,0
8300,0
8301,0
8302,0
8303,0
8304,1022
8305,1022
8306,1022
8307,1022
8308,1022
8309,1022
8310,1022
8311,1022
8312,0
8313,0
8314,0
8315,0
8316,0
8317,0
8318,0
8319,0
8320,1022
8321,1022
8322,1021
8323,1022
8324,1021
8325,1022
8326,1021
8327,1022
8328,0
8329,0
8330,0
8331,0
8332,0
8333,0
8334,0
8335,0
8336,1022
8337,1022
8338,1022
8339,1022
8340,1022
8341,1021
8342,1022
8343,1022
8344,0
8345,0
8346,0
8347,0
8348,0
8349,0
8350,0
8351,0
8352,1022
8353,1022
8354,1022
8355,1022
8356,1022
8357,1022
8358,1022
8359,1022
8360,0
8361,0
8362,0
8363,0
8364,0
8365,0
8366,0
8367,0
8368,1022
8369,1022
8370,1022
8371,1022
8372,1022
8373,1022
8374,1022
8375,1022
8376,0
8377,0
8378,0
8379,0
8380,0
8381,0
8382,0
8383,0
8384,1022
8385,1022
8386,1022
8387,1021
8388,1022
8389,1022
8390,1022
8391,1022
8392,0
8393,0
8394,0
8395,0
8396,0
8397,0
8398,0
8399,1021
8400,1021
8401,1022
8402,1021
8403,1021
8404,1021
8405,1022
8406,1022
8407,0
8408,0
8409,0
8410,0
8411,0
8412,0
8413,0
8414,0
8415,1022
8416,1022
8417,1022
8418,1022
8419,1022
8420,1022
8421,1022
8422,1022
8423,0
8424,0
8425,0
8426,0
8427,0
8428,0
8429,0
8430,0
8431,1022
8432,1022
8433,1022
8434,1022
8435,1022
8436,1022
8437,1022
8438,1022
8439,0
8440,0
8441,0
8442,0
8443,0
8444,0
8445,0
8446,0
8447,1022
8448,1022
8449,1022
8450,1022
8451,1022
8452,1022
8453,1022
8454,1022
8455,0
8456,0
8457,0
8458,0
8459,0
8460,0
8461,0
8462,0
8463,1022
8464,1022
8465,1022
8466,1022
8467,1022
8468,1022
8469,1022
8470,1022
8471,0
8472,0
8473,0
8474,0
8475,0
8476,0
8477,0
8478,0
8479,1022
8480,1022
8481,1021
8482,1021
8483,1022
8484,1022
8485,1022
8486,1022
8487,0
8488,0
8489,0
8490,0
8491,0
8492,0
8493,0
8494,0
8495,1022
8496,1022
8497,1022
8498,1022
8499,1022
8500,1022
8501,1022
8502,1022
8503,0
8504,0
8505,0
8506,0
8507,0
8508,0
8509,0
8510,0
8511,1022
8512,1022
8513,1022
8514,1022
8515,1022
8516,1022
8517,1022
8518,0
8519,0
8520,0
8521,0
8522,0
8523,0
8524,0
8525,0
8526,1023
8527,1022
8528,1022
8529,1022
8530,1022
8531,1022
8532,1022
8533,1022
8534,0
8535,0
8536,0
8537,0
8538,0
8539,0
8540,0
8541,0
8542,1022
8543,1021
8544,1021
8545,1022
8546,1022
8547,1022
8548,1022
8549,1022
8550,0
8551,0
8552,0
8553,0
8554,0
8555,0
8556,0
8557,0
8558,1022
8559,1022
8560,1022
8561,1022
8562,1021
8563,1023
8564,1022
8565,1022
8566,0
8567,0
8568,0
8569,0
8570,0
8571,0
8572,0
8573,0
8574,1022
8575,1022
8576,1022
8577,1022
8578,1021
8579,1022
8580,1022
8581,1022
8582,0
8583,0
8584,0
8585,0
8586,0
8587,0
8588,0
8589,0
8590,1022
8591,1022
8592,1022
8593,1022
8594,1022
8595,1022
8596,1022
8597,1022
8598,0
8599,0
8600,0
8601,0
8602,0
8603,0
8604,0
8605,0
8606,1022
8607,1022
8608,1022
8609,1022
8610,1022
8611,1022
8612,1022
8613,1022
8614,0
8615,0
8616,0
8617,0
8618,0
8619,0
8620,0
8621,0
8622,1022
8623,1022
8624,1022
8625,1022
8626,1021
8627,1022
8628,1021
8629,1021
8630,0
8631,0
8632,0
8633,0
8634,0
8635,0
8636,0
8637,0
8638,1022
8639,1022
8640,1022
8641,1022
8642,1022
8643,1022
8644,1022
8645,0
8646,0
8647,0
8648,0
8649,0
8650,0
8651,0
8652,0
8653,1022
8654,1022
8655,1022
8656,1022
8657,1022
8658,1022
8659,1022
8660,1022
8661,0
8662,0
8663,0
8664,0
8665,0
8666,0
8667,0
8668,0
8669,1022
8670,1022
8671,1022
8672,1022
8673,1022
8674,1021
8675,1021
8676,1022
8677,0
8678,0
8679,0
8680,0
8681,0
8682,0
8683,0
8684,0
8685,1022
8686,1022
8687,1022
8688,1022
8689,1022
8690,1022
8691,1022
8692,1022
8693,0
8694,0
8695,0
8696,0
8697,0
8698,0
8699,0
8700,0
8701,1022
8702,1022
8703,1021
8704,1022
8705,1022
8706,1022
8707,1021
8708,1022
8709,0
8710,0
8711,0
8712,0
8713,0
8714,0
8715,0
8716,0
8717,1022
8718,1022
8719,1022
8720,1022
8721,1022
8722,1022
8723,1022
8724,1022
8725,0
8726,0
8727,0
8728,0
8729,0
8730,0
8731,0
8732,0
8733,1022
8734,1022
8735,1022
8736,1022
8737,1022
8738,1022
8739,1022
8740,1022
8741,0
8742,0
8743,0
8744,0
8745,0
8746,0
8747,0
8748,0
8749,1022
8750,1022
8751,1022
8752,1022
8753,1022
8754,1022
8755,1022
8756,1022
8757,0
8758,0
8759,0
8760,0
8761,0
8762,0
8763,0
8764,0
8765,1022
8766,1022
8767,1022
8768,1022
8769,1022
8770,1022
8771,1022
8772,0
8773,0
8774,0
8775,0
8776,0
8777,0
8778,0
8779,0
8780,1023
8781,1021
8782,1021
8783,1021
8784,1021
8785,1021
8786,1021
8787,1021
8788,0
8789,0
8790,0
8791,0
8792,0
8793,0
8794,0
8795,0
8796,1022
8797,1022
8798,1022
8799,1022
8800,1022
8801,1022
8802,1022
8803,1022
8804,0
8805,0
8806,0
8807,0
8808,0
8809,0
8810,0
8811,0
8812,1022
8813,1021
8814,1022
8815,1022
8816,1022
8817,1022
8818,1022
8819,1022
8820,0
8821,0
8822,0
8823,0
8824,0
8825,0
8826,0
8827,0
8828,1022
8829,1022
8830,1022
8831,1022
8832,1021
8833,1022
8834,1022
8835,1022
8836,0
8837,0
8838,0
8839,0
8840,0
8841,0
8842,0
8843,0
8844,1022
8845,1022
8846,1022
8847,1022
8848,1022
8849,1022
8850,1022
8851,1022
8852,0
8853,0
8854,0
8855,0
8856,0
8857,0
8858,0
8859,0
8860,1021
8861,1021
8862,1022
8863,1021
8864,1022
8865,1022
8866,1022
8867,1022
8868,0
8869,0
8870,0
8871,0
8872,0
8873,0
8874,0
8875,0
8876,1022
8877,1022
8878,1022
8879,1022
8880,1022
8881,1021
8882,1021
8883,1021
8884,0
8885,0
8886,0
8887,0
8888,0
8889,0
8890,0
8891,1022
8892,1022
8893,1022
8894,1022
8895,1022
8896,1022
8897,1022
8898,1022
8899,0
8900,0
8901,0
8902,0
8903,0
8904,0
8905,0
8906,0
8907,1022
8908,1022
8909,1022
8910,1022
8911,1022
8912,1022
8913,1022
8914,1022
8915,0
8916,0
8917,0
8918,0
8919,0
8920,0
8921,0
8922,0
8923,1022
8924,1022
8925,1022
8926,1022
8927,1022
8928,1022
8929,1022
8930,1022
8931,0
8932,0
8933,0
8934,0
8935,0
8936,0
8937,0
8938,0
8939,1021
8940,1023
8941,1022
8942,1022
8943,1022
8944,1022
8945,1021
8946,1022
8947,0
8948,0
8949,0
8950,0
8951,0
8952,0
8953,0
8954,0
8955,1022
8956,1022
8957,1022
8958,1022
8959,1022
8960,1022
8961,1021
8962,1022
8963,0
8964,0
8965,0
8966,0
8967,0
8968,0
8969,0
8970,0
8971,1022
8972,1022
8973,1022
8974,1022
8975,1022
8976,1021
8977,1022
8978,1022
8979,0
8980,0
8981,0
8982,0
8983,0
8984,0
8985,0
8986,0
8987,1022
8988,1022
8989,1022
8990,1022
8991,1022
8992,1022
8993,1022
8994,1022
8995,0
8996,0
8997,0
8998,0
8999,0
9000,0
9001,0
9002,0
9003,1022
9004,1022
9005,1022
9006,1022
9007,1022
9008,1022
9009,1022
9010,1022
9011,0
9012,0
9013,0
9014,0
9015,0
9016,0
9017,0
9018,1022
9019,1022
9020,1022
9021,1022
9022,1022
9023,1022
9024,1022
9025,1022
9026,0
9027,0
9028,0
9029,0
9030,0
9031,0
9032,0
9033,0
9034,1023
9035,1022
9036,1022
9037,1023
9038,1022
9039,1022
9040,1022
9041,1022
9042,0
9043,0
9044,0
9045,0
9046,0
9047,0
9048,0
9049,0
9050,1022
9051,1022
9052,1022
9053,1022
9054,1022
9055,1022
9056,1022
9057,1022
9058,0
9059,0
9060,0
9061,0
9062,0
9063,0
9064,0
9065,0
9066,1022
9067,1022
9068,1022
9069,1022
9070,1022
9071,1022
9072,1022
9073,1022
9074,0
9075,0
9076,0
9077,0
9078,0
9079,0
9080,0
9081,0
9082,1022
9083,1022
9084,1022
9085,1022
9086,1022
9087,1022
9088,1022
9089,1021
9090,0
9091,0
9092,0
9093,0
9094,0
9095,0
9096,0
9097,0
9098,1022
9099,1022
9100,1022
9101,1022
9102,1022
9103,1022
9104,1022
9105,1022
9106,0
9107,0
9108,0
9109,0
9110,0
9111,0
9112,0
9113,0
9114,1022
9115,1022
9116,1022
9117,1021
9118,1022
9119,1022
9120,1022
9121,1022
9122,0
9123,0
9124,0
9125,0
9126,0
9127,0
9128,0
9129,0
9130,1022
9131,1022
9132,1022
9133,1022
9134,1022
9135,1022
9136,1022
9137,1022
9138,0
9139,0
9140,0
9141,0
9142,0
9143,0
9144,0
9145,1021
9146,1022
9147,1022
9148,1022
9149,1022
9150,1021
9151,1022
9152,1022
9153,0
9154,0
9155,0
9156,0
9157,0
9158,0
9159,0
9160,0
9161,1022
9162,1022
9163,1021
9164,1021
9165,1022
9166,1022
9167,1022
9168,1022
9169,0
9170,0
9171,0
9172,0
9173,0
9174,0
9175,0
9176,0
9177,1022
9178,1022
9179,1022
9180,1022
9181,1022
9182,1022
9183,1022
9184,1022
9185,0
9186,0
9187,0
9188,0
9189,0
9190,0
9191,0
9192,0
9193,1022
9194,1022
9195,1022
9196,1022
9197,1022
9198,1022
9199,1022
9200,1022
9201,0
9202,0
9203,0
9204,0
9205,0
9206,0
9207,0
9208,0
9209,1022
9210,1022
9211,1022
9212,1022
9213,1022
9214,1022
9215,1022
9216,1022
9217,0
9218,0
9219,0
9220,0
9221,0
9222,0
9223,0
9224,0
9225,1022
9226,1021
9227,1022
9228,1022
9229,1022
9230,1022
9231,1022
9232,1023
9233,0
9234,0
9235,0
9236,0
9237,0
9238,0
9239,0
9240,0
9241,1021
9242,1021
9243,1022
9244,1022
9245,1022
9246,1022
9247,1022
9248,1022
9249,0
9250,0
9251,0
9252,0
9253,0
9254,0
9255,0
9256,0
9257,1022
9258,1022
9259,1022
9260,1022
9261,1021
9262,1022
9263,1022
9264,0
9265,0
9266,0
9267,0
9268,0
9269,0
9270,0
9271,0
9272,1022
9273,1022
9274,1022
9275,1022
9276,1022
9277,1022
9278,1022
9279,1022
9280,0
9281,0
9282,0
9283,0
9284,0
9285,0
9286,0
9287,0
9288,1022
9289,1022
9290,1022
9291,1022
9292,1022
9293,1022
9294,1022
9295,1021
9296,0
9297,0
9298,0
9299,0
9300,0
9301,0
9302,0
9303,0
9304,1021
9305,1022
9306,1022
9307,1022
9308,1022
9309,1022
9310,1021
9311,1022
9312,0
9313,0
9314,0
9315,0
9316,0
9317,0
9318,0
9319,0
9320,1022
9321,1022
9322,1022
9323,1022
9324,1021
9325,1022
9326,1022
9327,1022
9328,0
9329,0
9330,0
9331,0
9332,0
9333,0
9334,0
9335,0
9336,1022
9337,1022
9338,1021
9339,1022
9340,1022
9341,1022
9342,1022
9343,1022
9344,0
9345,0
9346,0
9347,0
9348,0
9349,0
9350,0
9351,0
9352,1021
9353,1022
9354,1022
9355,1022
9356,1022
9357,1022
9358,1022
9359,1022
9360,0
9361,0
9362,0
9363,0
9364,0
9365,0
9366,0
9367,0
9368,1022
9369,1022
9370,1022
9371,1022
9372,1022
9373,1022
9374,1022
9375,1022
9376,0
9377,0
9378,0
9379,0
9380,0
9381,0
9382,0
9383,0
9384,1022
9385,1022
9386,1022
9387,1022
9388,1022
9389,1022
9390,1022
9391,0
9392,0
9393,0
9394,0
9395,0
9396,0
9397,0
9398,0
9399,1022
9400,1022
9401,1021
9402,1021
9403,1022
9404,1022
9405,1022
9406,1022
9407,0
9408,0
9409,0
9410,0
9411,0
9412,0
9413,0
9414,0
9415,1022
9416,1022
9417,1022
9418,1022
9419,1022
9420,1022
9421,1022
9422,1022
9423,0
9424,0
9425,0
9426,0
9427,0
9428,0
9429,0
9430,0
9431,1022
9432,1022
9433,1022
9434,1022
9435,1022
9436,1022
9437,1022
9438,1022
9439,0
9440,0
9441,0
9442,0
9443,0
9444,0
9445,0
9446,0
9447,1022
9448,1022
9449,1022
9450,1022
9451,1022
9452,1023
9453,1022
9454,1022
9455,0
9456,0
9457,0
9458,0
9459,0
9460,0
9461,0
9462,0
9463,1022
9464,1022
9465,1022
9466,1022
9467,1022
9468,1022
9469,1022
9470,1022
9471,0
9472,0
9473,0
9474,0
9475,0
9476,0
9477,0
9478,0
9479,1022
9480,1022
9481,1022
9482,1022
9483,1022
9484,1022
9485,1022
9486,1021
9487,0
9488,0
9489,0
9490,0
9491,0
9492,0
9493,0
9494,0
9495,1022
9496,1022
9497,1022
9498,1022
9499,1021
9500,1022
9501,1022
9502,1022
9503,0
9504,0
9505,0
9506,0
9507,0
9508,0
9509,0
9510,1021
9511,1022
9512,1022
9513,1022
9514,1022
9515,1021
9516,1022
9517,1022
9518,0
9519,0
9520,0
9521,0
9522,0
9523,0
9524,0
9525,0
9526,1022
9527,1022
9528,1022
9529,1022
9530,1022
9531,1022
9532,1022
9533,1021
9534,0
9535,0
9536,0
9537,0
9538,0
9539,0
9540,0
9541,0
9542,1022
9543,1022
9544,1022
9545,1022
9546,1022
9547,1022
9548,1022
9549,1022
9550,0
9551,0
9552,0
9553,0
9554,0
9555,0
9556,0
9557,0
9558,1022
9559,1022
9560,1021
9561,1022
9562,1021
9563,1021
9564,1022
9565,1022
9566,0
9567,0
9568,0
9569,0
9570,0
9571,0
9572,0
9573,0
9574,1022
9575,1021
9576,1022
9577,1022
9578,1022
9579,1022
9580,1022
9581,1022
9582,0
9583,0
9584,0
9585,0
9586,0
9587,0
9588,0
9589,0
9590,1022
9591,1022
9592,1022
9593,1022
9594,1022
9595,1022
9596,1021
9597,1022
9598,0
9599,0
9600,0
9601,0
9602,0
9603,0
9604,0
9605,0
9606,1022
9607,1022
9608,1022
9609,1022
9610,1022
9611,1021
9612,1022
9613,1021
9614,0
9615,0
9616,0
9617,0
9618,0
9619,0
9620,0
9621,0
9622,1022
9623,1022
9624,1022
9625,1022
9626,1022
9627,1022
9628,1022
9629,1021
9630,0
9631,0
9632,0
9633,0
9634,0
9635,0
9636,0
9637,1020
9638,1022
9639,1022
9640,1021
9641,1022
9642,1022
9643,1021
9644,1022
9645,0
9646,0
9647,0
9648,0
9649,0
9650,0
9651,0
9652,0
9653,1022
9654,1022
9655,1022
9656,1022
9657,1022
9658,1022
9659,1022
9660,1022
9661,0
9662,0
9663,0
9664,0
9665,0
9666,0
9667,0
9668,0
9669,1022
9670,1022
9671,1022
9672,1022
9673,1023
9674,1022
9675,1022
9676,1022
9677,0
9678,0
9679,0
9680,0
9681,0
9682,0
9683,0
9684,0
9685,1022
9686,1022
9687,1022
9688,1022
9689,1023
9690,1022
9691,1022
9692,1022
9693,0
9694,0
9695,0
9696,0
9697,0
9698,0
9699,0
9700,0
9701,1022
9702,1022
9703,1021
9704,1022
9705,1022
9706,1022
9707,1022
9708,1022
9709,0
9710,0
9711,0
9712,0
9713,0
9714,0
9715,0
9716,0
9717,1022
9718,1022
9719,1022
9720,1022
9721,1022
9722,1022
9723,1022
9724,1022
9725,0
9726,0
9727,0
9728,0
9729,0
9730,0
9731,0
9732,0
9733,1021
9734,1022
9735,1022
9736,1022
9737,1022
9738,1022
9739,1022
9740,1022
9741,0
9742,0
9743,0
9744,0
9745,0
9746,0
9747,0
9748,0
9749,1022
9750,1022
9751,1022
9752,1022
9753,1022
9754,1022
9755,1022
9756,1022
9757,0
9758,0
9759,0
9760,0
9761,0
9762,0
9763,0
9764,1022
9765,1022
9766,1022
9767,1023
9768,1022
9769,1022
9770,1022
9771,1022
9772,0
9773,0
9774,0
9775,0
9776,0
9777,0
9778,0
9779,0
9780,1022
9781,1021
9782,1021
9783,1022
9784,1021
9785,1022
9786,1021
9787,1021
9788,0
9789,0
9790,0
9791,0
9792,0
9793,0
9794,0
9795,0
9796,1022
9797,1022
9798,1022
9799,1022
9800,1022
9801,1022
9802,1022
9803,1022
9804,0
9805,0
9806,0
9807,0
9808,0
9809,0
9810,0
9811,0
9812,1022
9813,1022
9814,1022
9815,1022
9816,1022
9817,1022
9818,1022
9819,1022
9820,0
9821,0
9822,0
9823,0
9824,0
9825,0
9826,0
9827,0
9828,1022
9829,1022
9830,1022
9831,1022
9832,1022
9833,1022
9834,1022
9835,1021
9836,0
9837,0
9838,0
9839,0
9840,0
9841,0
9842,0
9843,0
9844,1022
9845,1023
9846,1022
9847,1022
9848,1023
9849,1022
9850,1022
9851,1022
9852,0
9853,0
9854,0
9855,0
9856,0
9857,0
9858,0
9859,0
9860,1021
9861,1022
9862,1022
9863,1021
9864,1022
9865,1022
9866,1022
9867,1022
9868,0
9869,0
9870,0
9871,0
9872,0
9873,0
9874,0
9875,0
9876,1022
9877,1021
9878,1021
9879,1022
9880,1022
9881,1022
9882,1022
9883,0
9884,0
9885,0
9886,0
9887,0
9888,0
9889,0
9890,0
9891,1022
9892,1022
9893,1021
9894,1022
9895,1022
9896,1021
9897,1022
9898,1022
9899,0
9900,0
9901,0
9902,0
9903,0
9904,0
9905,0
9906,0
9907,1022
9908,1022
9909,1022
9910,1022
9911,1022
9912,1022
9913,1022
9914,1022
9915,0
9916,0
9917,0
9918,0
9919,0
9920,0
9921,0
9922,0
9923,1022
9924,1022
9925,1022
9926,1022
9927,1022
9928,1022
9929,1022
9930,1022
9931,0
9932,0
9933,0
9934,0
9935,0
9936,0
9937,0
9938,0
9939,1022
9940,1022
9941,1021
9942,1022
9943,1022
9944,1022
9945,1022
9946,1022
9947,0
9948,0
9949,0
9950,0
9951,0
9952,0
9953,0
9954,0
9955,1022
9956,1022
9957,1022
9958,1022
9959,1022
9960,1023
9961,1022
9962,1022
9963,0
9964,0
9965,0
9966,0
9967,0
9968,0
9969,0
9970,0
9971,1022
9972,1022
9973,1022
9974,1022
9975,1022
9976,1021
9977,1022
9978,1022
9979,0
9980,0
9981,0
9982,0
9983,0
9984,0
9985,0
9986,0
9987,1022
9988,1022
9989,1022
9990,1022
9991,1022
9992,1022
9993,1022
9994,1022
9995,0
9996,0
9997,0
9998,0
9999,0
10000,0
