1,1022
2,1021
3,0
4,1022
5,0
6,0
7,1022
8,0
9,0
10,1022
11,0
12,0
13,1022
14,0
15,1022
16,1022
17,0
18,1022
19,1022
20,0
21,1022
22,1022
23,0
24,1022
25,0
26,0
27,1022
28,0
29,0
30,1022
31,0
32,0
33,1022
34,0
35,0
36,1022
37,0
38,1022
39,1021
40,0
41,1022
42,1022
43,0
44,1022
45,1021
46,0
47,1022
48,0
49,0
50,1022
51,0
52,0
53,1022
54,0
55,0
56,1022
57,0
58,1022
59,1022
60,0
61,1022
62,1022
63,0
64,1022
65,1022
66,0
67,1021
68,0
69,0
70,1022
71,0
72,0
73,1021
74,0
75,0
76,1022
77,0
78,55
79,1022
80,0
81,1022
82,1022
83,0
84,1022
85,1022
86,0
87,1022
88,1022
89,0
90,1021
91,0
92,0
93,1022
94,0
95,0
96,1022
97,0
98,0
99,1021
100,0
101,1022
102,1022
103,0
104,1022
105,1022
106,0
107,1022
108,1022
109,0
110,1022
111,0
112,0
113,1022
114,0
115,0
116,1022
117,0
118,0
119,1022
120,0
121,1022
122,1022
123,0
124,1022
125,1022
126,0
127,1022
128,1022
129,0
130,1022
131,1022
132,0
133,1022
134,0
135,0
136,1022
137,0
138,0
139,1022
140,0
141,0
142,1022
143,0
144,1022
145,1021
146,0
147,1021
148,1022
149,0
150,1022
151,1022
152,0
153,1022
154,0
155,0
156,1022
157,0
158,0
159,1022
160,0
161,0
162,1022
163,0
164,1021
165,1022
166,0
167,1022
168,1022
169,0
170,1022
171,1021
172,0
173,1022
174,1021
175,0
176,1022
177,0
178,0
179,1022
180,0
181,0
182,1022
183,0
184,0
185,1022
186,0
187,1022
188,1022
189,0
190,1022
191,1022
192,0
193,1022
194,1022
195,0
196,1022
197,0
198,0
199,1022
200,0
201,0
202,1022
203,0
204,0
205,1022
206,0
207,1022
208,1022
209,0
210,1022
211,1022
212,0
213,1022
214,1022
215,0
216,1022
217,0
218,0
219,1021
220,0
221,0
222,1021
223,0
224,0
225,1022
226,0
227,0
228,1022
229,0
230,1022
231,1022
232,0
233,1022
234,1022
235,0
236,1022
237,1022
238,0
239,1022
240,0
241,0
242,1022
243,0
244,0
245,1021
246,0
247,0
248,1022
249,0
250,1022
251,1022
252,0
253,1022
254,1022
255,0
256,1022
257,1022
258,0
259,1022
260,0
261,0
262,1022
263,0
264,0
265,1022
266,0
267,0
268,1022
269,0
270,0
271,1022
272,0
273,1022
274,1022
275,0
276,1022
277,1022
278,0
279,1022
280,1022
281,0
282,1022
283,0
284,0
285,1022
286,0
287,0
288,1022
289,0
290,0
291,1022
292,0
293,1022
294,1022
295,0
296,1022
297,1022
298,0
299,1022
300,1022
301,0
302,1022
303,0
304,0
305,1022
306,0
307,0
308,1022
309,0
310,0
311,1022
312,0
313,56
314,1022
315,0
316,1022
317,1022
318,0
319,1021
320,1022
321,0
322,1022
323,1022
324,0
325,1022
326,0
327,0
328,1022
329,0
330,0
331,1022
332,0
333,0
334,1022
335,0
336,1022
337,1022
338,0
339,1022
340,1022
341,0
342,1022
343,1022
344,0
345,1022
346,0
347,0
348,1022
349,0
350,0
351,1022
352,0
353,0
354,1022
355,0
356,1022
357,1022
358,0
359,1022
360,1022
361,0
362,1022
363,1022
364,0
365,1022
366,1006
367,0
368,1022
369,0
370,0
371,1022
372,0
373,0
374,1022
375,0
376,0
377,1022
378,0
379,1021
380,1022
381,0
382,1022
383,1021
384,0
385,1022
386,1022
387,0
388,1022
389,0
390,0
391,1022
392,0
393,0
394,1022
395,0
396,0
397,1022
398,0
399,1022
400,1022
401,0
402,1022
403,1021
404,0
405,1022
406,1022
407,0
408,1022
409,0
410,0
411,1022
412,0
413,0
414,1022
415,0
416,0
417,1022
418,0
419,0
420,1022
421,0
422,1021
423,1022
424,0
425,1022
426,1022
427,0
428,1021
429,1022
430,0
431,1022
432,0
433,0
434,1022
435,0
436,0
437,1022
438,0
439,0
440,1022
441,0
442,1022
443,1022
444,0
445,1022
446,1022
447,0
448,1022
449,1022
450,0
451,1022
452,0
453,0
454,1022
455,0
456,0
457,1022
458,0
459,0
460,1022
461,0
462,81
463,1022
464,0
465,1022
466,1022
467,0
468,1022
469,1022
470,0
471,1022
472,1021
473,0
474,1021
475,0
476,0
477,1022
478,0
479,0
480,1021
481,0
482,0
483,1022
484,0
485,1022
486,1022
487,0
488,1021
489,1021
490,0
491,1022
492,1022
493,0
494,1022
495,0
496,0
497,1022
498,0
499,0
500,1022
501,0
502,0
503,1022
504,0
505,1022
506,1022
507,0
508,1022
509,1022
510,0
511,1022
512,1021
513,0
514,1022
515,1022
516,0
517,1022
518,0
519,0
520,1022
521,0
522,0
523,1022
524,0
525,0
526,1022
527,0
528,1022
529,1022
530,0
531,1022
532,1022
533,0
534,1022
535,1022
536,0
537,1022
538,0
539,0
540,1022
541,0
542,0
543,1021
544,0
545,0
546,1022
547,0
548,1022
549,1022
550,0
551,1022
552,1022
553,0
554,1022
555,1021
556,0
557,1022
558,999
559,0
560,1022
561,0
562,0
563,1022
564,0
565,0
566,1022
567,0
568,0
569,1022
570,0
571,1022
572,1022
573,0
574,1022
575,1021
576,0
577,1022
578,1022
579,0
580,1022
581,0
582,0
583,1022
584,0
585,0
586,1022
587,0
588,0
589,1022
590,0
591,1022
592,1022
593,0
594,1022
595,1021
596,0
597,1022
598,1022
599,0
600,1022
601,0
602,0
603,1022
604,0
605,0
606,1022
607,0
608,0
609,1022
610,0
611,0
612,1022
613,0
614,1022
615,1022
616,0
617,1022
618,1022
619,0
620,1022
621,1022
622,0
623,1022
624,0
625,0
626,1022
627,0
628,0
629,1022
630,0
631,0
632,1022
633,0
634,1022
635,1022
636,0
637,1022
638,1022
639,0
640,1022
641,1022
642,0
643,1022
644,0
645,0
646,1022
647,0
648,0
649,1022
650,0
651,0
652,1022
653,0
654,0
655,1022
656,0
657,1022
658,1022
659,0
660,1022
661,1022
662,0
663,1022
664,1022
665,0
666,1022
667,0
668,0
669,1022
670,0
671,0
672,1021
673,0
674,0
675,1022
676,0
677,1022
678,1022
679,0
680,1022
681,1022
682,0
683,1022
684,1022
685,0
686,1022
687,0
688,0
689,1022
690,0
691,0
692,1022
693,0
694,0
695,1022
696,0
697,1022
698,1022
699,0
700,1022
701,1022
702,0
703,1022
704,1022
705,0
706,1022
707,1021
708,0
709,1022
710,0
711,0
712,1022
713,0
714,0
715,1022
716,0
717,0
718,1022
719,0
720,1022
721,1022
722,0
723,1022
724,1022
725,0
726,1022
727,1022
728,0
729,1022
730,0
731,0
732,1022
733,0
734,0
735,1022
736,0
737,0
738,1022
739,0
740,1022
741,1021
742,0
743,1022
744,1022
745,0
746,1022
747,1022
748,0
749,1021
750,1005
751,0
752,1022
753,0
754,0
755,1022
756,0
757,0
758,1022
759,0
760,0
761,1022
762,0
763,1022
764,1022
765,0
766,1022
767,1022
768,0
769,1021
770,1022
771,0
772,1022
773,0
774,0
775,1022
776,0
777,0
778,1022
779,0
780,0
781,1022
782,0
783,1022
784,1022
785,0
786,1022
787,1022
788,0
789,1022
790,1022
791,0
792,1022
793,0
794,0
795,1021
796,0
797,0
798,1022
799,0
800,0
801,1022
802,0
803,0
804,1022
805,0
806,1022
807,1023
808,0
809,1021
810,1022
811,0
812,1022
813,1022
814,0
815,1022
816,0
817,0
818,1022
819,0
820,0
821,1022
822,0
823,0
824,1022
825,0
826,1022
827,1022
828,0
829,1022
830,1022
831,0
832,1022
833,1022
834,0
835,1022
836,0
837,0
838,1022
839,0
840,0
841,1022
842,0
843,0
844,1022
845,0
846,56
847,1021
848,0
849,1022
850,1021
851,0
852,1021
853,1021
854,0
855,1022
856,1022
857,0
858,1022
859,0
860,0
861,1022
862,0
863,0
864,1021
865,0
866,0
867,1022
868,0
869,1021
870,1022
871,0
872,1022
873,1022
874,0
875,1022
876,1022
877,0
878,1022
879,0
880,0
881,1022
882,0
883,0
884,1022
885,0
886,0
887,1022
888,0
889,1022
890,1022
891,0
892,1023
893,1022
894,0
895,1022
896,1022
897,0
898,1022
899,1021
900,0
901,1022
902,0
903,0
904,1022
905,0
906,0
907,1022
908,0
909,0
910,1022
911,0
912,1022
913,1021
914,0
915,1022
916,1021
917,0
918,1022
919,1022
920,0
921,1022
922,0
923,0
924,1022
925,0
926,0
927,1022
928,0
929,0
930,1022
931,0
932,1021
933,1022
934,0
935,1021
936,1022
937,0
938,1022
939,1021
940,0
941,1022
942,999
943,0
944,1022
945,0
946,0
947,1022
948,0
949,0
950,1022
951,0
952,0
953,1021
954,0
955,1022
956,1022
957,0
958,1022
959,1022
960,0
961,1022
962,1022
963,0
964,1022
965,0
966,0
967,1022
968,0
969,0
970,1022
971,0
972,0
973,1022
974,0
975,1021
976,1023
977,0
978,1022
979,1022
980,0
981,1022
982,1021
983,0
984,1022
985,0
986,0
987,1022
988,0
989,0
990,1022
991,0
992,0
993,1021
994,0
995,0
996,1022
997,0
998,1022
999,1021
1000,0
1001,1022
1002,1022
1003,0
1004,1022
1005,1022
1006,0
1007,1022
1008,0
1009,0
1010,1022
1011,0
1012,0
1013,1022
1014,0
1015,0
1016,1022
1017,0
1018,1022
1019,1022
1020,0
1021,1022
1022,1022
1023,0
1024,1022
1025,1022
1026,0
1027,1022
1028,0
1029,0
1030,1022
1031,0
1032,0
1033,1022
1034,0
1035,0
1036,1022
1037,0
1038,81
1039,1022
1040,0
1041,1022
1042,1022
1043,0
1044,1022
1045,1021
1046,0
1047,1021
1048,1022
1049,0
1050,1021
1051,0
1052,0
1053,1022
1054,0
1055,0
1056,1022
1057,0
1058,0
1059,1022
1060,0
1061,1022
1062,1022
1063,0
1064,1021
1065,1021
1066,0
1067,1021
1068,1022
1069,0
1070,1021
1071,0
1072,0
1073,1021
1074,0
1075,0
1076,1022
1077,0
1078,0
1079,1022
1080,0
1081,1022
1082,1022
1083,0
1084,1022
1085,1022
1086,0
1087,1022
1088,1022
1089,0
1090,1022
1091,1022
1092,0
1093,1022
1094,0
1095,0
1096,1022
1097,0
1098,0
1099,1022
1100,0
1101,0
1102,1022
1103,0
1104,1022
1105,1022
1106,0
1107,1022
1108,1022
1109,0
1110,1022
1111,1022
1112,0
1113,1022
1114,0
1115,0
1116,1022
1117,0
1118,0
1119,1022
1120,0
1121,0
1122,1022
1123,0
1124,1022
1125,1022
1126,0
1127,1022
1128,1022
1129,0
1130,1022
1131,1022
1132,0
1133,1021
1134,1006
1135,0
1136,1021
1137,0
1138,0
1139,1022
1140,0
1141,0
1142,1022
1143,0
1144,0
1145,1022
1146,0
1147,1021
1148,1022
1149,0
1150,1022
1151,1022
1152,0
1153,1022
1154,1022
1155,0
1156,1022
1157,0
1158,0
1159,1022
1160,0
1161,0
1162,1022
1163,0
1164,0
1165,1021
1166,0
1167,1021
1168,1022
1169,0
1170,1022
1171,1022
1172,0
1173,1022
1174,1022
1175,0
1176,1022
1177,999
1178,0
1179,1022
1180,0
1181,0
1182,1022
1183,0
1184,0
1185,1022
1186,0
1187,0
1188,1022
1189,0
1190,1022
1191,1022
1192,0
1193,1023
1194,1022
1195,0
1196,1022
1197,1022
1198,0
1199,1021
1200,0
1201,0
1202,1021
1203,0
1204,0
1205,1022
1206,0
1207,0
1208,1022
1209,0
1210,1022
1211,1022
1212,0
1213,1022
1214,1022
1215,0
1216,1022
1217,1021
1218,0
1219,1022
1220,0
1221,0
1222,1022
1223,0
1224,0
1225,1022
1226,0
1227,0
1228,1022
1229,0
1230,56
1231,1021
1232,0
1233,1022
1234,1022
1235,0
1236,1022
1237,1022
1238,0
1239,1022
1240,1022
1241,0
1242,1022
1243,0
1244,0
1245,1022
1246,0
1247,0
1248,1022
1249,0
1250,0
1251,1022
1252,0
1253,1022
1254,1022
1255,0
1256,1022
1257,1022
1258,0
1259,1022
1260,1022
1261,0
1262,1022
1263,0
1264,0
1265,1022
1266,0
1267,0
1268,1022
1269,0
1270,0
1271,1022
1272,0
1273,56
1274,1022
1275,0
1276,1023
1277,1022
1278,0
1279,1022
1280,1022
1281,0
1282,1022
1283,1022
1284,0
1285,1022
1286,0
1287,0
1288,1022
1289,0
1290,0
1291,1022
1292,0
1293,0
1294,1022
1295,0
1296,1022
1297,1022
1298,0
1299,1022
1300,1022
1301,0
1302,1022
1303,1022
1304,0
1305,1022
1306,0
1307,0
1308,1022
1309,0
1310,0
1311,1022
1312,0
1313,0
1314,1022
1315,0
1316,1022
1317,1021
1318,0
1319,1022
1320,1022
1321,0
1322,1022
1323,1022
1324,0
1325,1022
1326,998
1327,0
1328,1022
1329,0
1330,0
1331,1022
1332,0
1333,0
1334,1021
1335,0
1336,0
1337,1022
1338,0
1339,1022
1340,1022
1341,0
1342,1022
1343,1021
1344,0
1345,1022
1346,1022
1347,0
1348,1022
1349,0
1350,0
1351,1022
1352,0
1353,0
1354,1022
1355,0
1356,0
1357,1022
1358,0
1359,1021
1360,1022
1361,0
1362,1022
1363,1021
1364,0
1365,1021
1366,1022
1367,0
1368,1022
1369,999
1370,0
1371,1022
1372,0
1373,0
1374,1022
1375,0
1376,0
1377,1023
1378,0
1379,0
1380,1022
1381,0
1382,1022
1383,1022
1384,0
1385,1021
1386,1022
1387,0
1388,1022
1389,1021
1390,0
1391,1022
1392,0
1393,0
1394,1022
1395,0
1396,0
1397,1022
1398,0
1399,0
1400,1022
1401,0
1402,1022
1403,1022
1404,0
1405,1022
1406,1022
1407,0
1408,1022
1409,1022
1410,0
1411,1022
1412,0
1413,0
1414,1022
1415,0
1416,0
1417,1021
1418,0
1419,0
1420,1022
1421,0
1422,80
1423,1022
1424,0
1425,1022
1426,1022
1427,0
1428,1022
1429,1022
1430,0
1431,1022
1432,1022
1433,0
1434,1023
1435,0
1436,0
1437,1021
1438,0
1439,0
1440,1020
1441,0
1442,0
1443,1022
1444,0
1445,1021
1446,1022
1447,0
1448,1022
1449,1022
1450,0
1451,1022
1452,1021
1453,0
1454,1022
1455,0
1456,0
1457,1022
1458,0
1459,0
1460,1021
1461,0
1462,0
1463,1021
1464,0
1465,1022
1466,1021
1467,0
1468,1021
1469,1022
1470,0
1471,1022
1472,1022
1473,0
1474,1022
1475,1022
1476,0
1477,1022
1478,0
1479,0
1480,1022
1481,0
1482,0
1483,1022
1484,0
1485,0
1486,1022
1487,0
1488,1022
1489,1022
1490,0
1491,1022
1492,1022
1493,0
1494,1022
1495,1022
1496,0
1497,1022
1498,0
1499,0
1500,1022
1501,0
1502,0
1503,1022
1504,0
1505,0
1506,1022
1507,0
1508,1022
1509,1022
1510,0
1511,1022
1512,1022
1513,0
1514,1022
1515,1021
1516,0
1517,1022
1518,1022
1519,0
1520,1022
1521,0
1522,0
1523,1021
1524,0
1525,0
1526,1022
1527,0
1528,0
1529,1022
1530,0
1531,1022
1532,1022
1533,0
1534,1021
1535,1022
1536,0
1537,1022
1538,1022
1539,0
1540,1022
1541,0
1542,0
1543,1022
1544,0
1545,0
1546,1022
1547,0
1548,0
1549,1022
1550,0
1551,1021
1552,1022
1553,0
1554,1022
1555,1022
1556,0
1557,1022
1558,1022
1559,0
1560,1022
1561,1006
1562,0
1563,1022
1564,0
1565,0
1566,1022
1567,0
1568,0
1569,1022
1570,0
1571,0
1572,1022
1573,0
1574,1022
1575,1022
1576,0
1577,1022
1578,1022
1579,0
1580,1022
1581,1022
1582,0
1583,1022
1584,0
1585,0
1586,1022
1587,0
1588,0
1589,1022
1590,0
1591,0
1592,1022
1593,0
1594,1021
1595,1022
1596,0
1597,1022
1598,1022
1599,0
1600,1022
1601,1022
1602,0
1603,1022
1604,0
1605,0
1606,1022
1607,0
1608,0
1609,1021
1610,0
1611,0
1612,1022
1613,0
1614,55
1615,1022
1616,0
1617,1022
1618,1021
1619,0
1620,1022
1621,1022
1622,0
1623,1022
1624,1022
1625,0
1626,1022
1627,0
1628,0
1629,1022
1630,0
1631,0
1632,1022
1633,0
1634,0
1635,1022
1636,0
1637,1022
1638,1021
1639,0
1640,1022
1641,1022
1642,0
1643,1022
1644,1022
1645,0
1646,1022
1647,0
1648,0
1649,1022
1650,0
1651,0
1652,1022
1653,0
1654,0
1655,1022
1656,0
1657,1022
1658,1022
1659,0
1660,1022
1661,1022
1662,0
1663,1021
1664,1022
1665,0
1666,1022
1667,1022
1668,0
1669,1022
1670,0
1671,0
1672,1022
1673,0
1674,0
1675,1022
1676,0
1677,0
1678,1021
1679,0
1680,1022
1681,1022
1682,0
1683,1022
1684,1022
1685,0
1686,1022
1687,1022
1688,0
1689,1021
1690,0
1691,0
1692,1021
1693,0
1694,0
1695,1022
1696,0
1697,0
1698,1022
1699,0
1700,1022
1701,1022
1702,0
1703,1022
1704,1022
1705,0
1706,1022
1707,1022
1708,0
1709,1022
1710,1006
1711,0
1712,1022
1713,0
1714,0
1715,1022
1716,0
1717,0
1718,1022
1719,0
1720,0
1721,1022
1722,0
1723,1022
1724,1022
1725,0
1726,1022
1727,1022
1728,0
1729,1022
1730,1022
1731,0
1732,1022
1733,0
1734,0
1735,1020
1736,0
1737,0
1738,1022
1739,0
1740,0
1741,1022
1742,0
1743,1022
1744,1022
1745,0
1746,1022
1747,1022
1748,0
1749,1022
1750,1022
1751,0
1752,1022
1753,0
1754,0
1755,1021
1756,0
1757,0
1758,1022
1759,0
1760,0
1761,1021
1762,0
1763,0
1764,1021
1765,0
1766,1022
1767,1022
1768,0
1769,1022
1770,1022
1771,0
1772,1021
1773,1022
1774,0
1775,1022
1776,0
1777,0
1778,1022
1779,0
1780,0
1781,1022
1782,0
1783,0
1784,1022
1785,0
1786,1022
1787,1022
1788,0
1789,1022
1790,1022
1791,0
1792,1022
1793,1022
1794,0
1795,1022
1796,0
1797,0
1798,1022
1799,0
1800,0
1801,1022
1802,0
1803,0
1804,1022
1805,0
1806,81
1807,1022
1808,0
1809,1022
1810,1022
1811,0
1812,1022
1813,1022
1814,0
1815,1022
1816,1022
1817,0
1818,1021
1819,0
1820,0
1821,1022
1822,0
1823,0
1824,1022
1825,0
1826,0
1827,1022
1828,0
1829,1021
1830,1022
1831,0
1832,1022
1833,1022
1834,0
1835,1022
1836,1022
1837,0
1838,1022
1839,0
1840,0
1841,1022
1842,0
1843,0
1844,1022
1845,0
1846,0
1847,1022
1848,0
1849,1022
1850,1022
1851,0
1852,1021
1853,1021
1854,0
1855,1022
1856,1022
1857,0
1858,1022
1859,1022
1860,0
1861,1022
1862,0
1863,0
1864,1022
1865,0
1866,0
1867,1022
1868,0
1869,0
1870,1022
1871,0
1872,1022
1873,1022
1874,0
1875,1022
1876,1022
1877,0
1878,1022
1879,1021
1880,0
1881,1022
1882,0
1883,0
1884,1022
1885,0
1886,0
1887,1022
1888,0
1889,0
1890,1022
1891,0
1892,1022
1893,1022
1894,0
1895,1022
1896,1022
1897,0
1898,1022
1899,1022
1900,0
1901,1022
1902,1021
1903,0
1904,1022
1905,0
1906,0
1907,1022
1908,0
1909,0
1910,1022
1911,0
1912,0
1913,1022
1914,0
1915,1022
1916,1022
1917,0
1918,1021
1919,1022
1920,0
1921,1022
1922,1021
1923,0
1924,1022
1925,0
1926,0
1927,1022
1928,0
1929,0
1930,1021
1931,0
1932,0
1933,1022
1934,0
1935,1022
1936,1022
1937,0
1938,1022
1939,1022
1940,0
1941,1022
1942,1022
1943,0
1944,1022
1945,0
1946,0
1947,1022
1948,0
1949,0
1950,1022
1951,0
1952,0
1953,1022
1954,0
1955,0
1956,1022
1957,0
1958,1022
1959,1022
1960,0
1961,1022
1962,1022
1963,0
1964,1021
1965,1021
1966,0
1967,1021
1968,0
1969,0
1970,1022
1971,0
1972,0
1973,1022
1974,0
1975,0
1976,1021
1977,0
1978,1022
1979,1022
1980,0
1981,1022
1982,1022
1983,0
1984,1022
1985,1022
1986,0
1987,1022
1988,0
1989,0
1990,1021
1991,0
1992,0
1993,1022
1994,0
1995,0
1996,1021
1997,0
1998,0
1999,1022
2000,0
2001,1022
2002,1022
2003,0
2004,1022
2005,1021
2006,0
2007,1022
2008,1022
2009,0
2010,1022
2011,0
2012,0
2013,1022
2014,0
2015,0
2016,1022
2017,0
2018,0
2019,1022
2020,0
2021,1022
2022,1022
2023,0
2024,1022
2025,1022
2026,0
2027,1022
2028,1022
2029,0
2030,1022
2031,0
2032,0
2033,1022
2034,0
2035,0
2036,1021
2037,0
2038,0
2039,1022
2040,0
2041,1022
2042,1022
2043,0
2044,1022
2045,1022
2046,0
2047,1022
2048,1022
2049,0
2050,1022
2051,1022
2052,0
2053,1022
2054,0
2055,0
2056,1022
2057,0
2058,0
2059,1021
2060,0
2061,0
2062,1022
2063,0
2064,1022
2065,1022
2066,0
2067,1022
2068,1022
2069,0
2070,1022
2071,1021
2072,0
2073,1021
2074,0
2075,0
2076,1021
2077,0
2078,0
2079,1022
2080,0
2081,0
2082,1022
2083,0
2084,1022
2085,1022
2086,0
2087,1022
2088,1022
2089,0
2090,1022
2091,1022
2092,0
2093,1022
2094,999
2095,0
2096,1022
2097,0
2098,0
2099,1022
2100,0
2101,0
2102,1022
2103,0
2104,0
2105,1022
2106,0
2107,1022
2108,1022
2109,0
2110,1022
2111,1022
2112,0
2113,1022
2114,1022
2115,0
2116,1022
2117,0
2118,0
2119,1022
2120,0
2121,0
2122,1022
2123,0
2124,0
2125,1022
2126,0
2127,1022
2128,1022
2129,0
2130,1022
2131,1022
2132,0
2133,1022
2134,1022
2135,0
2136,1022
2137,0
2138,0
2139,1022
2140,0
2141,0
2142,1022
2143,0
2144,0
2145,1022
2146,0
2147,0
2148,1021
2149,0
2150,1022
2151,1022
2152,0
2153,1022
2154,1022
2155,0
2156,1022
2157,1021
2158,0
2159,1022
2160,0
2161,0
2162,1022
2163,0
2164,0
2165,1022
2166,0
2167,0
2168,1022
2169,0
2170,1022
2171,1022
2172,0
2173,1022
2174,1022
2175,0
2176,1022
2177,1022
2178,0
2179,1022
2180,0
2181,0
2182,1022
2183,0
2184,0
2185,1022
2186,0
2187,0
2188,1022
2189,0
2190,56
2191,1022
2192,0
2193,1022
2194,1022
2195,0
2196,1021
2197,1021
2198,0
2199,1021
2200,1022
2201,0
2202,1021
2203,0
2204,0
2205,1021
2206,0
2207,0
2208,1022
2209,0
2210,0
2211,1022
2212,0
2213,1022
2214,1022
2215,0
2216,1022
2217,1022
2218,0
2219,1022
2220,1021
2221,0
2222,1022
2223,0
2224,0
2225,1022
2226,0
2227,0
2228,1021
2229,0
2230,0
2231,1021
2232,0
2233,55
2234,1022
2235,0
2236,1022
2237,1022
2238,0
2239,1022
2240,1021
2241,0
2242,1022
2243,1020
2244,0
2245,1022
2246,0
2247,0
2248,1022
2249,0
2250,0
2251,1022
2252,0
2253,0
2254,1022
2255,0
2256,1021
2257,1022
2258,0
2259,1022
2260,1022
2261,0
2262,1022
2263,1022
2264,0
2265,1022
2266,0
2267,0
2268,1022
2269,0
2270,0
2271,1022
2272,0
2273,0
2274,1022
2275,0
2276,1022
2277,1022
2278,0
2279,1022
2280,1021
2281,0
2282,1022
2283,1022
2284,0
2285,1022
2286,999
2287,0
2288,1022
2289,0
2290,0
2291,1022
2292,0
2293,0
2294,1021
2295,0
2296,0
2297,1022
2298,0
2299,1022
2300,1022
2301,0
2302,1022
2303,1022
2304,0
2305,1021
2306,1021
2307,0
2308,1022
2309,0
2310,0
2311,1022
2312,0
2313,0
2314,1022
2315,0
2316,0
2317,1022
2318,0
2319,1022
2320,1022
2321,0
2322,1022
2323,1022
2324,0
2325,1022
2326,1022
2327,0
2328,1022
2329,0
2330,0
2331,1022
2332,0
2333,0
2334,1022
2335,0
2336,0
2337,1022
2338,0
2339,0
2340,1022
2341,0
2342,1022
2343,1022
2344,0
2345,1022
2346,1022
2347,0
2348,1022
2349,1022
2350,0
2351,1021
2352,0
2353,0
2354,1022
2355,0
2356,0
2357,1022
2358,0
2359,0
2360,1022
2361,0
2362,1022
2363,1022
2364,0
2365,1022
2366,1021
2367,0
2368,1022
2369,1022
2370,0
2371,1021
2372,0
2373,0
2374,1023
2375,0
2376,0
2377,1022
2378,0
2379,0
2380,1022
2381,0
2382,0
2383,1022
2384,0
2385,1021
2386,1022
2387,0
2388,1022
2389,1022
2390,0
2391,1022
2392,1022
2393,0
2394,1022
2395,0
2396,0
2397,1022
2398,0
2399,0
2400,1022
2401,0
2402,0
2403,1021
2404,0
2405,1022
2406,1022
2407,0
2408,1022
2409,1022
2410,0
2411,1021
2412,1022
2413,0
2414,1022
2415,0
2416,0
2417,1022
2418,0
2419,0
2420,1022
2421,0
2422,0
2423,1022
2424,0
2425,1022
2426,1022
2427,0
2428,1022
2429,1022
2430,0
2431,1022
2432,1022
2433,0
2434,1021
2435,1022
2436,0
2437,1022
2438,0
2439,0
2440,1022
2441,0
2442,0
2443,1022
2444,0
2445,0
2446,1022
2447,0
2448,1022
2449,1022
2450,0
2451,1022
2452,1022
2453,0
2454,1022
2455,1022
2456,0
2457,1022
2458,0
2459,0
2460,1022
2461,0
2462,0
2463,1022
2464,0
2465,0
2466,1022
2467,0
2468,1022
2469,1022
2470,0
2471,1022
2472,1021
2473,0
2474,1021
2475,1022
2476,0
2477,1022
2478,1006
2479,0
2480,1022
2481,0
2482,0
2483,1022
2484,0
2485,0
2486,1022
2487,0
2488,0
2489,1022
2490,0
2491,1022
2492,1022
2493,0
2494,1022
2495,1022
2496,0
2497,1022
2498,1022
2499,0
2500,1022
2501,0
2502,0
2503,1022
2504,0
2505,0
2506,1022
2507,0
2508,0
2509,1022
2510,0
2511,1022
2512,1022
2513,0
2514,1022
2515,1022
2516,0
2517,1022
2518,1022
2519,0
2520,1022
2521,0
2522,0
2523,1022
2524,0
2525,0
2526,1022
2527,0
2528,0
2529,1021
2530,0
2531,0
2532,1021
2533,0
2534,1022
2535,1022
2536,0
2537,1021
2538,1021
2539,0
2540,1022
2541,1022
2542,0
2543,1022
2544,0
2545,0
2546,1022
2547,0
2548,0
2549,1022
2550,0
2551,0
2552,1022
2553,0
2554,1022
2555,1022
2556,0
2557,1022
2558,1022
2559,0
2560,1022
2561,1022
2562,0
2563,1022
2564,0
2565,0
2566,1022
2567,0
2568,0
2569,1022
2570,0
2571,0
2572,1022
2573,0
2574,56
2575,1022
2576,0
2577,1022
2578,1021
2579,0
2580,1022
2581,1021
2582,0
2583,1022
2584,1022
2585,0
2586,1022
2587,0
2588,0
2589,1022
2590,0
2591,0
2592,1022
2593,0
2594,0
2595,1022
2596,0
2597,1022
2598,1022
2599,0
2600,1022
2601,1022
2602,0
2603,1021
2604,1021
2605,0
2606,1022
2607,0
2608,0
2609,1022
2610,0
2611,0
2612,1021
2613,0
2614,0
2615,1022
2616,0
2617,1022
2618,1022
2619,0
2620,1022
2621,1022
2622,0
2623,1022
2624,1022
2625,0
2626,1022
2627,1021
2628,0
2629,1022
2630,0
2631,0
2632,1022
2633,0
2634,0
2635,1022
2636,0
2637,0
2638,1022
2639,0
2640,1022
2641,1022
2642,0
2643,1022
2644,1022
2645,0
2646,1021
2647,1022
2648,0
2649,1022
2650,0
2651,0
2652,1022
2653,0
2654,0
2655,1022
2656,0
2657,0
2658,1022
2659,0
2660,1022
2661,1022
2662,0
2663,1022
2664,1022
2665,0
2666,1022
2667,1022
2668,0
2669,1022
2670,1006
2671,0
2672,1022
2673,0
2674,0
2675,1022
2676,0
2677,0
2678,1022
2679,0
2680,0
2681,1022
2682,0
2683,1021
2684,1021
2685,0
2686,1022
2687,1022
2688,0
2689,1022
2690,1022
2691,0
2692,1022
2693,0
2694,0
2695,1022
2696,0
2697,0
2698,1022
2699,0
2700,0
2701,1022
2702,0
2703,1022
2704,1022
2705,0
2706,1022
2707,1022
2708,0
2709,1022
2710,1022
2711,0
2712,1022
2713,1006
2714,0
2715,1022
2716,0
2717,0
2718,1022
2719,0
2720,0
2721,1022
2722,0
2723,0
2724,1022
2725,0
2726,1022
2727,1022
2728,0
2729,1021
2730,1022
2731,0
2732,1022
2733,1022
2734,0
2735,1022
2736,0
2737,0
2738,1022
2739,0
2740,0
2741,1022
2742,0
2743,0
2744,1022
2745,0
2746,1022
2747,1022
2748,0
2749,1022
2750,1022
2751,0
2752,1022
2753,1022
2754,0
2755,1021
2756,0
2757,0
2758,1022
2759,0
2760,0
2761,1022
2762,0
2763,0
2764,1022
2765,0
2766,81
2767,1022
2768,0
2769,1022
2770,1022
2771,0
2772,1022
2773,1022
2774,0
2775,1022
2776,1022
2777,0
2778,1022
2779,0
2780,0
2781,1022
2782,0
2783,0
2784,1022
2785,0
2786,0
2787,1022
2788,0
2789,1022
2790,1022
2791,0
2792,1021
2793,1022
2794,0
2795,1022
2796,1022
2797,0
2798,1022
2799,0
2800,0
2801,1022
2802,0
2803,0
2804,1022
2805,0
2806,0
2807,1022
2808,0
2809,1021
2810,1022
2811,0
2812,1022
2813,1022
2814,0
2815,1022
2816,1022
2817,0
2818,1022
2819,1022
2820,0
2821,1022
2822,0
2823,0
2824,1022
2825,0
2826,0
2827,1022
2828,0
2829,0
2830,1022
2831,0
2832,1021
2833,1021
2834,0
2835,1022
2836,1022
2837,0
2838,1022
2839,1022
2840,0
2841,1022
2842,0
2843,0
2844,1022
2845,0
2846,0
2847,1022
2848,0
2849,0
2850,1022
2851,0
2852,1022
2853,1022
2854,0
2855,1022
2856,1022
2857,0
2858,1022
2859,1022
2860,0
2861,1022
2862,1006
2863,0
2864,1022
2865,0
2866,0
2867,1022
2868,0
2869,0
2870,1022
2871,0
2872,0
2873,1021
2874,0
2875,1022
2876,1022
2877,0
2878,1022
2879,1021
2880,0
2881,1021
2882,1021
2883,0
2884,1023
2885,0
2886,0
2887,1022
2888,0
2889,0
2890,1021
2891,0
2892,0
2893,1022
2894,0
2895,1022
2896,1022
2897,0
2898,1022
2899,1022
2900,0
2901,1022
2902,1022
2903,0
2904,1022
2905,0
2906,0
2907,1022
2908,0
2909,0
2910,1022
2911,0
2912,0
2913,1022
2914,0
2915,0
2916,1022
2917,0
2918,1022
2919,1022
2920,0
2921,1022
2922,1022
2923,0
2924,1022
2925,1022
2926,0
2927,1022
2928,0
2929,0
2930,1022
2931,0
2932,0
2933,1022
2934,0
2935,0
2936,1022
2937,0
2938,1022
2939,1022
2940,0
2941,1022
2942,1022
2943,0
2944,1022
2945,1022
2946,0
2947,1021
2948,0
2949,0
2950,1022
2951,0
2952,0
2953,1022
2954,0
2955,0
2956,1022
2957,0
2958,0
2959,1022
2960,0
2961,1022
2962,1022
2963,0
2964,1021
2965,1022
2966,0
2967,1022
2968,1021
2969,0
2970,1022
2971,0
2972,0
2973,1022
2974,0
2975,0
2976,1022
2977,0
2978,0
2979,1022
2980,0
2981,1022
2982,1021
2983,0
2984,1021
2985,1022
2986,0
2987,1022
2988,1021
2989,0
2990,1022
2991,0
2992,0
2993,1022
2994,0
2995,0
2996,1022
2997,0
2998,0
2999,1022
3000,0
3001,55
3002,1022
3003,0
3004,1022
3005,1022
3006,0
3007,1022
3008,1022
3009,0
3010,1022
3011,1022
3012,0
3013,1022
3014,0
3015,0
3016,1022
3017,0
3018,0
3019,1022
3020,0
3021,0
3022,1022
3023,0
3024,1022
3025,1022
3026,0
3027,1021
3028,1022
3029,0
3030,1021
3031,1022
3032,0
3033,1021
3034,0
3035,0
3036,1022
3037,0
3038,0
3039,1022
3040,0
3041,0
3042,1022
3043,0
3044,1022
3045,1022
3046,0
3047,1022
3048,1022
3049,0
3050,1022
3051,1022
3052,0
3053,1022
3054,1021
3055,0
3056,1021
3057,0
3058,0
3059,1022
3060,0
3061,0
3062,1021
3063,0
3064,0
3065,1021
3066,0
3067,1022
3068,1022
3069,0
3070,1022
3071,1022
3072,0
3073,1022
3074,1022
3075,0
3076,1022
3077,0
3078,0
3079,1022
3080,0
3081,0
3082,1022
3083,0
3084,0
3085,1022
3086,0
3087,1022
3088,1022
3089,0
3090,1022
3091,1022
3092,0
3093,1022
3094,1022
3095,0
3096,1022
3097,1006
3098,0
3099,1022
3100,0
3101,0
3102,1022
3103,0
3104,0
3105,1022
3106,0
3107,0
3108,1022
3109,0
3110,1022
3111,1022
3112,0
3113,1022
3114,1022
3115,0
3116,1022
3117,1022
3118,0
3119,1022
3120,0
3121,0
3122,1021
3123,0
3124,0
3125,1022
3126,0
3127,0
3128,1022
3129,0
3130,1022
3131,1021
3132,0
3133,1021
3134,1022
3135,0
3136,1022
3137,1022
3138,0
3139,1021
3140,0
3141,0
3142,1022
3143,0
3144,0
3145,1022
3146,0
3147,0
3148,1022
3149,0
3150,0
3151,1022
3152,0
3153,1022
3154,1022
3155,0
3156,1022
3157,1022
3158,0
3159,1021
3160,1022
3161,0
3162,1022
3163,0
3164,0
3165,1022
3166,0
3167,0
3168,1022
3169,0
3170,0
3171,1022
3172,0
3173,1022
3174,1022
3175,0
3176,1022
3177,1022
3178,0
3179,1022
3180,1022
3181,0
3182,1022
3183,0
3184,0
3185,1022
3186,0
3187,0
3188,1022
3189,0
3190,0
3191,1022
3192,0
3193,55
3194,1022
3195,0
3196,1022
3197,1022
3198,0
3199,1022
3200,1022
3201,0
3202,1022
3203,1022
3204,0
3205,1022
3206,0
3207,0
3208,1021
3209,0
3210,0
3211,1021
3212,0
3213,0
3214,1022
3215,0
3216,1021
3217,1022
3218,0
3219,1022
3220,1022
3221,0
3222,1022
3223,1022
3224,0
3225,1022
3226,0
3227,0
3228,1022
3229,0
3230,0
3231,1022
3232,0
3233,0
3234,1022
3235,0
3236,1022
3237,1022
3238,0
3239,1022
3240,1022
3241,0
3242,1022
3243,1022
3244,0
3245,1022
3246,998
3247,0
3248,1022
3249,0
3250,0
3251,1021
3252,0
3253,0
3254,1022
3255,0
3256,0
3257,1022
3258,0
3259,1022
3260,1022
3261,0
3262,1022
3263,1021
3264,0
3265,1021
3266,1021
3267,0
3268,1021
3269,0
3270,0
3271,1022
3272,0
3273,0
3274,1022
3275,0
3276,0
3277,1022
3278,0
3279,1022
3280,1023
3281,0
3282,1022
3283,1022
3284,0
3285,1022
3286,1022
3287,0
3288,1021
3289,0
3290,0
3291,1022
3292,0
3293,0
3294,1022
3295,0
3296,0
3297,1022
3298,0
3299,0
3300,1022
3301,0
3302,1022
3303,1022
3304,0
3305,1022
3306,1022
3307,0
3308,1022
3309,1022
3310,0
3311,1022
3312,0
3313,0
3314,1022
3315,0
3316,0
3317,1022
3318,0
3319,0
3320,1022
3321,0
3322,1022
3323,1021
3324,0
3325,1022
3326,1022
3327,0
3328,1022
3329,1022
3330,0
3331,1022
3332,0
3333,0
3334,1022
3335,0
3336,0
3337,1021
3338,0
3339,0
3340,1022
3341,0
3342,81
3343,1022
3344,0
3345,1022
3346,1022
3347,0
3348,1022
3349,1022
3350,0
3351,1022
3352,1021
3353,0
3354,1022
3355,0
3356,0
3357,1022
3358,0
3359,0
3360,1022
3361,0
3362,0
3363,1021
3364,0
3365,1022
3366,1021
3367,0
3368,1022
3369,1022
3370,0
3371,1022
3372,1022
3373,0
3374,1022
3375,0
3376,0
3377,1022
3378,0
3379,0
3380,1022
3381,0
3382,0
3383,1022
3384,0
3385,1022
3386,1023
3387,0
3388,1022
3389,1022
3390,0
3391,1022
3392,1022
3393,0
3394,1022
3395,1022
3396,0
3397,1022
3398,0
3399,0
3400,1022
3401,0
3402,0
3403,1022
3404,0
3405,0
3406,1022
3407,0
3408,1022
3409,1022
3410,0
3411,1022
3412,1022
3413,0
3414,1021
3415,1022
3416,0
3417,1021
3418,0
3419,0
3420,1022
3421,0
3422,0
3423,1021
3424,0
3425,0
3426,1022
3427,0
3428,1022
3429,1022
3430,0
3431,1022
3432,1022
3433,0
3434,1022
3435,1022
3436,0
3437,1021
3438,1021
3439,0
3440,1021
3441,0
3442,0
3443,1022
3444,0
3445,0
3446,1022
3447,0
3448,0
3449,1022
3450,0
3451,1022
3452,1022
3453,0
3454,1022
3455,1022
3456,0
3457,1022
3458,1022
3459,0
3460,1022
3461,0
3462,0
3463,1022
3464,0
3465,0
3466,1022
3467,0
3468,0
3469,1022
3470,0
3471,1022
3472,1022
3473,0
3474,1022
3475,1022
3476,0
3477,1022
3478,1022
3479,0
3480,1022
3481,999
3482,0
3483,1022
3484,0
3485,0
3486,1022
3487,0
3488,0
3489,1022
3490,0
3491,0
3492,1022
3493,0
3494,1022
3495,1022
3496,0
3497,1022
3498,1022
3499,0
3500,1022
3501,1022
3502,0
3503,1022
3504,0
3505,0
3506,1022
3507,0
3508,0
3509,1022
3510,0
3511,0
3512,1022
3513,0
3514,1022
3515,1022
3516,0
3517,1023
3518,1022
3519,0
3520,1022
3521,1022
3522,0
3523,1022
3524,0
3525,0
3526,1022
3527,0
3528,0
3529,1022
3530,0
3531,0
3532,1022
3533,0
3534,0
3535,1022
3536,0
3537,1021
3538,1022
3539,0
3540,1022
3541,1022
3542,0
3543,1022
3544,1022
3545,0
3546,1022
3547,0
3548,0
3549,1022
3550,0
3551,0
3552,1022
3553,0
3554,0
3555,1022
3556,0
3557,1022
3558,1022
3559,0
3560,1022
3561,1021
3562,0
3563,1022
3564,1022
3565,0
3566,1022
3567,0
3568,0
3569,1022
3570,0
3571,0
3572,1022
3573,0
3574,0
3575,1022
3576,0
3577,56
3578,1022
3579,0
3580,1022
3581,1022
3582,0
3583,1022
3584,1022
3585,0
3586,1022
3587,1022
3588,0
3589,1022
3590,0
3591,0
3592,1023
3593,0
3594,0
3595,1021
3596,0
3597,0
3598,1022
3599,0
3600,1022
3601,1022
3602,0
3603,1022
3604,1022
3605,0
3606,1022
3607,1021
3608,0
3609,1022
3610,0
3611,0
3612,1022
3613,0
3614,0
3615,1022
3616,0
3617,0
3618,1022
3619,0
3620,1022
3621,1022
3622,0
3623,1022
3624,1022
3625,0
3626,1022
3627,1022
3628,0
3629,1022
3630,999
3631,0
3632,1022
3633,0
3634,0
3635,1022
3636,0
3637,0
3638,1022
3639,0
3640,0
3641,1022
3642,0
3643,1022
3644,1022
3645,0
3646,1022
3647,1021
3648,0
3649,1022
3650,1022
3651,0
3652,1022
3653,0
3654,0
3655,1022
3656,0
3657,0
3658,1022
3659,0
3660,0
3661,1022
3662,0
3663,1021
3664,1022
3665,0
3666,1022
3667,1021
3668,0
3669,1022
3670,1022
3671,0
3672,1022
3673,0
3674,0
3675,1022
3676,0
3677,0
3678,1022
3679,0
3680,0
3681,1022
3682,0
3683,0
3684,1021
3685,0
3686,1022
3687,1022
3688,0
3689,1022
3690,1022
3691,0
3692,1022
3693,1022
3694,0
3695,1022
3696,0
3697,0
3698,1022
3699,0
3700,0
3701,1022
3702,0
3703,0
3704,1022
3705,0
3706,1022
3707,1022
3708,0
3709,1022
3710,1022
3711,0
3712,1022
3713,1022
3714,0
3715,1022
3716,0
3717,0
3718,1022
3719,0
3720,0
3721,1021
3722,0
3723,0
3724,1021
3725,0
3726,0
3727,1022
3728,0
3729,1022
3730,1021
3731,0
3732,1021
3733,1022
3734,0
3735,1022
3736,1022
3737,0
3738,1022
3739,0
3740,0
3741,1021
3742,0
3743,0
3744,1022
3745,0
3746,0
3747,1021
3748,0
3749,1022
3750,1022
3751,0
3752,1022
3753,1022
3754,0
3755,1022
3756,1021
3757,0
3758,1022
3759,0
3760,0
3761,1022
3762,0
3763,0
3764,1022
3765,0
3766,0
3767,1022
3768,0
3769,56
3770,1022
3771,0
3772,1021
3773,1022
3774,0
3775,1022
3776,1022
3777,0
3778,1022
3779,1022
3780,0
3781,1022
3782,0
3783,0
3784,1022
3785,0
3786,0
3787,1022
3788,0
3789,0
3790,1021
3791,0
3792,1022
3793,1022
3794,0
3795,1022
3796,1022
3797,0
3798,1022
3799,1022
3800,0
3801,1022
3802,0
3803,0
3804,1022
3805,0
3806,0
3807,1022
3808,0
3809,0
3810,1021
3811,0
3812,1021
3813,1022
3814,0
3815,1021
3816,1021
3817,0
3818,1021
3819,1022
3820,0
3821,1022
3822,1022
3823,0
3824,1022
3825,0
3826,0
3827,1022
3828,0
3829,0
3830,1022
3831,0
3832,0
3833,1022
3834,0
3835,1022
3836,1022
3837,0
3838,1022
3839,1022
3840,0
3841,1021
3842,1022
3843,0
3844,1022
3845,0
3846,0
3847,1022
3848,0
3849,0
3850,1022
3851,0
3852,0
3853,1022
3854,0
3855,1022
3856,1022
3857,0
3858,1022
3859,1022
3860,0
3861,1022
3862,1022
3863,0
3864,1022
3865,0
3866,0
3867,1022
3868,0
3869,0
3870,1022
3871,0
3872,0
3873,1022
3874,0
3875,0
3876,1022
3877,0
3878,1022
3879,1022
3880,0
3881,1022
3882,1022
3883,0
3884,1022
3885,1022
3886,0
3887,1022
3888,0
3889,0
3890,1021
3891,0
3892,0
3893,1023
3894,0
3895,0
3896,1022
3897,0
3898,1022
3899,1022
3900,0
3901,1022
3902,1022
3903,0
3904,1021
3905,1022
3906,0
3907,1022
3908,0
3909,0
3910,1022
3911,0
3912,0
3913,1022
3914,0
3915,0
3916,1022
3917,0
3918,0
3919,1021
3920,0
3921,1022
3922,1022
3923,0
3924,1022
3925,1022
3926,0
3927,1022
3928,1021
3929,0
3930,1022
3931,0
3932,0
3933,1022
3934,0
3935,0
3936,1022
3937,0
3938,0
3939,1022
3940,0
3941,1022
3942,1022
3943,0
3944,1022
3945,1022
3946,0
3947,1022
3948,1022
3949,0
3950,1022
3951,0
3952,0
3953,1022
3954,0
3955,0
3956,1022
3957,0
3958,0
3959,1022
3960,0
3961,81
3962,1022
3963,0
3964,1022
3965,1022
3966,0
3967,1022
3968,1022
3969,0
3970,1022
3971,1022
3972,0
3973,1022
3974,0
3975,0
3976,1022
3977,0
3978,0
3979,1021
3980,0
3981,0
3982,1021
3983,0
3984,1022
3985,1022
3986,0
3987,1023
3988,1022
3989,0
3990,1022
3991,1022
3992,0
3993,1022
3994,0
3995,0
3996,1022
3997,0
3998,0
3999,1022
4000,0
4001,0
4002,1022
4003,0
4004,1022
4005,1022
4006,0
4007,1022
4008,1022
4009,0
4010,1022
4011,1022
4012,0
4013,1022
4014,1006
4015,0
4016,1021
4017,0
4018,0
4019,1023
4020,0
4021,0
4022,1022
4023,0
4024,0
4025,1023
4026,0
4027,1022
4028,1022
4029,0
4030,1022
4031,1022
4032,0
4033,1022
4034,1022
4035,0
4036,1022
4037,0
4038,0
4039,1022
4040,0
4041,0
4042,1022
4043,0
4044,0
4045,1022
4046,0
4047,1022
4048,1022
4049,0
4050,1021
4051,1021
4052,0
4053,1022
4054,1022
4055,0
4056,1022
4057,0
4058,0
4059,1022
4060,0
4061,0
4062,1022
4063,0
4064,0
4065,1022
4066,0
4067,0
4068,1022
4069,0
4070,1022
4071,1022
4072,0
4073,1022
4074,1022
4075,0
4076,1022
4077,1022
4078,0
4079,1022
4080,0
4081,0
4082,1022
4083,0
4084,0
4085,1022
4086,0
4087,0
4088,1022
4089,0
4090,1022
4091,1022
4092,0
4093,1022
4094,1022
4095,0
4096,1022
4097,1022
4098,0
4099,1022
4100,0
4101,0
4102,1022
4103,0
4104,0
4105,1022
4106,0
4107,0
4108,1021
4109,0
4110,56
4111,1021
4112,0
4113,1022
4114,1022
4115,0
4116,1022
4117,1022
4118,0
4119,1022
4120,1022
4121,0
4122,1022
4123,0
4124,0
4125,1022
4126,0
4127,0
4128,1021
4129,0
4130,0
4131,1022
4132,0
4133,1022
4134,1022
4135,0
4136,1022
4137,1022
4138,0
4139,1022
4140,1021
4141,0
4142,1022
4143,0
4144,0
4145,1022
4146,0
4147,0
4148,1022
4149,0
4150,0
4151,1022
4152,0
4153,1022
4154,1022
4155,0
4156,1022
4157,1022
4158,0
4159,1022
4160,1022
4161,0
4162,1022
4163,1022
4164,0
4165,1022
4166,0
4167,0
4168,1022
4169,0
4170,0
4171,1021
4172,0
4173,0
4174,1021
4175,0
4176,1022
4177,1022
4178,0
4179,1022
4180,1021
4181,0
4182,1022
4183,1022
4184,0
4185,1021
4186,0
4187,0
4188,1022
4189,0
4190,0
4191,1022
4192,0
4193,0
4194,1022
4195,0
4196,1021
4197,1022
4198,0
4199,1022
4200,1022
4201,0
4202,1022
4203,1022
4204,0
4205,1022
4206,1005
4207,0
4208,1022
4209,0
4210,0
4211,1022
4212,0
4213,0
4214,1022
4215,0
4216,0
4217,1022
4218,0
4219,1022
4220,1022
4221,0
4222,1021
4223,1022
4224,0
4225,1022
4226,1022
4227,0
4228,1022
4229,0
4230,0
4231,1022
4232,0
4233,0
4234,1022
4235,0
4236,0
4237,1022
4238,0
4239,1022
4240,1022
4241,0
4242,1022
4243,1022
4244,0
4245,1022
4246,1022
4247,0
4248,1022
4249,999
4250,0
4251,1022
4252,0
4253,0
4254,1022
4255,0
4256,0
4257,1022
4258,0
4259,0
4260,1022
4261,0
4262,1022
4263,1022
4264,0
4265,1022
4266,1022
4267,0
4268,1022
4269,1022
4270,0
4271,1023
4272,0
4273,0
4274,1022
4275,0
4276,0
4277,1021
4278,0
4279,0
4280,1022
4281,0
4282,1022
4283,1022
4284,0
4285,1022
4286,1022
4287,0
4288,1021
4289,1022
4290,0
4291,1022
4292,0
4293,0
4294,1022
4295,0
4296,0
4297,1022
4298,0
4299,0
4300,1022
4301,0
4302,0
4303,1022
4304,0
4305,1022
4306,1021
4307,0
4308,1022
4309,1022
4310,0
4311,1022
4312,1021
4313,0
4314,1022
4315,0
4316,0
4317,1022
4318,0
4319,0
4320,1022
4321,0
4322,0
4323,1022
4324,0
4325,1022
4326,1022
4327,0
4328,1022
4329,1022
4330,0
4331,1022
4332,1021
4333,0
4334,1021
4335,0
4336,0
4337,1022
4338,0
4339,0
4340,1022
4341,0
4342,0
4343,1022
4344,0
4345,79
4346,1022
4347,0
4348,1022
4349,1022
4350,0
4351,1021
4352,1022
4353,0
4354,1022
4355,1022
4356,0
4357,1022
4358,0
4359,0
4360,1022
4361,0
4362,0
4363,1021
4364,0
4365,0
4366,1021
4367,0
4368,1022
4369,1022
4370,0
4371,1022
4372,1022
4373,0
4374,1022
4375,1022
4376,0
4377,1022
4378,0
4379,0
4380,1022
4381,0
4382,0
4383,1021
4384,0
4385,0
4386,1022
4387,0
4388,1022
4389,1022
4390,0
4391,1022
4392,1022
4393,0
4394,1021
4395,1021
4396,0
4397,1023
4398,1006
4399,0
4400,1021
4401,0
4402,0
4403,1022
4404,0
4405,0
4406,1022
4407,0
4408,0
4409,1021
4410,0
4411,1022
4412,1022
4413,0
4414,1023
4415,1021
4416,0
4417,1022
4418,1022
4419,0
4420,1022
4421,0
4422,0
4423,1022
4424,0
4425,0
4426,1022
4427,0
4428,0
4429,1021
4430,0
4431,1022
4432,1021
4433,0
4434,1022
4435,1021
4436,0
4437,1022
4438,1022
4439,0
4440,1022
4441,0
4442,0
4443,1022
4444,0
4445,0
4446,1022
4447,0
4448,0
4449,1022
4450,0
4451,0
4452,1022
4453,0
4454,1022
4455,1022
4456,0
4457,1022
4458,1022
4459,0
4460,1022
4461,1022
4462,0
4463,1022
4464,0
4465,0
4466,1022
4467,0
4468,0
4469,1022
4470,0
4471,0
4472,1022
4473,0
4474,1022
4475,1021
4476,0
4477,1022
4478,1022
4479,0
4480,1022
4481,1022
4482,0
4483,1021
4484,0
4485,0
4486,1022
4487,0
4488,0
4489,1022
4490,0
4491,0
4492,1022
4493,0
4494,80
4495,1022
4496,0
4497,1022
4498,1021
4499,0
4500,1022
4501,1021
4502,0
4503,1022
4504,1021
4505,0
4506,1022
4507,0
4508,0
4509,1023
4510,0
4511,0
4512,1021
4513,0
4514,0
4515,1022
4516,0
4517,1022
4518,1022
4519,0
4520,1022
4521,1020
4522,0
4523,1022
4524,1022
4525,0
4526,1022
4527,0
4528,0
4529,1021
4530,0
4531,0
4532,1022
4533,0
4534,0
4535,1022
4536,0
4537,81
4538,1022
4539,0
4540,1022
4541,1022
4542,0
4543,1022
4544,1022
4545,0
4546,1022
4547,1022
4548,0
4549,1022
4550,0
4551,0
4552,1022
4553,0
4554,0
4555,1022
4556,0
4557,0
4558,1022
4559,0
4560,1022
4561,1022
4562,0
4563,1022
4564,1022
4565,0
4566,1022
4567,1022
4568,0
4569,1022
4570,0
4571,0
4572,1022
4573,0
4574,0
4575,1022
4576,0
4577,0
4578,1021
4579,0
4580,1022
4581,1021
4582,0
4583,1022
4584,1021
4585,0
4586,1022
4587,1022
4588,0
4589,1021
4590,1022
4591,0
4592,1022
4593,0
4594,0
4595,1022
4596,0
4597,0
4598,1022
4599,0
4600,0
4601,1022
4602,0
4603,1022
4604,1022
4605,0
4606,1022
4607,1022
4608,0
4609,1022
4610,1022
4611,0
4612,1022
4613,0
4614,0
4615,1022
4616,0
4617,0
4618,1022
4619,0
4620,0
4621,1022
4622,0
4623,1022
4624,1022
4625,0
4626,1022
4627,1022
4628,0
4629,1022
4630,1022
4631,0
4632,1022
4633,1006
4634,0
4635,1022
4636,0
4637,0
4638,1022
4639,0
4640,0
4641,1022
4642,0
4643,0
4644,1022
4645,0
4646,1022
4647,1022
4648,0
4649,1022
4650,1022
4651,0
4652,1021
4653,1021
4654,0
4655,1022
4656,0
4657,0
4658,1022
4659,0
4660,0
4661,1022
4662,0
4663,0
4664,1022
4665,0
4666,1022
4667,1022
4668,0
4669,1022
4670,1022
4671,0
4672,1022
4673,1022
4674,0
4675,1022
4676,0
4677,0
4678,1022
4679,0
4680,0
4681,1022
4682,0
4683,0
4684,1022
4685,0
4686,0
4687,1021
4688,0
4689,1021
4690,1022
4691,0
4692,1022
4693,1022
4694,0
4695,1022
4696,1022
4697,0
4698,1022
4699,0
4700,0
4701,1022
4702,0
4703,0
4704,1021
4705,0
4706,0
4707,1022
4708,0
4709,1022
4710,1022
4711,0
4712,1022
4713,1022
4714,0
4715,1022
4716,1022
4717,0
4718,1022
4719,0
4720,0
4721,1022
4722,0
4723,0
4724,1022
4725,0
4726,0
4727,1021
4728,0
4729,57
4730,1022
4731,0
4732,1022
4733,1021
4734,0
4735,1022
4736,1022
4737,0
4738,1022
4739,1022
4740,0
4741,1022
4742,0
4743,0
4744,1022
4745,0
4746,0
4747,1022
4748,0
4749,0
4750,1022
4751,0
4752,1022
4753,1022
4754,0
4755,1022
4756,1022
4757,0
4758,1022
4759,1022
4760,0
4761,1022
4762,0
4763,0
4764,1022
4765,0
4766,0
4767,1022
4768,0
4769,0
4770,1022
4771,0
4772,1022
4773,1022
4774,0
4775,1022
4776,1022
4777,0
4778,1022
4779,1022
4780,0
4781,1022
4782,998
4783,0
4784,1022
4785,0
4786,0
4787,1022
4788,0
4789,0
4790,1022
4791,0
4792,0
4793,1022
4794,0
4795,1022
4796,1022
4797,0
4798,1022
4799,1022
4800,0
4801,1022
4802,1021
4803,0
4804,1022
4805,0
4806,0
4807,1021
4808,0
4809,0
4810,1021
4811,0
4812,0
4813,1022
4814,0
4815,1022
4816,1022
4817,0
4818,1022
4819,1022
4820,0
4821,1022
4822,1022
4823,0
4824,1022
4825,0
4826,0
4827,1022
4828,0
4829,0
4830,1022
4831,0
4832,0
4833,1022
4834,0
4835,0
4836,1022
4837,0
4838,1022
4839,1022
4840,0
4841,1022
4842,1022
4843,0
4844,1022
4845,1022
4846,0
4847,1022
4848,0
4849,0
4850,1022
4851,0
4852,0
4853,1022
4854,0
4855,0
4856,1022
4857,0
4858,1022
4859,1022
4860,0
4861,1022
4862,1021
4863,0
4864,1022
4865,1022
4866,0
4867,1022
4868,0
4869,0
4870,1022
4871,0
4872,0
4873,1022
4874,0
4875,0
4876,1022
4877,0
4878,0
4879,1022
4880,0
4881,1021
4882,1022
4883,0
4884,1022
4885,1022
4886,0
4887,1022
4888,1022
4889,0
4890,1021
4891,0
4892,0
4893,1022
4894,0
4895,0
4896,1022
4897,0
4898,0
4899,1022
4900,0
4901,1021
4902,1022
4903,0
4904,1022
4905,1022
4906,0
4907,1022
4908,1022
4909,0
4910,1022
4911,0
4912,0
4913,1022
4914,0
4915,0
4916,1022
4917,0
4918,0
4919,1022
4920,0
4921,1022
4922,1022
4923,0
4924,1022
4925,1022
4926,0
4927,1022
4928,1022
4929,0
4930,1022
4931,1022
4932,0
4933,1022
4934,0
4935,0
4936,1022
4937,0
4938,0
4939,1022
4940,0
4941,0
4942,1022
4943,0
4944,1022
4945,1022
4946,0
4947,1022
4948,1022
4949,0
4950,1022
4951,1022
4952,0
4953,1022
4954,0
4955,0
4956,1021
4957,0
4958,0
4959,1022
4960,0
4961,0
4962,1021
4963,0
4964,1022
4965,1022
4966,0
4967,1021
4968,1022
4969,0
4970,1022
4971,1022
4972,0
4973,1022
4974,1021
4975,0
4976,1022
4977,0
4978,0
4979,1022
4980,0
4981,0
4982,1022
4983,0
4984,0
4985,1022
4986,0
4987,1022
4988,1021
4989,0
4990,1022
4991,1022
4992,0
4993,1022
4994,1022
4995,0
4996,1022
4997,0
4998,0
4999,1022
5000,0
5001,0
5002,1022
5003,0
5004,0
5005,1022
5006,0
5007,1022
5008,1022
5009,0
5010,1022
5011,1022
5012,0
5013,1022
5014,1021
5015,0
5016,1022
5017,1006
5018,0
5019,1022
5020,0
5021,0
5022,1022
5023,0
5024,0
5025,1022
5026,0
5027,0
5028,1022
5029,0
5030,1022
5031,1022
5032,0
5033,1022
5034,1022
5035,0
5036,1022
5037,1021
5038,0
5039,1022
5040,0
5041,0
5042,1022
5043,0
5044,0
5045,1022
5046,0
5047,0
5048,1022
5049,0
5050,1022
5051,1022
5052,0
5053,1021
5054,1022
5055,0
5056,1022
5057,1022
5058,0
5059,1022
5060,0
5061,0
5062,1022
5063,0
5064,0
5065,1022
5066,0
5067,0
5068,1022
5069,0
5070,0
5071,1022
5072,0
5073,1022
5074,1022
5075,0
5076,1022
5077,1022
5078,0
5079,1022
5080,1022
5081,0
5082,1022
5083,0
5084,0
5085,1022
5086,0
5087,0
5088,1022
5089,0
5090,0
5091,1022
5092,0
5093,1022
5094,1022
5095,0
5096,1022
5097,1022
5098,0
5099,1022
5100,1022
5101,0
5102,1022
5103,0
5104,0
5105,1022
5106,0
5107,0
5108,1021
5109,0
5110,0
5111,1022
5112,0
5113,55
5114,1022
5115,0
5116,1022
5117,1022
5118,0
5119,1022
5120,1022
5121,0
5122,1022
5123,1022
5124,0
5125,1022
5126,0
5127,0
5128,1022
5129,0
5130,0
5131,1022
5132,0
5133,0
5134,1022
5135,0
5136,1022
5137,1022
5138,0
5139,1022
5140,1022
5141,0
5142,1022
5143,1022
5144,0
5145,1022
5146,0
5147,0
5148,1022
5149,0
5150,0
5151,1022
5152,0
5153,0
5154,1022
5155,0
5156,1022
5157,1022
5158,0
5159,1022
5160,1022
5161,0
5162,1022
5163,1021
5164,0
5165,1022
5166,1005
5167,0
5168,1021
5169,0
5170,0
5171,1022
5172,0
5173,0
5174,1022
5175,0
5176,0
5177,1022
5178,0
5179,1022
5180,1022
5181,0
5182,1022
5183,1022
5184,0
5185,1022
5186,1022
5187,0
5188,1022
5189,0
5190,0
5191,1022
5192,0
5193,0
5194,1021
5195,0
5196,0
5197,1022
5198,0
5199,1022
5200,1022
5201,0
5202,1022
5203,1022
5204,0
5205,1022
5206,1021
5207,0
5208,1022
5209,0
5210,0
5211,1022
5212,0
5213,0
5214,1022
5215,0
5216,0
5217,1022
5218,0
5219,0
5220,1022
5221,0
5222,1022
5223,1022
5224,0
5225,1022
5226,1022
5227,0
5228,1022
5229,1022
5230,0
5231,1022
5232,0
5233,0
5234,1022
5235,0
5236,0
5237,1022
5238,0
5239,0
5240,1022
5241,0
5242,1022
5243,1022
5244,0
5245,1022
5246,1022
5247,0
5248,1022
5249,1022
5250,0
5251,1022
5252,0
5253,0
5254,1022
5255,0
5256,0
5257,1022
5258,0
5259,0
5260,1022
5261,0
5262,56
5263,1022
5264,0
5265,1022
5266,1021
5267,0
5268,1022
5269,1022
5270,0
5271,1021
5272,1022
5273,0
5274,1021
5275,0
5276,0
5277,1022
5278,0
5279,0
5280,1022
5281,0
5282,0
5283,1023
5284,0
5285,1022
5286,1022
5287,0
5288,1022
5289,1022
5290,0
5291,1022
5292,1021
5293,0
5294,1022
5295,0
5296,0
5297,1022
5298,0
5299,0
5300,1022
5301,0
5302,0
5303,1022
5304,0
5305,81
5306,1022
5307,0
5308,1022
5309,1022
5310,0
5311,1022
5312,1022
5313,0
5314,1021
5315,1022
5316,0
5317,1021
5318,0
5319,0
5320,1022
5321,0
5322,0
5323,1022
5324,0
5325,0
5326,1022
5327,0
5328,1022
5329,1022
5330,0
5331,1022
5332,1021
5333,0
5334,1022
5335,1021
5336,0
5337,1021
5338,0
5339,0
5340,1022
5341,0
5342,0
5343,1021
5344,0
5345,0
5346,1021
5347,0
5348,1022
5349,1022
5350,0
5351,1022
5352,1022
5353,0
5354,1022
5355,1022
5356,0
5357,1022
5358,1022
5359,0
5360,1022
5361,0
5362,0
5363,1022
5364,0
5365,0
5366,1022
5367,0
5368,0
5369,1021
5370,0
5371,1022
5372,1022
5373,0
5374,1022
5375,1022
5376,0
5377,1022
5378,1022
5379,0
5380,1022
5381,0
5382,0
5383,1022
5384,0
5385,0
5386,1022
5387,0
5388,0
5389,1022
5390,0
5391,1022
5392,1022
5393,0
5394,1022
5395,1022
5396,0
5397,1021
5398,1021
5399,0
5400,1022
5401,999
5402,0
5403,1022
5404,0
5405,0
5406,1022
5407,0
5408,0
5409,1022
5410,0
5411,0
5412,1022
5413,0
5414,1022
5415,1021
5416,0
5417,1022
5418,1022
5419,0
5420,1022
5421,1021
5422,0
5423,1022
5424,0
5425,0
5426,1022
5427,0
5428,0
5429,1022
5430,0
5431,0
5432,1022
5433,0
5434,1022
5435,1022
5436,0
5437,1022
5438,1022
5439,0
5440,1022
5441,1022
5442,0
5443,1022
5444,0
5445,0
5446,1022
5447,0
5448,0
5449,1021
5450,0
5451,0
5452,1022
5453,0
5454,0
5455,1022
5456,0
5457,1022
5458,1022
5459,0
5460,1022
5461,1021
5462,0
5463,1021
5464,1021
5465,0
5466,1022
5467,0
5468,0
5469,1022
5470,0
5471,0
5472,1022
5473,0
5474,0
5475,1022
5476,0
5477,1022
5478,1022
5479,0
5480,1022
5481,1021
5482,0
5483,1022
5484,1022
5485,0
5486,1022
5487,0
5488,0
5489,1022
5490,0
5491,0
5492,1022
5493,0
5494,0
5495,1022
5496,0
5497,81
5498,1022
5499,0
5500,1022
5501,1022
5502,0
5503,1022
5504,1022
5505,0
5506,1022
5507,1022
5508,0
5509,1022
5510,0
5511,0
5512,1022
5513,0
5514,0
5515,1022
5516,0
5517,0
5518,1022
5519,0
5520,1022
5521,1022
5522,0
5523,1022
5524,1022
5525,0
5526,1022
5527,1022
5528,0
5529,1022
5530,0
5531,0
5532,1021
5533,0
5534,0
5535,1022
5536,0
5537,0
5538,1022
5539,0
5540,1022
5541,1022
5542,0
5543,1022
5544,1022
5545,0
5546,1022
5547,1021
5548,0
5549,1021
5550,1006
5551,0
5552,1022
5553,0
5554,0
5555,1022
5556,0
5557,0
5558,1022
5559,0
5560,0
5561,1022
5562,0
5563,1022
5564,1022
5565,0
5566,1021
5567,1022
5568,0
5569,1022
5570,1022
5571,0
5572,1022
5573,0
5574,0
5575,1021
5576,0
5577,0
5578,1022
5579,0
5580,0
5581,1022
5582,0
5583,1022
5584,1022
5585,0
5586,1022
5587,1022
5588,0
5589,1022
5590,1021
5591,0
5592,1022
5593,0
5594,0
5595,1022
5596,0
5597,0
5598,1022
5599,0
5600,0
5601,1022
5602,0
5603,0
5604,1022
5605,0
5606,1021
5607,1022
5608,0
5609,1022
5610,1022
5611,0
5612,1022
5613,1022
5614,0
5615,1022
5616,0
5617,0
5618,1022
5619,0
5620,0
5621,1022
5622,0
5623,0
5624,1022
5625,0
5626,1022
5627,1022
5628,0
5629,1022
5630,1022
5631,0
5632,1022
5633,1022
5634,0
5635,1022
5636,0
5637,0
5638,1022
5639,0
5640,0
5641,1022
5642,0
5643,0
5644,1022
5645,0
5646,80
5647,1022
5648,0
5649,1022
5650,1022
5651,0
5652,1022
5653,1022
5654,0
5655,1022
5656,1022
5657,0
5658,1022
5659,0
5660,0
5661,1022
5662,0
5663,0
5664,1022
5665,0
5666,0
5667,1022
5668,0
5669,1022
5670,1022
5671,0
5672,1022
5673,1022
5674,0
5675,1022
5676,1022
5677,0
5678,1022
5679,0
5680,0
5681,1022
5682,0
5683,0
5684,1022
5685,0
5686,0
5687,1022
5688,0
5689,1022
5690,1022
5691,0
5692,1022
5693,1022
5694,0
5695,1022
5696,1021
5697,0
5698,1021
5699,1021
5700,0
5701,1022
5702,0
5703,0
5704,1022
5705,0
5706,0
5707,1022
5708,0
5709,0
5710,1022
5711,0
5712,1023
5713,1022
5714,0
5715,1022
5716,1022
5717,0
5718,1022
5719,1021
5720,0
5721,1022
5722,0
5723,0
5724,1022
5725,0
5726,0
5727,1022
5728,0
5729,0
5730,1021
5731,0
5732,1022
5733,1022
5734,0
5735,1022
5736,1022
5737,0
5738,1022
5739,1022
5740,0
5741,1022
5742,1022
5743,0
5744,1022
5745,0
5746,0
5747,1022
5748,0
5749,0
5750,1021
5751,0
5752,0
5753,1022
5754,0
5755,1022
5756,1022
5757,0
5758,1022
5759,1022
5760,0
5761,1022
5762,1022
5763,0
5764,1022
5765,0
5766,0
5767,1022
5768,0
5769,0
5770,1022
5771,0
5772,0
5773,1022
5774,0
5775,1022
5776,1022
5777,0
5778,1022
5779,1022
5780,0
5781,1022
5782,1022
5783,0
5784,1022
5785,999
5786,0
5787,1022
5788,0
5789,0
5790,1022
5791,0
5792,0
5793,1022
5794,0
5795,0
5796,1021
5797,0
5798,1021
5799,1021
5800,0
5801,1022
5802,1022
5803,0
5804,1022
5805,1022
5806,0
5807,1022
5808,0
5809,0
5810,1022
5811,0
5812,0
5813,1022
5814,0
5815,0
5816,1022
5817,0
5818,1022
5819,1022
5820,0
5821,1022
5822,1022
5823,0
5824,1022
5825,1022
5826,0
5827,1022
5828,0
5829,0
5830,1022
5831,0
5832,0
5833,1022
5834,0
5835,0
5836,1022
5837,0
5838,0
5839,1022
5840,0
5841,1022
5842,1022
5843,0
5844,1022
5845,1021
5846,0
5847,1021
5848,1022
5849,0
5850,1022
5851,0
5852,0
5853,1021
5854,0
5855,0
5856,1022
5857,0
5858,0
5859,1022
5860,0
5861,1022
5862,1022
5863,0
5864,1022
5865,1022
5866,0
5867,1021
5868,1022
5869,0
5870,1021
5871,0
5872,0
5873,1022
5874,0
5875,0
5876,1021
5877,0
5878,0
5879,1022
5880,0
5881,55
5882,1022
5883,0
5884,1022
5885,1022
5886,0
5887,1022
5888,1022
5889,0
5890,1021
5891,1022
5892,0
5893,1022
5894,0
5895,0
5896,1022
5897,0
5898,0
5899,1022
5900,0
5901,0
5902,1022
5903,0
5904,1022
5905,1022
5906,0
5907,1022
5908,1022
5909,0
5910,1022
5911,1022
5912,0
5913,1022
5914,0
5915,0
5916,1022
5917,0
5918,0
5919,1022
5920,0
5921,0
5922,1022
5923,0
5924,1022
5925,1022
5926,0
5927,1022
5928,1022
5929,0
5930,1022
5931,1021
5932,0
5933,1022
5934,999
5935,0
5936,1022
5937,0
5938,0
5939,1022
5940,0
5941,0
5942,1021
5943,0
5944,0
5945,1021
5946,0
5947,1022
5948,1022
5949,0
5950,1021
5951,1022
5952,0
5953,1021
5954,1022
5955,0
5956,1021
5957,0
5958,0
5959,1022
5960,0
5961,0
5962,1022
5963,0
5964,0
5965,1022
5966,0
5967,1021
5968,1022
5969,0
5970,1022
5971,1022
5972,0
5973,1022
5974,1021
5975,0
5976,1022
5977,0
5978,0
5979,1022
5980,0
5981,0
5982,1022
5983,0
5984,0
5985,1022
5986,0
5987,0
5988,1022
5989,0
5990,1022
5991,1022
5992,0
5993,1022
5994,1022
5995,0
5996,1022
5997,1022
5998,0
5999,1022
6000,0
6001,0
6002,1022
6003,0
6004,0
6005,1022
6006,0
6007,0
6008,1021
6009,0
6010,1022
6011,1022
6012,0
6013,1022
6014,1021
6015,0
6016,1022
6017,1021
6018,0
6019,1022
6020,0
6021,0
6022,1022
6023,0
6024,0
6025,1022
6026,0
6027,0
6028,1021
6029,0
6030,0
6031,1022
6032,0
6033,1022
6034,1022
6035,0
6036,1022
6037,1022
6038,0
6039,1022
6040,1022
6041,0
6042,1022
6043,0
6044,0
6045,1021
6046,0
6047,0
6048,1022
6049,0
6050,0
6051,1022
6052,0
6053,1022
6054,1022
6055,0
6056,1022
6057,1022
6058,0
6059,1022
6060,1022
6061,0
6062,1022
6063,0
6064,0
6065,1022
6066,0
6067,0
6068,1022
6069,0
6070,0
6071,1022
6072,0
6073,56
6074,1022
6075,0
6076,1022
6077,1022
6078,0
6079,1022
6080,1022
6081,0
6082,1022
6083,1022
6084,0
6085,1022
6086,0
6087,0
6088,1022
6089,0
6090,0
6091,1022
6092,0
6093,0
6094,1022
6095,0
6096,1021
6097,1021
6098,0
6099,1021
6100,1022
6101,0
6102,1022
6103,1021
6104,0
6105,1022
6106,0
6107,0
6108,1022
6109,0
6110,0
6111,1022
6112,0
6113,0
6114,1022
6115,0
6116,1022
6117,1022
6118,0
6119,1022
6120,1022
6121,0
6122,1022
6123,1022
6124,0
6125,1022
6126,1022
6127,0
6128,1022
6129,0
6130,0
6131,1022
6132,0
6133,0
6134,1022
6135,0
6136,0
6137,1022
6138,0
6139,1022
6140,1022
6141,0
6142,1022
6143,1022
6144,0
6145,1022
6146,1022
6147,0
6148,1022
6149,0
6150,0
6151,1022
6152,0
6153,0
6154,1022
6155,0
6156,0
6157,1022
6158,0
6159,1022
6160,1022
6161,0
6162,1022
6163,1021
6164,0
6165,1022
6166,1022
6167,0
6168,1022
6169,998
6170,0
6171,1021
6172,0
6173,0
6174,1021
6175,0
6176,0
6177,1021
6178,0
6179,0
6180,1021
6181,0
6182,1022
6183,1022
6184,0
6185,1021
6186,1021
6187,0
6188,1022
6189,1022
6190,0
6191,1022
6192,0
6193,0
6194,1022
6195,0
6196,0
6197,1022
6198,0
6199,0
6200,1022
6201,0
6202,1021
6203,1022
6204,0
6205,1022
6206,1022
6207,0
6208,1022
6209,1021
6210,0
6211,1022
6212,0
6213,0
6214,1022
6215,0
6216,0
6217,1022
6218,0
6219,0
6220,1022
6221,0
6222,0
6223,1022
6224,0
6225,1022
6226,1022
6227,0
6228,1022
6229,1022
6230,0
6231,1021
6232,1022
6233,0
6234,1022
6235,0
6236,0
6237,1022
6238,0
6239,0
6240,1022
6241,0
6242,0
6243,1022
6244,0
6245,1022
6246,1022
6247,0
6248,1022
6249,1022
6250,0
6251,1021
6252,1022
6253,0
6254,1022
6255,0
6256,0
6257,1021
6258,0
6259,0
6260,1022
6261,0
6262,0
6263,1022
6264,0
6265,56
6266,1022
6267,0
6268,1021
6269,1022
6270,0
6271,1022
6272,1022
6273,0
6274,1022
6275,1022
6276,0
6277,1022
6278,0
6279,0
6280,1022
6281,0
6282,0
6283,1022
6284,0
6285,0
6286,1022
6287,0
6288,1022
6289,1022
6290,0
6291,1021
6292,1022
6293,0
6294,1022
6295,1021
6296,0
6297,1022
6298,0
6299,0
6300,1022
6301,0
6302,0
6303,1022
6304,0
6305,0
6306,1022
6307,0
6308,1022
6309,1022
6310,0
6311,1022
6312,1022
6313,0
6314,1022
6315,1022
6316,0
6317,1022
6318,1006
6319,0
6320,1022
6321,0
6322,0
6323,1022
6324,0
6325,0
6326,1021
6327,0
6328,0
6329,1022
6330,0
6331,1021
6332,1022
6333,0
6334,1022
6335,1022
6336,0
6337,1022
6338,1022
6339,0
6340,1021
6341,0
6342,0
6343,1022
6344,0
6345,0
6346,1022
6347,0
6348,0
6349,1022
6350,0
6351,1022
6352,1022
6353,0
6354,1021
6355,1022
6356,0
6357,1022
6358,1022
6359,0
6360,1022
6361,0
6362,0
6363,1022
6364,0
6365,0
6366,1022
6367,0
6368,0
6369,1022
6370,0
6371,0
6372,1022
6373,0
6374,1021
6375,1022
6376,0
6377,1022
6378,1021
6379,0
6380,1022
6381,1022
6382,0
6383,1022
6384,0
6385,0
6386,1022
6387,0
6388,0
6389,1022
6390,0
6391,0
6392,1022
6393,0
6394,1022
6395,1022
6396,0
6397,1022
6398,1022
6399,0
6400,1021
6401,1022
6402,0
6403,1022
6404,0
6405,0
6406,1022
6407,0
6408,0
6409,1022
6410,0
6411,0
6412,1022
6413,0
6414,55
6415,1022
6416,0
6417,1022
6418,1022
6419,0
6420,1022
6421,1022
6422,0
6423,1022
6424,1022
6425,0
6426,1022
6427,0
6428,0
6429,1022
6430,0
6431,0
6432,1022
6433,0
6434,0
6435,1022
6436,0
6437,1022
6438,1022
6439,0
6440,1022
6441,1022
6442,0
6443,1022
6444,1021
6445,0
6446,1022
6447,0
6448,0
6449,1022
6450,0
6451,0
6452,1022
6453,0
6454,0
6455,1022
6456,0
6457,1022
6458,1022
6459,0
6460,1022
6461,1022
6462,0
6463,1022
6464,1022
6465,0
6466,1022
6467,1021
6468,0
6469,1022
6470,0
6471,0
6472,1022
6473,0
6474,0
6475,1022
6476,0
6477,0
6478,1022
6479,0
6480,1022
6481,1023
6482,0
6483,1022
6484,1022
6485,0
6486,1022
6487,1022
6488,0
6489,1022
6490,0
6491,0
6492,1022
6493,0
6494,0
6495,1022
6496,0
6497,0
6498,1021
6499,0
6500,1021
6501,1022
6502,0
6503,1022
6504,1022
6505,0
6506,1022
6507,1022
6508,0
6509,1022
6510,999
6511,0
6512,1022
6513,0
6514,0
6515,1022
6516,0
6517,0
6518,1022
6519,0
6520,0
6521,1022
6522,0
6523,1022
6524,1021
6525,0
6526,1022
6527,1022
6528,0
6529,1022
6530,1022
6531,0
6532,1022
6533,0
6534,0
6535,1022
6536,0
6537,0
6538,1022
6539,0
6540,0
6541,1022
6542,0
6543,1022
6544,1022
6545,0
6546,1022
6547,1022
6548,0
6549,1022
6550,1022
6551,0
6552,1022
6553,1006
6554,0
6555,1022
6556,0
6557,0
6558,1022
6559,0
6560,0
6561,1022
6562,0
6563,0
6564,1022
6565,0
6566,1022
6567,1022
6568,0
6569,1021
6570,1022
6571,0
6572,1021
6573,1022
6574,0
6575,1021
6576,0
6577,0
6578,1022
6579,0
6580,0
6581,1022
6582,0
6583,0
6584,1022
6585,0
6586,1022
6587,1022
6588,0
6589,1022
6590,1022
6591,0
6592,1022
6593,1022
6594,0
6595,1022
6596,0
6597,0
6598,1023
6599,0
6600,0
6601,1022
6602,0
6603,0
6604,1022
6605,0
6606,0
6607,1021
6608,0
6609,1022
6610,1022
6611,0
6612,1022
6613,1022
6614,0
6615,1022
6616,1022
6617,0
6618,1022
6619,0
6620,0
6621,1022
6622,0
6623,0
6624,1022
6625,0
6626,0
6627,1022
6628,0
6629,1021
6630,1022
6631,0
6632,1022
6633,1022
6634,0
6635,1023
6636,1021
6637,0
6638,1022
6639,0
6640,0
6641,1022
6642,0
6643,0
6644,1022
6645,0
6646,0
6647,1022
6648,0
6649,1021
6650,1022
6651,0
6652,1022
6653,1022
6654,0
6655,1022
6656,1022
6657,0
6658,1022
6659,1022
6660,0
6661,1022
6662,0
6663,0
6664,1022
6665,0
6666,0
6667,1022
6668,0
6669,0
6670,1022
6671,0
6672,1022
6673,1022
6674,0
6675,1022
6676,1022
6677,0
6678,1022
6679,1021
6680,0
6681,1021
6682,0
6683,0
6684,1022
6685,0
6686,0
6687,1022
6688,0
6689,0
6690,1022
6691,0
6692,1022
6693,1022
6694,0
6695,1022
6696,1022
6697,0
6698,1021
6699,1022
6700,0
6701,1022
6702,1006
6703,0
6704,1022
6705,0
6706,0
6707,1022
6708,0
6709,0
6710,1022
6711,0
6712,0
6713,1022
6714,0
6715,1022
6716,1022
6717,0
6718,1022
6719,1022
6720,0
6721,1022
6722,1022
6723,0
6724,1022
6725,0
6726,0
6727,1022
6728,0
6729,0
6730,1021
6731,0
6732,0
6733,1022
6734,0
6735,1022
6736,1022
6737,0
6738,1022
6739,1022
6740,0
6741,1021
6742,1022
6743,0
6744,1022
6745,0
6746,0
6747,1022
6748,0
6749,0
6750,1022
6751,0
6752,0
6753,1022
6754,0
6755,0
6756,1022
6757,0
6758,1022
6759,1022
6760,0
6761,1022
6762,1022
6763,0
6764,1022
6765,1021
6766,0
6767,1022
6768,0
6769,0
6770,1022
6771,0
6772,0
6773,1022
6774,0
6775,0
6776,1022
6777,0
6778,1022
6779,1021
6780,0
6781,1022
6782,1022
6783,0
6784,1022
6785,1022
6786,0
6787,1022
6788,0
6789,0
6790,1022
6791,0
6792,0
6793,1022
6794,0
6795,0
6796,1022
6797,0
6798,0
6799,1022
6800,0
6801,1022
6802,1022
6803,0
6804,1022
6805,1022
6806,0
6807,1022
6808,1022
6809,0
6810,1022
6811,0
6812,0
6813,1022
6814,0
6815,0
6816,1022
6817,0
6818,0
6819,1022
6820,0
6821,1022
6822,1022
6823,0
6824,1022
6825,1022
6826,0
6827,1022
6828,1022
6829,0
6830,1022
6831,0
6832,0
6833,1022
6834,0
6835,0
6836,1021
6837,0
6838,0
6839,1022
6840,0
6841,81
6842,1022
6843,0
6844,1022
6845,1021
6846,0
6847,1022
6848,1021
6849,0
6850,1022
6851,1022
6852,0
6853,1021
6854,0
6855,0
6856,1023
6857,0
6858,0
6859,1021
6860,0
6861,0
6862,1021
6863,0
6864,1022
6865,1022
6866,0
6867,1021
6868,1022
6869,0
6870,1022
6871,1022
6872,0
6873,1022
6874,0
6875,0
6876,1022
6877,0
6878,0
6879,1022
6880,0
6881,0
6882,1022
6883,0
6884,1022
6885,1022
6886,0
6887,1022
6888,1021
6889,0
6890,1022
6891,1022
6892,0
6893,1022
6894,1022
6895,0
6896,1022
6897,0
6898,0
6899,1022
6900,0
6901,0
6902,1022
6903,0
6904,0
6905,1022
6906,0
6907,1022
6908,1022
6909,0
6910,1022
6911,1022
6912,0
6913,1022
6914,1022
6915,0
6916,1022
6917,0
6918,0
6919,1022
6920,0
6921,0
6922,1022
6923,0
6924,0
6925,1022
6926,0
6927,1022
6928,1022
6929,0
6930,1022
6931,1022
6932,0
6933,1022
6934,1022
6935,0
6936,1021
6937,1006
6938,0
6939,1022
6940,0
6941,0
6942,1021
6943,0
6944,0
6945,1021
6946,0
6947,0
6948,1022
6949,0
6950,1022
6951,1022
6952,0
6953,1022
6954,1022
6955,0
6956,1022
6957,1022
6958,0
6959,1022
6960,0
6961,0
6962,1021
6963,0
6964,0
6965,1022
6966,0
6967,0
6968,1022
6969,0
6970,1022
6971,1022
6972,0
6973,1022
6974,1022
6975,0
6976,1022
6977,1021
6978,0
6979,1022
6980,0
6981,0
6982,1022
6983,0
6984,0
6985,1022
6986,0
6987,0
6988,1022
6989,0
6990,0
6991,1022
6992,0
6993,1021
6994,1022
6995,0
6996,1022
6997,1022
6998,0
6999,1022
7000,1022
7001,0
7002,1022
7003,0
7004,0
7005,1022
7006,0
7007,0
7008,1022
7009,0
7010,0
7011,1022
7012,0
7013,1022
7014,1022
7015,0
7016,1021
7017,1022
7018,0
7019,1022
7020,1021
7021,0
7022,1021
7023,0
7024,0
7025,1021
7026,0
7027,0
7028,1022
7029,0
7030,0
7031,1021
7032,0
7033,56
7034,1022
7035,0
7036,1022
7037,1022
7038,0
7039,1022
7040,1022
7041,0
7042,1022
7043,1022
7044,0
7045,1022
7046,0
7047,0
7048,1022
7049,0
7050,0
7051,1022
7052,0
7053,0
7054,1022
7055,0
7056,1022
7057,1022
7058,0
7059,1022
7060,1022
7061,0
7062,1022
7063,1022
7064,0
7065,1022
7066,0
7067,0
7068,1022
7069,0
7070,0
7071,1022
7072,0
7073,0
7074,1022
7075,0
7076,1022
7077,1022
7078,0
7079,1022
7080,1022
7081,0
7082,1022
7083,1021
7084,0
7085,1022
7086,1006
7087,0
7088,1022
7089,0
7090,0
7091,1022
7092,0
7093,0
7094,1021
7095,0
7096,0
7097,1022
7098,0
7099,1022
7100,1022
7101,0
7102,1022
7103,1022
7104,0
7105,1022
7106,1022
7107,0
7108,1022
7109,0
7110,0
7111,1022
7112,0
7113,0
7114,1022
7115,0
7116,0
7117,1022
7118,0
7119,1022
7120,1021
7121,0
7122,1022
7123,1022
7124,0
7125,1022
7126,1022
7127,0
7128,1021
7129,0
7130,0
7131,1022
7132,0
7133,0
7134,1022
7135,0
7136,0
7137,1022
7138,0
7139,0
7140,1022
7141,0
7142,1022
7143,1022
7144,0
7145,1022
7146,1021
7147,0
7148,1022
7149,1022
7150,0
7151,1022
7152,0
7153,0
7154,1022
7155,0
7156,0
7157,1022
7158,0
7159,0
7160,1022
7161,0
7162,1022
7163,1022
7164,0
7165,1022
7166,1022
7167,0
7168,1022
7169,1022
7170,0
7171,1022
7172,0
7173,0
7174,1022
7175,0
7176,0
7177,1022
7178,0
7179,0
7180,1022
7181,0
7182,0
7183,1022
7184,0
7185,1021
7186,1022
7187,0
7188,1022
7189,1022
7190,0
7191,1022
7192,1022
7193,0
7194,1022
7195,0
7196,0
7197,1022
7198,0
7199,0
7200,1022
7201,0
7202,0
7203,1022
7204,0
7205,1022
7206,1022
7207,0
7208,1022
7209,1021
7210,0
7211,1021
7212,1020
7213,0
7214,1022
7215,0
7216,0
7217,1022
7218,0
7219,0
7220,1022
7221,0
7222,0
7223,1022
7224,0
7225,56
7226,1021
7227,0
7228,1022
7229,1022
7230,0
7231,1023
7232,1022
7233,0
7234,1023
7235,1022
7236,0
7237,1021
7238,0
7239,0
7240,1021
7241,0
7242,0
7243,1022
7244,0
7245,0
7246,1022
7247,0
7248,1022
7249,1022
7250,0
7251,1022
7252,1022
7253,0
7254,1022
7255,1022
7256,0
7257,1022
7258,0
7259,0
7260,1022
7261,0
7262,0
7263,1022
7264,0
7265,0
7266,1022
7267,0
7268,1022
7269,1022
7270,0
7271,1022
7272,1022
7273,0
7274,1022
7275,1022
7276,0
7277,1022
7278,1022
7279,0
7280,1022
7281,0
7282,0
7283,1022
7284,0
7285,0
7286,1022
7287,0
7288,0
7289,1021
7290,0
7291,1022
7292,1022
7293,0
7294,1022
7295,1022
7296,0
7297,1022
7298,1022
7299,0
7300,1021
7301,0
7302,0
7303,1022
7304,0
7305,0
7306,1022
7307,0
7308,0
7309,1022
7310,0
7311,1022
7312,1021
7313,0
7314,1021
7315,1021
7316,0
7317,1022
7318,1022
7319,0
7320,1022
7321,999
7322,0
7323,1022
7324,0
7325,0
7326,1022
7327,0
7328,0
7329,1022
7330,0
7331,0
7332,1021
7333,0
7334,1022
7335,1022
7336,0
7337,1022
7338,1022
7339,0
7340,1022
7341,1022
7342,0
7343,1022
7344,0
7345,0
7346,1022
7347,0
7348,0
7349,1022
7350,0
7351,0
7352,1022
7353,0
7354,1022
7355,1022
7356,0
7357,1022
7358,1022
7359,0
7360,1022
7361,1022
7362,0
7363,1022
7364,0
7365,0
7366,1022
7367,0
7368,0
7369,1022
7370,0
7371,0
7372,1022
7373,0
7374,0
7375,1022
7376,0
7377,1022
7378,1022
7379,0
7380,1022
7381,1021
7382,0
7383,1022
7384,1022
7385,0
7386,1022
7387,0
7388,0
7389,1022
7390,0
7391,0
7392,1021
7393,0
7394,0
7395,1021
7396,0
7397,1022
7398,1021
7399,0
7400,1022
7401,1022
7402,0
7403,1022
7404,1022
7405,0
7406,1022
7407,0
7408,0
7409,1022
7410,0
7411,0
7412,1022
7413,0
7414,0
7415,1022
7416,0
7417,56
7418,1022
7419,0
7420,1022
7421,1022
7422,0
7423,1022
7424,1022
7425,0
7426,1021
7427,1022
7428,0
7429,1022
7430,0
7431,0
7432,1022
7433,0
7434,0
7435,1022
7436,0
7437,0
7438,1022
7439,0
7440,1022
7441,1022
7442,0
7443,1021
7444,1022
7445,0
7446,1022
7447,1022
7448,0
7449,1022
7450,0
7451,0
7452,1022
7453,0
7454,0
7455,1022
7456,0
7457,0
7458,1022
7459,0
7460,1022
7461,1021
7462,0
7463,1022
7464,1022
7465,0
7466,1022
7467,1022
7468,0
7469,1022
7470,1006
7471,0
7472,1022
7473,0
7474,0
7475,1021
7476,0
7477,0
7478,1022
7479,0
7480,0
7481,1022
7482,0
7483,1021
7484,1022
7485,0
7486,1022
7487,1022
7488,0
7489,1022
7490,1022
7491,0
7492,1022
7493,0
7494,0
7495,1022
7496,0
7497,0
7498,1022
7499,0
7500,0
7501,1022
7502,0
7503,1022
7504,1021
7505,0
7506,1022
7507,1022
7508,0
7509,1022
7510,1022
7511,0
7512,1022
7513,0
7514,0
7515,1022
7516,0
7517,0
7518,1022
7519,0
7520,0
7521,1022
7522,0
7523,0
7524,1021
7525,0
7526,1022
7527,1022
7528,0
7529,1022
7530,1022
7531,0
7532,1022
7533,1021
7534,0
7535,1022
7536,0
7537,0
7538,1022
7539,0
7540,0
7541,1022
7542,0
7543,0
7544,1022
7545,0
7546,1021
7547,1021
7548,0
7549,1021
7550,1022
7551,0
7552,1021
7553,1021
7554,0
7555,1022
7556,0
7557,0
7558,1022
7559,0
7560,0
7561,1021
7562,0
7563,0
7564,1022
7565,0
7566,0
7567,1022
7568,0
7569,1022
7570,1022
7571,0
7572,1022
7573,1022
7574,0
7575,1022
7576,1022
7577,0
7578,1021
7579,0
7580,0
7581,1022
7582,0
7583,0
7584,1021
7585,0
7586,0
7587,1022
7588,0
7589,1022
7590,1022
7591,0
7592,1022
7593,1022
7594,0
7595,1022
7596,1021
7597,0
7598,1021
7599,0
7600,0
7601,1022
7602,0
7603,0
7604,1022
7605,0
7606,0
7607,1022
7608,0
7609,56
7610,1022
7611,0
7612,1022
7613,1022
7614,0
7615,1022
7616,1022
7617,0
7618,1021
7619,1022
7620,0
7621,1021
7622,0
7623,0
7624,1021
7625,0
7626,0
7627,1022
7628,0
7629,0
7630,1022
7631,0
7632,1022
7633,1022
7634,0
7635,1022
7636,1022
7637,0
7638,1022
7639,1022
7640,0
7641,1022
7642,0
7643,0
7644,1022
7645,0
7646,0
7647,1022
7648,0
7649,0
7650,1022
7651,0
7652,1022
7653,1022
7654,0
7655,1021
7656,1022
7657,0
7658,1022
7659,1022
7660,0
7661,1022
7662,1022
7663,0
7664,1022
7665,0
7666,0
7667,1022
7668,0
7669,0
7670,1022
7671,0
7672,0
7673,1022
7674,0
7675,1022
7676,1022
7677,0
7678,1022
7679,1022
7680,0
7681,1022
7682,1022
7683,0
7684,1022
7685,0
7686,0
7687,1022
7688,0
7689,0
7690,1022
7691,0
7692,0
7693,1021
7694,0
7695,1022
7696,1022
7697,0
7698,1022
7699,1021
7700,0
7701,1022
7702,1022
7703,0
7704,1021
7705,999
7706,0
7707,1022
7708,0
7709,0
7710,1022
7711,0
7712,0
7713,1022
7714,0
7715,0
7716,1022
7717,0
7718,1022
7719,1022
7720,0
7721,1022
7722,1022
7723,0
7724,1022
7725,1022
7726,0
7727,1022
7728,0
7729,0
7730,1022
7731,0
7732,0
7733,1022
7734,0
7735,0
7736,1022
7737,0
7738,1022
7739,1022
7740,0
7741,1022
7742,1023
7743,0
7744,1022
7745,1022
7746,0
7747,1022
7748,0
7749,0
7750,1022
7751,0
7752,0
7753,1022
7754,0
7755,0
7756,1022
7757,0
7758,0
7759,1022
7760,0
7761,1022
7762,1022
7763,0
7764,1022
7765,1022
7766,0
7767,1022
7768,1021
7769,0
7770,1022
7771,0
7772,0
7773,1021
7774,0
7775,0
7776,1022
7777,0
7778,0
7779,1022
7780,0
7781,1022
7782,1022
7783,0
7784,1022
7785,1022
7786,0
7787,1022
7788,1022
7789,0
7790,1022
7791,0
7792,0
7793,1022
7794,0
7795,0
7796,1022
7797,0
7798,0
7799,1022
7800,0
7801,56
7802,1022
7803,0
7804,1022
7805,1022
7806,0
7807,1022
7808,1022
7809,0
7810,1022
7811,1022
7812,0
7813,1022
7814,0
7815,0
7816,1021
7817,0
7818,0
7819,1022
7820,0
7821,0
7822,1022
7823,0
7824,1022
7825,1022
7826,0
7827,1022
7828,1022
7829,0
7830,1022
7831,1022
7832,0
7833,1022
7834,0
7835,0
7836,1022
7837,0
7838,0
7839,1022
7840,0
7841,0
7842,1022
7843,0
7844,1022
7845,1022
7846,0
7847,1022
7848,1022
7849,0
7850,1022
7851,1022
7852,0
7853,1022
7854,999
7855,0
7856,1022
7857,0
7858,0
7859,1022
7860,0
7861,0
7862,1022
7863,0
7864,0
7865,1022
7866,0
7867,1022
7868,1022
7869,0
7870,1022
7871,1022
7872,0
7873,1022
7874,1022
7875,0
7876,1022
7877,0
7878,0
7879,1022
7880,0
7881,0
7882,1022
7883,0
7884,0
7885,1022
7886,0
7887,1022
7888,1022
7889,0
7890,1022
7891,1022
7892,0
7893,1022
7894,1022
7895,0
7896,1022
7897,0
7898,0
7899,1021
7900,0
7901,0
7902,1022
7903,0
7904,0
7905,1022
7906,0
7907,0
7908,1022
7909,0
7910,1021
7911,1022
7912,0
7913,1022
7914,1022
7915,0
7916,1022
7917,1022
7918,0
7919,1023
7920,0
7921,0
7922,1022
7923,0
7924,0
7925,1021
7926,0
7927,0
7928,1021
7929,0
7930,1022
7931,1022
7932,0
7933,1022
7934,1022
7935,0
7936,1022
7937,1022
7938,0
7939,1022
7940,0
7941,0
7942,1021
7943,0
7944,0
7945,1022
7946,0
7947,0
7948,1022
7949,0
7950,0
7951,1022
7952,0
7953,1022
7954,1022
7955,0
7956,1022
7957,1022
7958,0
7959,1022
7960,1022
7961,0
7962,1022
7963,0
7964,0
7965,1022
7966,0
7967,0
7968,1022
7969,0
7970,0
7971,1022
7972,0
7973,1022
7974,1022
7975,0
7976,1022
7977,1022
7978,0
7979,1022
7980,1021
7981,0
7982,1021
7983,0
7984,0
7985,1022
7986,0
7987,0
7988,1022
7989,0
7990,0
7991,1022
7992,0
7993,81
7994,1022
7995,0
7996,1022
7997,1022
7998,0
7999,1021
8000,1022
8001,0
8002,1022
8003,1022
8004,0
8005,1022
8006,0
8007,0
8008,1022
8009,0
8010,0
8011,1022
8012,0
8013,0
8014,1022
8015,0
8016,1022
8017,1022
8018,0
8019,1022
8020,1022
8021,0
8022,1022
8023,1022
8024,0
8025,1022
8026,0
8027,0
8028,1022
8029,0
8030,0
8031,1022
8032,0
8033,0
8034,1022
8035,0
8036,1022
8037,1022
8038,0
8039,1022
8040,1022
8041,0
8042,1022
8043,1022
8044,0
8045,1022
8046,1006
8047,0
8048,1022
8049,0
8050,0
8051,1022
8052,0
8053,0
8054,1022
8055,0
8056,0
8057,1022
8058,0
8059,1022
8060,1022
8061,0
8062,1022
8063,1022
8064,0
8065,1022
8066,1022
8067,0
8068,1022
8069,0
8070,0
8071,1022
8072,0
8073,0
8074,1021
8075,0
8076,0
8077,1021
8078,0
8079,1021
8080,1022
8081,0
8082,1022
8083,1021
8084,0
8085,1022
8086,1022
8087,0
8088,1022
8089,998
8090,0
8091,1021
8092,0
8093,0
8094,1022
8095,0
8096,0
8097,1022
8098,0
8099,0
8100,1022
8101,0
8102,1022
8103,1022
8104,0
8105,1022
8106,1022
8107,0
8108,1022
8109,1022
8110,0
8111,1022
8112,0
8113,0
8114,1022
8115,0
8116,0
8117,1022
8118,0
8119,0
8120,1022
8121,0
8122,1021
8123,1022
8124,0
8125,1022
8126,1021
8127,0
8128,1022
8129,1022
8130,0
8131,1022
8132,0
8133,0
8134,1022
8135,0
8136,0
8137,1022
8138,0
8139,0
8140,1022
8141,0
8142,0
8143,1022
8144,0
8145,1022
8146,1021
8147,0
8148,1022
8149,1022
8150,0
8151,1022
8152,1021
8153,0
8154,1022
8155,0
8156,0
8157,1022
8158,0
8159,0
8160,1022
8161,0
8162,0
8163,1022
8164,0
8165,1022
8166,1022
8167,0
8168,1022
8169,1022
8170,0
8171,1022
8172,1022
8173,0
8174,1022
8175,0
8176,0
8177,1022
8178,0
8179,0
8180,1022
8181,0
8182,0
8183,1022
8184,0
8185,55
8186,1022
8187,0
8188,1022
8189,1022
8190,0
8191,1022
8192,1022
8193,0
8194,1022
8195,1022
8196,0
8197,1022
8198,0
8199,0
8200,1021
8201,0
8202,0
8203,1022
8204,0
8205,0
8206,1021
8207,0
8208,1022
8209,1022
8210,0
8211,1022
8212,1022
8213,0
8214,1022
8215,1022
8216,0
8217,1022
8218,0
8219,0
8220,1022
8221,0
8222,0
8223,1022
8224,0
8225,0
8226,1022
8227,0
8228,1022
8229,1022
8230,0
8231,1022
8232,1021
8233,0
8234,1022
8235,1022
8236,0
8237,1022
8238,1006
8239,0
8240,1022
8241,0
8242,0
8243,1022
8244,0
8245,0
8246,1022
8247,0
8248,0
8249,1022
8250,0
8251,1022
8252,1022
8253,0
8254,1022
8255,1022
8256,0
8257,1022
8258,1022
8259,0
8260,1022
8261,0
8262,0
8263,1022
8264,0
8265,0
8266,1022
8267,0
8268,0
8269,1022
8270,0
8271,1021
8272,1022
8273,0
8274,1021
8275,1022
8276,0
8277,1021
8278,1022
8279,0
8280,1021
8281,0
8282,0
8283,1022
8284,0
8285,0
8286,1022
8287,0
8288,0
8289,1022
8290,0
8291,0
8292,1022
8293,0
8294,1022
8295,1022
8296,0
8297,1022
8298,1022
8299,0
8300,1022
8301,1022
8302,0
8303,1022
8304,0
8305,0
8306,1022
8307,0
8308,0
8309,1021
8310,0
8311,0
8312,1022
8313,0
8314,1022
8315,1022
8316,0
8317,1022
8318,1022
8319,0
8320,1022
8321,1021
8322,0
8323,1022
8324,0
8325,0
8326,1022
8327,0
8328,0
8329,1022
8330,0
8331,0
8332,1022
8333,0
8334,56
8335,1022
8336,0
8337,1022
8338,1022
8339,0
8340,1022
8341,1022
8342,0
8343,1022
8344,1022
8345,0
8346,1022
8347,0
8348,0
8349,1021
8350,0
8351,0
8352,1022
8353,0
8354,0
8355,1022
8356,0
8357,1022
8358,1022
8359,0
8360,1022
8361,1021
8362,0
8363,1022
8364,1021
8365,0
8366,1022
8367,0
8368,0
8369,1022
8370,0
8371,0
8372,1021
8373,0
8374,0
8375,1022
8376,0
8377,1022
8378,1022
8379,0
8380,1022
8381,1022
8382,0
8383,1021
8384,1022
8385,0
8386,1022
8387,1021
8388,0
8389,1022
8390,0
8391,0
8392,1022
8393,0
8394,0
8395,1022
8396,0
8397,0
8398,1022
8399,0
8400,1022
8401,1021
8402,0
8403,1022
8404,1022
8405,0
8406,1021
8407,1021
8408,0
8409,1022
8410,0
8411,0
8412,1022
8413,0
8414,0
8415,1022
8416,0
8417,0
8418,1021
8419,0
8420,1022
8421,1021
8422,0
8423,1022
8424,1022
8425,0
8426,1022
8427,1022
8428,0
8429,1022
8430,998
8431,0
8432,1022
8433,0
8434,0
8435,1022
8436,0
8437,0
8438,1022
8439,0
8440,0
8441,1022
8442,0
8443,1022
8444,1022
8445,0
8446,1022
8447,1022
8448,0
8449,1022
8450,1022
8451,0
8452,1022
8453,0
8454,0
8455,1022
8456,0
8457,0
8458,1021
8459,0
8460,0
8461,1022
8462,0
8463,1022
8464,1022
8465,0
8466,1022
8467,1022
8468,0
8469,1022
8470,1022
8471,0
8472,1022
8473,1006
8474,0
8475,1022
8476,0
8477,0
8478,1022
8479,0
8480,0
8481,1022
8482,0
8483,0
8484,1022
8485,0
8486,1022
8487,1022
8488,0
8489,1022
8490,1022
8491,0
8492,1022
8493,1022
8494,0
8495,1022
8496,0
8497,0
8498,1022
8499,0
8500,0
8501,1022
8502,0
8503,0
8504,1022
8505,0
8506,1022
8507,1022
8508,0
8509,1022
8510,1022
8511,0
8512,1022
8513,1022
8514,0
8515,1022
8516,0
8517,0
8518,1022
8519,0
8520,0
8521,1022
8522,0
8523,0
8524,1022
8525,0
8526,0
8527,1021
8528,0
8529,1022
8530,1021
8531,0
8532,1021
8533,1022
8534,0
8535,1021
8536,1021
8537,0
8538,1022
8539,0
8540,0
8541,1022
8542,0
8543,0
8544,1022
8545,0
8546,0
8547,1022
8548,0
8549,1022
8550,1022
8551,0
8552,1022
8553,1022
8554,0
8555,1022
8556,1022
8557,0
8558,1022
8559,0
8560,0
8561,1022
8562,0
8563,0
8564,1022
8565,0
8566,0
8567,1022
8568,0
8569,80
8570,1022
8571,0
8572,1022
8573,1022
8574,0
8575,1022
8576,1022
8577,0
8578,1022
8579,1022
8580,0
8581,1022
8582,0
8583,0
8584,1022
8585,0
8586,0
8587,1022
8588,0
8589,0
8590,1022
8591,0
8592,1022
8593,1022
8594,0
8595,1022
8596,1022
8597,0
8598,1022
8599,1021
8600,0
8601,1022
8602,0
8603,0
8604,1022
8605,0
8606,0
8607,1021
8608,0
8609,0
8610,1022
8611,0
8612,1022
8613,1022
8614,0
8615,1022
8616,1022
8617,0
8618,1022
8619,1022
8620,0
8621,1022
8622,1006
8623,0
8624,1022
8625,0
8626,0
8627,1022
8628,0
8629,0
8630,1022
8631,0
8632,0
8633,1022
8634,0
8635,1022
8636,1022
8637,0
8638,1022
8639,1022
8640,0
8641,1022
8642,1022
8643,0
8644,1022
8645,0
8646,0
8647,1022
8648,0
8649,0
8650,1022
8651,0
8652,0
8653,1022
8654,0
8655,1022
8656,1022
8657,0
8658,1022
8659,1022
8660,0
8661,1022
8662,1022
8663,0
8664,1021
8665,0
8666,0
8667,1022
8668,0
8669,0
8670,1022
8671,0
8672,0
8673,1022
8674,0
8675,0
8676,1022
8677,0
8678,1022
8679,1021
8680,0
8681,1022
8682,1022
8683,0
8684,1021
8685,1022
8686,0
8687,1021
8688,0
8689,0
8690,1021
8691,0
8692,0
8693,1022
8694,0
8695,0
8696,1022
8697,0
8698,1022
8699,1022
8700,0
8701,1022
8702,1022
8703,0
8704,1022
8705,1022
8706,0
8707,1021
8708,0
8709,0
8710,1022
8711,0
8712,0
8713,1022
8714,0
8715,0
8716,1022
8717,0
8718,0
8719,1022
8720,0
8721,1022
8722,1022
8723,0
8724,1022
8725,1022
8726,0
8727,1022
8728,1022
8729,0
8730,1022
8731,0
8732,0
8733,1022
8734,0
8735,0
8736,1022
8737,0
8738,0
8739,1022
8740,0
8741,1022
8742,1022
8743,0
8744,1022
8745,1021
8746,0
8747,1022
8748,1022
8749,0
8750,1022
8751,0
8752,0
8753,1022
8754,0
8755,0
8756,1023
8757,0
8758,0
8759,1021
8760,0
8761,56
8762,1021
8763,0
8764,1022
8765,1021
8766,0
8767,1022
8768,1022
8769,0
8770,1022
8771,1022
8772,0
8773,1022
8774,0
8775,0
8776,1022
8777,0
8778,0
8779,1022
8780,0
8781,0
8782,1022
8783,0
8784,1022
8785,1022
8786,0
8787,1022
8788,1022
8789,0
8790,1021
8791,1022
8792,0
8793,1022
8794,0
8795,0
8796,1022
8797,0
8798,0
8799,1022
8800,0
8801,0
8802,1022
8803,0
8804,1022
8805,1022
8806,0
8807,1022
8808,1022
8809,0
8810,1021
8811,1022
8812,0
8813,1022
8814,1005
8815,0
8816,1022
8817,0
8818,0
8819,1022
8820,0
8821,0
8822,1022
8823,0
8824,0
8825,1022
8826,0
8827,1022
8828,1022
8829,0
8830,1021
8831,1021
8832,0
8833,1022
8834,1022
8835,0
8836,1022
8837,0
8838,0
8839,1022
8840,0
8841,0
8842,1022
8843,0
8844,0
8845,1022
8846,0
8847,1022
8848,1022
8849,0
8850,1022
8851,1022
8852,0
8853,1022
8854,1022
8855,0
8856,1022
8857,1006
8858,0
8859,1022
8860,0
8861,0
8862,1022
8863,0
8864,0
8865,1022
8866,0
8867,0
8868,1022
8869,0
8870,1022
8871,1021
8872,0
8873,1022
8874,1022
8875,0
8876,1022
8877,1022
8878,0
8879,1022
8880,0
8881,0
8882,1022
8883,0
8884,0
8885,1022
8886,0
8887,0
8888,1022
8889,0
8890,1022
8891,1022
8892,0
8893,1022
8894,1022
8895,0
8896,1022
8897,1022
8898,0
8899,1022
8900,0
8901,0
8902,1022
8903,0
8904,0
8905,1022
8906,0
8907,0
8908,1021
8909,0
8910,0
8911,1022
8912,0
8913,1022
8914,1021
8915,0
8916,1021
8917,1022
8918,0
8919,1022
8920,1022
8921,0
8922,1022
8923,0
8924,0
8925,1022
8926,0
8927,0
8928,1022
8929,0
8930,0
8931,1022
8932,0
8933,1022
8934,1022
8935,0
8936,1022
8937,1022
8938,0
8939,1022
8940,1022
8941,0
8942,1022
8943,0
8944,0
8945,1022
8946,0
8947,0
8948,1022
8949,0
8950,0
8951,1022
8952,0
8953,56
8954,1022
8955,0
8956,1022
8957,1022
8958,0
8959,1022
8960,1022
8961,0
8962,1022
8963,1021
8964,0
8965,1022
8966,0
8967,0
8968,1022
8969,0
8970,0
8971,1022
8972,0
8973,0
8974,1022
8975,0
8976,1022
8977,1022
8978,0
8979,1022
8980,1022
8981,0
8982,1022
8983,1022
8984,0
8985,1021
8986,0
8987,0
8988,1021
8989,0
8990,0
8991,1021
8992,0
8993,0
8994,1021
8995,0
8996,1022
8997,1022
8998,0
8999,1022
9000,1022
9001,0
9002,1022
9003,1022
9004,0
9005,1022
9006,999
9007,0
9008,1022
9009,0
9010,0
9011,1022
9012,0
9013,0
9014,1022
9015,0
9016,0
9017,1022
9018,0
9019,1022
9020,1022
9021,0
9022,1022
9023,1022
9024,0
9025,1022
9026,1022
9027,0
9028,1022
9029,0
9030,0
9031,1022
9032,0
9033,0
9034,1022
9035,0
9036,0
9037,1022
9038,0
9039,1022
9040,1021
9041,0
9042,1022
9043,1022
9044,0
9045,1022
9046,1022
9047,0
9048,1021
9049,0
9050,0
9051,1022
9052,0
9053,0
9054,1022
9055,0
9056,0
9057,1022
9058,0
9059,0
9060,1022
9061,0
9062,1022
9063,1021
9064,0
9065,1021
9066,1022
9067,0
9068,1022
9069,1021
9070,0
9071,1022
9072,0
9073,0
9074,1022
9075,0
9076,0
9077,1022
9078,0
9079,0
9080,1022
9081,0
9082,1022
9083,1022
9084,0
9085,1021
9086,1022
9087,0
9088,1022
9089,1022
9090,0
9091,1022
9092,0
9093,0
9094,1022
9095,0
9096,0
9097,1022
9098,0
9099,0
9100,1022
9101,0
9102,0
9103,1022
9104,0
9105,1022
9106,1022
9107,0
9108,1022
9109,1022
9110,0
9111,1022
9112,1022
9113,0
9114,1022
9115,0
9116,0
9117,1022
9118,0
9119,0
9120,1022
9121,0
9122,0
9123,1022
9124,0
9125,1022
9126,1022
9127,0
9128,1022
9129,1022
9130,0
9131,1022
9132,1021
9133,0
9134,1022
9135,0
9136,0
9137,1022
9138,0
9139,0
9140,1022
9141,0
9142,0
9143,1021
9144,0
9145,56
9146,1022
9147,0
9148,1022
9149,1022
9150,0
9151,1022
9152,1022
9153,0
9154,1022
9155,1022
9156,0
9157,1022
9158,0
9159,0
9160,1022
9161,0
9162,0
9163,1022
9164,0
9165,0
9166,1022
9167,0
9168,1022
9169,1022
9170,0
9171,1022
9172,1022
9173,0
9174,1022
9175,1022
9176,0
9177,1022
9178,0
9179,0
9180,1022
9181,0
9182,0
9183,1022
9184,0
9185,0
9186,1022
9187,0
9188,1022
9189,1022
9190,0
9191,1022
9192,1022
9193,0
9194,1022
9195,1022
9196,0
9197,1022
9198,1022
9199,0
9200,1022
9201,0
9202,0
9203,1022
9204,0
9205,0
9206,1022
9207,0
9208,0
9209,1022
9210,0
9211,1022
9212,1022
9213,0
9214,1021
9215,1022
9216,0
9217,1021
9218,1021
9219,0
9220,1022
9221,0
9222,0
9223,1022
9224,0
9225,0
9226,1022
9227,0
9228,0
9229,1022
9230,0
9231,1022
9232,1022
9233,0
9234,1022
9235,1022
9236,0
9237,1022
9238,1022
9239,0
9240,1022
9241,1006
9242,0
9243,1022
9244,0
9245,0
9246,1022
9247,0
9248,0
9249,1022
9250,0
9251,0
9252,1022
9253,0
9254,1022
9255,1022
9256,0
9257,1022
9258,1022
9259,0
9260,1022
9261,1022
9262,0
9263,1022
9264,0
9265,0
9266,1022
9267,0
9268,0
9269,1022
9270,0
9271,0
9272,1022
9273,0
9274,1022
9275,1022
9276,0
9277,1022
9278,1022
9279,0
9280,1022
9281,1022
9282,0
9283,1022
9284,0
9285,0
9286,1022
9287,0
9288,0
9289,1022
9290,0
9291,0
9292,1021
9293,0
9294,0
9295,1021
9296,0
9297,1022
9298,1022
9299,0
9300,1022
9301,1022
9302,0
9303,1021
9304,1022
9305,0
9306,1022
9307,0
9308,0
9309,1022
9310,0
9311,0
9312,1022
9313,0
9314,0
9315,1022
9316,0
9317,1022
9318,1022
9319,0
9320,1022
9321,1022
9322,0
9323,1022
9324,1022
9325,0
9326,1022
9327,0
9328,0
9329,1022
9330,0
9331,0
9332,1022
9333,0
9334,0
9335,1022
9336,0
9337,55
9338,1022
9339,0
9340,1022
9341,1022
9342,0
9343,1022
9344,1022
9345,0
9346,1022
9347,1021
9348,0
9349,1022
9350,0
9351,0
9352,1022
9353,0
9354,0
9355,1022
9356,0
9357,0
9358,1022
9359,0
9360,1022
9361,1022
9362,0
9363,1022
9364,1022
9365,0
9366,1021
9367,1021
9368,0
9369,1021
9370,0
9371,0
9372,1022
9373,0
9374,0
9375,1022
9376,0
9377,0
9378,1022
9379,0
9380,1022
9381,1022
9382,0
9383,1022
9384,1022
9385,0
9386,1022
9387,1022
9388,0
9389,1022
9390,999
9391,0
9392,1022
9393,0
9394,0
9395,1022
9396,0
9397,0
9398,1022
9399,0
9400,0
9401,1022
9402,0
9403,1022
9404,1022
9405,0
9406,1022
9407,1022
9408,0
9409,1022
9410,1022
9411,0
9412,1022
9413,0
9414,0
9415,1022
9416,0
9417,0
9418,1022
9419,0
9420,0
9421,1022
9422,0
9423,1022
9424,1022
9425,0
9426,1022
9427,1022
9428,0
9429,1022
9430,1022
9431,0
9432,1022
9433,0
9434,0
9435,1022
9436,0
9437,0
9438,1022
9439,0
9440,0
9441,1022
9442,0
9443,0
9444,1022
9445,0
9446,1022
9447,1022
9448,0
9449,1021
9450,1022
9451,0
9452,1022
9453,1022
9454,0
9455,1022
9456,0
9457,0
9458,1022
9459,0
9460,0
9461,1022
9462,0
9463,0
9464,1022
9465,0
9466,1022
9467,1022
9468,0
9469,1022
9470,1022
9471,0
9472,1022
9473,1022
9474,0
9475,1022
9476,0
9477,0
9478,1022
9479,0
9480,0
9481,1022
9482,0
9483,0
9484,1022
9485,0
9486,0
9487,1022
9488,0
9489,1022
9490,1022
9491,0
9492,1022
9493,1021
9494,0
9495,1022
9496,1022
9497,0
9498,1022
9499,0
9500,0
9501,1022
9502,0
9503,0
9504,1022
9505,0
9506,0
9507,1022
9508,0
9509,1022
9510,1022
9511,0
9512,1022
9513,1022
9514,0
9515,1022
9516,1021
9517,0
9518,1022
9519,0
9520,0
9521,1022
9522,0
9523,0
9524,1021
9525,0
9526,0
9527,1022
9528,0
9529,80
9530,1022
9531,0
9532,1022
9533,1022
9534,0
9535,1022
9536,1021
9537,0
9538,1022
9539,1022
9540,0
9541,1022
9542,0
9543,0
9544,1021
9545,0
9546,0
9547,1022
9548,0
9549,0
9550,1022
9551,0
9552,1022
9553,1022
9554,0
9555,1022
9556,1022
9557,0
9558,1022
9559,1022
9560,0
9561,1022
9562,0
9563,0
9564,1022
9565,0
9566,0
9567,1022
9568,0
9569,0
9570,1022
9571,0
9572,1022
9573,1022
9574,0
9575,1022
9576,1022
9577,0
9578,1022
9579,1022
9580,0
9581,1023
9582,1022
9583,0
9584,1022
9585,0
9586,0
9587,1021
9588,0
9589,0
9590,1022
9591,0
9592,0
9593,1023
9594,0
9595,1021
9596,1023
9597,0
9598,1022
9599,1022
9600,0
9601,1022
9602,1022
9603,0
9604,1022
9605,0
9606,0
9607,1022
9608,0
9609,0
9610,1022
9611,0
9612,0
9613,1022
9614,0
9615,1022
9616,1022
9617,0
9618,1022
9619,1022
9620,0
9621,1022
9622,1022
9623,0
9624,1022
9625,1006
9626,0
9627,1021
9628,0
9629,0
9630,1022
9631,0
9632,0
9633,1022
9634,0
9635,0
9636,1022
9637,0
9638,1021
9639,1022
9640,0
9641,1022
9642,1022
9643,0
9644,1022
9645,1022
9646,0
9647,1022
9648,0
9649,0
9650,1022
9651,0
9652,0
9653,1022
9654,0
9655,0
9656,1022
9657,0
9658,1022
9659,1021
9660,0
9661,1022
9662,1022
9663,0
9664,1022
9665,1021
9666,0
9667,1022
9668,0
9669,0
9670,1022
9671,0
9672,0
9673,1022
9674,0
9675,0
9676,1022
9677,0
9678,0
9679,1022
9680,0
9681,1022
9682,1022
9683,0
9684,1022
9685,1022
9686,0
9687,1022
9688,1022
9689,0
9690,1022
9691,0
9692,0
9693,1022
9694,0
9695,0
9696,1022
9697,0
9698,0
9699,1022
9700,0
9701,1022
9702,1022
9703,0
9704,1022
9705,1021
9706,0
9707,1022
9708,1022
9709,0
9710,1022
9711,0
9712,0
9713,1022
9714,0
9715,0
9716,1022
9717,0
9718,0
9719,1022
9720,0
9721,56
9722,1021
9723,0
9724,1021
9725,1022
9726,0
9727,1022
9728,1022
9729,0
9730,1022
9731,1022
9732,0
9733,1022
9734,0
9735,0
9736,1022
9737,0
9738,0
9739,1022
9740,0
9741,0
9742,1022
9743,0
9744,1021
9745,1022
9746,0
9747,1022
9748,1022
9749,0
9750,1022
9751,1022
9752,0
9753,1022
9754,0
9755,0
9756,1022
9757,0
9758,0
9759,1022
9760,0
9761,0
9762,1022
9763,0
9764,1022
9765,1022
9766,0
9767,1022
9768,1022
9769,0
9770,1022
9771,1022
9772,0
9773,1022
9774,1006
9775,0
9776,1022
9777,0
9778,0
9779,1022
9780,0
9781,0
9782,1022
9783,0
9784,0
9785,1022
9786,0
9787,1022
9788,1022
9789,0
9790,1021
9791,1022
9792,0
9793,1022
9794,1021
9795,0
9796,1022
9797,0
9798,0
9799,1021
9800,0
9801,0
9802,1022
9803,0
9804,0
9805,1021
9806,0
9807,1022
9808,1022
9809,0
9810,1022
9811,1022
9812,0
9813,1022
9814,1022
9815,0
9816,1022
9817,0
9818,0
9819,1021
9820,0
9821,0
9822,1022
9823,0
9824,0
9825,1022
9826,0
9827,0
9828,1021
9829,0
9830,1022
9831,1022
9832,0
9833,1022
9834,1022
9835,0
9836,1022
9837,1022
9838,0
9839,1022
9840,0
9841,0
9842,1022
9843,0
9844,0
9845,1022
9846,0
9847,0
9848,1022
9849,0
9850,1022
9851,1022
9852,0
9853,1022
9854,1022
9855,0
9856,1022
9857,1022
9858,0
9859,1022
9860,0
9861,0
9862,1022
9863,0
9864,0
9865,1022
9866,0
9867,0
9868,1022
9869,0
9870,0
9871,1022
9872,0
9873,1022
9874,1022
9875,0
9876,1021
9877,1022
9878,0
9879,1022
9880,1022
9881,0
9882,1022
9883,0
9884,0
9885,1022
9886,0
9887,0
9888,1022
9889,0
9890,0
9891,1021
9892,0
9893,1022
9894,1022
9895,0
9896,1022
9897,1022
9898,0
9899,1022
9900,1021
9901,0
9902,1022
9903,0
9904,0
9905,1022
9906,0
9907,0
9908,1022
9909,0
9910,0
9911,1022
9912,0
9913,56
9914,1022
9915,0
9916,1022
9917,1022
9918,0
9919,1022
9920,1022
9921,0
9922,1022
9923,1022
9924,0
9925,1022
9926,0
9927,0
9928,1021
9929,0
9930,0
9931,1022
9932,0
9933,0
9934,1022
9935,0
9936,1022
9937,1022
9938,0
9939,1022
9940,1022
9941,0
9942,1022
9943,1022
9944,0
9945,1022
9946,0
9947,0
9948,1022
9949,0
9950,0
9951,1022
9952,0
9953,0
9954,1022
9955,0
9956,1022
9957,1022
9958,0
9959,1022
9960,1022
9961,0
9962,1021
9963,1022
9964,0
9965,1022
9966,1021
9967,0
9968,1022
9969,0
9970,0
9971,1022
9972,0
9973,0
9974,1022
9975,0
9976,0
9977,1022
9978,0
9979,1022
9980,1021
9981,0
9982,1022
9983,1022
9984,0
9985,1022
9986,1021
9987,0
9988,1022
9989,0
9990,0
9991,1021
9992,0
9993,0
9994,1022
9995,0
9996,0
9997,1022
9998,0
9999,1022
10000,1022
