1,0
2,0
3,0
4,1021
5,1021
6,1022
7,1022
8,1022
9,1021
10,1022
11,1021
12,1022
13,0
14,0
15,0
16,0
17,0
18,0
19,0
20,0
21,0
22,1022
23,1021
24,1022
25,1022
26,1022
27,1022
28,1022
29,1021
30,0
31,0
32,0
33,0
34,0
35,0
36,0
37,0
38,0
39,1022
40,1022
41,1022
42,1022
43,1022
44,1022
45,1022
46,1022
47,1022
48,0
49,0
50,0
51,0
52,0
53,0
54,0
55,0
56,0
57,1022
58,1022
59,1022
60,1022
61,1022
62,1022
63,1022
64,1022
65,0
66,0
67,0
68,0
69,0
70,0
71,0
72,0
73,0
74,1021
75,1021
76,1022
77,1022
78,1022
79,1022
80,1022
81,1022
82,1022
83,0
84,0
85,0
86,0
87,0
88,0
89,0
90,0
91,0
92,1022
93,1022
94,1022
95,1022
96,1022
97,1022
98,1022
99,1022
100,0
101,0
102,0
103,0
104,0
105,0
106,0
107,0
108,0
109,1021
110,1022
111,1022
112,1022
113,1022
114,1022
115,1022
116,1022
117,1022
118,0
119,0
120,0
121,0
122,0
123,0
124,0
125,0
126,0
127,1022
128,1022
129,1022
130,1022
131,1022
132,1022
133,1022
134,1022
135,1022
136,0
137,0
138,0
139,0
140,0
141,0
142,0
143,0
144,1022
145,1022
146,1022
147,1022
148,1021
149,1022
150,1022
151,1021
152,1022
153,0
154,0
155,0
156,0
157,0
158,0
159,0
160,0
161,0
162,1022
163,1021
164,1022
165,1022
166,1022
167,1022
168,1022
169,1022
170,1022
171,0
172,0
173,0
174,0
175,0
176,0
177,0
178,0
179,1023
180,1022
181,1022
182,1022
183,1022
184,1022
185,1022
186,1022
187,1022
188,0
189,0
190,0
191,0
192,0
193,0
194,0
195,0
196,0
197,1022
198,1022
199,1022
200,1022
201,1022
202,1022
203,1022
204,1022
205,1022
206,0
207,0
208,0
209,0
210,0
211,0
212,0
213,0
214,1021
215,1022
216,1022
217,1022
218,1022
219,1022
220,1022
221,1021
222,1022
223,0
224,0
225,0
226,0
227,0
228,0
229,0
230,0
231,0
232,1022
233,1022
234,1021
235,1022
236,1022
237,1021
238,1022
239,1022
240,1022
241,0
242,0
243,0
244,0
245,0
246,0
247,0
248,0
249,1022
250,1022
251,1022
252,1022
253,1022
254,1022
255,1022
256,1022
257,1021
258,0
259,0
260,0
261,0
262,0
263,0
264,0
265,0
266,0
267,1022
268,1022
269,1022
270,1022
271,1022
272,1022
273,1022
274,1021
275,1021
276,0
277,0
278,0
279,0
280,0
281,0
282,0
283,0
284,0
285,1022
286,1022
287,1022
288,1022
289,1022
290,1022
291,1022
292,1022
293,0
294,0
295,0
296,0
297,0
298,0
299,0
300,0
301,0
302,1022
303,1022
304,1022
305,1021
306,1022
307,1022
308,1021
309,1022
310,1021
311,0
312,0
313,0
314,0
315,0
316,0
317,0
318,0
319,0
320,1022
321,1022
322,1022
323,1022
324,1022
325,1022
326,1022
327,1022
328,0
329,0
330,0
331,0
332,0
333,0
334,0
335,0
336,0
337,1022
338,1022
339,1022
340,1022
341,1022
342,1022
343,1022
344,1022
345,1022
346,0
347,0
348,0
349,0
350,0
351,0
352,0
353,0
354,0
355,1022
356,1022
357,1021
358,1022
359,1022
360,1022
361,1022
362,1022
363,0
364,0
365,0
366,0
367,0
368,0
369,0
370,0
371,0
372,1022
373,1022
374,1022
375,1022
376,1022
377,1022
378,1022
379,1022
380,1022
381,0
382,0
383,0
384,0
385,0
386,0
387,0
388,0
389,0
390,1022
391,1022
392,1021
393,1022
394,1022
395,1022
396,1022
397,1022
398,1022
399,0
400,0
401,0
402,0
403,0
404,0
405,0
406,0
407,1021
408,1022
409,1022
410,1022
411,1022
412,1022
413,1022
414,1022
415,1022
416,0
417,0
418,0
419,0
420,0
421,0
422,0
423,0
424,0
425,1022
426,1022
427,1022
428,1022
429,1022
430,1022
431,1022
432,1022
433,1022
434,0
435,0
436,0
437,0
438,0
439,0
440,0
441,0
442,1021
443,1022
444,1022
445,1022
446,1022
447,1022
448,1022
449,1022
450,1022
451,0
452,0
453,0
454,0
455,0
456,0
457,0
458,0
459,0
460,1022
461,1022
462,1021
463,1021
464,1021
465,1022
466,1022
467,1022
468,1021
469,0
470,0
471,0
472,0
473,0
474,0
475,0
476,0
477,1022
478,1022
479,1022
480,1022
481,1022
482,1022
483,1022
484,1022
485,1022
486,0
487,0
488,0
489,0
490,0
491,0
492,0
493,0
494,0
495,1022
496,1022
497,1022
498,1022
499,1022
500,1022
501,1022
502,1022
503,1022
504,0
505,0
506,0
507,0
508,0
509,0
510,0
511,0
512,0
513,1022
514,1022
515,1022
516,1022
517,1022
518,1022
519,1022
520,1022
521,0
522,0
523,0
524,0
525,0
526,0
527,0
528,0
529,0
530,1022
531,1022
532,1022
533,1023
534,1022
535,1022
536,1022
537,1022
538,1021
539,0
540,0
541,0
542,0
543,0
544,0
545,0
546,0
547,0
548,1022
549,1022
550,1022
551,1022
552,1022
553,1022
554,1022
555,1022
556,0
557,0
558,0
559,0
560,0
561,0
562,0
563,0
564,0
565,1022
566,1022
567,1022
568,1022
569,1021
570,1022
571,1022
572,1022
573,1022
574,0
575,0
576,0
577,0
578,0
579,0
580,0
581,0
582,0
583,1022
584,1022
585,1022
586,1022
587,1022
588,1022
589,1022
590,1022
591,0
592,0
593,0
594,0
595,0
596,0
597,0
598,0
599,0
600,1022
601,1022
602,1021
603,1022
604,1021
605,1022
606,1022
607,1022
608,1022
609,0
610,0
611,0
612,0
613,0
614,0
615,0
616,0
617,0
618,1022
619,1021
620,1022
621,1022
622,1022
623,1022
624,1021
625,1021
626,1022
627,0
628,0
629,0
630,0
631,0
632,0
633,0
634,0
635,1022
636,1022
637,1022
638,1022
639,1022
640,1022
641,1022
642,1022
643,1022
644,0
645,0
646,0
647,0
648,0
649,0
650,0
651,0
652,0
653,1022
654,1022
655,1021
656,1022
657,1022
658,1022
659,1022
660,1022
661,1022
662,0
663,0
664,0
665,0
666,0
667,0
668,0
669,0
670,1022
671,1022
672,1022
673,1022
674,1022
675,1022
676,1022
677,1022
678,1022
679,0
680,0
681,0
682,0
683,0
684,0
685,0
686,0
687,0
688,1022
689,1021
690,1021
691,1021
692,1022
693,1021
694,1021
695,1023
696,1022
697,0
698,0
699,0
700,0
701,0
702,0
703,0
704,0
705,1022
706,1022
707,1022
708,1022
709,1022
710,1022
711,1022
712,1022
713,1022
714,0
715,0
716,0
717,0
718,0
719,0
720,0
721,0
722,0
723,1022
724,1022
725,1022
726,1021
727,1022
728,1022
729,1022
730,1022
731,1022
732,0
733,0
734,0
735,0
736,0
737,0
738,0
739,0
740,0
741,1022
742,1022
743,1022
744,1022
745,1022
746,1022
747,1022
748,1022
749,0
750,0
751,0
752,0
753,0
754,0
755,0
756,0
757,0
758,1022
759,1022
760,1022
761,1021
762,1022
763,1022
764,1021
765,1023
766,1021
767,0
768,0
769,0
770,0
771,0
772,0
773,0
774,0
775,0
776,1021
777,1022
778,1022
779,1022
780,1022
781,1022
782,1022
783,1022
784,0
785,0
786,0
787,0
788,0
789,0
790,0
791,0
792,0
793,1021
794,1022
795,1022
796,1022
797,1022
798,1022
799,1022
800,1021
801,1022
802,0
803,0
804,0
805,0
806,0
807,0
808,0
809,0
810,0
811,1022
812,1022
813,1022
814,1022
815,1022
816,1022
817,1022
818,1022
819,0
820,0
821,0
822,0
823,0
824,0
825,0
826,0
827,0
828,1022
829,1022
830,1022
831,1022
832,1022
833,1022
834,1022
835,1022
836,1022
837,0
838,0
839,0
840,0
841,0
842,0
843,0
844,0
845,0
846,1022
847,1021
848,1022
849,1022
850,1022
851,1022
852,1022
853,1021
854,0
855,0
856,0
857,0
858,0
859,0
860,0
861,0
862,0
863,1022
864,1022
865,1022
866,1022
867,1022
868,1023
869,1022
870,1022
871,1022
872,0
873,0
874,0
875,0
876,0
877,0
878,0
879,0
880,0
881,1022
882,1022
883,1022
884,1021
885,1022
886,1022
887,1022
888,1021
889,1022
890,0
891,0
892,0
893,0
894,0
895,0
896,0
897,0
898,1022
899,1022
900,1022
901,1022
902,1022
903,1022
904,1022
905,1022
906,1022
907,0
908,0
909,0
910,0
911,0
912,0
913,0
914,0
915,0
916,1022
917,1022
918,1022
919,1023
920,1022
921,1021
922,1023
923,1021
924,1021
925,0
926,0
927,0
928,0
929,0
930,0
931,0
932,0
933,1022
934,1022
935,1022
936,1022
937,1022
938,1022
939,1022
940,1022
941,1022
942,0
943,0
944,0
945,0
946,0
947,0
948,0
949,0
950,0
951,1021
952,1022
953,1022
954,1022
955,1022
956,1022
957,1022
958,1022
959,1022
960,0
961,0
962,0
963,0
964,0
965,0
966,0
967,0
968,1022
969,1022
970,1022
971,1022
972,1022
973,1022
974,1022
975,1022
976,1022
977,0
978,0
979,0
980,0
981,0
982,0
983,0
984,0
985,0
986,1022
987,1021
988,1022
989,1022
990,1022
991,1022
992,1022
993,1021
994,1022
995,0
996,0
997,0
998,0
999,0
1000,0
1001,0
1002,0
1003,0
1004,1022
1005,1022
1006,1022
1007,1022
1008,1023
1009,1022
1010,1022
1011,1022
1012,0
1013,0
1014,0
1015,0
1016,0
1017,0
1018,0
1019,0
1020,0
1021,1022
1022,1022
1023,1022
1024,1021
1025,1022
1026,1022
1027,1022
1028,1022
1029,1022
1030,0
1031,0
1032,0
1033,0
1034,0
1035,0
1036,0
1037,0
1038,0
1039,1022
1040,1022
1041,1022
1042,1022
1043,1022
1044,1022
1045,1022
1046,1022
1047,0
1048,0
1049,0
1050,0
1051,0
1052,0
1053,0
1054,0
1055,0
1056,1022
1057,1022
1058,1022
1059,1022
1060,1022
1061,1022
1062,1022
1063,1022
1064,1022
1065,0
1066,0
1067,0
1068,0
1069,0
1070,0
1071,0
1072,0
1073,0
1074,1021
1075,1021
1076,1021
1077,1021
1078,1022
1079,1022
1080,1022
1081,1022
1082,0
1083,0
1084,0
1085,0
1086,0
1087,0
1088,0
1089,0
1090,0
1091,1022
1092,1021
1093,1022
1094,1022
1095,1022
1096,1022
1097,1022
1098,1022
1099,1022
1100,0
1101,0
1102,0
1103,0
1104,0
1105,0
1106,0
1107,0
1108,0
1109,1022
1110,1022
1111,1022
1112,1022
1113,1022
1114,1022
1115,1021
1116,1022
1117,1022
1118,0
1119,0
1120,0
1121,0
1122,0
1123,0
1124,0
1125,0
1126,1022
1127,1022
1128,1022
1129,1022
1130,1022
1131,1022
1132,1022
1133,1022
1134,1022
1135,0
1136,0
1137,0
1138,0
1139,0
1140,0
1141,0
1142,0
1143,0
1144,1022
1145,1022
1146,1022
1147,1023
1148,1022
1149,1021
1150,1021
1151,1021
1152,1022
1153,0
1154,0
1155,0
1156,0
1157,0
1158,0
1159,0
1160,0
1161,1022
1162,1021
1163,1022
1164,1022
1165,1022
1166,1022
1167,1022
1168,1022
1169,1022
1170,0
1171,0
1172,0
1173,0
1174,0
1175,0
1176,0
1177,0
1178,0
1179,1022
1180,1022
1181,1022
1182,1022
1183,1022
1184,1022
1185,1022
1186,1022
1187,1022
1188,0
1189,0
1190,0
1191,0
1192,0
1193,0
1194,0
1195,0
1196,1021
1197,1022
1198,1022
1199,1021
1200,1022
1201,1022
1202,1021
1203,1022
1204,1022
1205,0
1206,0
1207,0
1208,0
1209,0
1210,0
1211,0
1212,0
1213,0
1214,1022
1215,1022
1216,1022
1217,1022
1218,1022
1219,1022
1220,1022
1221,1022
1222,1022
1223,0
1224,0
1225,0
1226,0
1227,0
1228,0
1229,0
1230,0
1231,0
1232,1022
1233,1022
1234,1022
1235,1021
1236,1022
1237,1022
1238,1022
1239,1022
1240,0
1241,0
1242,0
1243,0
1244,0
1245,0
1246,0
1247,0
1248,0
1249,1021
1250,1022
1251,1022
1252,1022
1253,1022
1254,1022
1255,1022
1256,1022
1257,1022
1258,0
1259,0
1260,0
1261,0
1262,0
1263,0
1264,0
1265,0
1266,0
1267,1022
1268,1022
1269,1022
1270,1022
1271,1022
1272,1022
1273,1022
1274,1022
1275,0
1276,0
1277,0
1278,0
1279,0
1280,0
1281,0
1282,0
1283,0
1284,1022
1285,1022
1286,1022
1287,1022
1288,1022
1289,1022
1290,1022
1291,1022
1292,1022
1293,0
1294,0
1295,0
1296,0
1297,0
1298,0
1299,0
1300,0
1301,0
1302,1022
1303,1022
1304,1022
1305,1022
1306,1021
1307,1022
1308,1023
1309,1021
1310,0
1311,0
1312,0
1313,0
1314,0
1315,0
1316,0
1317,0
1318,0
1319,1022
1320,1022
1321,1022
1322,1021
1323,1022
1324,1022
1325,1022
1326,1022
1327,1022
1328,0
1329,0
1330,0
1331,0
1332,0
1333,0
1334,0
1335,0
1336,0
1337,1022
1338,1022
1339,1022
1340,1022
1341,1022
1342,1022
1343,1022
1344,1022
1345,1022
1346,0
1347,0
1348,0
1349,0
1350,0
1351,0
1352,0
1353,0
1354,1022
1355,1022
1356,1022
1357,1022
1358,1022
1359,1022
1360,1022
1361,1022
1362,1022
1363,0
1364,0
1365,0
1366,0
1367,0
1368,0
1369,0
1370,0
1371,0
1372,1022
1373,1022
1374,1021
1375,1022
1376,1022
1377,1022
1378,1022
1379,1022
1380,1022
1381,0
1382,0
1383,0
1384,0
1385,0
1386,0
1387,0
1388,0
1389,1021
1390,1022
1391,1022
1392,1022
1393,1022
1394,1022
1395,1022
1396,1022
1397,1022
1398,0
1399,0
1400,0
1401,0
1402,0
1403,0
1404,0
1405,0
1406,0
1407,1022
1408,1022
1409,1022
1410,1022
1411,1022
1412,1022
1413,1021
1414,1022
1415,1022
1416,0
1417,0
1418,0
1419,0
1420,0
1421,0
1422,0
1423,0
1424,1022
1425,1022
1426,1022
1427,1022
1428,1022
1429,1022
1430,1022
1431,1022
1432,1022
1433,0
1434,0
1435,0
1436,0
1437,0
1438,0
1439,0
1440,0
1441,0
1442,1022
1443,1022
1444,1022
1445,1022
1446,1022
1447,1022
1448,1022
1449,1022
1450,1021
1451,0
1452,0
1453,0
1454,0
1455,0
1456,0
1457,0
1458,0
1459,1022
1460,1022
1461,1022
1462,1022
1463,1022
1464,1022
1465,1022
1466,1022
1467,1022
1468,0
1469,0
1470,0
1471,0
1472,0
1473,0
1474,0
1475,0
1476,0
1477,1022
1478,1022
1479,1022
1480,1022
1481,1022
1482,1022
1483,1022
1484,1022
1485,1022
1486,0
1487,0
1488,0
1489,0
1490,0
1491,0
1492,0
1493,0
1494,0
1495,1021
1496,1022
1497,1022
1498,1022
1499,1022
1500,1022
1501,1022
1502,1022
1503,0
1504,0
1505,0
1506,0
1507,0
1508,0
1509,0
1510,0
1511,0
1512,1022
1513,1022
1514,1022
1515,1022
1516,1022
1517,1022
1518,1022
1519,1022
1520,1022
1521,0
1522,0
1523,0
1524,0
1525,0
1526,0
1527,0
1528,0
1529,0
1530,1021
1531,1021
1532,1022
1533,1022
1534,1022
1535,1022
1536,1021
1537,1022
1538,0
1539,0
1540,0
1541,0
1542,0
1543,0
1544,0
1545,0
1546,0
1547,1022
1548,1022
1549,1022
1550,1022
1551,1022
1552,1022
1553,1022
1554,1022
1555,1022
1556,0
1557,0
1558,0
1559,0
1560,0
1561,0
1562,0
1563,0
1564,0
1565,1022
1566,1022
1567,1022
1568,1022
1569,1022
1570,1022
1571,1022
1572,1022
1573,0
1574,0
1575,0
1576,0
1577,0
1578,0
1579,0
1580,0
1581,0
1582,1022
1583,1022
1584,1022
1585,1022
1586,1022
1587,1022
1588,1022
1589,1022
1590,1022
1591,0
1592,0
1593,0
1594,0
1595,0
1596,0
1597,0
1598,0
1599,0
1600,1022
1601,1022
1602,1022
1603,1022
1604,1022
1605,1022
1606,1022
1607,1022
1608,1022
1609,0
1610,0
1611,0
1612,0
1613,0
1614,0
1615,0
1616,0
1617,1022
1618,1022
1619,1022
1620,1022
1621,1022
1622,1022
1623,1022
1624,1023
1625,1022
1626,0
1627,0
1628,0
1629,0
1630,0
1631,0
1632,0
1633,0
1634,0
1635,1022
1636,1022
1637,1022
1638,1022
1639,1022
1640,1022
1641,1022
1642,1022
1643,1022
1644,0
1645,0
1646,0
1647,0
1648,0
1649,0
1650,0
1651,0
1652,1022
1653,1022
1654,1022
1655,1022
1656,1022
1657,1022
1658,1022
1659,1022
1660,1022
1661,0
1662,0
1663,0
1664,0
1665,0
1666,0
1667,0
1668,0
1669,0
1670,1022
1671,1022
1672,1022
1673,1022
1674,1022
1675,1022
1676,1022
1677,1022
1678,1022
1679,0
1680,0
1681,0
1682,0
1683,0
1684,0
1685,0
1686,0
1687,1021
1688,1022
1689,1022
1690,1022
1691,1022
1692,1022
1693,1022
1694,1022
1695,1022
1696,0
1697,0
1698,0
1699,0
1700,0
1701,0
1702,0
1703,0
1704,0
1705,1022
1706,1022
1707,1022
1708,1022
1709,1021
1710,1022
1711,1022
1712,1022
1713,1022
1714,0
1715,0
1716,0
1717,0
1718,0
1719,0
1720,0
1721,0
1722,0
1723,1022
1724,1022
1725,1022
1726,1022
1727,1021
1728,1022
1729,1022
1730,1022
1731,0
1732,0
1733,0
1734,0
1735,0
1736,0
1737,0
1738,0
1739,0
1740,1022
1741,1022
1742,1022
1743,1022
1744,1022
1745,1022
1746,1022
1747,1022
1748,1022
1749,0
1750,0
1751,0
1752,0
1753,0
1754,0
1755,0
1756,0
1757,0
1758,1022
1759,1022
1760,1021
1761,1022
1762,1022
1763,1022
1764,1021
1765,1021
1766,0
1767,0
1768,0
1769,0
1770,0
1771,0
1772,0
1773,0
1774,0
1775,1022
1776,1022
1777,1022
1778,1022
1779,1022
1780,1022
1781,1022
1782,1022
1783,1022
1784,0
1785,0
1786,0
1787,0
1788,0
1789,0
1790,0
1791,0
1792,0
1793,1022
1794,1022
1795,1022
1796,1022
1797,1022
1798,1022
1799,1022
1800,1022
1801,0
1802,0
1803,0
1804,0
1805,0
1806,0
1807,0
1808,0
1809,0
1810,1022
1811,1022
1812,1022
1813,1022
1814,1022
1815,1022
1816,1022
1817,1022
1818,1022
1819,0
1820,0
1821,0
1822,0
1823,0
1824,0
1825,0
1826,0
1827,0
1828,1022
1829,1022
1830,1021
1831,1022
1832,1022
1833,1022
1834,1022
1835,1022
1836,1022
1837,0
1838,0
1839,0
1840,0
1841,0
1842,0
1843,0
1844,0
1845,1022
1846,1022
1847,1022
1848,1022
1849,1022
1850,1021
1851,1022
1852,1022
1853,1021
1854,0
1855,0
1856,0
1857,0
1858,0
1859,0
1860,0
1861,0
1862,0
1863,1022
1864,1022
1865,1022
1866,1022
1867,1022
1868,1022
1869,1022
1870,1022
1871,1022
1872,0
1873,0
1874,0
1875,0
1876,0
1877,0
1878,0
1879,0
1880,1022
1881,1022
1882,1022
1883,1022
1884,1022
1885,1022
1886,1022
1887,1022
1888,1022
1889,0
1890,0
1891,0
1892,0
1893,0
1894,0
1895,0
1896,0
1897,0
1898,1023
1899,1022
1900,1022
1901,1022
1902,1021
1903,1022
1904,1021
1905,1022
1906,1022
1907,0
1908,0
1909,0
1910,0
1911,0
1912,0
1913,0
1914,0
1915,1021
1916,1022
1917,1022
1918,1022
1919,1023
1920,1022
1921,1022
1922,1021
1923,1022
1924,0
1925,0
1926,0
1927,0
1928,0
1929,0
1930,0
1931,0
1932,0
1933,1022
1934,1022
1935,1022
1936,1022
1937,1022
1938,1022
1939,1022
1940,1022
1941,1022
1942,0
1943,0
1944,0
1945,0
1946,0
1947,0
1948,0
1949,0
1950,1022
1951,1022
1952,1022
1953,1022
1954,1022
1955,1022
1956,1022
1957,1022
1958,1022
1959,0
1960,0
1961,0
1962,0
1963,0
1964,0
1965,0
1966,0
1967,0
1968,1022
1969,1022
1970,1022
1971,1022
1972,1022
1973,1022
1974,1022
1975,1022
1976,1022
1977,0
1978,0
1979,0
1980,0
1981,0
1982,0
1983,0
1984,0
1985,0
1986,1022
1987,1022
1988,1022
1989,1022
1990,1022
1991,1022
1992,1022
1993,1022
1994,0
1995,0
1996,0
1997,0
1998,0
1999,0
2000,0
2001,0
2002,0
2003,1022
2004,1022
2005,1022
2006,1022
2007,1022
2008,1022
2009,1022
2010,1022
2011,1022
2012,0
2013,0
2014,0
2015,0
2016,0
2017,0
2018,0
2019,0
2020,0
2021,1022
2022,1022
2023,1022
2024,1022
2025,1022
2026,1022
2027,1022
2028,1022
2029,0
2030,0
2031,0
2032,0
2033,0
2034,0
2035,0
2036,0
2037,0
2038,1022
2039,1022
2040,1022
2041,1022
2042,1022
2043,1022
2044,1022
2045,1022
2046,1022
2047,0
2048,0
2049,0
2050,0
2051,0
2052,0
2053,0
2054,0
2055,0
2056,1022
2057,1022
2058,1022
2059,1023
2060,1022
2061,1023
2062,1022
2063,1021
2064,0
2065,0
2066,0
2067,0
2068,0
2069,0
2070,0
2071,0
2072,0
2073,1022
2074,1021
2075,1022
2076,1021
2077,1022
2078,1022
2079,1021
2080,1022
2081,1022
2082,0
2083,0
2084,0
2085,0
2086,0
2087,0
2088,0
2089,0
2090,0
2091,1021
2092,1022
2093,1022
2094,1022
2095,1022
2096,1022
2097,1022
2098,1022
2099,1022
2100,0
2101,0
2102,0
2103,0
2104,0
2105,0
2106,0
2107,0
2108,1022
2109,1022
2110,1022
2111,1022
2112,1022
2113,1022
2114,1022
2115,1022
2116,1022
2117,0
2118,0
2119,0
2120,0
2121,0
2122,0
2123,0
2124,0
2125,0
2126,1022
2127,1022
2128,1022
2129,1022
2130,1022
2131,1022
2132,1021
2133,1023
2134,1022
2135,0
2136,0
2137,0
2138,0
2139,0
2140,0
2141,0
2142,0
2143,1022
2144,1022
2145,1023
2146,1021
2147,1022
2148,1021
2149,1021
2150,1021
2151,1022
2152,0
2153,0
2154,0
2155,0
2156,0
2157,0
2158,0
2159,0
2160,0
2161,1022
2162,1022
2163,1021
2164,1022
2165,1022
2166,1022
2167,1022
2168,1022
2169,1022
2170,0
2171,0
2172,0
2173,0
2174,0
2175,0
2176,0
2177,0
2178,1022
2179,1022
2180,1022
2181,1022
2182,1022
2183,1022
2184,1022
2185,1022
2186,1022
2187,0
2188,0
2189,0
2190,0
2191,0
2192,0
2193,0
2194,0
2195,0
2196,1022
2197,1022
2198,1022
2199,1022
2200,1022
2201,1022
2202,1022
2203,1022
2204,1022
2205,0
2206,0
2207,0
2208,0
2209,0
2210,0
2211,0
2212,0
2213,0
2214,1023
2215,1022
2216,1022
2217,1022
2218,1022
2219,1022
2220,1022
2221,1022
2222,0
2223,0
2224,0
2225,0
2226,0
2227,0
2228,0
2229,0
2230,0
2231,1022
2232,1022
2233,1022
2234,1022
2235,1022
2236,1022
2237,1022
2238,1022
2239,1022
2240,0
2241,0
2242,0
2243,0
2244,0
2245,0
2246,0
2247,0
2248,0
2249,1022
2250,1022
2251,1022
2252,1022
2253,1022
2254,1022
2255,1022
2256,1022
2257,0
2258,0
2259,0
2260,0
2261,0
2262,0
2263,0
2264,0
2265,0
2266,1022
2267,1022
2268,1022
2269,1022
2270,1022
2271,1022
2272,1022
2273,1022
2274,1022
2275,0
2276,0
2277,0
2278,0
2279,0
2280,0
2281,0
2282,0
2283,0
2284,1022
2285,1022
2286,1022
2287,1022
2288,1022
2289,1022
2290,1022
2291,1022
2292,0
2293,0
2294,0
2295,0
2296,0
2297,0
2298,0
2299,0
2300,0
2301,1022
2302,1022
2303,1021
2304,1022
2305,1021
2306,1022
2307,1021
2308,1022
2309,1021
2310,0
2311,0
2312,0
2313,0
2314,0
2315,0
2316,0
2317,0
2318,0
2319,1021
2320,1022
2321,1022
2322,1022
2323,1022
2324,1022
2325,1022
2326,1022
2327,1022
2328,0
2329,0
2330,0
2331,0
2332,0
2333,0
2334,0
2335,0
2336,1022
2337,1022
2338,1022
2339,1022
2340,1022
2341,1022
2342,1022
2343,1022
2344,1022
2345,0
2346,0
2347,0
2348,0
2349,0
2350,0
2351,0
2352,0
2353,0
2354,1022
2355,1022
2356,1022
2357,1022
2358,1022
2359,1022
2360,1022
2361,1022
2362,1022
2363,0
2364,0
2365,0
2366,0
2367,0
2368,0
2369,0
2370,0
2371,1022
2372,1022
2373,1022
2374,1021
2375,1022
2376,1022
2377,1021
2378,1022
2379,1021
2380,0
2381,0
2382,0
2383,0
2384,0
2385,0
2386,0
2387,0
2388,0
2389,1022
2390,1022
2391,1022
2392,1022
2393,1022
2394,1022
2395,1022
2396,1022
2397,1022
2398,0
2399,0
2400,0
2401,0
2402,0
2403,0
2404,0
2405,0
2406,1022
2407,1022
2408,1022
2409,1022
2410,1022
2411,1022
2412,1022
2413,1022
2414,1022
2415,0
2416,0
2417,0
2418,0
2419,0
2420,0
2421,0
2422,0
2423,0
2424,1022
2425,1022
2426,1022
2427,1022
2428,1022
2429,1022
2430,1022
2431,1022
2432,1022
2433,0
2434,0
2435,0
2436,0
2437,0
2438,0
2439,0
2440,0
2441,1021
2442,1022
2443,1022
2444,1022
2445,1022
2446,1022
2447,1022
2448,1021
2449,1022
2450,0
2451,0
2452,0
2453,0
2454,0
2455,0
2456,0
2457,0
2458,0
2459,1022
2460,1021
2461,1023
2462,1022
2463,1022
2464,1022
2465,1022
2466,1022
2467,1022
2468,0
2469,0
2470,0
2471,0
2472,0
2473,0
2474,0
2475,0
2476,0
2477,1022
2478,1021
2479,1022
2480,1021
2481,1022
2482,1021
2483,1022
2484,1022
2485,0
2486,0
2487,0
2488,0
2489,0
2490,0
2491,0
2492,0
2493,0
2494,1022
2495,1022
2496,1022
2497,1022
2498,1022
2499,1021
2500,1022
2501,1022
2502,1022
2503,0
2504,0
2505,0
2506,0
2507,0
2508,0
2509,0
2510,0
2511,0
2512,1022
2513,1022
2514,1022
2515,1022
2516,1021
2517,1022
2518,1022
2519,1022
2520,0
2521,0
2522,0
2523,0
2524,0
2525,0
2526,0
2527,0
2528,0
2529,1022
2530,1022
2531,1022
2532,1022
2533,1021
2534,1022
2535,1022
2536,1022
2537,1022
2538,0
2539,0
2540,0
2541,0
2542,0
2543,0
2544,0
2545,0
2546,0
2547,1022
2548,1022
2549,1022
2550,1022
2551,1022
2552,1022
2553,1022
2554,1022
2555,0
2556,0
2557,0
2558,0
2559,0
2560,0
2561,0
2562,0
2563,0
2564,1022
2565,1022
2566,1022
2567,1022
2568,1022
2569,1021
2570,1022
2571,1022
2572,1021
2573,0
2574,0
2575,0
2576,0
2577,0
2578,0
2579,0
2580,0
2581,0
2582,1022
2583,1022
2584,1022
2585,1022
2586,1022
2587,1022
2588,1022
2589,1022
2590,1022
2591,0
2592,0
2593,0
2594,0
2595,0
2596,0
2597,0
2598,0
2599,1022
2600,1022
2601,1022
2602,1021
2603,1022
2604,1021
2605,1022
2606,1021
2607,1022
2608,0
2609,0
2610,0
2611,0
2612,0
2613,0
2614,0
2615,0
2616,0
2617,1022
2618,1022
2619,1022
2620,1021
2621,1022
2622,1022
2623,1022
2624,1022
2625,1022
2626,0
2627,0
2628,0
2629,0
2630,0
2631,0
2632,0
2633,0
2634,1021
2635,1022
2636,1022
2637,1022
2638,1022
2639,1022
2640,1021
2641,1022
2642,1022
2643,0
2644,0
2645,0
2646,0
2647,0
2648,0
2649,0
2650,0
2651,0
2652,1022
2653,1021
2654,1022
2655,1022
2656,1022
2657,1022
2658,1022
2659,1022
2660,1022
2661,0
2662,0
2663,0
2664,0
2665,0
2666,0
2667,0
2668,0
2669,1022
2670,1022
2671,1022
2672,1022
2673,1022
2674,1022
2675,1022
2676,1022
2677,1022
2678,0
2679,0
2680,0
2681,0
2682,0
2683,0
2684,0
2685,0
2686,0
2687,1023
2688,1022
2689,1021
2690,1022
2691,1022
2692,1022
2693,1022
2694,1022
2695,1022
2696,0
2697,0
2698,0
2699,0
2700,0
2701,0
2702,0
2703,0
2704,0
2705,1021
2706,1021
2707,1022
2708,1022
2709,1022
2710,1021
2711,1022
2712,1022
2713,0
2714,0
2715,0
2716,0
2717,0
2718,0
2719,0
2720,0
2721,0
2722,1022
2723,1022
2724,1021
2725,1022
2726,1022
2727,1022
2728,1022
2729,1022
2730,1022
2731,0
2732,0
2733,0
2734,0
2735,0
2736,0
2737,0
2738,0
2739,0
2740,1022
2741,1022
2742,1022
2743,1022
2744,1022
2745,1022
2746,1022
2747,1022
2748,0
2749,0
2750,0
2751,0
2752,0
2753,0
2754,0
2755,0
2756,0
2757,1022
2758,1022
2759,1021
2760,1022
2761,1022
2762,1023
2763,1021
2764,1021
2765,1022
2766,0
2767,0
2768,0
2769,0
2770,0
2771,0
2772,0
2773,0
2774,0
2775,1022
2776,1022
2777,1022
2778,1022
2779,1022
2780,1021
2781,1022
2782,1022
2783,0
2784,0
2785,0
2786,0
2787,0
2788,0
2789,0
2790,0
2791,0
2792,1022
2793,1022
2794,1022
2795,1022
2796,1022
2797,1022
2798,1022
2799,1022
2800,1021
2801,0
2802,0
2803,0
2804,0
2805,0
2806,0
2807,0
2808,0
2809,0
2810,1023
2811,1022
2812,1022
2813,1022
2814,1022
2815,1022
2816,1022
2817,1022
2818,1022
2819,0
2820,0
2821,0
2822,0
2823,0
2824,0
2825,0
2826,0
2827,1022
2828,1022
2829,1023
2830,1022
2831,1022
2832,1022
2833,1022
2834,1022
2835,1022
2836,0
2837,0
2838,0
2839,0
2840,0
2841,0
2842,0
2843,0
2844,0
2845,1022
2846,1022
2847,1022
2848,1022
2849,1022
2850,1022
2851,1022
2852,1022
2853,1022
2854,0
2855,0
2856,0
2857,0
2858,0
2859,0
2860,0
2861,0
2862,1022
2863,1021
2864,1022
2865,1022
2866,1022
2867,1022
2868,1022
2869,1022
2870,1022
2871,0
2872,0
2873,0
2874,0
2875,0
2876,0
2877,0
2878,0
2879,0
2880,1022
2881,1022
2882,1022
2883,1022
2884,1022
2885,1022
2886,1022
2887,1022
2888,1022
2889,0
2890,0
2891,0
2892,0
2893,0
2894,0
2895,0
2896,0
2897,1022
2898,1022
2899,1022
2900,1022
2901,1022
2902,1022
2903,1022
2904,1022
2905,1022
2906,0
2907,0
2908,0
2909,0
2910,0
2911,0
2912,0
2913,0
2914,0
2915,1022
2916,1021
2917,1022
2918,1022
2919,1022
2920,1022
2921,1022
2922,1022
2923,1022
2924,0
2925,0
2926,0
2927,0
2928,0
2929,0
2930,0
2931,0
2932,0
2933,1022
2934,1021
2935,1022
2936,1021
2937,1022
2938,1021
2939,1022
2940,1022
2941,0
2942,0
2943,0
2944,0
2945,0
2946,0
2947,0
2948,0
2949,0
2950,1022
2951,1022
2952,1022
2953,1022
2954,1022
2955,1022
2956,1022
2957,1021
2958,1022
2959,0
2960,0
2961,0
2962,0
2963,0
2964,0
2965,0
2966,0
2967,0
2968,1022
2969,1022
2970,1022
2971,1022
2972,1022
2973,1022
2974,1022
2975,1022
2976,0
2977,0
2978,0
2979,0
2980,0
2981,0
2982,0
2983,0
2984,0
2985,1021
2986,1021
2987,1022
2988,1021
2989,1022
2990,1021
2991,1022
2992,1022
2993,1021
2994,0
2995,0
2996,0
2997,0
2998,0
2999,0
3000,0
3001,0
3002,0
3003,1022
3004,1022
3005,1022
3006,1022
3007,1022
3008,1022
3009,1022
3010,1022
3011,0
3012,0
3013,0
3014,0
3015,0
3016,0
3017,0
3018,0
3019,0
3020,1022
3021,1022
3022,1022
3023,1022
3024,1022
3025,1022
3026,1022
3027,1022
3028,1022
3029,0
3030,0
3031,0
3032,0
3033,0
3034,0
3035,0
3036,0
3037,0
3038,1022
3039,1022
3040,1022
3041,1022
3042,1022
3043,1022
3044,1022
3045,1022
3046,0
3047,0
3048,0
3049,0
3050,0
3051,0
3052,0
3053,0
3054,0
3055,1021
3056,1022
3057,1022
3058,1022
3059,1022
3060,1022
3061,1022
3062,1022
3063,1022
3064,0
3065,0
3066,0
3067,0
3068,0
3069,0
3070,0
3071,0
3072,0
3073,1022
3074,1022
3075,1022
3076,1022
3077,1022
3078,1022
3079,1022
3080,1022
3081,1022
3082,0
3083,0
3084,0
3085,0
3086,0
3087,0
3088,0
3089,0
3090,1022
3091,1022
3092,1022
3093,1022
3094,1022
3095,1022
3096,1022
3097,1022
3098,1022
3099,0
3100,0
3101,0
3102,0
3103,0
3104,0
3105,0
3106,0
3107,0
3108,1022
3109,1022
3110,1022
3111,1022
3112,1022
3113,1022
3114,1022
3115,1022
3116,1022
3117,0
3118,0
3119,0
3120,0
3121,0
3122,0
3123,0
3124,0
3125,1022
3126,1021
3127,1022
3128,1022
3129,1022
3130,1022
3131,1022
3132,1021
3133,1022
3134,0
3135,0
3136,0
3137,0
3138,0
3139,0
3140,0
3141,0
3142,0
3143,1021
3144,1022
3145,1022
3146,1022
3147,1022
3148,1021
3149,1022
3150,1021
3151,1022
3152,0
3153,0
3154,0
3155,0
3156,0
3157,0
3158,0
3159,0
3160,1022
3161,1022
3162,1022
3163,1022
3164,1022
3165,1022
3166,1022
3167,1021
3168,1022
3169,0
3170,0
3171,0
3172,0
3173,0
3174,0
3175,0
3176,0
3177,0
3178,1022
3179,1022
3180,1022
3181,1022
3182,1022
3183,1022
3184,1022
3185,1022
3186,1022
3187,0
3188,0
3189,0
3190,0
3191,0
3192,0
3193,0
3194,0
3195,0
3196,1022
3197,1022
3198,1022
3199,1022
3200,1022
3201,1022
3202,1022
3203,1022
3204,0
3205,0
3206,0
3207,0
3208,0
3209,0
3210,0
3211,0
3212,0
3213,1021
3214,1023
3215,1022
3216,1022
3217,1022
3218,1021
3219,1021
3220,1022
3221,1022
3222,0
3223,0
3224,0
3225,0
3226,0
3227,0
3228,0
3229,0
3230,0
3231,1022
3232,1021
3233,1022
3234,1022
3235,1022
3236,1022
3237,1022
3238,1022
3239,0
3240,0
3241,0
3242,0
3243,0
3244,0
3245,0
3246,0
3247,0
3248,1022
3249,1022
3250,1022
3251,1022
3252,1022
3253,1022
3254,1022
3255,1022
3256,1022
3257,0
3258,0
3259,0
3260,0
3261,0
3262,0
3263,0
3264,0
3265,0
3266,1022
3267,1022
3268,1022
3269,1022
3270,1022
3271,1022
3272,1022
3273,1022
3274,0
3275,0
3276,0
3277,0
3278,0
3279,0
3280,0
3281,0
3282,0
3283,1022
3284,1022
3285,1022
3286,1021
3287,1022
3288,1022
3289,1022
3290,1022
3291,1022
3292,0
3293,0
3294,0
3295,0
3296,0
3297,0
3298,0
3299,0
3300,0
3301,1022
3302,1022
3303,1023
3304,1022
3305,1022
3306,1022
3307,1022
3308,1022
3309,1022
3310,0
3311,0
3312,0
3313,0
3314,0
3315,0
3316,0
3317,0
3318,1022
3319,1022
3320,1022
3321,1022
3322,1022
3323,1022
3324,1022
3325,1022
3326,1022
3327,0
3328,0
3329,0
3330,0
3331,0
3332,0
3333,0
3334,0
3335,0
3336,1022
3337,1022
3338,1022
3339,1022
3340,1022
3341,1022
3342,1021
3343,1022
3344,1022
3345,0
3346,0
3347,0
3348,0
3349,0
3350,0
3351,0
3352,0
3353,1022
3354,1022
3355,1021
3356,1022
3357,1022
3358,1022
3359,1023
3360,1022
3361,1022
3362,0
3363,0
3364,0
3365,0
3366,0
3367,0
3368,0
3369,0
3370,0
3371,1022
3372,1021
3373,1022
3374,1021
3375,1022
3376,1021
3377,1023
3378,1022
3379,1022
3380,0
3381,0
3382,0
3383,0
3384,0
3385,0
3386,0
3387,0
3388,1022
3389,1022
3390,1021
3391,1022
3392,1022
3393,1022
3394,1022
3395,1022
3396,1022
3397,0
3398,0
3399,0
3400,0
3401,0
3402,0
3403,0
3404,0
3405,0
3406,1022
3407,1022
3408,1022
3409,1022
3410,1022
3411,1022
3412,1022
3413,1022
3414,1022
3415,0
3416,0
3417,0
3418,0
3419,0
3420,0
3421,0
3422,0
3423,0
3424,1022
3425,1022
3426,1022
3427,1022
3428,1022
3429,1021
3430,1022
3431,1022
3432,0
3433,0
3434,0
3435,0
3436,0
3437,0
3438,0
3439,0
3440,0
3441,1022
3442,1022
3443,1022
3444,1022
3445,1021
3446,1022
3447,1021
3448,1021
3449,1021
3450,0
3451,0
3452,0
3453,0
3454,0
3455,0
3456,0
3457,0
3458,0
3459,1022
3460,1022
3461,1022
3462,1022
3463,1022
3464,1022
3465,1022
3466,1022
3467,0
3468,0
3469,0
3470,0
3471,0
3472,0
3473,0
3474,0
3475,0
3476,1022
3477,1022
3478,1021
3479,1022
3480,1022
3481,1022
3482,1021
3483,1022
3484,1022
3485,0
3486,0
3487,0
3488,0
3489,0
3490,0
3491,0
3492,0
3493,0
3494,1022
3495,1022
3496,1022
3497,1022
3498,1022
3499,1022
3500,1022
3501,1022
3502,0
3503,0
3504,0
3505,0
3506,0
3507,0
3508,0
3509,0
3510,0
3511,1022
3512,1022
3513,1022
3514,1022
3515,1022
3516,1022
3517,1022
3518,1022
3519,1021
3520,0
3521,0
3522,0
3523,0
3524,0
3525,0
3526,0
3527,0
3528,0
3529,1022
3530,1022
3531,1022
3532,1022
3533,1022
3534,1022
3535,1021
3536,1022
3537,1022
3538,0
3539,0
3540,0
3541,0
3542,0
3543,0
3544,0
3545,0
3546,1022
3547,1021
3548,1022
3549,1021
3550,1021
3551,1021
3552,1021
3553,1022
3554,1022
3555,0
3556,0
3557,0
3558,0
3559,0
3560,0
3561,0
3562,0
3563,0
3564,1022
3565,1022
3566,1022
3567,1022
3568,1022
3569,1021
3570,1022
3571,1022
3572,1022
3573,0
3574,0
3575,0
3576,0
3577,0
3578,0
3579,0
3580,0
3581,1022
3582,1022
3583,1022
3584,1022
3585,1022
3586,1021
3587,1022
3588,1022
3589,1022
3590,0
3591,0
3592,0
3593,0
3594,0
3595,0
3596,0
3597,0
3598,0
3599,1022
3600,1021
3601,1022
3602,1021
3603,1021
3604,1021
3605,1022
3606,1022
3607,1021
3608,0
3609,0
3610,0
3611,0
3612,0
3613,0
3614,0
3615,0
3616,1022
3617,1022
3618,1022
3619,1022
3620,1022
3621,1022
3622,1022
3623,1022
3624,1022
3625,0
3626,0
3627,0
3628,0
3629,0
3630,0
3631,0
3632,0
3633,0
3634,1022
3635,1022
3636,1022
3637,1022
3638,1022
3639,1022
3640,1022
3641,1022
3642,1022
3643,0
3644,0
3645,0
3646,0
3647,0
3648,0
3649,0
3650,0
3651,1022
3652,1022
3653,1022
3654,1022
3655,1022
3656,1022
3657,1022
3658,1022
3659,1022
3660,0
3661,0
3662,0
3663,0
3664,0
3665,0
3666,0
3667,0
3668,0
3669,1022
3670,1022
3671,1022
3672,1021
3673,1022
3674,1022
3675,1022
3676,1022
3677,1022
3678,0
3679,0
3680,0
3681,0
3682,0
3683,0
3684,0
3685,0
3686,0
3687,1021
3688,1022
3689,1022
3690,1022
3691,1022
3692,1022
3693,1022
3694,1022
3695,0
3696,0
3697,0
3698,0
3699,0
3700,0
3701,0
3702,0
3703,0
3704,1022
3705,1022
3706,1022
3707,1022
3708,1022
3709,1022
3710,1022
3711,1022
3712,1022
3713,0
3714,0
3715,0
3716,0
3717,0
3718,0
3719,0
3720,0
3721,0
3722,1022
3723,1022
3724,1022
3725,1022
3726,1022
3727,1022
3728,1022
3729,1022
3730,0
3731,0
3732,0
3733,0
3734,0
3735,0
3736,0
3737,0
3738,0
3739,1022
3740,1021
3741,1022
3742,1022
3743,1022
3744,1022
3745,1022
3746,1022
3747,1022
3748,0
3749,0
3750,0
3751,0
3752,0
3753,0
3754,0
3755,0
3756,0
3757,1022
3758,1022
3759,1021
3760,1022
3761,1022
3762,1022
3763,1022
3764,1022
3765,0
3766,0
3767,0
3768,0
3769,0
3770,0
3771,0
3772,0
3773,0
3774,1022
3775,1023
3776,1022
3777,1022
3778,1022
3779,1022
3780,1022
3781,1022
3782,1022
3783,0
3784,0
3785,0
3786,0
3787,0
3788,0
3789,0
3790,0
3791,0
3792,1022
3793,1022
3794,1022
3795,1022
3796,1022
3797,1022
3798,1022
3799,1022
3800,1022
3801,0
3802,0
3803,0
3804,0
3805,0
3806,0
3807,0
3808,0
3809,1022
3810,1022
3811,1022
3812,1022
3813,1022
3814,1022
3815,1022
3816,1022
3817,1022
3818,0
3819,0
3820,0
3821,0
3822,0
3823,0
3824,0
3825,0
3826,0
3827,1021
3828,1022
3829,1022
3830,1021
3831,1021
3832,1021
3833,1021
3834,1021
3835,1022
3836,0
3837,0
3838,0
3839,0
3840,0
3841,0
3842,0
3843,0
3844,1022
3845,1022
3846,1022
3847,1022
3848,1022
3849,1022
3850,1022
3851,1022
3852,1022
3853,0
3854,0
3855,0
3856,0
3857,0
3858,0
3859,0
3860,0
3861,0
3862,1022
3863,1022
3864,1022
3865,1022
3866,1022
3867,1023
3868,1022
3869,1022
3870,1022
3871,0
3872,0
3873,0
3874,0
3875,0
3876,0
3877,0
3878,0
3879,1022
3880,1022
3881,1022
3882,1022
3883,1022
3884,1022
3885,1022
3886,1022
3887,1022
3888,0
3889,0
3890,0
3891,0
3892,0
3893,0
3894,0
3895,0
3896,0
3897,1022
3898,1022
3899,1022
3900,1022
3901,1021
3902,1022
3903,1021
3904,1021
3905,1022
3906,0
3907,0
3908,0
3909,0
3910,0
3911,0
3912,0
3913,0
3914,0
3915,1021
3916,1022
3917,1022
3918,1022
3919,1022
3920,1022
3921,1022
3922,1022
3923,0
3924,0
3925,0
3926,0
3927,0
3928,0
3929,0
3930,0
3931,0
3932,1022
3933,1022
3934,1021
3935,1022
3936,1022
3937,1021
3938,1022
3939,1022
3940,1022
3941,0
3942,0
3943,0
3944,0
3945,0
3946,0
3947,0
3948,0
3949,0
3950,1022
3951,1022
3952,1022
3953,1022
3954,1022
3955,1022
3956,1022
3957,1022
3958,0
3959,0
3960,0
3961,0
3962,0
3963,0
3964,0
3965,0
3966,0
3967,1022
3968,1022
3969,1022
3970,1022
3971,1022
3972,1022
3973,1022
3974,1022
3975,1022
3976,0
3977,0
3978,0
3979,0
3980,0
3981,0
3982,0
3983,0
3984,0
3985,1021
3986,1022
3987,1021
3988,1021
3989,1022
3990,1021
3991,1023
3992,1022
3993,0
3994,0
3995,0
3996,0
3997,0
3998,0
3999,0
4000,0
4001,0
4002,1022
4003,1022
4004,1022
4005,1022
4006,1022
4007,1022
4008,1022
4009,1022
4010,1022
4011,0
4012,0
4013,0
4014,0
4015,0
4016,0
4017,0
4018,0
4019,0
4020,1022
4021,1021
4022,1022
4023,1022
4024,1022
4025,1022
4026,1021
4027,1022
4028,1022
4029,0
4030,0
4031,0
4032,0
4033,0
4034,0
4035,0
4036,0
4037,1022
4038,1022
4039,1022
4040,1022
4041,1022
4042,1022
4043,1022
4044,1022
4045,1021
4046,0
4047,0
4048,0
4049,0
4050,0
4051,0
4052,0
4053,0
4054,0
4055,1022
4056,1022
4057,1022
4058,1022
4059,1022
4060,1022
4061,1021
4062,1021
4063,1022
4064,0
4065,0
4066,0
4067,0
4068,0
4069,0
4070,0
4071,0
4072,1022
4073,1022
4074,1022
4075,1022
4076,1022
4077,1021
4078,1022
4079,1022
4080,1022
4081,0
4082,0
4083,0
4084,0
4085,0
4086,0
4087,0
4088,0
4089,0
4090,1022
4091,1022
4092,1022
4093,1022
4094,1022
4095,1022
4096,1022
4097,1022
4098,1022
4099,0
4100,0
4101,0
4102,0
4103,0
4104,0
4105,0
4106,0
4107,1022
4108,1022
4109,1022
4110,1022
4111,1022
4112,1022
4113,1022
4114,1022
4115,1022
4116,0
4117,0
4118,0
4119,0
4120,0
4121,0
4122,0
4123,0
4124,0
4125,1022
4126,1022
4127,1022
4128,1022
4129,1022
4130,1023
4131,1022
4132,1022
4133,1022
4134,0
4135,0
4136,0
4137,0
4138,0
4139,0
4140,0
4141,0
4142,1021
4143,1022
4144,1022
4145,1022
4146,1022
4147,1022
4148,1022
4149,1022
4150,1022
4151,0
4152,0
4153,0
4154,0
4155,0
4156,0
4157,0
4158,0
4159,0
4160,1022
4161,1022
4162,1022
4163,1022
4164,1022
4165,1022
4166,1022
4167,1022
4168,1022
4169,0
4170,0
4171,0
4172,0
4173,0
4174,0
4175,0
4176,0
4177,0
4178,1022
4179,1022
4180,1022
4181,1022
4182,1022
4183,1022
4184,1022
4185,1022
4186,0
4187,0
4188,0
4189,0
4190,0
4191,0
4192,0
4193,0
4194,0
4195,1021
4196,1022
4197,1022
4198,1022
4199,1022
4200,1022
4201,1022
4202,1022
4203,1022
4204,0
4205,0
4206,0
4207,0
4208,0
4209,0
4210,0
4211,0
4212,0
4213,1021
4214,1021
4215,1021
4216,1022
4217,1022
4218,1022
4219,1022
4220,1022
4221,0
4222,0
4223,0
4224,0
4225,0
4226,0
4227,0
4228,0
4229,0
4230,1022
4231,1022
4232,1022
4233,1022
4234,1022
4235,1021
4236,1022
4237,1022
4238,1022
4239,0
4240,0
4241,0
4242,0
4243,0
4244,0
4245,0
4246,0
4247,0
4248,1022
4249,1021
4250,1022
4251,1022
4252,1022
4253,1022
4254,1022
4255,1022
4256,0
4257,0
4258,0
4259,0
4260,0
4261,0
4262,0
4263,0
4264,0
4265,1022
4266,1022
4267,1022
4268,1022
4269,1022
4270,1022
4271,1022
4272,1022
4273,1022
4274,0
4275,0
4276,0
4277,0
4278,0
4279,0
4280,0
4281,0
4282,0
4283,1022
4284,1022
4285,1022
4286,1022
4287,1022
4288,1022
4289,1023
4290,1022
4291,1022
4292,0
4293,0
4294,0
4295,0
4296,0
4297,0
4298,0
4299,0
4300,1022
4301,1022
4302,1022
4303,1022
4304,1022
4305,1022
4306,1022
4307,1022
4308,1022
4309,0
4310,0
4311,0
4312,0
4313,0
4314,0
4315,0
4316,0
4317,0
4318,1023
4319,1022
4320,1022
4321,1022
4322,1022
4323,1022
4324,1022
4325,1022
4326,1022
4327,0
4328,0
4329,0
4330,0
4331,0
4332,0
4333,0
4334,0
4335,1022
4336,1022
4337,1022
4338,1022
4339,1022
4340,1022
4341,1022
4342,1022
4343,1022
4344,0
4345,0
4346,0
4347,0
4348,0
4349,0
4350,0
4351,0
4352,0
4353,1022
4354,1022
4355,1022
4356,1022
4357,1022
4358,1022
4359,1022
4360,1022
4361,1022
4362,0
4363,0
4364,0
4365,0
4366,0
4367,0
4368,0
4369,0
4370,1022
4371,1022
4372,1022
4373,1022
4374,1022
4375,1022
4376,1022
4377,1022
4378,1022
4379,0
4380,0
4381,0
4382,0
4383,0
4384,0
4385,0
4386,0
4387,0
4388,1022
4389,1022
4390,1022
4391,1022
4392,1022
4393,1022
4394,1022
4395,1022
4396,1022
4397,0
4398,0
4399,0
4400,0
4401,0
4402,0
4403,0
4404,0
4405,0
4406,1022
4407,1022
4408,1022
4409,1022
4410,1022
4411,1021
4412,1021
4413,1022
4414,0
4415,0
4416,0
4417,0
4418,0
4419,0
4420,0
4421,0
4422,0
4423,1022
4424,1022
4425,1022
4426,1022
4427,1022
4428,1022
4429,1022
4430,1022
4431,1022
4432,0
4433,0
4434,0
4435,0
4436,0
4437,0
4438,0
4439,0
4440,0
4441,1022
4442,1021
4443,1022
4444,1022
4445,1022
4446,1022
4447,1022
4448,1022
4449,0
4450,0
4451,0
4452,0
4453,0
4454,0
4455,0
4456,0
4457,0
4458,1022
4459,1022
4460,1022
4461,1022
4462,1022
4463,1022
4464,1022
4465,1022
4466,1022
4467,0
4468,0
4469,0
4470,0
4471,0
4472,0
4473,0
4474,0
4475,0
4476,1022
4477,1022
4478,1022
4479,1022
4480,1022
4481,1022
4482,1022
4483,1022
4484,0
4485,0
4486,0
4487,0
4488,0
4489,0
4490,0
4491,0
4492,0
4493,1022
4494,1022
4495,1022
4496,1022
4497,1021
4498,1021
4499,1022
4500,1022
4501,1021
4502,0
4503,0
4504,0
4505,0
4506,0
4507,0
4508,0
4509,0
4510,0
4511,1022
4512,1022
4513,1022
4514,1021
4515,1022
4516,1021
4517,1021
4518,1021
4519,1022
4520,0
4521,0
4522,0
4523,0
4524,0
4525,0
4526,0
4527,0
4528,1022
4529,1022
4530,1022
4531,1022
4532,1022
4533,1022
4534,1022
4535,1022
4536,1022
4537,0
4538,0
4539,0
4540,0
4541,0
4542,0
4543,0
4544,0
4545,0
4546,1022
4547,1022
4548,1022
4549,1022
4550,1022
4551,1022
4552,1022
4553,1022
4554,1022
4555,0
4556,0
4557,0
4558,0
4559,0
4560,0
4561,0
4562,0
4563,1022
4564,1022
4565,1022
4566,1021
4567,1022
4568,1022
4569,1022
4570,1022
4571,1022
4572,0
4573,0
4574,0
4575,0
4576,0
4577,0
4578,0
4579,0
4580,0
4581,1022
4582,1022
4583,1021
4584,1022
4585,1022
4586,1022
4587,1022
4588,1021
4589,1022
4590,0
4591,0
4592,0
4593,0
4594,0
4595,0
4596,0
4597,0
4598,1022
4599,1022
4600,1022
4601,1022
4602,1022
4603,1022
4604,1022
4605,1022
4606,1022
4607,0
4608,0
4609,0
4610,0
4611,0
4612,0
4613,0
4614,0
4615,0
4616,1022
4617,1022
4618,1022
4619,1022
4620,1022
4621,1023
4622,1022
4623,1022
4624,1022
4625,0
4626,0
4627,0
4628,0
4629,0
4630,0
4631,0
4632,0
4633,1021
4634,1022
4635,1022
4636,1022
4637,1022
4638,1021
4639,1022
4640,1022
4641,1022
4642,0
4643,0
4644,0
4645,0
4646,0
4647,0
4648,0
4649,0
4650,0
4651,1022
4652,1022
4653,1022
4654,1022
4655,1022
4656,1021
4657,1022
4658,1022
4659,1021
4660,0
4661,0
4662,0
4663,0
4664,0
4665,0
4666,0
4667,0
4668,0
4669,1022
4670,1022
4671,1022
4672,1022
4673,1022
4674,1022
4675,1022
4676,1022
4677,0
4678,0
4679,0
4680,0
4681,0
4682,0
4683,0
4684,0
4685,0
4686,1022
4687,1021
4688,1022
4689,1022
4690,1022
4691,1022
4692,1022
4693,1022
4694,1022
4695,0
4696,0
4697,0
4698,0
4699,0
4700,0
4701,0
4702,0
4703,0
4704,1022
4705,1022
4706,1022
4707,1022
4708,1022
4709,1022
4710,1022
4711,1022
4712,0
4713,0
4714,0
4715,0
4716,0
4717,0
4718,0
4719,0
4720,0
4721,1022
4722,1022
4723,1022
4724,1022
4725,1022
4726,1022
4727,1022
4728,1022
4729,1022
4730,0
4731,0
4732,0
4733,0
4734,0
4735,0
4736,0
4737,0
4738,0
4739,1022
4740,1022
4741,1022
4742,1022
4743,1022
4744,1022
4745,1023
4746,1021
4747,0
4748,0
4749,0
4750,0
4751,0
4752,0
4753,0
4754,0
4755,0
4756,1022
4757,1022
4758,1022
4759,1022
4760,1022
4761,1022
4762,1022
4763,1022
4764,1022
4765,0
4766,0
4767,0
4768,0
4769,0
4770,0
4771,0
4772,0
4773,0
4774,1022
4775,1022
4776,1022
4777,1022
4778,1022
4779,1022
4780,1022
4781,1022
4782,1022
4783,0
4784,0
4785,0
4786,0
4787,0
4788,0
4789,0
4790,0
4791,1022
4792,1022
4793,1022
4794,1022
4795,1022
4796,1022
4797,1023
4798,1022
4799,1022
4800,0
4801,0
4802,0
4803,0
4804,0
4805,0
4806,0
4807,0
4808,0
4809,1022
4810,1022
4811,1022
4812,1021
4813,1022
4814,1022
4815,1022
4816,1022
4817,1021
4818,0
4819,0
4820,0
4821,0
4822,0
4823,0
4824,0
4825,0
4826,1022
4827,1023
4828,1022
4829,1021
4830,1022
4831,1022
4832,1021
4833,1021
4834,1021
4835,0
4836,0
4837,0
4838,0
4839,0
4840,0
4841,0
4842,0
4843,0
4844,1022
4845,1022
4846,1022
4847,1022
4848,1022
4849,1022
4850,1022
4851,1022
4852,1022
4853,0
4854,0
4855,0
4856,0
4857,0
4858,0
4859,0
4860,0
4861,1022
4862,1022
4863,1022
4864,1022
4865,1022
4866,1022
4867,1022
4868,1022
4869,1022
4870,0
4871,0
4872,0
4873,0
4874,0
4875,0
4876,0
4877,0
4878,0
4879,1022
4880,1022
4881,1022
4882,1023
4883,1022
4884,1022
4885,1022
4886,1022
4887,1021
4888,0
4889,0
4890,0
4891,0
4892,0
4893,0
4894,0
4895,0
4896,0
4897,1022
4898,1022
4899,1022
4900,1022
4901,1022
4902,1022
4903,1022
4904,1022
4905,0
4906,0
4907,0
4908,0
4909,0
4910,0
4911,0
4912,0
4913,0
4914,1022
4915,1022
4916,1022
4917,1022
4918,1022
4919,1022
4920,1022
4921,1022
4922,1022
4923,0
4924,0
4925,0
4926,0
4927,0
4928,0
4929,0
4930,0
4931,0
4932,1022
4933,1021
4934,1022
4935,1022
4936,1022
4937,1022
4938,1022
4939,1022
4940,0
4941,0
4942,0
4943,0
4944,0
4945,0
4946,0
4947,0
4948,0
4949,1021
4950,1022
4951,1022
4952,1022
4953,1022
4954,1022
4955,1022
4956,1022
4957,1022
4958,0
4959,0
4960,0
4961,0
4962,0
4963,0
4964,0
4965,0
4966,0
4967,1021
4968,1022
4969,1021
4970,1022
4971,1022
4972,1022
4973,1022
4974,1022
4975,0
4976,0
4977,0
4978,0
4979,0
4980,0
4981,0
4982,0
4983,0
4984,1022
4985,1022
4986,1022
4987,1021
4988,1022
4989,1022
4990,1022
4991,1022
4992,1022
4993,0
4994,0
4995,0
4996,0
4997,0
4998,0
4999,0
5000,0
5001,0
5002,1022
5003,1022
5004,1021
5005,1021
5006,1021
5007,1022
5008,1022
5009,1022
5010,1022
5011,0
5012,0
5013,0
5014,0
5015,0
5016,0
5017,0
5018,0
5019,1022
5020,1022
5021,1022
5022,1022
5023,1022
5024,1022
5025,1022
5026,1022
5027,1022
5028,0
5029,0
5030,0
5031,0
5032,0
5033,0
5034,0
5035,0
5036,0
5037,1022
5038,1022
5039,1022
5040,1022
5041,1022
5042,1022
5043,1022
5044,1022
5045,1022
5046,0
5047,0
5048,0
5049,0
5050,0
5051,0
5052,0
5053,0
5054,1022
5055,1021
5056,1022
5057,1021
5058,1021
5059,1021
5060,1021
5061,1021
5062,1022
5063,0
5064,0
5065,0
5066,0
5067,0
5068,0
5069,0
5070,0
5071,0
5072,1022
5073,1022
5074,1022
5075,1022
5076,1022
5077,1022
5078,1022
5079,1022
5080,1022
5081,0
5082,0
5083,0
5084,0
5085,0
5086,0
5087,0
5088,0
5089,1022
5090,1022
5091,1022
5092,1022
5093,1022
5094,1022
5095,1022
5096,1022
5097,1022
5098,0
5099,0
5100,0
5101,0
5102,0
5103,0
5104,0
5105,0
5106,0
5107,1022
5108,1022
5109,1022
5110,1021
5111,1022
5112,1022
5113,1022
5114,1022
5115,1022
5116,0
5117,0
5118,0
5119,0
5120,0
5121,0
5122,0
5123,0
5124,0
5125,1023
5126,1022
5127,1022
5128,1022
5129,1022
5130,1022
5131,1021
5132,1021
5133,0
5134,0
5135,0
5136,0
5137,0
5138,0
5139,0
5140,0
5141,0
5142,1022
5143,1022
5144,1022
5145,1022
5146,1022
5147,1022
5148,1022
5149,1022
5150,1022
5151,0
5152,0
5153,0
5154,0
5155,0
5156,0
5157,0
5158,0
5159,0
5160,1021
5161,1022
5162,1021
5163,1021
5164,1022
5165,1022
5166,1022
5167,1022
5168,0
5169,0
5170,0
5171,0
5172,0
5173,0
5174,0
5175,0
5176,0
5177,1022
5178,1022
5179,1022
5180,1022
5181,1022
5182,1022
5183,1022
5184,1022
5185,1022
5186,0
5187,0
5188,0
5189,0
5190,0
5191,0
5192,0
5193,0
5194,0
5195,1022
5196,1022
5197,1023
5198,1022
5199,1022
5200,1023
5201,1023
5202,1021
5203,0
5204,0
5205,0
5206,0
5207,0
5208,0
5209,0
5210,0
5211,0
5212,1021
5213,1022
5214,1021
5215,1022
5216,1022
5217,1021
5218,1022
5219,1022
5220,1021
5221,0
5222,0
5223,0
5224,0
5225,0
5226,0
5227,0
5228,0
5229,0
5230,1022
5231,1022
5232,1023
5233,1022
5234,1022
5235,1022
5236,1022
5237,1022
5238,0
5239,0
5240,0
5241,0
5242,0
5243,0
5244,0
5245,0
5246,0
5247,1022
5248,1022
5249,1021
5250,1022
5251,1021
5252,1022
5253,1022
5254,1022
5255,1022
5256,0
5257,0
5258,0
5259,0
5260,0
5261,0
5262,0
5263,0
5264,0
5265,1022
5266,1022
5267,1022
5268,1022
5269,1022
5270,1022
5271,1022
5272,1022
5273,1022
5274,0
5275,0
5276,0
5277,0
5278,0
5279,0
5280,0
5281,0
5282,1022
5283,1022
5284,1021
5285,1022
5286,1022
5287,1021
5288,1021
5289,1021
5290,1022
5291,0
5292,0
5293,0
5294,0
5295,0
5296,0
5297,0
5298,0
5299,0
5300,1022
5301,1022
5302,1022
5303,1022
5304,1022
5305,1022
5306,1022
5307,1022
5308,1022
5309,0
5310,0
5311,0
5312,0
5313,0
5314,0
5315,0
5316,0
5317,1022
5318,1022
5319,1022
5320,1021
5321,1022
5322,1022
5323,1022
5324,1022
5325,1022
5326,0
5327,0
5328,0
5329,0
5330,0
5331,0
5332,0
5333,0
5334,0
5335,1022
5336,1022
5337,1022
5338,1021
5339,1022
5340,1022
5341,1022
5342,1022
5343,1022
5344,0
5345,0
5346,0
5347,0
5348,0
5349,0
5350,0
5351,0
5352,1022
5353,1022
5354,1022
5355,1022
5356,1022
5357,1022
5358,1022
5359,1023
5360,1021
5361,0
5362,0
5363,0
5364,0
5365,0
5366,0
5367,0
5368,0
5369,0
5370,1022
5371,1022
5372,1022
5373,1022
5374,1022
5375,1021
5376,1022
5377,1021
5378,1022
5379,0
5380,0
5381,0
5382,0
5383,0
5384,0
5385,0
5386,0
5387,0
5388,1022
5389,1022
5390,1021
5391,1022
5392,1022
5393,1022
5394,1022
5395,1022
5396,0
5397,0
5398,0
5399,0
5400,0
5401,0
5402,0
5403,0
5404,0
5405,1022
5406,1022
5407,1022
5408,1022
5409,1021
5410,1022
5411,1022
5412,1022
5413,1022
5414,0
5415,0
5416,0
5417,0
5418,0
5419,0
5420,0
5421,0
5422,0
5423,1022
5424,1022
5425,1022
5426,1022
5427,1022
5428,1022
5429,1022
5430,1022
5431,0
5432,0
5433,0
5434,0
5435,0
5436,0
5437,0
5438,0
5439,0
5440,1022
5441,1022
5442,1022
5443,1022
5444,1022
5445,1022
5446,1022
5447,1021
5448,1022
5449,0
5450,0
5451,0
5452,0
5453,0
5454,0
5455,0
5456,0
5457,0
5458,1022
5459,1022
5460,1022
5461,1022
5462,1022
5463,1022
5464,1022
5465,1022
5466,0
5467,0
5468,0
5469,0
5470,0
5471,0
5472,0
5473,0
5474,0
5475,1022
5476,1022
5477,1022
5478,1022
5479,1022
5480,1022
5481,1022
5482,1021
5483,1022
5484,0
5485,0
5486,0
5487,0
5488,0
5489,0
5490,0
5491,0
5492,0
5493,1022
5494,1022
5495,1022
5496,1022
5497,1022
5498,1022
5499,1022
5500,1022
5501,1022
5502,0
5503,0
5504,0
5505,0
5506,0
5507,0
5508,0
5509,0
5510,1022
5511,1022
5512,1022
5513,1022
5514,1022
5515,1022
5516,1022
5517,1022
5518,1022
5519,0
5520,0
5521,0
5522,0
5523,0
5524,0
5525,0
5526,0
5527,0
5528,1022
5529,1022
5530,1022
5531,1022
5532,1022
5533,1022
5534,1021
5535,1022
5536,1022
5537,0
5538,0
5539,0
5540,0
5541,0
5542,0
5543,0
5544,0
5545,1022
5546,1022
5547,1022
5548,1022
5549,1022
5550,1022
5551,1023
5552,1022
5553,1022
5554,0
5555,0
5556,0
5557,0
5558,0
5559,0
5560,0
5561,0
5562,0
5563,1022
5564,1022
5565,1022
5566,1022
5567,1022
5568,1022
5569,1022
5570,1022
5571,1022
5572,0
5573,0
5574,0
5575,0
5576,0
5577,0
5578,0
5579,0
5580,1022
5581,1022
5582,1022
5583,1022
5584,1022
5585,1022
5586,1022
5587,1021
5588,1022
5589,0
5590,0
5591,0
5592,0
5593,0
5594,0
5595,0
5596,0
5597,0
5598,1022
5599,1022
5600,1023
5601,1021
5602,1022
5603,1022
5604,1022
5605,1022
5606,1022
5607,0
5608,0
5609,0
5610,0
5611,0
5612,0
5613,0
5614,0
5615,0
5616,1022
5617,1022
5618,1022
5619,1022
5620,1022
5621,1021
5622,1022
5623,1021
5624,0
5625,0
5626,0
5627,0
5628,0
5629,0
5630,0
5631,0
5632,0
5633,1022
5634,1022
5635,1022
5636,1022
5637,1022
5638,1022
5639,1022
5640,1022
5641,1023
5642,0
5643,0
5644,0
5645,0
5646,0
5647,0
5648,0
5649,0
5650,0
5651,1021
5652,1022
5653,1022
5654,1022
5655,1022
5656,1022
5657,1022
5658,1022
5659,0
5660,0
5661,0
5662,0
5663,0
5664,0
5665,0
5666,0
5667,0
5668,1022
5669,1022
5670,1022
5671,1022
5672,1022
5673,1021
5674,1022
5675,1022
5676,1021
5677,0
5678,0
5679,0
5680,0
5681,0
5682,0
5683,0
5684,0
5685,0
5686,1022
5687,1022
5688,1022
5689,1022
5690,1022
5691,1022
5692,1022
5693,1022
5694,0
5695,0
5696,0
5697,0
5698,0
5699,0
5700,0
5701,0
5702,0
5703,1022
5704,1022
5705,1022
5706,1022
5707,1022
5708,1021
5709,1022
5710,1022
5711,1022
5712,0
5713,0
5714,0
5715,0
5716,0
5717,0
5718,0
5719,0
5720,0
5721,1022
5722,1022
5723,1021
5724,1022
5725,1022
5726,1022
5727,1022
5728,1022
5729,1022
5730,0
5731,0
5732,0
5733,0
5734,0
5735,0
5736,0
5737,0
5738,1021
5739,1022
5740,1022
5741,1022
5742,1021
5743,1021
5744,1022
5745,1021
5746,1021
5747,0
5748,0
5749,0
5750,0
5751,0
5752,0
5753,0
5754,0
5755,0
5756,1022
5757,1022
5758,1022
5759,1022
5760,1022
5761,1021
5762,1022
5763,1022
5764,1021
5765,0
5766,0
5767,0
5768,0
5769,0
5770,0
5771,0
5772,0
5773,1022
5774,1022
5775,1021
5776,1022
5777,1022
5778,1022
5779,1022
5780,1022
5781,1022
5782,0
5783,0
5784,0
5785,0
5786,0
5787,0
5788,0
5789,0
5790,0
5791,1022
5792,1022
5793,1022
5794,1021
5795,1022
5796,1022
5797,1022
5798,1022
5799,1022
5800,0
5801,0
5802,0
5803,0
5804,0
5805,0
5806,0
5807,0
5808,1022
5809,1022
5810,1022
5811,1022
5812,1022
5813,1022
5814,1022
5815,1022
5816,1022
5817,0
5818,0
5819,0
5820,0
5821,0
5822,0
5823,0
5824,0
5825,0
5826,1022
5827,1022
5828,1022
5829,1022
5830,1022
5831,1023
5832,1022
5833,1022
5834,1022
5835,0
5836,0
5837,0
5838,0
5839,0
5840,0
5841,0
5842,0
5843,1022
5844,1021
5845,1022
5846,1022
5847,1021
5848,1022
5849,1021
5850,1022
5851,1021
5852,0
5853,0
5854,0
5855,0
5856,0
5857,0
5858,0
5859,0
5860,0
5861,1021
5862,1022
5863,1022
5864,1022
5865,1022
5866,1022
5867,1022
5868,1022
5869,1021
5870,0
5871,0
5872,0
5873,0
5874,0
5875,0
5876,0
5877,0
5878,0
5879,1022
5880,1022
5881,1022
5882,1022
5883,1022
5884,1022
5885,1022
5886,1022
5887,0
5888,0
5889,0
5890,0
5891,0
5892,0
5893,0
5894,0
5895,0
5896,1022
5897,1022
5898,1022
5899,1022
5900,1022
5901,1022
5902,1022
5903,1022
5904,1022
5905,0
5906,0
5907,0
5908,0
5909,0
5910,0
5911,0
5912,0
5913,0
5914,1022
5915,1022
5916,1021
5917,1022
5918,1022
5919,1022
5920,1022
5921,1022
5922,0
5923,0
5924,0
5925,0
5926,0
5927,0
5928,0
5929,0
5930,0
5931,1022
5932,1022
5933,1022
5934,1022
5935,1022
5936,1022
5937,1022
5938,1022
5939,1022
5940,0
5941,0
5942,0
5943,0
5944,0
5945,0
5946,0
5947,0
5948,0
5949,1022
5950,1022
5951,1022
5952,1022
5953,1022
5954,1022
5955,1022
5956,1022
5957,0
5958,0
5959,0
5960,0
5961,0
5962,0
5963,0
5964,0
5965,0
5966,1022
5967,1022
5968,1022
5969,1022
5970,1022
5971,1023
5972,1021
5973,1022
5974,1022
5975,0
5976,0
5977,0
5978,0
5979,0
5980,0
5981,0
5982,0
5983,0
5984,1022
5985,1022
5986,1022
5987,1022
5988,1022
5989,1021
5990,1022
5991,1022
5992,1022
5993,0
5994,0
5995,0
5996,0
5997,0
5998,0
5999,0
6000,0
6001,1021
6002,1022
6003,1021
6004,1022
6005,1021
6006,1022
6007,1022
6008,1022
6009,1022
6010,0
6011,0
6012,0
6013,0
6014,0
6015,0
6016,0
6017,0
6018,0
6019,1022
6020,1022
6021,1022
6022,1022
6023,1022
6024,1022
6025,1022
6026,1022
6027,1022
6028,0
6029,0
6030,0
6031,0
6032,0
6033,0
6034,0
6035,0
6036,1022
6037,1022
6038,1022
6039,1022
6040,1022
6041,1022
6042,1022
6043,1022
6044,1020
6045,0
6046,0
6047,0
6048,0
6049,0
6050,0
6051,0
6052,0
6053,0
6054,1021
6055,1022
6056,1021
6057,1022
6058,1021
6059,1022
6060,1022
6061,1022
6062,1022
6063,0
6064,0
6065,0
6066,0
6067,0
6068,0
6069,0
6070,0
6071,1022
6072,1022
6073,1022
6074,1022
6075,1022
6076,1022
6077,1022
6078,1022
6079,1022
6080,0
6081,0
6082,0
6083,0
6084,0
6085,0
6086,0
6087,0
6088,0
6089,1022
6090,1022
6091,1022
6092,1021
6093,1021
6094,1022
6095,1022
6096,1021
6097,1022
6098,0
6099,0
6100,0
6101,0
6102,0
6103,0
6104,0
6105,0
6106,0
6107,1022
6108,1022
6109,1022
6110,1022
6111,1022
6112,1022
6113,1022
6114,1022
6115,0
6116,0
6117,0
6118,0
6119,0
6120,0
6121,0
6122,0
6123,0
6124,1021
6125,1022
6126,1022
6127,1021
6128,1022
6129,1021
6130,1023
6131,1021
6132,1022
6133,0
6134,0
6135,0
6136,0
6137,0
6138,0
6139,0
6140,0
6141,0
6142,1022
6143,1022
6144,1022
6145,1021
6146,1022
6147,1022
6148,1021
6149,1022
6150,0
6151,0
6152,0
6153,0
6154,0
6155,0
6156,0
6157,0
6158,0
6159,1022
6160,1022
6161,1022
6162,1022
6163,1022
6164,1022
6165,1022
6166,1022
6167,1022
6168,0
6169,0
6170,0
6171,0
6172,0
6173,0
6174,0
6175,0
6176,0
6177,1021
6178,1022
6179,1022
6180,1022
6181,1022
6182,1021
6183,1022
6184,1022
6185,0
6186,0
6187,0
6188,0
6189,0
6190,0
6191,0
6192,0
6193,0
6194,1022
6195,1022
6196,1022
6197,1022
6198,1022
6199,1022
6200,1022
6201,1022
6202,1021
6203,0
6204,0
6205,0
6206,0
6207,0
6208,0
6209,0
6210,0
6211,0
6212,1022
6213,1022
6214,1022
6215,1021
6216,1022
6217,1021
6218,1022
6219,1022
6220,1022
6221,0
6222,0
6223,0
6224,0
6225,0
6226,0
6227,0
6228,0
6229,1022
6230,1022
6231,1022
6232,1022
6233,1022
6234,1022
6235,1021
6236,1022
6237,1022
6238,0
6239,0
6240,0
6241,0
6242,0
6243,0
6244,0
6245,0
6246,0
6247,1022
6248,1022
6249,1021
6250,1022
6251,1022
6252,1022
6253,1022
6254,1022
6255,1022
6256,0
6257,0
6258,0
6259,0
6260,0
6261,0
6262,0
6263,0
6264,1022
6265,1022
6266,1022
6267,1022
6268,1022
6269,1022
6270,1022
6271,1022
6272,1021
6273,0
6274,0
6275,0
6276,0
6277,0
6278,0
6279,0
6280,0
6281,0
6282,1022
6283,1022
6284,1022
6285,1021
6286,1022
6287,1022
6288,1022
6289,1022
6290,1022
6291,0
6292,0
6293,0
6294,0
6295,0
6296,0
6297,0
6298,0
6299,1021
6300,1022
6301,1022
6302,1022
6303,1022
6304,1022
6305,1022
6306,1022
6307,1022
6308,0
6309,0
6310,0
6311,0
6312,0
6313,0
6314,0
6315,0
6316,0
6317,1021
6318,1022
6319,1022
6320,1022
6321,1022
6322,1022
6323,1022
6324,1022
6325,1022
6326,0
6327,0
6328,0
6329,0
6330,0
6331,0
6332,0
6333,0
6334,1022
6335,1022
6336,1022
6337,1022
6338,1022
6339,1022
6340,1022
6341,1022
6342,1022
6343,0
6344,0
6345,0
6346,0
6347,0
6348,0
6349,0
6350,0
6351,0
6352,1022
6353,1022
6354,1022
6355,1022
6356,1021
6357,1022
6358,1022
6359,1022
6360,1022
6361,0
6362,0
6363,0
6364,0
6365,0
6366,0
6367,0
6368,0
6369,0
6370,1022
6371,1022
6372,1022
6373,1022
6374,1022
6375,1022
6376,1022
6377,1022
6378,0
6379,0
6380,0
6381,0
6382,0
6383,0
6384,0
6385,0
6386,0
6387,1022
6388,1022
6389,1022
6390,1022
6391,1022
6392,1022
6393,1022
6394,1022
6395,1022
6396,0
6397,0
6398,0
6399,0
6400,0
6401,0
6402,0
6403,0
6404,0
6405,1022
6406,1022
6407,1022
6408,1022
6409,1022
6410,1022
6411,1022
6412,1022
6413,0
6414,0
6415,0
6416,0
6417,0
6418,0
6419,0
6420,0
6421,0
6422,1022
6423,1022
6424,1022
6425,1022
6426,1022
6427,1022
6428,1022
6429,1021
6430,1022
6431,0
6432,0
6433,0
6434,0
6435,0
6436,0
6437,0
6438,0
6439,0
6440,1022
6441,1023
6442,1022
6443,1022
6444,1022
6445,1022
6446,1022
6447,1022
6448,0
6449,0
6450,0
6451,0
6452,0
6453,0
6454,0
6455,0
6456,0
6457,1022
6458,1022
6459,1022
6460,1022
6461,1022
6462,1022
6463,1022
6464,1022
6465,1022
6466,0
6467,0
6468,0
6469,0
6470,0
6471,0
6472,0
6473,0
6474,0
6475,1022
6476,1022
6477,1022
6478,1022
6479,1022
6480,1022
6481,1022
6482,1022
6483,1022
6484,0
6485,0
6486,0
6487,0
6488,0
6489,0
6490,0
6491,0
6492,1022
6493,1022
6494,1022
6495,1022
6496,1022
6497,1022
6498,1022
6499,1022
6500,1022
6501,0
6502,0
6503,0
6504,0
6505,0
6506,0
6507,0
6508,0
6509,0
6510,1021
6511,1021
6512,1021
6513,1022
6514,1021
6515,1022
6516,1022
6517,1022
6518,1022
6519,0
6520,0
6521,0
6522,0
6523,0
6524,0
6525,0
6526,0
6527,1022
6528,1022
6529,1022
6530,1023
6531,1022
6532,1021
6533,1022
6534,1022
6535,1022
6536,0
6537,0
6538,0
6539,0
6540,0
6541,0
6542,0
6543,0
6544,0
6545,1022
6546,1022
6547,1022
6548,1022
6549,1021
6550,1022
6551,1022
6552,1022
6553,1022
6554,0
6555,0
6556,0
6557,0
6558,0
6559,0
6560,0
6561,0
6562,1022
6563,1022
6564,1022
6565,1022
6566,1022
6567,1022
6568,1022
6569,1022
6570,1022
6571,0
6572,0
6573,0
6574,0
6575,0
6576,0
6577,0
6578,0
6579,0
6580,1022
6581,1022
6582,1021
6583,1021
6584,1021
6585,1021
6586,1022
6587,1021
6588,1021
6589,0
6590,0
6591,0
6592,0
6593,0
6594,0
6595,0
6596,0
6597,0
6598,1022
6599,1022
6600,1022
6601,1022
6602,1022
6603,1021
6604,1022
6605,1022
6606,0
6607,0
6608,0
6609,0
6610,0
6611,0
6612,0
6613,0
6614,0
6615,1022
6616,1022
6617,1022
6618,1021
6619,1022
6620,1022
6621,1021
6622,1022
6623,1022
6624,0
6625,0
6626,0
6627,0
6628,0
6629,0
6630,0
6631,0
6632,0
6633,1022
6634,1022
6635,1022
6636,1022
6637,1022
6638,1022
6639,1022
6640,1022
6641,0
6642,0
6643,0
6644,0
6645,0
6646,0
6647,0
6648,0
6649,0
6650,1022
6651,1022
6652,1022
6653,1022
6654,1022
6655,1022
6656,1022
6657,1021
6658,1022
6659,0
6660,0
6661,0
6662,0
6663,0
6664,0
6665,0
6666,0
6667,0
6668,1022
6669,1021
6670,1023
6671,1022
6672,1022
6673,1022
6674,1022
6675,1022
6676,0
6677,0
6678,0
6679,0
6680,0
6681,0
6682,0
6683,0
6684,0
6685,1022
6686,1022
6687,1022
6688,1022
6689,1022
6690,1022
6691,1022
6692,1022
6693,1022
6694,0
6695,0
6696,0
6697,0
6698,0
6699,0
6700,0
6701,0
6702,0
6703,1022
6704,1022
6705,1022
6706,1022
6707,1022
6708,1022
6709,1022
6710,1022
6711,1022
6712,0
6713,0
6714,0
6715,0
6716,0
6717,0
6718,0
6719,0
6720,1022
6721,1022
6722,1022
6723,1022
6724,1022
6725,1022
6726,1022
6727,1022
6728,1022
6729,0
6730,0
6731,0
6732,0
6733,0
6734,0
6735,0
6736,0
6737,0
6738,1023
6739,1020
6740,1022
6741,1022
6742,1022
6743,1021
6744,1022
6745,1022
6746,1022
6747,0
6748,0
6749,0
6750,0
6751,0
6752,0
6753,0
6754,0
6755,1022
6756,1022
6757,1022
6758,1022
6759,1022
6760,1022
6761,1022
6762,1022
6763,1022
6764,0
6765,0
6766,0
6767,0
6768,0
6769,0
6770,0
6771,0
6772,0
6773,1022
6774,1022
6775,1022
6776,1022
6777,1022
6778,1022
6779,1022
6780,1022
6781,1022
6782,0
6783,0
6784,0
6785,0
6786,0
6787,0
6788,0
6789,0
6790,1022
6791,1022
6792,1022
6793,1022
6794,1022
6795,1022
6796,1022
6797,1022
6798,1022
6799,0
6800,0
6801,0
6802,0
6803,0
6804,0
6805,0
6806,0
6807,0
6808,1022
6809,1022
6810,1022
6811,1022
6812,1021
6813,1022
6814,1021
6815,1021
6816,1022
6817,0
6818,0
6819,0
6820,0
6821,0
6822,0
6823,0
6824,0
6825,1021
6826,1022
6827,1022
6828,1022
6829,1022
6830,1022
6831,1022
6832,1022
6833,1022
6834,0
6835,0
6836,0
6837,0
6838,0
6839,0
6840,0
6841,0
6842,0
6843,1022
6844,1022
6845,1022
6846,1022
6847,1022
6848,1022
6849,1022
6850,1022
6851,1022
6852,0
6853,0
6854,0
6855,0
6856,0
6857,0
6858,0
6859,0
6860,0
6861,1022
6862,1022
6863,1022
6864,1022
6865,1022
6866,1022
6867,1022
6868,1022
6869,0
6870,0
6871,0
6872,0
6873,0
6874,0
6875,0
6876,0
6877,0
6878,1022
6879,1021
6880,1022
6881,1022
6882,1022
6883,1022
6884,1022
6885,1022
6886,1021
6887,0
6888,0
6889,0
6890,0
6891,0
6892,0
6893,0
6894,0
6895,0
6896,1022
6897,1021
6898,1022
6899,1022
6900,1022
6901,1021
6902,1022
6903,1022
6904,0
6905,0
6906,0
6907,0
6908,0
6909,0
6910,0
6911,0
6912,0
6913,1021
6914,1022
6915,1021
6916,1022
6917,1021
6918,1022
6919,1022
6920,1022
6921,1022
6922,0
6923,0
6924,0
6925,0
6926,0
6927,0
6928,0
6929,0
6930,0
6931,1022
6932,1022
6933,1022
6934,1022
6935,1022
6936,1022
6937,1022
6938,1022
6939,0
6940,0
6941,0
6942,0
6943,0
6944,0
6945,0
6946,0
6947,0
6948,1022
6949,1022
6950,1022
6951,1022
6952,1022
6953,1022
6954,1022
6955,1022
6956,1022
6957,0
6958,0
6959,0
6960,0
6961,0
6962,0
6963,0
6964,0
6965,0
6966,1022
6967,1021
6968,1022
6969,1021
6970,1022
6971,1021
6972,1022
6973,1021
6974,1022
6975,0
6976,0
6977,0
6978,0
6979,0
6980,0
6981,0
6982,0
6983,1022
6984,1022
6985,1022
6986,1023
6987,1022
6988,1022
6989,1021
6990,1022
6991,1021
6992,0
6993,0
6994,0
6995,0
6996,0
6997,0
6998,0
6999,0
7000,0
7001,1022
7002,1022
7003,1022
7004,1022
7005,1022
7006,1022
7007,1022
7008,1022
7009,1022
7010,0
7011,0
7012,0
7013,0
7014,0
7015,0
7016,0
7017,0
7018,1022
7019,1022
7020,1022
7021,1022
7022,1022
7023,1022
7024,1022
7025,1022
7026,1022
7027,0
7028,0
7029,0
7030,0
7031,0
7032,0
7033,0
7034,0
7035,0
7036,1022
7037,1023
7038,1022
7039,1022
7040,1022
7041,1021
7042,1022
7043,1022
7044,1022
7045,0
7046,0
7047,0
7048,0
7049,0
7050,0
7051,0
7052,0
7053,1022
7054,1022
7055,1022
7056,1022
7057,1022
7058,1022
7059,1022
7060,1022
7061,1022
7062,0
7063,0
7064,0
7065,0
7066,0
7067,0
7068,0
7069,0
7070,0
7071,1022
7072,1022
7073,1022
7074,1022
7075,1022
7076,1022
7077,1022
7078,1022
7079,1022
7080,0
7081,0
7082,0
7083,0
7084,0
7085,0
7086,0
7087,0
7088,0
7089,1022
7090,1022
7091,1022
7092,1022
7093,1022
7094,1022
7095,1022
7096,1022
7097,0
7098,0
7099,0
7100,0
7101,0
7102,0
7103,0
7104,0
7105,0
7106,1022
7107,1022
7108,1022
7109,1022
7110,1022
7111,1022
7112,1021
7113,1022
7114,1022
7115,0
7116,0
7117,0
7118,0
7119,0
7120,0
7121,0
7122,0
7123,0
7124,1021
7125,1022
7126,1022
7127,1022
7128,1022
7129,1022
7130,1022
7131,1022
7132,0
7133,0
7134,0
7135,0
7136,0
7137,0
7138,0
7139,0
7140,0
7141,1022
7142,1022
7143,1022
7144,1022
7145,1022
7146,1022
7147,1022
7148,1022
7149,1022
7150,0
7151,0
7152,0
7153,0
7154,0
7155,0
7156,0
7157,0
7158,0
7159,1022
7160,1021
7161,1021
7162,1022
7163,1022
7164,1022
7165,1022
7166,1022
7167,0
7168,0
7169,0
7170,0
7171,0
7172,0
7173,0
7174,0
7175,0
7176,1022
7177,1022
7178,1022
7179,1022
7180,1022
7181,1022
7182,1022
7183,1022
7184,1022
7185,0
7186,0
7187,0
7188,0
7189,0
7190,0
7191,0
7192,0
7193,0
7194,1021
7195,1022
7196,1021
7197,1021
7198,1021
7199,1021
7200,1021
7201,1021
7202,1022
7203,0
7204,0
7205,0
7206,0
7207,0
7208,0
7209,0
7210,0
7211,1022
7212,1022
7213,1022
7214,1022
7215,1022
7216,1021
7217,1022
7218,1022
7219,1022
7220,0
7221,0
7222,0
7223,0
7224,0
7225,0
7226,0
7227,0
7228,0
7229,1022
7230,1022
7231,1022
7232,1022
7233,1022
7234,1022
7235,1021
7236,1022
7237,1022
7238,0
7239,0
7240,0
7241,0
7242,0
7243,0
7244,0
7245,0
7246,1022
7247,1022
7248,1022
7249,1022
7250,1022
7251,1022
7252,1022
7253,1022
7254,1022
7255,0
7256,0
7257,0
7258,0
7259,0
7260,0
7261,0
7262,0
7263,0
7264,1022
7265,1022
7266,1022
7267,1022
7268,1022
7269,1021
7270,1022
7271,1022
7272,1022
7273,0
7274,0
7275,0
7276,0
7277,0
7278,0
7279,0
7280,0
7281,1022
7282,1022
7283,1022
7284,1022
7285,1022
7286,1022
7287,1022
7288,1022
7289,1022
7290,0
7291,0
7292,0
7293,0
7294,0
7295,0
7296,0
7297,0
7298,0
7299,1022
7300,1022
7301,1022
7302,1022
7303,1022
7304,1022
7305,1022
7306,1022
7307,1022
7308,0
7309,0
7310,0
7311,0
7312,0
7313,0
7314,0
7315,0
7316,0
7317,1022
7318,1022
7319,1022
7320,1022
7321,1022
7322,1022
7323,1022
7324,1022
7325,0
7326,0
7327,0
7328,0
7329,0
7330,0
7331,0
7332,0
7333,0
7334,1022
7335,1022
7336,1022
7337,1022
7338,1022
7339,1022
7340,1022
7341,1022
7342,1022
7343,0
7344,0
7345,0
7346,0
7347,0
7348,0
7349,0
7350,0
7351,0
7352,1022
7353,1022
7354,1022
7355,1022
7356,1023
7357,1022
7358,1022
7359,1022
7360,0
7361,0
7362,0
7363,0
7364,0
7365,0
7366,0
7367,0
7368,0
7369,1022
7370,1022
7371,1022
7372,1022
7373,1022
7374,1022
7375,1022
7376,1022
7377,1022
7378,0
7379,0
7380,0
7381,0
7382,0
7383,0
7384,0
7385,0
7386,0
7387,1022
7388,1022
7389,1022
7390,1021
7391,1022
7392,1022
7393,1022
7394,1022
7395,0
7396,0
7397,0
7398,0
7399,0
7400,0
7401,0
7402,0
7403,0
7404,1022
7405,1022
7406,1022
7407,1022
7408,1022
7409,1022
7410,1022
7411,1021
7412,1022
7413,0
7414,0
7415,0
7416,0
7417,0
7418,0
7419,0
7420,0
7421,0
7422,1022
7423,1022
7424,1022
7425,1021
7426,1022
7427,1021
7428,1022
7429,1022
7430,0
7431,0
7432,0
7433,0
7434,0
7435,0
7436,0
7437,0
7438,0
7439,1022
7440,1022
7441,1022
7442,1022
7443,1022
7444,1022
7445,1022
7446,1022
7447,1022
7448,0
7449,0
7450,0
7451,0
7452,0
7453,0
7454,0
7455,0
7456,0
7457,1022
7458,1022
7459,1022
7460,1022
7461,1022
7462,1022
7463,1022
7464,1022
7465,1022
7466,0
7467,0
7468,0
7469,0
7470,0
7471,0
7472,0
7473,0
7474,1022
7475,1022
7476,1022
7477,1022
7478,1022
7479,1022
7480,1021
7481,1022
7482,1022
7483,0
7484,0
7485,0
7486,0
7487,0
7488,0
7489,0
7490,0
7491,0
7492,1022
7493,1022
7494,1022
7495,1022
7496,1022
7497,1021
7498,1022
7499,1021
7500,1021
7501,0
7502,0
7503,0
7504,0
7505,0
7506,0
7507,0
7508,0
7509,1022
7510,1022
7511,1022
7512,1022
7513,1022
7514,1022
7515,1022
7516,1022
7517,1022
7518,0
7519,0
7520,0
7521,0
7522,0
7523,0
7524,0
7525,0
7526,0
7527,1022
7528,1022
7529,1022
7530,1022
7531,1022
7532,1022
7533,1022
7534,1022
7535,1022
7536,0
7537,0
7538,0
7539,0
7540,0
7541,0
7542,0
7543,0
7544,1021
7545,1022
7546,1022
7547,1022
7548,1022
7549,1022
7550,1022
7551,1022
7552,1022
7553,0
7554,0
7555,0
7556,0
7557,0
7558,0
7559,0
7560,0
7561,0
7562,1022
7563,1022
7564,1022
7565,1021
7566,1022
7567,1022
7568,1021
7569,1021
7570,1022
7571,0
7572,0
7573,0
7574,0
7575,0
7576,0
7577,0
7578,0
7579,0
7580,1022
7581,1021
7582,1022
7583,1021
7584,1022
7585,1022
7586,1022
7587,1022
7588,0
7589,0
7590,0
7591,0
7592,0
7593,0
7594,0
7595,0
7596,0
7597,1022
7598,1022
7599,1022
7600,1022
7601,1021
7602,1021
7603,1022
7604,1022
7605,1022
7606,0
7607,0
7608,0
7609,0
7610,0
7611,0
7612,0
7613,0
7614,0
7615,1022
7616,1021
7617,1022
7618,1022
7619,1022
7620,1022
7621,1022
7622,1022
7623,0
7624,0
7625,0
7626,0
7627,0
7628,0
7629,0
7630,0
7631,0
7632,1022
7633,1022
7634,1022
7635,1022
7636,1022
7637,1022
7638,1022
7639,1021
7640,1022
7641,0
7642,0
7643,0
7644,0
7645,0
7646,0
7647,0
7648,0
7649,0
7650,1022
7651,1022
7652,1022
7653,1022
7654,1021
7655,1023
7656,1021
7657,1022
7658,0
7659,0
7660,0
7661,0
7662,0
7663,0
7664,0
7665,0
7666,0
7667,1022
7668,1022
7669,1021
7670,1022
7671,1022
7672,1022
7673,1022
7674,1022
7675,1022
7676,0
7677,0
7678,0
7679,0
7680,0
7681,0
7682,0
7683,0
7684,0
7685,1021
7686,1022
7687,1022
7688,1022
7689,1021
7690,1022
7691,1022
7692,1022
7693,1022
7694,0
7695,0
7696,0
7697,0
7698,0
7699,0
7700,0
7701,0
7702,1022
7703,1022
7704,1022
7705,1022
7706,1022
7707,1022
7708,1022
7709,1022
7710,1022
7711,0
7712,0
7713,0
7714,0
7715,0
7716,0
7717,0
7718,0
7719,0
7720,1022
7721,1022
7722,1022
7723,1022
7724,1021
7725,1022
7726,1022
7727,1022
7728,1022
7729,0
7730,0
7731,0
7732,0
7733,0
7734,0
7735,0
7736,0
7737,1022
7738,1022
7739,1022
7740,1022
7741,1022
7742,1022
7743,1021
7744,1022
7745,1022
7746,0
7747,0
7748,0
7749,0
7750,0
7751,0
7752,0
7753,0
7754,0
7755,1022
7756,1022
7757,1022
7758,1021
7759,1022
7760,1022
7761,1022
7762,1022
7763,1022
7764,0
7765,0
7766,0
7767,0
7768,0
7769,0
7770,0
7771,0
7772,1022
7773,1022
7774,1022
7775,1022
7776,1022
7777,1022
7778,1022
7779,1022
7780,1022
7781,0
7782,0
7783,0
7784,0
7785,0
7786,0
7787,0
7788,0
7789,0
7790,1022
7791,1022
7792,1021
7793,1021
7794,1022
7795,1022
7796,1022
7797,1021
7798,1022
7799,0
7800,0
7801,0
7802,0
7803,0
7804,0
7805,0
7806,0
7807,0
7808,1022
7809,1021
7810,1022
7811,1022
7812,1022
7813,1022
7814,1023
7815,1022
7816,0
7817,0
7818,0
7819,0
7820,0
7821,0
7822,0
7823,0
7824,0
7825,1022
7826,1022
7827,1022
7828,1022
7829,1022
7830,1022
7831,1022
7832,1022
7833,1022
7834,0
7835,0
7836,0
7837,0
7838,0
7839,0
7840,0
7841,0
7842,0
7843,1022
7844,1021
7845,1022
7846,1022
7847,1022
7848,1022
7849,1021
7850,1022
7851,0
7852,0
7853,0
7854,0
7855,0
7856,0
7857,0
7858,0
7859,0
7860,1022
7861,1022
7862,1022
7863,1022
7864,1022
7865,1023
7866,1022
7867,1022
7868,1022
7869,0
7870,0
7871,0
7872,0
7873,0
7874,0
7875,0
7876,0
7877,0
7878,1022
7879,1022
7880,1022
7881,1022
7882,1022
7883,1022
7884,1022
7885,1022
7886,0
7887,0
7888,0
7889,0
7890,0
7891,0
7892,0
7893,0
7894,0
7895,1022
7896,1021
7897,1021
7898,1022
7899,1022
7900,1022
7901,1022
7902,1022
7903,1022
7904,0
7905,0
7906,0
7907,0
7908,0
7909,0
7910,0
7911,0
7912,0
7913,1022
7914,1022
7915,1022
7916,1022
7917,1022
7918,1022
7919,1022
7920,1022
7921,1021
7922,0
7923,0
7924,0
7925,0
7926,0
7927,0
7928,0
7929,0
7930,1022
7931,1022
7932,1022
7933,1022
7934,1022
7935,1022
7936,1022
7937,1021
7938,1022
7939,0
7940,0
7941,0
7942,0
7943,0
7944,0
7945,0
7946,0
7947,0
7948,1022
7949,1022
7950,1021
7951,1021
7952,1022
7953,1021
7954,1021
7955,1021
7956,1022
7957,0
7958,0
7959,0
7960,0
7961,0
7962,0
7963,0
7964,0
7965,1022
7966,1022
7967,1022
7968,1022
7969,1022
7970,1022
7971,1022
7972,1021
7973,1021
7974,0
7975,0
7976,0
7977,0
7978,0
7979,0
7980,0
7981,0
7982,0
7983,1022
7984,1022
7985,1022
7986,1022
7987,1022
7988,1022
7989,1022
7990,1022
7991,1022
7992,0
7993,0
7994,0
7995,0
7996,0
7997,0
7998,0
7999,0
8000,1021
8001,1022
8002,1022
8003,1022
8004,1022
8005,1022
8006,1022
8007,1022
8008,1022
8009,0
8010,0
8011,0
8012,0
8013,0
8014,0
8015,0
8016,0
8017,0
8018,1022
8019,1022
8020,1022
8021,1021
8022,1022
8023,1022
8024,1022
8025,1022
8026,1022
8027,0
8028,0
8029,0
8030,0
8031,0
8032,0
8033,0
8034,0
8035,1022
8036,1022
8037,1022
8038,1022
8039,1022
8040,1021
8041,1022
8042,1021
8043,1022
8044,0
8045,0
8046,0
8047,0
8048,0
8049,0
8050,0
8051,0
8052,0
8053,1022
8054,1022
8055,1022
8056,1022
8057,1022
8058,1021
8059,1022
8060,1022
8061,1022
8062,0
8063,0
8064,0
8065,0
8066,0
8067,0
8068,0
8069,0
8070,0
8071,1022
8072,1022
8073,1022
8074,1022
8075,1021
8076,1022
8077,1022
8078,1022
8079,0
8080,0
8081,0
8082,0
8083,0
8084,0
8085,0
8086,0
8087,0
8088,1022
8089,1022
8090,1022
8091,1022
8092,1022
8093,1021
8094,1022
8095,1022
8096,1022
8097,0
8098,0
8099,0
8100,0
8101,0
8102,0
8103,0
8104,0
8105,0
8106,1022
8107,1022
8108,1021
8109,1022
8110,1022
8111,1022
8112,1022
8113,1023
8114,0
8115,0
8116,0
8117,0
8118,0
8119,0
8120,0
8121,0
8122,0
8123,1022
8124,1022
8125,1022
8126,1022
8127,1022
8128,1022
8129,1021
8130,1022
8131,1022
8132,0
8133,0
8134,0
8135,0
8136,0
8137,0
8138,0
8139,0
8140,0
8141,1022
8142,1022
8143,1022
8144,1022
8145,1022
8146,1022
8147,1022
8148,1022
8149,0
8150,0
8151,0
8152,0
8153,0
8154,0
8155,0
8156,0
8157,0
8158,1022
8159,1022
8160,1022
8161,1022
8162,1022
8163,1022
8164,1022
8165,1022
8166,1022
8167,0
8168,0
8169,0
8170,0
8171,0
8172,0
8173,0
8174,0
8175,0
8176,1022
8177,1022
8178,1022
8179,1022
8180,1022
8181,1022
8182,1022
8183,1023
8184,1022
8185,0
8186,0
8187,0
8188,0
8189,0
8190,0
8191,0
8192,0
8193,1022
8194,1022
8195,1022
8196,1022
8197,1022
8198,1022
8199,1021
8200,1022
8201,1021
8202,0
8203,0
8204,0
8205,0
8206,0
8207,0
8208,0
8209,0
8210,0
8211,1022
8212,1022
8213,1022
8214,1021
8215,1022
8216,1022
8217,1022
8218,1022
8219,1022
8220,0
8221,0
8222,0
8223,0
8224,0
8225,0
8226,0
8227,0
8228,1022
8229,1022
8230,1022
8231,1022
8232,1022
8233,1022
8234,1022
8235,1022
8236,1021
8237,0
8238,0
8239,0
8240,0
8241,0
8242,0
8243,0
8244,0
8245,0
8246,1022
8247,1022
8248,1021
8249,1022
8250,1022
8251,1022
8252,1022
8253,1022
8254,1022
8255,0
8256,0
8257,0
8258,0
8259,0
8260,0
8261,0
8262,0
8263,1022
8264,1022
8265,1021
8266,1022
8267,1021
8268,1022
8269,1022
8270,1022
8271,1022
8272,0
8273,0
8274,0
8275,0
8276,0
8277,0
8278,0
8279,0
8280,0
8281,1022
8282,1022
8283,1022
8284,1022
8285,1022
8286,1022
8287,1022
8288,1022
8289,1022
8290,0
8291,0
8292,0
8293,0
8294,0
8295,0
8296,0
8297,0
8298,0
8299,1022
8300,1022
8301,1022
8302,1022
8303,1022
8304,1022
8305,1021
8306,1022
8307,0
8308,0
8309,0
8310,0
8311,0
8312,0
8313,0
8314,0
8315,0
8316,1022
8317,1022
8318,1022
8319,1022
8320,1021
8321,1022
8322,1022
8323,1022
8324,1022
8325,0
8326,0
8327,0
8328,0
8329,0
8330,0
8331,0
8332,0
8333,0
8334,1022
8335,1022
8336,1022
8337,1022
8338,1022
8339,1022
8340,1022
8341,1022
8342,0
8343,0
8344,0
8345,0
8346,0
8347,0
8348,0
8349,0
8350,0
8351,1022
8352,1022
8353,1021
8354,1021
8355,1021
8356,1022
8357,1022
8358,1022
8359,1022
8360,0
8361,0
8362,0
8363,0
8364,0
8365,0
8366,0
8367,0
8368,0
8369,1022
8370,1021
8371,1022
8372,1022
8373,1022
8374,1022
8375,1022
8376,1022
8377,0
8378,0
8379,0
8380,0
8381,0
8382,0
8383,0
8384,0
8385,0
8386,1022
8387,1022
8388,1022
8389,1022
8390,1022
8391,1022
8392,1022
8393,1022
8394,1022
8395,0
8396,0
8397,0
8398,0
8399,0
8400,0
8401,0
8402,0
8403,0
8404,1022
8405,1022
8406,1022
8407,1022
8408,1022
8409,1022
8410,1022
8411,1022
8412,1023
8413,0
8414,0
8415,0
8416,0
8417,0
8418,0
8419,0
8420,0
8421,1022
8422,1021
8423,1022
8424,1022
8425,1021
8426,1021
8427,1021
8428,1022
8429,1021
8430,0
8431,0
8432,0
8433,0
8434,0
8435,0
8436,0
8437,0
8438,0
8439,1022
8440,1022
8441,1022
8442,1022
8443,1022
8444,1022
8445,1022
8446,1022
8447,1022
8448,0
8449,0
8450,0
8451,0
8452,0
8453,0
8454,0
8455,0
8456,1022
8457,1022
8458,1022
8459,1022
8460,1022
8461,1022
8462,1021
8463,1022
8464,1021
8465,0
8466,0
8467,0
8468,0
8469,0
8470,0
8471,0
8472,0
8473,0
8474,1022
8475,1022
8476,1022
8477,1022
8478,1022
8479,1022
8480,1022
8481,1022
8482,1022
8483,0
8484,0
8485,0
8486,0
8487,0
8488,0
8489,0
8490,0
8491,1022
8492,1022
8493,1022
8494,1022
8495,1022
8496,1022
8497,1022
8498,1022
8499,1022
8500,0
8501,0
8502,0
8503,0
8504,0
8505,0
8506,0
8507,0
8508,0
8509,1021
8510,1022
8511,1022
8512,1022
8513,1022
8514,1022
8515,1022
8516,1022
8517,1022
8518,0
8519,0
8520,0
8521,0
8522,0
8523,0
8524,0
8525,0
8526,1022
8527,1021
8528,1022
8529,1021
8530,1022
8531,1022
8532,1022
8533,1022
8534,1022
8535,0
8536,0
8537,0
8538,0
8539,0
8540,0
8541,0
8542,0
8543,0
8544,1022
8545,1022
8546,1022
8547,1022
8548,1022
8549,1022
8550,1022
8551,1022
8552,1022
8553,0
8554,0
8555,0
8556,0
8557,0
8558,0
8559,0
8560,0
8561,0
8562,1022
8563,1022
8564,1022
8565,1022
8566,1022
8567,1022
8568,1022
8569,1022
8570,0
8571,0
8572,0
8573,0
8574,0
8575,0
8576,0
8577,0
8578,0
8579,1022
8580,1021
8581,1022
8582,1021
8583,1023
8584,1022
8585,1021
8586,1022
8587,1022
8588,0
8589,0
8590,0
8591,0
8592,0
8593,0
8594,0
8595,0
8596,0
8597,1022
8598,1022
8599,1022
8600,1022
8601,1022
8602,1022
8603,1022
8604,1022
8605,0
8606,0
8607,0
8608,0
8609,0
8610,0
8611,0
8612,0
8613,0
8614,1022
8615,1022
8616,1022
8617,1022
8618,1022
8619,1022
8620,1022
8621,1022
8622,1022
8623,0
8624,0
8625,0
8626,0
8627,0
8628,0
8629,0
8630,0
8631,0
8632,1022
8633,1022
8634,1022
8635,1022
8636,1022
8637,1022
8638,1022
8639,1022
8640,0
8641,0
8642,0
8643,0
8644,0
8645,0
8646,0
8647,0
8648,0
8649,1022
8650,1022
8651,1022
8652,1022
8653,1021
8654,1021
8655,1022
8656,1021
8657,1021
8658,0
8659,0
8660,0
8661,0
8662,0
8663,0
8664,0
8665,0
8666,0
8667,1022
8668,1022
8669,1021
8670,1022
8671,1022
8672,1022
8673,1022
8674,1022
8675,1022
8676,0
8677,0
8678,0
8679,0
8680,0
8681,0
8682,0
8683,0
8684,1021
8685,1022
8686,1022
8687,1022
8688,1022
8689,1022
8690,1022
8691,1022
8692,1021
8693,0
8694,0
8695,0
8696,0
8697,0
8698,0
8699,0
8700,0
8701,0
8702,1022
8703,1021
8704,1022
8705,1022
8706,1022
8707,1022
8708,1022
8709,1022
8710,1022
8711,0
8712,0
8713,0
8714,0
8715,0
8716,0
8717,0
8718,0
8719,1022
8720,1022
8721,1022
8722,1022
8723,1022
8724,1022
8725,1023
8726,1021
8727,1022
8728,0
8729,0
8730,0
8731,0
8732,0
8733,0
8734,0
8735,0
8736,0
8737,1022
8738,1022
8739,1022
8740,1022
8741,1023
8742,1022
8743,1022
8744,1022
8745,1022
8746,0
8747,0
8748,0
8749,0
8750,0
8751,0
8752,0
8753,0
8754,1021
8755,1022
8756,1021
8757,1021
8758,1022
8759,1022
8760,1022
8761,1022
8762,1022
8763,0
8764,0
8765,0
8766,0
8767,0
8768,0
8769,0
8770,0
8771,0
8772,1022
8773,1022
8774,1022
8775,1022
8776,1022
8777,1022
8778,1022
8779,1022
8780,1022
8781,0
8782,0
8783,0
8784,0
8785,0
8786,0
8787,0
8788,0
8789,0
8790,1021
8791,1022
8792,1022
8793,1022
8794,1022
8795,1022
8796,1022
8797,1022
8798,0
8799,0
8800,0
8801,0
8802,0
8803,0
8804,0
8805,0
8806,0
8807,1021
8808,1022
8809,1021
8810,1022
8811,1022
8812,1022
8813,1022
8814,1021
8815,1022
8816,0
8817,0
8818,0
8819,0
8820,0
8821,0
8822,0
8823,0
8824,0
8825,1022
8826,1022
8827,1022
8828,1022
8829,1022
8830,1022
8831,1022
8832,1022
8833,0
8834,0
8835,0
8836,0
8837,0
8838,0
8839,0
8840,0
8841,0
8842,1022
8843,1022
8844,1022
8845,1022
8846,1022
8847,1022
8848,1022
8849,1022
8850,1022
8851,0
8852,0
8853,0
8854,0
8855,0
8856,0
8857,0
8858,0
8859,0
8860,1022
8861,1022
8862,1022
8863,1022
8864,1022
8865,1022
8866,1021
8867,1022
8868,0
8869,0
8870,0
8871,0
8872,0
8873,0
8874,0
8875,0
8876,0
8877,1021
8878,1022
8879,1021
8880,1022
8881,1022
8882,1022
8883,1022
8884,1022
8885,1022
8886,0
8887,0
8888,0
8889,0
8890,0
8891,0
8892,0
8893,0
8894,0
8895,1022
8896,1022
8897,1022
8898,1022
8899,1022
8900,1022
8901,1022
8902,1022
8903,1021
8904,0
8905,0
8906,0
8907,0
8908,0
8909,0
8910,0
8911,0
8912,1022
8913,1022
8914,1022
8915,1021
8916,1022
8917,1022
8918,1022
8919,1022
8920,1022
8921,0
8922,0
8923,0
8924,0
8925,0
8926,0
8927,0
8928,0
8929,0
8930,1022
8931,1022
8932,1022
8933,1022
8934,1022
8935,1022
8936,1022
8937,1022
8938,1022
8939,0
8940,0
8941,0
8942,0
8943,0
8944,0
8945,0
8946,0
8947,1022
8948,1022
8949,1022
8950,1021
8951,1022
8952,1022
8953,1022
8954,1022
8955,1021
8956,0
8957,0
8958,0
8959,0
8960,0
8961,0
8962,0
8963,0
8964,0
8965,1022
8966,1022
8967,1021
8968,1022
8969,1022
8970,1022
8971,1022
8972,1022
8973,1022
8974,0
8975,0
8976,0
8977,0
8978,0
8979,0
8980,0
8981,0
8982,1022
8983,1022
8984,1022
8985,1022
8986,1022
8987,1021
8988,1022
8989,1022
8990,1022
8991,0
8992,0
8993,0
8994,0
8995,0
8996,0
8997,0
8998,0
8999,0
9000,1021
9001,1022
9002,1022
9003,1022
9004,1022
9005,1022
9006,1022
9007,1022
9008,1022
9009,0
9010,0
9011,0
9012,0
9013,0
9014,0
9015,0
9016,0
9017,1021
9018,1022
9019,1022
9020,1022
9021,1022
9022,1022
9023,1022
9024,1021
9025,1022
9026,0
9027,0
9028,0
9029,0
9030,0
9031,0
9032,0
9033,0
9034,0
9035,1022
9036,1021
9037,1021
9038,1022
9039,1021
9040,1022
9041,1022
9042,1022
9043,1022
9044,0
9045,0
9046,0
9047,0
9048,0
9049,0
9050,0
9051,0
9052,0
9053,1022
9054,1021
9055,1022
9056,1022
9057,1022
9058,1022
9059,1021
9060,1022
9061,0
9062,0
9063,0
9064,0
9065,0
9066,0
9067,0
9068,0
9069,0
9070,1022
9071,1022
9072,1022
9073,1022
9074,1022
9075,1022
9076,1022
9077,1022
9078,1022
9079,0
9080,0
9081,0
9082,0
9083,0
9084,0
9085,0
9086,0
9087,0
9088,1021
9089,1022
9090,1022
9091,1022
9092,1022
9093,1022
9094,1022
9095,1022
9096,0
9097,0
9098,0
9099,0
9100,0
9101,0
9102,0
9103,0
9104,0
9105,1022
9106,1022
9107,1022
9108,1022
9109,1022
9110,1022
9111,1022
9112,1022
9113,1021
9114,0
9115,0
9116,0
9117,0
9118,0
9119,0
9120,0
9121,0
9122,0
9123,1022
9124,1022
9125,1022
9126,1022
9127,1022
9128,1022
9129,1022
9130,1022
9131,0
9132,0
9133,0
9134,0
9135,0
9136,0
9137,0
9138,0
9139,0
9140,1022
9141,1022
9142,1022
9143,1022
9144,1022
9145,1022
9146,1022
9147,1022
9148,1023
9149,0
9150,0
9151,0
9152,0
9153,0
9154,0
9155,0
9156,0
9157,0
9158,1022
9159,1022
9160,1022
9161,1022
9162,1022
9163,1022
9164,1022
9165,1022
9166,1022
9167,0
9168,0
9169,0
9170,0
9171,0
9172,0
9173,0
9174,0
9175,1022
9176,1022
9177,1022
9178,1022
9179,1022
9180,1022
9181,1022
9182,1022
9183,1021
9184,0
9185,0
9186,0
9187,0
9188,0
9189,0
9190,0
9191,0
9192,0
9193,1022
9194,1022
9195,1022
9196,1021
9197,1022
9198,1022
9199,1022
9200,1022
9201,1021
9202,0
9203,0
9204,0
9205,0
9206,0
9207,0
9208,0
9209,0
9210,1022
9211,1022
9212,1022
9213,1022
9214,1022
9215,1022
9216,1022
9217,1021
9218,1022
9219,0
9220,0
9221,0
9222,0
9223,0
9224,0
9225,0
9226,0
9227,0
9228,1022
9229,1022
9230,1022
9231,1022
9232,1022
9233,1022
9234,1021
9235,1022
9236,1022
9237,0
9238,0
9239,0
9240,0
9241,0
9242,0
9243,0
9244,0
9245,1022
9246,1022
9247,1022
9248,1022
9249,1022
9250,1022
9251,1022
9252,1022
9253,1022
9254,0
9255,0
9256,0
9257,0
9258,0
9259,0
9260,0
9261,0
9262,0
9263,1022
9264,1022
9265,1022
9266,1022
9267,1022
9268,1022
9269,1022
9270,1022
9271,1021
9272,0
9273,0
9274,0
9275,0
9276,0
9277,0
9278,0
9279,0
9280,0
9281,1022
9282,1022
9283,1022
9284,1022
9285,1022
9286,1022
9287,1022
9288,1022
9289,0
9290,0
9291,0
9292,0
9293,0
9294,0
9295,0
9296,0
9297,0
9298,1022
9299,1022
9300,1022
9301,1022
9302,1022
9303,1022
9304,1022
9305,1022
9306,1022
9307,0
9308,0
9309,0
9310,0
9311,0
9312,0
9313,0
9314,0
9315,0
9316,1022
9317,1022
9318,1022
9319,1022
9320,1022
9321,1022
9322,1022
9323,1022
9324,0
9325,0
9326,0
9327,0
9328,0
9329,0
9330,0
9331,0
9332,0
9333,1022
9334,1022
9335,1022
9336,1022
9337,1022
9338,1022
9339,1021
9340,1021
9341,1021
9342,0
9343,0
9344,0
9345,0
9346,0
9347,0
9348,0
9349,0
9350,0
9351,1022
9352,1022
9353,1022
9354,1022
9355,1022
9356,1022
9357,1022
9358,1023
9359,0
9360,0
9361,0
9362,0
9363,0
9364,0
9365,0
9366,0
9367,0
9368,1022
9369,1022
9370,1022
9371,1022
9372,1022
9373,1022
9374,1022
9375,1022
9376,1022
9377,0
9378,0
9379,0
9380,0
9381,0
9382,0
9383,0
9384,0
9385,0
9386,1022
9387,1022
9388,1022
9389,1022
9390,1021
9391,1022
9392,1022
9393,1022
9394,1022
9395,0
9396,0
9397,0
9398,0
9399,0
9400,0
9401,0
9402,0
9403,1022
9404,1022
9405,1022
9406,1022
9407,1022
9408,1022
9409,1022
9410,1022
9411,1022
9412,0
9413,0
9414,0
9415,0
9416,0
9417,0
9418,0
9419,0
9420,0
9421,1021
9422,1021
9423,1021
9424,1021
9425,1021
9426,1022
9427,1022
9428,1022
9429,1022
9430,0
9431,0
9432,0
9433,0
9434,0
9435,0
9436,0
9437,0
9438,1022
9439,1021
9440,1022
9441,1022
9442,1022
9443,1023
9444,1022
9445,1022
9446,1022
9447,0
9448,0
9449,0
9450,0
9451,0
9452,0
9453,0
9454,0
9455,0
9456,1022
9457,1022
9458,1022
9459,1022
9460,1022
9461,1022
9462,1022
9463,1021
9464,1022
9465,0
9466,0
9467,0
9468,0
9469,0
9470,0
9471,0
9472,0
9473,1022
9474,1022
9475,1022
9476,1022
9477,1022
9478,1022
9479,1022
9480,1022
9481,1022
9482,0
9483,0
9484,0
9485,0
9486,0
9487,0
9488,0
9489,0
9490,0
9491,1022
9492,1022
9493,1021
9494,1021
9495,1021
9496,1022
9497,1021
9498,1022
9499,1022
9500,0
9501,0
9502,0
9503,0
9504,0
9505,0
9506,0
9507,0
9508,0
9509,1022
9510,1022
9511,1022
9512,1022
9513,1022
9514,1022
9515,1022
9516,1022
9517,0
9518,0
9519,0
9520,0
9521,0
9522,0
9523,0
9524,0
9525,0
9526,1022
9527,1022
9528,1022
9529,1022
9530,1022
9531,1022
9532,1022
9533,1022
9534,1022
9535,0
9536,0
9537,0
9538,0
9539,0
9540,0
9541,0
9542,0
9543,0
9544,1022
9545,1022
9546,1022
9547,1022
9548,1022
9549,1022
9550,1022
9551,1022
9552,0
9553,0
9554,0
9555,0
9556,0
9557,0
9558,0
9559,0
9560,0
9561,1022
9562,1022
9563,1022
9564,1022
9565,1022
9566,1021
9567,1021
9568,1022
9569,1021
9570,0
9571,0
9572,0
9573,0
9574,0
9575,0
9576,0
9577,0
9578,0
9579,1022
9580,1022
9581,1022
9582,1022
9583,1022
9584,1022
9585,1022
9586,1022
9587,0
9588,0
9589,0
9590,0
9591,0
9592,0
9593,0
9594,0
9595,0
9596,1022
9597,1022
9598,1022
9599,1022
9600,1022
9601,1021
9602,1022
9603,1022
9604,1022
9605,0
9606,0
9607,0
9608,0
9609,0
9610,0
9611,0
9612,0
9613,0
9614,1022
9615,1022
9616,1022
9617,1022
9618,1022
9619,1022
9620,1022
9621,1022
9622,0
9623,0
9624,0
9625,0
9626,0
9627,0
9628,0
9629,0
9630,0
9631,1022
9632,1022
9633,1022
9634,1022
9635,1022
9636,1022
9637,1022
9638,1022
9639,1022
9640,0
9641,0
9642,0
9643,0
9644,0
9645,0
9646,0
9647,0
9648,0
9649,1021
9650,1021
9651,1021
9652,1021
9653,1021
9654,1022
9655,1022
9656,1022
9657,1022
9658,0
9659,0
9660,0
9661,0
9662,0
9663,0
9664,0
9665,0
9666,1022
9667,1022
9668,1022
9669,1022
9670,1022
9671,1022
9672,1022
9673,1022
9674,1022
9675,0
9676,0
9677,0
9678,0
9679,0
9680,0
9681,0
9682,0
9683,0
9684,1022
9685,1022
9686,1022
9687,1022
9688,1022
9689,1022
9690,1022
9691,1022
9692,1022
9693,0
9694,0
9695,0
9696,0
9697,0
9698,0
9699,0
9700,0
9701,1022
9702,1022
9703,1022
9704,1022
9705,1022
9706,1022
9707,1022
9708,1022
9709,1022
9710,0
9711,0
9712,0
9713,0
9714,0
9715,0
9716,0
9717,0
9718,0
9719,1021
9720,1022
9721,1022
9722,1021
9723,1022
9724,1021
9725,1023
9726,1021
9727,1021
9728,0
9729,0
9730,0
9731,0
9732,0
9733,0
9734,0
9735,0
9736,1022
9737,1022
9738,1022
9739,1022
9740,1022
9741,1021
9742,1022
9743,1022
9744,1022
9745,0
9746,0
9747,0
9748,0
9749,0
9750,0
9751,0
9752,0
9753,0
9754,1022
9755,1022
9756,1022
9757,1022
9758,1022
9759,1022
9760,1022
9761,1022
9762,1022
9763,0
9764,0
9765,0
9766,0
9767,0
9768,0
9769,0
9770,0
9771,0
9772,1022
9773,1022
9774,1022
9775,1022
9776,1022
9777,1022
9778,1022
9779,1022
9780,0
9781,0
9782,0
9783,0
9784,0
9785,0
9786,0
9787,0
9788,0
9789,1022
9790,1022
9791,1022
9792,1022
9793,1022
9794,1022
9795,1021
9796,1022
9797,1021
9798,0
9799,0
9800,0
9801,0
9802,0
9803,0
9804,0
9805,0
9806,0
9807,1021
9808,1022
9809,1022
9810,1022
9811,1022
9812,1022
9813,1022
9814,1022
9815,0
9816,0
9817,0
9818,0
9819,0
9820,0
9821,0
9822,0
9823,0
9824,1022
9825,1021
9826,1021
9827,1022
9828,1021
9829,1022
9830,1023
9831,1022
9832,1022
9833,0
9834,0
9835,0
9836,0
9837,0
9838,0
9839,0
9840,0
9841,0
9842,1022
9843,1022
9844,1022
9845,1022
9846,1022
9847,1022
9848,1022
9849,1022
9850,0
9851,0
9852,0
9853,0
9854,0
9855,0
9856,0
9857,0
9858,0
9859,1022
9860,1022
9861,1021
9862,1022
9863,1022
9864,1022
9865,1022
9866,1021
9867,1022
9868,0
9869,0
9870,0
9871,0
9872,0
9873,0
9874,0
9875,0
9876,0
9877,1021
9878,1021
9879,1021
9880,1022
9881,1022
9882,1021
9883,1022
9884,1022
9885,1021
9886,0
9887,0
9888,0
9889,0
9890,0
9891,0
9892,0
9893,0
9894,1022
9895,1022
9896,1022
9897,1021
9898,1022
9899,1021
9900,1022
9901,1022
9902,1022
9903,0
9904,0
9905,0
9906,0
9907,0
9908,0
9909,0
9910,0
9911,0
9912,1022
9913,1022
9914,1022
9915,1022
9916,1022
9917,1022
9918,1022
9919,1022
9920,1022
9921,0
9922,0
9923,0
9924,0
9925,0
9926,0
9927,0
9928,0
9929,1022
9930,1022
9931,1022
9932,1022
9933,1022
9934,1022
9935,1022
9936,1022
9937,1022
9938,0
9939,0
9940,0
9941,0
9942,0
9943,0
9944,0
9945,0
9946,0
9947,1022
9948,1022
9949,1022
9950,1022
9951,1021
9952,1022
9953,1021
9954,1021
9955,1021
9956,0
9957,0
9958,0
9959,0
9960,0
9961,0
9962,0
9963,0
9964,1022
9965,1022
9966,1022
9967,1022
9968,1022
9969,1022
9970,1022
9971,1022
9972,1022
9973,0
9974,0
9975,0
9976,0
9977,0
9978,0
9979,0
9980,0
9981,0
9982,1022
9983,1022
9984,1021
9985,1021
9986,1022
9987,1022
9988,1022
9989,1022
9990,1022
9991,0
9992,0
9993,0
9994,0
9995,0
9996,0
9997,0
9998,0
9999,0
10000,1022
