1,1022
2,0
3,0
4,1022
5,0
6,1022
7,0
8,0
9,1022
10,0
11,1022
12,0
13,0
14,1022
15,0
16,1022
17,0
18,0
19,1022
20,0
21,1022
22,0
23,0
24,1022
25,0
26,1022
27,0
28,0
29,1022
30,0
31,1022
32,0
33,0
34,1022
35,0
36,1022
37,0
38,0
39,1022
40,0
41,1022
42,0
43,0
44,1022
45,0
46,1022
47,0
48,0
49,1022
50,0
51,1022
52,0
53,0
54,1022
55,0
56,1022
57,0
58,0
59,1022
60,0
61,1022
62,0
63,1022
64,1022
65,0
66,1022
67,0
68,1021
69,1022
70,0
71,1021
72,0
73,1022
74,1022
75,0
76,1022
77,0
78,1022
79,1022
80,0
81,1022
82,0
83,1022
84,1022
85,0
86,1022
87,0
88,1022
89,1022
90,0
91,1022
92,0
93,1022
94,1022
95,0
96,1022
97,0
98,1022
99,1022
100,0
101,1022
102,0
103,1022
104,1022
105,0
106,1021
107,0
108,1022
109,1021
110,0
111,1022
112,0
113,1022
114,1022
115,0
116,1022
117,0
118,1022
119,1022
120,0
121,1022
122,0
123,1021
124,1022
125,0
126,1022
127,0
128,1021
129,1022
130,0
131,1022
132,0
133,1022
134,1022
135,0
136,1022
137,0
138,1022
139,1021
140,0
141,1022
142,0
143,1022
144,1022
145,0
146,1021
147,0
148,1022
149,1022
150,0
151,1022
152,0
153,1021
154,1022
155,0
156,1022
157,0
158,1021
159,1022
160,0
161,1022
162,0
163,1022
164,1022
165,0
166,1022
167,0
168,1022
169,1022
170,0
171,1022
172,0
173,1022
174,1022
175,0
176,1022
177,0
178,1022
179,1022
180,0
181,1022
182,0
183,1022
184,1022
185,0
186,1022
187,0
188,1022
189,1022
190,0
191,1022
192,0
193,1022
194,1022
195,0
196,1022
197,0
198,1022
199,1022
200,0
201,1022
202,0
203,1022
204,1021
205,0
206,1022
207,0
208,1022
209,1022
210,0
211,1022
212,0
213,1023
214,0
215,0
216,1022
217,0
218,1022
219,0
220,0
221,1022
222,0
223,1022
224,0
225,0
226,1021
227,0
228,1022
229,0
230,0
231,1022
232,0
233,1022
234,0
235,0
236,1022
237,0
238,1022
239,0
240,0
241,1022
242,0
243,1022
244,0
245,0
246,1022
247,0
248,1022
249,0
250,0
251,1022
252,0
253,1022
254,0
255,0
256,1022
257,0
258,1022
259,0
260,0
261,1022
262,0
263,1022
264,0
265,0
266,1022
267,0
268,1022
269,0
270,0
271,1022
272,0
273,1022
274,0
275,0
276,1022
277,0
278,1021
279,0
280,0
281,1022
282,0
283,1022
284,0
285,0
286,1022
287,0
288,1023
289,0
290,0
291,1021
292,0
293,1022
294,0
295,0
296,1022
297,0
298,1021
299,0
300,0
301,1022
302,0
303,1021
304,0
305,0
306,1022
307,0
308,1022
309,0
310,0
311,1022
312,0
313,1022
314,0
315,0
316,1022
317,0
318,1022
319,0
320,0
321,1022
322,0
323,1022
324,0
325,0
326,1022
327,0
328,1022
329,0
330,0
331,1022
332,0
333,1022
334,0
335,0
336,1022
337,0
338,1022
339,0
340,0
341,1022
342,0
343,1021
344,0
345,0
346,1022
347,0
348,1022
349,0
350,0
351,1021
352,0
353,1022
354,0
355,0
356,1022
357,0
358,1022
359,0
360,0
361,1023
362,0
363,1023
364,0
365,0
366,1022
367,0
368,1022
369,0
370,0
371,1022
372,0
373,1021
374,0
375,1022
376,1021
377,0
378,1021
379,0
380,1021
381,1022
382,0
383,1022
384,0
385,1021
386,1022
387,0
388,1022
389,0
390,1022
391,1022
392,0
393,1021
394,0
395,1022
396,1022
397,0
398,1022
399,0
400,1022
401,1022
402,0
403,1022
404,0
405,1022
406,1022
407,0
408,1022
409,0
410,1022
411,1022
412,0
413,1022
414,0
415,1022
416,1022
417,0
418,1022
419,0
420,1022
421,1023
422,0
423,1022
424,0
425,1022
426,1021
427,0
428,1022
429,0
430,1022
431,1022
432,0
433,1022
434,0
435,1022
436,1022
437,0
438,1022
439,0
440,1022
441,1022
442,0
443,1022
444,0
445,1022
446,1021
447,0
448,1022
449,0
450,1022
451,1022
452,0
453,1021
454,0
455,1021
456,1022
457,0
458,1022
459,0
460,1022
461,1022
462,0
463,1022
464,0
465,1022
466,1022
467,0
468,1022
469,0
470,1022
471,1022
472,0
473,1022
474,0
475,1022
476,1022
477,0
478,1022
479,0
480,1022
481,1022
482,0
483,1022
484,0
485,1022
486,1022
487,0
488,1022
489,0
490,1022
491,1022
492,0
493,1022
494,0
495,1022
496,1022
497,0
498,1022
499,0
500,1022
501,1023
502,0
503,1022
504,0
505,1022
506,1022
507,0
508,1022
509,0
510,1022
511,1021
512,0
513,1022
514,0
515,1022
516,1022
517,0
518,1022
519,0
520,1021
521,1022
522,0
523,1021
524,0
525,1021
526,1022
527,0
528,1022
529,0
530,1021
531,0
532,0
533,1022
534,0
535,1022
536,0
537,0
538,1022
539,0
540,1022
541,0
542,0
543,1022
544,0
545,1022
546,0
547,0
548,1022
549,0
550,1022
551,0
552,0
553,1022
554,0
555,1022
556,0
557,0
558,1022
559,0
560,1022
561,0
562,0
563,1022
564,0
565,1022
566,0
567,0
568,1022
569,0
570,1022
571,0
572,0
573,1022
574,0
575,1022
576,0
577,0
578,1022
579,0
580,1022
581,0
582,0
583,1022
584,0
585,1022
586,0
587,0
588,1022
589,0
590,1022
591,0
592,0
593,1022
594,0
595,1022
596,0
597,0
598,1022
599,0
600,1022
601,0
602,0
603,1022
604,0
605,1022
606,0
607,0
608,1021
609,0
610,1022
611,0
612,0
613,1022
614,0
615,1021
616,0
617,0
618,1022
619,0
620,1022
621,0
622,0
623,1022
624,0
625,1022
626,0
627,0
628,1022
629,0
630,1022
631,0
632,0
633,1022
634,0
635,1022
636,0
637,0
638,1022
639,0
640,1022
641,0
642,0
643,1022
644,0
645,1022
646,0
647,0
648,1022
649,0
650,1022
651,0
652,0
653,1022
654,0
655,1022
656,0
657,0
658,1023
659,0
660,1022
661,0
662,0
663,1022
664,0
665,1022
666,0
667,0
668,1022
669,0
670,1022
671,0
672,0
673,1022
674,0
675,1021
676,0
677,0
678,1022
679,0
680,1022
681,0
682,0
683,1022
684,0
685,1022
686,0
687,1021
688,1022
689,0
690,1022
691,0
692,1022
693,1022
694,0
695,1022
696,0
697,1022
698,1022
699,0
700,1022
701,0
702,1022
703,1022
704,0
705,1022
706,0
707,1022
708,1022
709,0
710,1021
711,0
712,1021
713,1022
714,0
715,1022
716,0
717,1021
718,1023
719,0
720,1022
721,0
722,1022
723,1022
724,0
725,1022
726,0
727,1022
728,1021
729,0
730,1021
731,0
732,1022
733,1022
734,0
735,1022
736,0
737,1022
738,1022
739,0
740,1022
741,0
742,1022
743,1022
744,0
745,1022
746,0
747,1022
748,1021
749,0
750,1022
751,0
752,1022
753,1022
754,0
755,1021
756,0
757,1022
758,1022
759,0
760,1021
761,0
762,1021
763,1022
764,0
765,1022
766,0
767,1021
768,1022
769,0
770,1022
771,0
772,1022
773,1022
774,0
775,1022
776,0
777,1022
778,1022
779,0
780,1022
781,0
782,1022
783,1022
784,0
785,1022
786,0
787,1022
788,1022
789,0
790,1022
791,0
792,1022
793,1022
794,0
795,1022
796,0
797,1022
798,1022
799,0
800,1022
801,0
802,1022
803,1022
804,0
805,1022
806,0
807,1022
808,1021
809,0
810,1022
811,0
812,1021
813,1021
814,0
815,1022
816,0
817,1022
818,1021
819,0
820,1022
821,0
822,1023
823,1021
824,0
825,1022
826,0
827,1022
828,1022
829,0
830,1022
831,0
832,1021
833,1022
834,0
835,1021
836,0
837,1022
838,1022
839,0
840,1022
841,0
842,1022
843,0
844,0
845,1022
846,0
847,1022
848,0
849,0
850,1022
851,0
852,1022
853,0
854,0
855,1022
856,0
857,1022
858,0
859,0
860,1022
861,0
862,1022
863,0
864,0
865,1022
866,0
867,1022
868,0
869,0
870,1022
871,0
872,1022
873,0
874,0
875,1022
876,0
877,1022
878,0
879,0
880,1022
881,0
882,1022
883,0
884,0
885,1022
886,0
887,1022
888,0
889,0
890,1022
891,0
892,1022
893,0
894,0
895,1022
896,0
897,1022
898,0
899,0
900,1022
901,0
902,1022
903,0
904,0
905,1022
906,0
907,1021
908,0
909,0
910,1021
911,0
912,1021
913,0
914,0
915,1021
916,0
917,1022
918,0
919,0
920,1022
921,0
922,1022
923,0
924,0
925,1022
926,0
927,1022
928,0
929,0
930,1022
931,0
932,1022
933,0
934,0
935,1022
936,0
937,1022
938,0
939,0
940,1022
941,0
942,1022
943,0
944,0
945,1022
946,0
947,1022
948,0
949,0
950,1022
951,0
952,1022
953,0
954,0
955,1022
956,0
957,1022
958,0
959,0
960,1021
961,0
962,1022
963,0
964,0
965,1021
966,0
967,1022
968,0
969,0
970,1022
971,0
972,1022
973,0
974,0
975,1022
976,0
977,1022
978,0
979,0
980,1022
981,0
982,1022
983,0
984,0
985,1022
986,0
987,1022
988,0
989,0
990,1022
991,0
992,1022
993,0
994,0
995,1022
996,0
997,1022
998,0
999,1021
1000,1022
1001,0
1002,1022
1003,0
1004,1022
1005,1022
1006,0
1007,1021
1008,0
1009,1022
1010,1022
1011,0
1012,1021
1013,0
1014,1022
1015,1022
1016,0
1017,1022
1018,0
1019,1022
1020,1022
1021,0
1022,1022
1023,0
1024,1022
1025,1022
1026,0
1027,1022
1028,0
1029,1022
1030,1022
1031,0
1032,1022
1033,0
1034,1022
1035,1021
1036,0
1037,1022
1038,0
1039,1022
1040,1022
1041,0
1042,1021
1043,0
1044,1022
1045,1022
1046,0
1047,1022
1048,0
1049,1022
1050,1022
1051,0
1052,1022
1053,0
1054,1022
1055,1022
1056,0
1057,1022
1058,0
1059,1022
1060,1022
1061,0
1062,1021
1063,0
1064,1022
1065,1022
1066,0
1067,1022
1068,0
1069,1022
1070,1022
1071,0
1072,1022
1073,0
1074,1022
1075,1021
1076,0
1077,1022
1078,0
1079,1022
1080,1022
1081,0
1082,1022
1083,0
1084,1021
1085,1022
1086,0
1087,1022
1088,0
1089,1022
1090,1022
1091,0
1092,1022
1093,0
1094,1022
1095,1022
1096,0
1097,1022
1098,0
1099,1022
1100,1022
1101,0
1102,1022
1103,0
1104,1022
1105,1022
1106,0
1107,1021
1108,0
1109,1021
1110,1022
1111,0
1112,1021
1113,0
1114,1022
1115,1021
1116,0
1117,1021
1118,0
1119,1022
1120,1022
1121,0
1122,1022
1123,0
1124,1022
1125,1022
1126,0
1127,1022
1128,0
1129,1021
1130,1022
1131,0
1132,1021
1133,0
1134,1022
1135,1022
1136,0
1137,1022
1138,0
1139,1021
1140,1022
1141,0
1142,1022
1143,0
1144,1022
1145,1022
1146,0
1147,1022
1148,0
1149,1022
1150,1022
1151,0
1152,1022
1153,0
1154,1022
1155,0
1156,0
1157,1021
1158,0
1159,1022
1160,0
1161,0
1162,1022
1163,0
1164,1022
1165,0
1166,0
1167,1022
1168,0
1169,1022
1170,0
1171,0
1172,1022
1173,0
1174,1022
1175,0
1176,0
1177,1022
1178,0
1179,1022
1180,0
1181,0
1182,1022
1183,0
1184,1022
1185,0
1186,0
1187,1021
1188,0
1189,1022
1190,0
1191,0
1192,1021
1193,0
1194,1022
1195,0
1196,0
1197,1022
1198,0
1199,1022
1200,0
1201,0
1202,1022
1203,0
1204,1022
1205,0
1206,0
1207,1022
1208,0
1209,1021
1210,0
1211,0
1212,1022
1213,0
1214,1022
1215,0
1216,0
1217,1021
1218,0
1219,1022
1220,0
1221,0
1222,1022
1223,0
1224,1022
1225,0
1226,0
1227,1022
1228,0
1229,1022
1230,0
1231,0
1232,1022
1233,0
1234,1022
1235,0
1236,0
1237,1022
1238,0
1239,1022
1240,0
1241,0
1242,1022
1243,0
1244,1022
1245,0
1246,0
1247,1022
1248,0
1249,1022
1250,0
1251,0
1252,1022
1253,0
1254,1022
1255,0
1256,0
1257,1022
1258,0
1259,1022
1260,0
1261,0
1262,1023
1263,0
1264,1022
1265,0
1266,0
1267,1022
1268,0
1269,1022
1270,0
1271,0
1272,1022
1273,0
1274,1022
1275,0
1276,0
1277,1022
1278,0
1279,1022
1280,0
1281,0
1282,1022
1283,0
1284,1022
1285,0
1286,0
1287,1022
1288,0
1289,1022
1290,0
1291,0
1292,1021
1293,0
1294,1022
1295,0
1296,0
1297,1022
1298,0
1299,1022
1300,0
1301,0
1302,1022
1303,0
1304,1022
1305,0
1306,0
1307,1022
1308,0
1309,1022
1310,0
1311,1022
1312,1022
1313,0
1314,1022
1315,0
1316,1022
1317,1022
1318,0
1319,1022
1320,0
1321,1022
1322,1022
1323,0
1324,1022
1325,0
1326,1022
1327,1022
1328,0
1329,1022
1330,0
1331,1022
1332,1022
1333,0
1334,1022
1335,0
1336,1022
1337,1022
1338,0
1339,1022
1340,0
1341,1022
1342,1023
1343,0
1344,1022
1345,0
1346,1021
1347,1022
1348,0
1349,1022
1350,0
1351,1022
1352,1022
1353,0
1354,1022
1355,0
1356,1022
1357,1022
1358,0
1359,1022
1360,0
1361,1022
1362,1022
1363,0
1364,1022
1365,0
1366,1022
1367,1022
1368,0
1369,1022
1370,0
1371,1022
1372,1022
1373,0
1374,1021
1375,0
1376,1022
1377,1022
1378,0
1379,1022
1380,0
1381,1022
1382,1022
1383,0
1384,1022
1385,0
1386,1022
1387,1022
1388,0
1389,1022
1390,0
1391,1022
1392,1022
1393,0
1394,1022
1395,0
1396,1022
1397,1022
1398,0
1399,1022
1400,0
1401,1022
1402,1022
1403,0
1404,1022
1405,0
1406,1022
1407,1022
1408,0
1409,1022
1410,0
1411,1023
1412,1022
1413,0
1414,1022
1415,0
1416,1021
1417,1022
1418,0
1419,1022
1420,0
1421,1022
1422,1021
1423,0
1424,1022
1425,0
1426,1022
1427,1022
1428,0
1429,1022
1430,0
1431,1022
1432,1022
1433,0
1434,1022
1435,0
1436,1021
1437,1022
1438,0
1439,1022
1440,0
1441,1021
1442,1021
1443,0
1444,1022
1445,0
1446,1022
1447,1022
1448,0
1449,1022
1450,0
1451,1022
1452,1022
1453,0
1454,1022
1455,0
1456,1022
1457,1022
1458,0
1459,1022
1460,0
1461,1022
1462,1022
1463,0
1464,1022
1465,0
1466,1022
1467,0
1468,0
1469,1022
1470,0
1471,1022
1472,0
1473,0
1474,1022
1475,0
1476,1022
1477,0
1478,0
1479,1022
1480,0
1481,1021
1482,0
1483,0
1484,1022
1485,0
1486,1022
1487,0
1488,0
1489,1021
1490,0
1491,1022
1492,0
1493,0
1494,1022
1495,0
1496,1022
1497,0
1498,0
1499,1022
1500,0
1501,1022
1502,0
1503,0
1504,1022
1505,0
1506,1022
1507,0
1508,0
1509,1022
1510,0
1511,1022
1512,0
1513,0
1514,1021
1515,0
1516,1022
1517,0
1518,0
1519,1021
1520,0
1521,1022
1522,0
1523,0
1524,1021
1525,0
1526,1022
1527,0
1528,0
1529,1022
1530,0
1531,1022
1532,0
1533,0
1534,1022
1535,0
1536,1022
1537,0
1538,0
1539,1022
1540,0
1541,1022
1542,0
1543,0
1544,1021
1545,0
1546,1022
1547,0
1548,0
1549,1022
1550,0
1551,1022
1552,0
1553,0
1554,1022
1555,0
1556,1023
1557,0
1558,0
1559,1022
1560,0
1561,1022
1562,0
1563,0
1564,1022
1565,0
1566,1022
1567,0
1568,0
1569,1021
1570,0
1571,1022
1572,0
1573,0
1574,1022
1575,0
1576,1022
1577,0
1578,0
1579,1022
1580,0
1581,1022
1582,0
1583,0
1584,1022
1585,0
1586,1022
1587,0
1588,0
1589,1022
1590,0
1591,1022
1592,0
1593,0
1594,1022
1595,0
1596,1021
1597,0
1598,0
1599,1022
1600,0
1601,1022
1602,0
1603,0
1604,1022
1605,0
1606,1022
1607,0
1608,0
1609,1022
1610,0
1611,1022
1612,0
1613,0
1614,1022
1615,0
1616,1022
1617,0
1618,0
1619,1022
1620,0
1621,1022
1622,0
1623,1022
1624,1022
1625,0
1626,1022
1627,0
1628,1022
1629,1022
1630,0
1631,1022
1632,0
1633,1022
1634,1022
1635,0
1636,1022
1637,0
1638,1022
1639,1023
1640,0
1641,1022
1642,0
1643,1022
1644,1021
1645,0
1646,1022
1647,0
1648,1021
1649,1021
1650,0
1651,1022
1652,0
1653,1022
1654,1021
1655,0
1656,1022
1657,0
1658,1022
1659,1022
1660,0
1661,1022
1662,0
1663,1022
1664,1022
1665,0
1666,1022
1667,0
1668,1022
1669,1022
1670,0
1671,1021
1672,0
1673,1022
1674,1022
1675,0
1676,1021
1677,0
1678,1022
1679,1022
1680,0
1681,1022
1682,0
1683,1022
1684,1022
1685,0
1686,1022
1687,0
1688,1022
1689,1021
1690,0
1691,1022
1692,0
1693,1022
1694,1022
1695,0
1696,1022
1697,0
1698,1022
1699,1022
1700,0
1701,1022
1702,0
1703,1022
1704,1022
1705,0
1706,1022
1707,0
1708,1022
1709,1022
1710,0
1711,1022
1712,0
1713,1022
1714,1022
1715,0
1716,1022
1717,0
1718,1022
1719,1022
1720,0
1721,1022
1722,0
1723,1022
1724,1022
1725,0
1726,1022
1727,0
1728,1022
1729,1022
1730,0
1731,1022
1732,0
1733,1022
1734,1022
1735,0
1736,1022
1737,0
1738,1022
1739,1022
1740,0
1741,1022
1742,0
1743,1022
1744,1022
1745,0
1746,1021
1747,0
1748,1022
1749,1022
1750,0
1751,1022
1752,0
1753,1022
1754,1022
1755,0
1756,1022
1757,0
1758,1022
1759,1022
1760,0
1761,1022
1762,0
1763,1022
1764,1022
1765,0
1766,1022
1767,0
1768,1022
1769,1022
1770,0
1771,1022
1772,0
1773,1022
1774,0
1775,0
1776,1022
1777,0
1778,1022
1779,0
1780,0
1781,1022
1782,0
1783,1022
1784,0
1785,0
1786,1022
1787,0
1788,1022
1789,0
1790,0
1791,1022
1792,0
1793,1022
1794,0
1795,0
1796,1021
1797,0
1798,1021
1799,0
1800,0
1801,1022
1802,0
1803,1022
1804,0
1805,0
1806,1022
1807,0
1808,1022
1809,0
1810,0
1811,1022
1812,0
1813,1022
1814,0
1815,0
1816,1022
1817,0
1818,1022
1819,0
1820,0
1821,1022
1822,0
1823,1022
1824,0
1825,0
1826,1022
1827,0
1828,1022
1829,0
1830,0
1831,1022
1832,0
1833,1022
1834,0
1835,0
1836,1021
1837,0
1838,1022
1839,0
1840,0
1841,1022
1842,0
1843,1022
1844,0
1845,0
1846,1022
1847,0
1848,1022
1849,0
1850,0
1851,1022
1852,0
1853,1022
1854,0
1855,0
1856,1022
1857,0
1858,1022
1859,0
1860,0
1861,1022
1862,0
1863,1022
1864,0
1865,0
1866,1022
1867,0
1868,1022
1869,0
1870,0
1871,1022
1872,0
1873,1022
1874,0
1875,0
1876,1021
1877,0
1878,1021
1879,0
1880,0
1881,1021
1882,0
1883,1022
1884,0
1885,0
1886,1022
1887,0
1888,1022
1889,0
1890,0
1891,1022
1892,0
1893,1022
1894,0
1895,0
1896,1021
1897,0
1898,1021
1899,0
1900,0
1901,1021
1902,0
1903,1022
1904,0
1905,0
1906,1022
1907,0
1908,1022
1909,0
1910,0
1911,1022
1912,0
1913,1022
1914,0
1915,0
1916,1022
1917,0
1918,1022
1919,0
1920,0
1921,1022
1922,0
1923,1022
1924,0
1925,0
1926,1022
1927,0
1928,1022
1929,0
1930,1022
1931,1022
1932,0
1933,1022
1934,0
1935,1022
1936,1022
1937,0
1938,1022
1939,0
1940,1022
1941,1022
1942,0
1943,1022
1944,0
1945,1022
1946,1021
1947,0
1948,1022
1949,0
1950,1021
1951,1022
1952,0
1953,1022
1954,0
1955,1022
1956,1022
1957,0
1958,1022
1959,0
1960,1022
1961,1022
1962,0
1963,1022
1964,0
1965,1022
1966,1022
1967,0
1968,1022
1969,0
1970,1022
1971,1022
1972,0
1973,1022
1974,0
1975,1022
1976,1022
1977,0
1978,1021
1979,0
1980,1022
1981,1022
1982,0
1983,1022
1984,0
1985,1022
1986,1022
1987,0
1988,1022
1989,0
1990,1022
1991,1022
1992,0
1993,1022
1994,0
1995,1022
1996,1022
1997,0
1998,1022
1999,0
2000,1022
2001,1022
2002,0
2003,1022
2004,0
2005,1022
2006,1021
2007,0
2008,1022
2009,0
2010,1022
2011,1022
2012,0
2013,1022
2014,0
2015,1022
2016,1022
2017,0
2018,1022
2019,0
2020,1022
2021,1022
2022,0
2023,1022
2024,0
2025,1021
2026,1022
2027,0
2028,1022
2029,0
2030,1022
2031,1021
2032,0
2033,1022
2034,0
2035,1022
2036,1022
2037,0
2038,1022
2039,0
2040,1022
2041,1022
2042,0
2043,1022
2044,0
2045,1022
2046,1022
2047,0
2048,1022
2049,0
2050,1022
2051,1021
2052,0
2053,1021
2054,0
2055,1021
2056,1022
2057,0
2058,1022
2059,0
2060,1022
2061,1022
2062,0
2063,1022
2064,0
2065,1022
2066,1021
2067,0
2068,1022
2069,0
2070,1022
2071,1022
2072,0
2073,1022
2074,0
2075,1022
2076,1022
2077,0
2078,1022
2079,0
2080,1022
2081,1022
2082,0
2083,1022
2084,0
2085,1022
2086,1022
2087,0
2088,1021
2089,0
2090,1022
2091,0
2092,0
2093,1021
2094,0
2095,1022
2096,0
2097,0
2098,1022
2099,0
2100,1022
2101,0
2102,0
2103,1021
2104,0
2105,1022
2106,0
2107,0
2108,1022
2109,0
2110,1022
2111,0
2112,0
2113,1022
2114,0
2115,1022
2116,0
2117,0
2118,1022
2119,0
2120,1022
2121,0
2122,0
2123,1022
2124,0
2125,1021
2126,0
2127,0
2128,1021
2129,0
2130,1021
2131,0
2132,0
2133,1022
2134,0
2135,1022
2136,0
2137,0
2138,1022
2139,0
2140,1022
2141,0
2142,0
2143,1022
2144,0
2145,1022
2146,0
2147,0
2148,1022
2149,0
2150,1022
2151,0
2152,0
2153,1022
2154,0
2155,1022
2156,0
2157,0
2158,1022
2159,0
2160,1022
2161,0
2162,0
2163,1022
2164,0
2165,1022
2166,0
2167,0
2168,1022
2169,0
2170,1021
2171,0
2172,0
2173,1022
2174,0
2175,1022
2176,0
2177,0
2178,1022
2179,0
2180,1021
2181,0
2182,0
2183,1022
2184,0
2185,1021
2186,0
2187,0
2188,1022
2189,0
2190,1022
2191,0
2192,0
2193,1022
2194,0
2195,1022
2196,0
2197,0
2198,1022
2199,0
2200,1022
2201,0
2202,0
2203,1022
2204,0
2205,1021
2206,0
2207,0
2208,1021
2209,0
2210,1022
2211,0
2212,0
2213,1022
2214,0
2215,1022
2216,0
2217,0
2218,1022
2219,0
2220,1021
2221,0
2222,0
2223,1022
2224,0
2225,1022
2226,0
2227,0
2228,1022
2229,0
2230,1022
2231,0
2232,0
2233,1022
2234,0
2235,1022
2236,0
2237,0
2238,1022
2239,0
2240,1022
2241,0
2242,1022
2243,1021
2244,0
2245,1021
2246,0
2247,1022
2248,1022
2249,0
2250,1022
2251,0
2252,1022
2253,1022
2254,0
2255,1022
2256,0
2257,1022
2258,1021
2259,0
2260,1022
2261,0
2262,1022
2263,1022
2264,0
2265,1022
2266,0
2267,1021
2268,1022
2269,0
2270,1022
2271,0
2272,1021
2273,1021
2274,0
2275,1022
2276,0
2277,1021
2278,1022
2279,0
2280,1021
2281,0
2282,1022
2283,1022
2284,0
2285,1022
2286,0
2287,1022
2288,1022
2289,0
2290,1022
2291,0
2292,1022
2293,1022
2294,0
2295,1022
2296,0
2297,1022
2298,1022
2299,0
2300,1022
2301,0
2302,1022
2303,1022
2304,0
2305,1022
2306,0
2307,1022
2308,1022
2309,0
2310,1022
2311,0
2312,1022
2313,1022
2314,0
2315,1022
2316,0
2317,1022
2318,1022
2319,0
2320,1022
2321,0
2322,1022
2323,1022
2324,0
2325,1021
2326,0
2327,1022
2328,1022
2329,0
2330,1021
2331,0
2332,1022
2333,1021
2334,0
2335,1022
2336,0
2337,1022
2338,1023
2339,0
2340,1021
2341,0
2342,1022
2343,1022
2344,0
2345,1022
2346,0
2347,1022
2348,1022
2349,0
2350,1022
2351,0
2352,1022
2353,1022
2354,0
2355,1021
2356,0
2357,1022
2358,1021
2359,0
2360,1021
2361,0
2362,1022
2363,1022
2364,0
2365,1022
2366,0
2367,1022
2368,1022
2369,0
2370,1022
2371,0
2372,1021
2373,1022
2374,0
2375,1022
2376,0
2377,1022
2378,1022
2379,0
2380,1022
2381,0
2382,1022
2383,1022
2384,0
2385,1022
2386,0
2387,1022
2388,1022
2389,0
2390,1022
2391,0
2392,1022
2393,1022
2394,0
2395,1022
2396,0
2397,1021
2398,1022
2399,0
2400,1022
2401,0
2402,1022
2403,0
2404,0
2405,1022
2406,0
2407,1022
2408,0
2409,0
2410,1022
2411,0
2412,1022
2413,0
2414,0
2415,1022
2416,0
2417,1022
2418,0
2419,0
2420,1022
2421,0
2422,1022
2423,0
2424,0
2425,1022
2426,0
2427,1022
2428,0
2429,0
2430,1022
2431,0
2432,1023
2433,0
2434,0
2435,1022
2436,0
2437,1022
2438,0
2439,0
2440,1022
2441,0
2442,1022
2443,0
2444,0
2445,1022
2446,0
2447,1022
2448,0
2449,0
2450,1022
2451,0
2452,1022
2453,0
2454,0
2455,1021
2456,0
2457,1022
2458,0
2459,0
2460,1022
2461,0
2462,1022
2463,0
2464,0
2465,1022
2466,0
2467,1022
2468,0
2469,0
2470,1022
2471,0
2472,1022
2473,0
2474,0
2475,1022
2476,0
2477,1022
2478,0
2479,0
2480,1022
2481,0
2482,1022
2483,0
2484,0
2485,1023
2486,0
2487,1022
2488,0
2489,0
2490,1022
2491,0
2492,1022
2493,0
2494,0
2495,1022
2496,0
2497,1022
2498,0
2499,0
2500,1022
2501,0
2502,1022
2503,0
2504,0
2505,1022
2506,0
2507,1021
2508,0
2509,0
2510,1022
2511,0
2512,1022
2513,0
2514,0
2515,1022
2516,0
2517,1022
2518,0
2519,0
2520,1022
2521,0
2522,1022
2523,0
2524,0
2525,1022
2526,0
2527,1022
2528,0
2529,0
2530,1022
2531,0
2532,1022
2533,0
2534,0
2535,1022
2536,0
2537,1022
2538,0
2539,0
2540,1022
2541,0
2542,1022
2543,0
2544,0
2545,1022
2546,0
2547,1022
2548,0
2549,0
2550,1022
2551,0
2552,1022
2553,0
2554,0
2555,1022
2556,0
2557,1022
2558,0
2559,1022
2560,1022
2561,0
2562,1021
2563,0
2564,1022
2565,1022
2566,0
2567,1022
2568,0
2569,1022
2570,1022
2571,0
2572,1022
2573,0
2574,1022
2575,1022
2576,0
2577,1022
2578,0
2579,1022
2580,1022
2581,0
2582,1021
2583,0
2584,1022
2585,1021
2586,0
2587,1021
2588,0
2589,1021
2590,1022
2591,0
2592,1022
2593,0
2594,1022
2595,1022
2596,0
2597,1022
2598,0
2599,1022
2600,1022
2601,0
2602,1022
2603,0
2604,1021
2605,1022
2606,0
2607,1021
2608,0
2609,1022
2610,1022
2611,0
2612,1022
2613,0
2614,1022
2615,1022
2616,0
2617,1022
2618,0
2619,1022
2620,1022
2621,0
2622,1022
2623,0
2624,1022
2625,1022
2626,0
2627,1022
2628,0
2629,1021
2630,1022
2631,0
2632,1022
2633,0
2634,1022
2635,1021
2636,0
2637,1021
2638,0
2639,1022
2640,1022
2641,0
2642,1022
2643,0
2644,1022
2645,1022
2646,0
2647,1022
2648,0
2649,1022
2650,1022
2651,0
2652,1022
2653,0
2654,1021
2655,1022
2656,0
2657,1022
2658,0
2659,1021
2660,1022
2661,0
2662,1022
2663,0
2664,1022
2665,1022
2666,0
2667,1022
2668,0
2669,1022
2670,1022
2671,0
2672,1022
2673,0
2674,1022
2675,1022
2676,0
2677,1022
2678,0
2679,1022
2680,1022
2681,0
2682,1022
2683,0
2684,1022
2685,1022
2686,0
2687,1022
2688,0
2689,1022
2690,1022
2691,0
2692,1022
2693,0
2694,1022
2695,1022
2696,0
2697,1022
2698,0
2699,1022
2700,1022
2701,0
2702,1022
2703,0
2704,1022
2705,1022
2706,0
2707,1022
2708,0
2709,1021
2710,1022
2711,0
2712,1022
2713,0
2714,1022
2715,0
2716,0
2717,1022
2718,0
2719,1022
2720,0
2721,0
2722,1021
2723,0
2724,1022
2725,0
2726,0
2727,1022
2728,0
2729,1023
2730,0
2731,0
2732,1021
2733,0
2734,1022
2735,0
2736,0
2737,1022
2738,0
2739,1021
2740,0
2741,0
2742,1022
2743,0
2744,1021
2745,0
2746,0
2747,1022
2748,0
2749,1022
2750,0
2751,0
2752,1022
2753,0
2754,1022
2755,0
2756,0
2757,1021
2758,0
2759,1022
2760,0
2761,0
2762,1022
2763,0
2764,1022
2765,0
2766,0
2767,1022
2768,0
2769,1022
2770,0
2771,0
2772,1022
2773,0
2774,1022
2775,0
2776,0
2777,1022
2778,0
2779,1021
2780,0
2781,0
2782,1022
2783,0
2784,1022
2785,0
2786,0
2787,1022
2788,0
2789,1022
2790,0
2791,0
2792,1021
2793,0
2794,1021
2795,0
2796,0
2797,1022
2798,0
2799,1022
2800,0
2801,0
2802,1022
2803,0
2804,1021
2805,0
2806,0
2807,1022
2808,0
2809,1022
2810,0
2811,0
2812,1022
2813,0
2814,1021
2815,0
2816,0
2817,1021
2818,0
2819,1022
2820,0
2821,0
2822,1022
2823,0
2824,1022
2825,0
2826,0
2827,1022
2828,0
2829,1022
2830,0
2831,0
2832,1022
2833,0
2834,1021
2835,0
2836,0
2837,1022
2838,0
2839,1022
2840,0
2841,0
2842,1022
2843,0
2844,1022
2845,0
2846,0
2847,1022
2848,0
2849,1022
2850,0
2851,0
2852,1022
2853,0
2854,1022
2855,0
2856,0
2857,1022
2858,0
2859,1022
2860,0
2861,0
2862,1022
2863,0
2864,1022
2865,0
2866,1022
2867,1022
2868,0
2869,1022
2870,0
2871,1022
2872,1022
2873,0
2874,1021
2875,0
2876,1022
2877,1021
2878,0
2879,1022
2880,0
2881,1022
2882,1022
2883,0
2884,1022
2885,0
2886,1021
2887,1022
2888,0
2889,1023
2890,0
2891,1022
2892,1022
2893,0
2894,1021
2895,0
2896,1022
2897,1022
2898,0
2899,1021
2900,0
2901,1022
2902,1022
2903,0
2904,1022
2905,0
2906,1022
2907,1022
2908,0
2909,1022
2910,0
2911,1022
2912,1022
2913,0
2914,1022
2915,0
2916,1022
2917,1022
2918,0
2919,1022
2920,0
2921,1022
2922,1022
2923,0
2924,1022
2925,0
2926,1022
2927,1021
2928,0
2929,1022
2930,0
2931,1022
2932,1021
2933,0
2934,1022
2935,0
2936,1022
2937,1022
2938,0
2939,1022
2940,0
2941,1022
2942,1022
2943,0
2944,1022
2945,0
2946,1022
2947,1022
2948,0
2949,1022
2950,0
2951,1022
2952,1022
2953,0
2954,1022
2955,0
2956,1022
2957,1022
2958,0
2959,1022
2960,0
2961,1022
2962,1022
2963,0
2964,1023
2965,0
2966,1021
2967,1022
2968,0
2969,1022
2970,0
2971,1022
2972,1022
2973,0
2974,1022
2975,0
2976,1021
2977,1022
2978,0
2979,1022
2980,0
2981,1022
2982,1021
2983,0
2984,1022
2985,0
2986,1022
2987,1022
2988,0
2989,1022
2990,0
2991,1022
2992,1022
2993,0
2994,1022
2995,0
2996,1022
2997,1022
2998,0
2999,1022
3000,0
3001,1022
3002,1022
3003,0
3004,1021
3005,0
3006,1022
3007,1022
3008,0
3009,1022
3010,0
3011,1022
3012,1022
3013,0
3014,1022
3015,0
3016,1022
3017,1022
3018,0
3019,1022
3020,0
3021,1022
3022,1022
3023,0
3024,1021
3025,0
3026,1022
3027,0
3028,0
3029,1021
3030,0
3031,1023
3032,0
3033,0
3034,1022
3035,0
3036,1022
3037,0
3038,0
3039,1022
3040,0
3041,1022
3042,0
3043,0
3044,1022
3045,0
3046,1021
3047,0
3048,0
3049,1022
3050,0
3051,1022
3052,0
3053,0
3054,1022
3055,0
3056,1022
3057,0
3058,0
3059,1022
3060,0
3061,1022
3062,0
3063,0
3064,1022
3065,0
3066,1022
3067,0
3068,0
3069,1022
3070,0
3071,1022
3072,0
3073,0
3074,1022
3075,0
3076,1022
3077,0
3078,0
3079,1022
3080,0
3081,1021
3082,0
3083,0
3084,1022
3085,0
3086,1021
3087,0
3088,0
3089,1022
3090,0
3091,1022
3092,0
3093,0
3094,1022
3095,0
3096,1021
3097,0
3098,0
3099,1022
3100,0
3101,1022
3102,0
3103,0
3104,1022
3105,0
3106,1022
3107,0
3108,0
3109,1021
3110,0
3111,1022
3112,0
3113,0
3114,1022
3115,0
3116,1022
3117,0
3118,0
3119,1021
3120,0
3121,1022
3122,0
3123,0
3124,1022
3125,0
3126,1022
3127,0
3128,0
3129,1022
3130,0
3131,1022
3132,0
3133,0
3134,1022
3135,0
3136,1022
3137,0
3138,0
3139,1022
3140,0
3141,1022
3142,0
3143,0
3144,1022
3145,0
3146,1022
3147,0
3148,0
3149,1022
3150,0
3151,1022
3152,0
3153,0
3154,1022
3155,0
3156,1022
3157,0
3158,0
3159,1022
3160,0
3161,1022
3162,0
3163,0
3164,1022
3165,0
3166,1022
3167,0
3168,0
3169,1022
3170,0
3171,1022
3172,0
3173,0
3174,1022
3175,0
3176,1022
3177,0
3178,1021
3179,1021
3180,0
3181,1022
3182,0
3183,1022
3184,1022
3185,0
3186,1022
3187,0
3188,1022
3189,1022
3190,0
3191,1022
3192,0
3193,1022
3194,1022
3195,0
3196,1023
3197,0
3198,1021
3199,1022
3200,0
3201,1021
3202,0
3203,1021
3204,1022
3205,0
3206,1022
3207,0
3208,1022
3209,1022
3210,0
3211,1022
3212,0
3213,1021
3214,1022
3215,0
3216,1022
3217,0
3218,1022
3219,1022
3220,0
3221,1022
3222,0
3223,1022
3224,1022
3225,0
3226,1022
3227,0
3228,1022
3229,1022
3230,0
3231,1022
3232,0
3233,1022
3234,1022
3235,0
3236,1022
3237,0
3238,1022
3239,1022
3240,0
3241,1022
3242,0
3243,1022
3244,1022
3245,0
3246,1022
3247,0
3248,1021
3249,1022
3250,0
3251,1022
3252,0
3253,1021
3254,1021
3255,0
3256,1022
3257,0
3258,1023
3259,1022
3260,0
3261,1022
3262,0
3263,1022
3264,1022
3265,0
3266,1022
3267,0
3268,1021
3269,1022
3270,0
3271,1021
3272,0
3273,1022
3274,1022
3275,0
3276,1022
3277,0
3278,1022
3279,1022
3280,0
3281,1022
3282,0
3283,1022
3284,1022
3285,0
3286,1022
3287,0
3288,1022
3289,1022
3290,0
3291,1022
3292,0
3293,1022
3294,1022
3295,0
3296,1022
3297,0
3298,1021
3299,1022
3300,0
3301,1022
3302,0
3303,1022
3304,1022
3305,0
3306,1022
3307,0
3308,1022
3309,1022
3310,0
3311,1022
3312,0
3313,1022
3314,1022
3315,0
3316,1022
3317,0
3318,1022
3319,1022
3320,0
3321,1021
3322,0
3323,1022
3324,1022
3325,0
3326,1022
3327,0
3328,1022
3329,1021
3330,0
3331,1022
3332,0
3333,1022
3334,1022
3335,0
3336,1023
3337,0
3338,1022
3339,0
3340,0
3341,1022
3342,0
3343,1022
3344,0
3345,0
3346,1022
3347,0
3348,1021
3349,0
3350,0
3351,1022
3352,0
3353,1021
3354,0
3355,0
3356,1022
3357,0
3358,1022
3359,0
3360,0
3361,1022
3362,0
3363,1022
3364,0
3365,0
3366,1022
3367,0
3368,1022
3369,0
3370,0
3371,1022
3372,0
3373,1022
3374,0
3375,0
3376,1022
3377,0
3378,1022
3379,0
3380,0
3381,1022
3382,0
3383,1022
3384,0
3385,0
3386,1022
3387,0
3388,1022
3389,0
3390,0
3391,1022
3392,0
3393,1022
3394,0
3395,0
3396,1022
3397,0
3398,1021
3399,0
3400,0
3401,1022
3402,0
3403,1022
3404,0
3405,0
3406,1022
3407,0
3408,1022
3409,0
3410,0
3411,1022
3412,0
3413,1022
3414,0
3415,0
3416,1021
3417,0
3418,1022
3419,0
3420,0
3421,1022
3422,0
3423,1022
3424,0
3425,0
3426,1021
3427,0
3428,1021
3429,0
3430,0
3431,1022
3432,0
3433,1022
3434,0
3435,0
3436,1022
3437,0
3438,1022
3439,0
3440,0
3441,1022
3442,0
3443,1022
3444,0
3445,0
3446,1022
3447,0
3448,1022
3449,0
3450,0
3451,1022
3452,0
3453,1022
3454,0
3455,0
3456,1022
3457,0
3458,1022
3459,0
3460,0
3461,1022
3462,0
3463,1022
3464,0
3465,0
3466,1022
3467,0
3468,1022
3469,0
3470,0
3471,1023
3472,0
3473,1022
3474,0
3475,0
3476,1022
3477,0
3478,1022
3479,0
3480,0
3481,1022
3482,0
3483,1021
3484,0
3485,0
3486,1022
3487,0
3488,1023
3489,0
3490,1022
3491,1022
3492,0
3493,1022
3494,0
3495,1022
3496,1022
3497,0
3498,1022
3499,0
3500,1021
3501,1021
3502,0
3503,1022
3504,0
3505,1022
3506,1022
3507,0
3508,1022
3509,0
3510,1022
3511,1022
3512,0
3513,1022
3514,0
3515,1022
3516,1022
3517,0
3518,1022
3519,0
3520,1022
3521,1022
3522,0
3523,1022
3524,0
3525,1021
3526,1022
3527,0
3528,1022
3529,0
3530,1022
3531,1022
3532,0
3533,1022
3534,0
3535,1022
3536,1022
3537,0
3538,1022
3539,0
3540,1022
3541,1022
3542,0
3543,1022
3544,0
3545,1021
3546,1022
3547,0
3548,1022
3549,0
3550,1021
3551,1022
3552,0
3553,1022
3554,0
3555,1022
3556,1022
3557,0
3558,1022
3559,0
3560,1022
3561,1022
3562,0
3563,1022
3564,0
3565,1022
3566,1022
3567,0
3568,1022
3569,0
3570,1021
3571,1021
3572,0
3573,1022
3574,0
3575,1022
3576,1022
3577,0
3578,1022
3579,0
3580,1022
3581,1022
3582,0
3583,1021
3584,0
3585,1021
3586,1022
3587,0
3588,1022
3589,0
3590,1022
3591,1022
3592,0
3593,1022
3594,0
3595,1022
3596,1022
3597,0
3598,1022
3599,0
3600,1022
3601,1022
3602,0
3603,1022
3604,0
3605,1022
3606,1022
3607,0
3608,1022
3609,0
3610,1022
3611,1022
3612,0
3613,1022
3614,0
3615,1022
3616,1022
3617,0
3618,1022
3619,0
3620,1022
3621,1022
3622,0
3623,1022
3624,0
3625,1022
3626,1022
3627,0
3628,1021
3629,0
3630,1022
3631,1022
3632,0
3633,1022
3634,0
3635,1021
3636,1022
3637,0
3638,1022
3639,0
3640,1022
3641,1022
3642,0
3643,1022
3644,0
3645,1022
3646,0
3647,0
3648,1022
3649,0
3650,1022
3651,0
3652,0
3653,1022
3654,0
3655,1022
3656,0
3657,0
3658,1022
3659,0
3660,1022
3661,0
3662,0
3663,1022
3664,0
3665,1022
3666,0
3667,0
3668,1022
3669,0
3670,1021
3671,0
3672,0
3673,1022
3674,0
3675,1022
3676,0
3677,0
3678,1022
3679,0
3680,1022
3681,0
3682,0
3683,1022
3684,0
3685,1022
3686,0
3687,0
3688,1022
3689,0
3690,1022
3691,0
3692,0
3693,1022
3694,0
3695,1022
3696,0
3697,0
3698,1022
3699,0
3700,1022
3701,0
3702,0
3703,1022
3704,0
3705,1022
3706,0
3707,0
3708,1021
3709,0
3710,1022
3711,0
3712,0
3713,1022
3714,0
3715,1022
3716,0
3717,0
3718,1022
3719,0
3720,1022
3721,0
3722,0
3723,1023
3724,0
3725,1022
3726,0
3727,0
3728,1022
3729,0
3730,1022
3731,0
3732,0
3733,1022
3734,0
3735,1022
3736,0
3737,0
3738,1022
3739,0
3740,1022
3741,0
3742,0
3743,1022
3744,0
3745,1022
3746,0
3747,0
3748,1022
3749,0
3750,1021
3751,0
3752,0
3753,1022
3754,0
3755,1022
3756,0
3757,0
3758,1022
3759,0
3760,1022
3761,0
3762,0
3763,1022
3764,0
3765,1022
3766,0
3767,0
3768,1022
3769,0
3770,1022
3771,0
3772,0
3773,1022
3774,0
3775,1022
3776,0
3777,0
3778,1022
3779,0
3780,1022
3781,0
3782,0
3783,1022
3784,0
3785,1022
3786,0
3787,0
3788,1022
3789,0
3790,1022
3791,0
3792,0
3793,1021
3794,0
3795,1022
3796,0
3797,0
3798,1022
3799,0
3800,1022
3801,0
3802,0
3803,1022
3804,0
3805,1022
3806,0
3807,1022
3808,1021
3809,0
3810,1022
3811,0
3812,1021
3813,1022
3814,0
3815,1022
3816,0
3817,1022
3818,1022
3819,0
3820,1022
3821,0
3822,1022
3823,1022
3824,0
3825,1022
3826,0
3827,1022
3828,1022
3829,0
3830,1022
3831,0
3832,1022
3833,1022
3834,0
3835,1022
3836,0
3837,1022
3838,1021
3839,0
3840,1022
3841,0
3842,1022
3843,1022
3844,0
3845,1022
3846,0
3847,1022
3848,1022
3849,0
3850,1022
3851,0
3852,1022
3853,1022
3854,0
3855,1022
3856,0
3857,1022
3858,1022
3859,0
3860,1021
3861,0
3862,1022
3863,1022
3864,0
3865,1022
3866,0
3867,1022
3868,1022
3869,0
3870,1022
3871,0
3872,1022
3873,1022
3874,0
3875,1022
3876,0
3877,1022
3878,1022
3879,0
3880,1022
3881,0
3882,1021
3883,1022
3884,0
3885,1022
3886,0
3887,1022
3888,1022
3889,0
3890,1022
3891,0
3892,1022
3893,1022
3894,0
3895,1022
3896,0
3897,1022
3898,1022
3899,0
3900,1022
3901,0
3902,1022
3903,1022
3904,0
3905,1022
3906,0
3907,1022
3908,1022
3909,0
3910,1022
3911,0
3912,1022
3913,1022
3914,0
3915,1022
3916,0
3917,1022
3918,1022
3919,0
3920,1022
3921,0
3922,1022
3923,1022
3924,0
3925,1022
3926,0
3927,1022
3928,1022
3929,0
3930,1022
3931,0
3932,1022
3933,1022
3934,0
3935,1022
3936,0
3937,1022
3938,1021
3939,0
3940,1021
3941,0
3942,1022
3943,1022
3944,0
3945,1022
3946,0
3947,1022
3948,1022
3949,0
3950,1022
3951,0
3952,1022
3953,1022
3954,0
3955,1022
3956,0
3957,1022
3958,1021
3959,0
3960,1022
3961,0
3962,1022
3963,0
3964,0
3965,1022
3966,0
3967,1022
3968,0
3969,0
3970,1022
3971,0
3972,1022
3973,0
3974,0
3975,1022
3976,0
3977,1022
3978,0
3979,0
3980,1022
3981,0
3982,1022
3983,0
3984,0
3985,1022
3986,0
3987,1022
3988,0
3989,0
3990,1022
3991,0
3992,1022
3993,0
3994,0
3995,1022
3996,0
3997,1022
3998,0
3999,0
4000,1022
4001,0
4002,1022
4003,0
4004,0
4005,1022
4006,0
4007,1023
4008,0
4009,0
4010,1022
4011,0
4012,1022
4013,0
4014,0
4015,1022
4016,0
4017,1022
4018,0
4019,0
4020,1022
4021,0
4022,1022
4023,0
4024,0
4025,1022
4026,0
4027,1022
4028,0
4029,0
4030,1022
4031,0
4032,1022
4033,0
4034,0
4035,1022
4036,0
4037,1022
4038,0
4039,0
4040,1022
4041,0
4042,1022
4043,0
4044,0
4045,1022
4046,0
4047,1022
4048,0
4049,0
4050,1022
4051,0
4052,1022
4053,0
4054,0
4055,1021
4056,0
4057,1022
4058,0
4059,0
4060,1022
4061,0
4062,1022
4063,0
4064,0
4065,1022
4066,0
4067,1022
4068,0
4069,0
4070,1022
4071,0
4072,1022
4073,0
4074,0
4075,1022
4076,0
4077,1022
4078,0
4079,0
4080,1022
4081,0
4082,1022
4083,0
4084,0
4085,1022
4086,0
4087,1022
4088,0
4089,0
4090,1022
4091,0
4092,1022
4093,0
4094,0
4095,1022
4096,0
4097,1022
4098,0
4099,0
4100,1022
4101,0
4102,1022
4103,0
4104,0
4105,1022
4106,0
4107,1022
4108,0
4109,0
4110,1022
4111,0
4112,1021
4113,0
4114,1021
4115,1022
4116,0
4117,1022
4118,0
4119,1022
4120,1022
4121,0
4122,1022
4123,0
4124,1022
4125,1021
4126,0
4127,1022
4128,0
4129,1021
4130,1022
4131,0
4132,1022
4133,0
4134,1021
4135,1022
4136,0
4137,1022
4138,0
4139,1022
4140,1022
4141,0
4142,1022
4143,0
4144,1022
4145,1022
4146,0
4147,1022
4148,0
4149,1022
4150,1023
4151,0
4152,1022
4153,0
4154,1022
4155,1021
4156,0
4157,1022
4158,0
4159,1023
4160,1022
4161,0
4162,1022
4163,0
4164,1022
4165,1022
4166,0
4167,1022
4168,0
4169,1021
4170,1022
4171,0
4172,1022
4173,0
4174,1022
4175,1021
4176,0
4177,1022
4178,0
4179,1022
4180,1022
4181,0
4182,1022
4183,0
4184,1022
4185,1021
4186,0
4187,1022
4188,0
4189,1021
4190,1022
4191,0
4192,1021
4193,0
4194,1022
4195,1022
4196,0
4197,1022
4198,0
4199,1021
4200,1022
4201,0
4202,1022
4203,0
4204,1022
4205,1022
4206,0
4207,1022
4208,0
4209,1022
4210,1022
4211,0
4212,1022
4213,0
4214,1022
4215,1022
4216,0
4217,1022
4218,0
4219,1022
4220,1022
4221,0
4222,1022
4223,0
4224,1022
4225,1022
4226,0
4227,1022
4228,0
4229,1022
4230,1022
4231,0
4232,1022
4233,0
4234,1022
4235,1022
4236,0
4237,1022
4238,0
4239,1022
4240,1021
4241,0
4242,1022
4243,0
4244,1022
4245,1021
4246,0
4247,1022
4248,0
4249,1022
4250,1022
4251,0
4252,1021
4253,0
4254,1023
4255,1022
4256,0
4257,1022
4258,0
4259,1021
4260,1022
4261,0
4262,1021
4263,0
4264,1022
4265,1022
4266,0
4267,1021
4268,0
4269,1022
4270,1021
4271,0
4272,1022
4273,0
4274,1022
4275,0
4276,0
4277,1022
4278,0
4279,1022
4280,0
4281,0
4282,1022
4283,0
4284,1021
4285,0
4286,0
4287,1022
4288,0
4289,1022
4290,0
4291,0
4292,1022
4293,0
4294,1022
4295,0
4296,0
4297,1022
4298,0
4299,1022
4300,0
4301,0
4302,1022
4303,0
4304,1022
4305,0
4306,0
4307,1022
4308,0
4309,1022
4310,0
4311,0
4312,1022
4313,0
4314,1021
4315,0
4316,0
4317,1022
4318,0
4319,1022
4320,0
4321,0
4322,1022
4323,0
4324,1022
4325,0
4326,0
4327,1022
4328,0
4329,1022
4330,0
4331,0
4332,1022
4333,0
4334,1022
4335,0
4336,0
4337,1022
4338,0
4339,1022
4340,0
4341,0
4342,1022
4343,0
4344,1021
4345,0
4346,0
4347,1022
4348,0
4349,1021
4350,0
4351,0
4352,1022
4353,0
4354,1022
4355,0
4356,0
4357,1022
4358,0
4359,1022
4360,0
4361,0
4362,1022
4363,0
4364,1022
4365,0
4366,0
4367,1022
4368,0
4369,1022
4370,0
4371,0
4372,1022
4373,0
4374,1022
4375,0
4376,0
4377,1022
4378,0
4379,1022
4380,0
4381,0
4382,1022
4383,0
4384,1022
4385,0
4386,0
4387,1022
4388,0
4389,1022
4390,0
4391,0
4392,1022
4393,0
4394,1022
4395,0
4396,0
4397,1022
4398,0
4399,1022
4400,0
4401,0
4402,1022
4403,0
4404,1022
4405,0
4406,0
4407,1022
4408,0
4409,1022
4410,0
4411,0
4412,1022
4413,0
4414,1021
4415,0
4416,0
4417,1021
4418,0
4419,1022
4420,0
4421,0
4422,1022
4423,0
4424,1022
4425,0
4426,1022
4427,1022
4428,0
4429,1022
4430,0
4431,1022
4432,1022
4433,0
4434,1022
4435,0
4436,1020
4437,1022
4438,0
4439,1022
4440,0
4441,1022
4442,1022
4443,0
4444,1021
4445,0
4446,1022
4447,1022
4448,0
4449,1021
4450,0
4451,1022
4452,1022
4453,0
4454,1022
4455,0
4456,1022
4457,1022
4458,0
4459,1022
4460,0
4461,1022
4462,1022
4463,0
4464,1022
4465,0
4466,1021
4467,1022
4468,0
4469,1021
4470,0
4471,1022
4472,1022
4473,0
4474,1022
4475,0
4476,1022
4477,1022
4478,0
4479,1022
4480,0
4481,1022
4482,1022
4483,0
4484,1022
4485,0
4486,1022
4487,1022
4488,0
4489,1021
4490,0
4491,1022
4492,1022
4493,0
4494,1021
4495,0
4496,1021
4497,1022
4498,0
4499,1022
4500,0
4501,1022
4502,1022
4503,0
4504,1022
4505,0
4506,1022
4507,1022
4508,0
4509,1022
4510,0
4511,1022
4512,1022
4513,0
4514,1021
4515,0
4516,1022
4517,1022
4518,0
4519,1022
4520,0
4521,1022
4522,1022
4523,0
4524,1021
4525,0
4526,1022
4527,1022
4528,0
4529,1022
4530,0
4531,1022
4532,1022
4533,0
4534,1022
4535,0
4536,1022
4537,1022
4538,0
4539,1021
4540,0
4541,1022
4542,1022
4543,0
4544,1022
4545,0
4546,1021
4547,1022
4548,0
4549,1022
4550,0
4551,1022
4552,1022
4553,0
4554,1022
4555,0
4556,1022
4557,1022
4558,0
4559,1022
4560,0
4561,1022
4562,1022
4563,0
4564,1022
4565,0
4566,1022
4567,1022
4568,0
4569,1022
4570,0
4571,1022
4572,1022
4573,0
4574,1022
4575,0
4576,1022
4577,1022
4578,0
4579,1022
4580,0
4581,1022
4582,1021
4583,0
4584,1022
4585,0
4586,1022
4587,0
4588,0
4589,1022
4590,0
4591,1022
4592,0
4593,0
4594,1022
4595,0
4596,1022
4597,0
4598,0
4599,1022
4600,0
4601,1022
4602,0
4603,0
4604,1022
4605,0
4606,1022
4607,0
4608,0
4609,1022
4610,0
4611,1022
4612,0
4613,0
4614,1022
4615,0
4616,1022
4617,0
4618,0
4619,1022
4620,0
4621,1022
4622,0
4623,0
4624,1022
4625,0
4626,1022
4627,0
4628,0
4629,1022
4630,0
4631,1022
4632,0
4633,0
4634,1022
4635,0
4636,1022
4637,0
4638,0
4639,1022
4640,0
4641,1021
4642,0
4643,0
4644,1021
4645,0
4646,1022
4647,0
4648,0
4649,1022
4650,0
4651,1022
4652,0
4653,0
4654,1022
4655,0
4656,1022
4657,0
4658,0
4659,1022
4660,0
4661,1022
4662,0
4663,0
4664,1022
4665,0
4666,1022
4667,0
4668,0
4669,1022
4670,0
4671,1022
4672,0
4673,0
4674,1022
4675,0
4676,1022
4677,0
4678,0
4679,1022
4680,0
4681,1022
4682,0
4683,0
4684,1022
4685,0
4686,1022
4687,0
4688,0
4689,1022
4690,0
4691,1021
4692,0
4693,0
4694,1022
4695,0
4696,1021
4697,0
4698,0
4699,1022
4700,0
4701,1022
4702,0
4703,0
4704,1022
4705,0
4706,1022
4707,0
4708,0
4709,1022
4710,0
4711,1022
4712,0
4713,0
4714,1021
4715,0
4716,1022
4717,0
4718,0
4719,1022
4720,0
4721,1021
4722,0
4723,0
4724,1022
4725,0
4726,1022
4727,0
4728,0
4729,1022
4730,0
4731,1022
4732,0
4733,0
4734,1022
4735,0
4736,1022
4737,0
4738,1022
4739,1022
4740,0
4741,1022
4742,0
4743,1022
4744,1021
4745,0
4746,1022
4747,0
4748,1022
4749,1022
4750,0
4751,1022
4752,0
4753,1022
4754,1022
4755,0
4756,1022
4757,0
4758,1022
4759,1022
4760,0
4761,1022
4762,0
4763,1022
4764,1022
4765,0
4766,1022
4767,0
4768,1021
4769,1022
4770,0
4771,1022
4772,0
4773,1022
4774,1022
4775,0
4776,1021
4777,0
4778,1022
4779,1022
4780,0
4781,1022
4782,0
4783,1022
4784,1022
4785,0
4786,1022
4787,0
4788,1022
4789,1022
4790,0
4791,1022
4792,0
4793,1022
4794,1022
4795,0
4796,1021
4797,0
4798,1022
4799,1022
4800,0
4801,1021
4802,0
4803,1022
4804,1022
4805,0
4806,1022
4807,0
4808,1022
4809,1022
4810,0
4811,1022
4812,0
4813,1022
4814,1022
4815,0
4816,1022
4817,0
4818,1022
4819,1022
4820,0
4821,1022
4822,0
4823,1022
4824,1022
4825,0
4826,1022
4827,0
4828,1022
4829,1022
4830,0
4831,1022
4832,0
4833,1022
4834,1021
4835,0
4836,1022
4837,0
4838,1022
4839,1021
4840,0
4841,1022
4842,0
4843,1021
4844,1022
4845,0
4846,1022
4847,0
4848,1022
4849,1021
4850,0
4851,1022
4852,0
4853,1022
4854,1022
4855,0
4856,1022
4857,0
4858,1022
4859,1022
4860,0
4861,1022
4862,0
4863,1022
4864,1022
4865,0
4866,1022
4867,0
4868,1022
4869,1021
4870,0
4871,1022
4872,0
4873,1021
4874,1022
4875,0
4876,1022
4877,0
4878,1021
4879,1022
4880,0
4881,1022
4882,0
4883,1022
4884,1022
4885,0
4886,1022
4887,0
4888,1022
4889,1022
4890,0
4891,1022
4892,0
4893,1021
4894,0
4895,0
4896,1022
4897,0
4898,1022
4899,0
4900,0
4901,1022
4902,0
4903,1022
4904,0
4905,0
4906,1022
4907,0
4908,1022
4909,0
4910,0
4911,1022
4912,0
4913,1022
4914,0
4915,0
4916,1022
4917,0
4918,1022
4919,0
4920,0
4921,1022
4922,0
4923,1022
4924,0
4925,0
4926,1022
4927,0
4928,1022
4929,0
4930,0
4931,1022
4932,0
4933,1022
4934,0
4935,0
4936,1021
4937,0
4938,1022
4939,0
4940,0
4941,1022
4942,0
4943,1022
4944,0
4945,0
4946,1022
4947,0
4948,1021
4949,0
4950,0
4951,1022
4952,0
4953,1022
4954,0
4955,0
4956,1022
4957,0
4958,1022
4959,0
4960,0
4961,1022
4962,0
4963,1022
4964,0
4965,0
4966,1022
4967,0
4968,1022
4969,0
4970,0
4971,1022
4972,0
4973,1022
4974,0
4975,0
4976,1022
4977,0
4978,1022
4979,0
4980,0
4981,1022
4982,0
4983,1022
4984,0
4985,0
4986,1022
4987,0
4988,1022
4989,0
4990,0
4991,1022
4992,0
4993,1022
4994,0
4995,0
4996,1021
4997,0
4998,1022
4999,0
5000,0
5001,1022
5002,0
5003,1022
5004,0
5005,0
5006,1022
5007,0
5008,1022
5009,0
5010,0
5011,1022
5012,0
5013,1022
5014,0
5015,0
5016,1022
5017,0
5018,1022
5019,0
5020,0
5021,1021
5022,0
5023,1022
5024,0
5025,0
5026,1022
5027,0
5028,1022
5029,0
5030,0
5031,1022
5032,0
5033,1022
5034,0
5035,0
5036,1022
5037,0
5038,1022
5039,0
5040,0
5041,1022
5042,0
5043,1022
5044,0
5045,0
5046,1022
5047,0
5048,1022
5049,0
5050,0
5051,1022
5052,0
5053,1022
5054,0
5055,1022
5056,1022
5057,0
5058,1022
5059,0
5060,1022
5061,1022
5062,0
5063,1022
5064,0
5065,1022
5066,1022
5067,0
5068,1022
5069,0
5070,1022
5071,1022
5072,0
5073,1022
5074,0
5075,1022
5076,1022
5077,0
5078,1022
5079,0
5080,1022
5081,1022
5082,0
5083,1021
5084,0
5085,1022
5086,1022
5087,0
5088,1022
5089,0
5090,1022
5091,1022
5092,0
5093,1022
5094,0
5095,1022
5096,1022
5097,0
5098,1022
5099,0
5100,1022
5101,1022
5102,0
5103,1021
5104,0
5105,1022
5106,1022
5107,0
5108,1022
5109,0
5110,1022
5111,1022
5112,0
5113,1022
5114,0
5115,1022
5116,1022
5117,0
5118,1022
5119,0
5120,1022
5121,1022
5122,0
5123,1022
5124,0
5125,1022
5126,1022
5127,0
5128,1022
5129,0
5130,1022
5131,1022
5132,0
5133,1022
5134,0
5135,1021
5136,1022
5137,0
5138,1022
5139,0
5140,1022
5141,1022
5142,0
5143,1022
5144,0
5145,1022
5146,1023
5147,0
5148,1022
5149,0
5150,1021
5151,1022
5152,0
5153,1022
5154,0
5155,1021
5156,1021
5157,0
5158,1022
5159,0
5160,1022
5161,1022
5162,0
5163,1022
5164,0
5165,1021
5166,1022
5167,0
5168,1022
5169,0
5170,1022
5171,1022
5172,0
5173,1022
5174,0
5175,1022
5176,1022
5177,0
5178,1021
5179,0
5180,1021
5181,1022
5182,0
5183,1022
5184,0
5185,1021
5186,1020
5187,0
5188,1022
5189,0
5190,1022
5191,1022
5192,0
5193,1022
5194,0
5195,1022
5196,1022
5197,0
5198,1022
5199,0
5200,1022
5201,1022
5202,0
5203,1022
5204,0
5205,1022
5206,0
5207,0
5208,1022
5209,0
5210,1022
5211,0
5212,0
5213,1022
5214,0
5215,1022
5216,0
5217,0
5218,1022
5219,0
5220,1022
5221,0
5222,0
5223,1022
5224,0
5225,1022
5226,0
5227,0
5228,1021
5229,0
5230,1022
5231,0
5232,0
5233,1022
5234,0
5235,1022
5236,0
5237,0
5238,1021
5239,0
5240,1022
5241,0
5242,0
5243,1022
5244,0
5245,1022
5246,0
5247,0
5248,1022
5249,0
5250,1022
5251,0
5252,0
5253,1021
5254,0
5255,1021
5256,0
5257,0
5258,1022
5259,0
5260,1022
5261,0
5262,0
5263,1022
5264,0
5265,1022
5266,0
5267,0
5268,1022
5269,0
5270,1022
5271,0
5272,0
5273,1022
5274,0
5275,1022
5276,0
5277,0
5278,1022
5279,0
5280,1022
5281,0
5282,0
5283,1022
5284,0
5285,1022
5286,0
5287,0
5288,1022
5289,0
5290,1022
5291,0
5292,0
5293,1022
5294,0
5295,1022
5296,0
5297,0
5298,1022
5299,0
5300,1022
5301,0
5302,0
5303,1022
5304,0
5305,1021
5306,0
5307,0
5308,1021
5309,0
5310,1022
5311,0
5312,0
5313,1021
5314,0
5315,1022
5316,0
5317,0
5318,1022
5319,0
5320,1022
5321,0
5322,0
5323,1022
5324,0
5325,1022
5326,0
5327,0
5328,1021
5329,0
5330,1021
5331,0
5332,0
5333,1022
5334,0
5335,1022
5336,0
5337,0
5338,1022
5339,0
5340,1022
5341,0
5342,0
5343,1022
5344,0
5345,1022
5346,0
5347,0
5348,1022
5349,0
5350,1022
5351,0
5352,0
5353,1022
5354,0
5355,1022
5356,0
5357,0
5358,1022
5359,0
5360,1022
5361,0
5362,1022
5363,1022
5364,0
5365,1022
5366,0
5367,1022
5368,1022
5369,0
5370,1022
5371,0
5372,1022
5373,1022
5374,0
5375,1022
5376,0
5377,1022
5378,1022
5379,0
5380,1022
5381,0
5382,1022
5383,1022
5384,0
5385,1022
5386,0
5387,1022
5388,1022
5389,0
5390,1022
5391,0
5392,1022
5393,1022
5394,0
5395,1022
5396,0
5397,1022
5398,1022
5399,0
5400,1022
5401,0
5402,1022
5403,1022
5404,0
5405,1022
5406,0
5407,1022
5408,1022
5409,0
5410,1022
5411,0
5412,1022
5413,1022
5414,0
5415,1022
5416,0
5417,1022
5418,1022
5419,0
5420,1022
5421,0
5422,1022
5423,1022
5424,0
5425,1022
5426,0
5427,1022
5428,1022
5429,0
5430,1022
5431,0
5432,1022
5433,1022
5434,0
5435,1022
5436,0
5437,1022
5438,1022
5439,0
5440,1022
5441,0
5442,1022
5443,1022
5444,0
5445,1022
5446,0
5447,1022
5448,1022
5449,0
5450,1022
5451,0
5452,1022
5453,1022
5454,0
5455,1022
5456,0
5457,1022
5458,1022
5459,0
5460,1022
5461,0
5462,1022
5463,1022
5464,0
5465,1022
5466,0
5467,1022
5468,1022
5469,0
5470,1022
5471,0
5472,1022
5473,1022
5474,0
5475,1022
5476,0
5477,1022
5478,1022
5479,0
5480,1022
5481,0
5482,1022
5483,1022
5484,0
5485,1022
5486,0
5487,1022
5488,1022
5489,0
5490,1022
5491,0
5492,1022
5493,1022
5494,0
5495,1022
5496,0
5497,1022
5498,1022
5499,0
5500,1022
5501,0
5502,1022
5503,1022
5504,0
5505,1022
5506,0
5507,1022
5508,1022
5509,0
5510,1022
5511,0
5512,1022
5513,1022
5514,0
5515,1022
5516,0
5517,1022
5518,0
5519,0
5520,1022
5521,0
5522,1022
5523,0
5524,0
5525,1022
5526,0
5527,1022
5528,0
5529,0
5530,1021
5531,0
5532,1022
5533,0
5534,0
5535,1022
5536,0
5537,1022
5538,0
5539,0
5540,1022
5541,0
5542,1022
5543,0
5544,0
5545,1022
5546,0
5547,1022
5548,0
5549,0
5550,1022
5551,0
5552,1022
5553,0
5554,0
5555,1021
5556,0
5557,1022
5558,0
5559,0
5560,1021
5561,0
5562,1022
5563,0
5564,0
5565,1022
5566,0
5567,1021
5568,0
5569,0
5570,1022
5571,0
5572,1022
5573,0
5574,0
5575,1022
5576,0
5577,1022
5578,0
5579,0
5580,1022
5581,0
5582,1022
5583,0
5584,0
5585,1022
5586,0
5587,1022
5588,0
5589,0
5590,1022
5591,0
5592,1022
5593,0
5594,0
5595,1022
5596,0
5597,1022
5598,0
5599,0
5600,1022
5601,0
5602,1021
5603,0
5604,0
5605,1022
5606,0
5607,1022
5608,0
5609,0
5610,1022
5611,0
5612,1021
5613,0
5614,0
5615,1023
5616,0
5617,1022
5618,0
5619,0
5620,1022
5621,0
5622,1022
5623,0
5624,0
5625,1022
5626,0
5627,1022
5628,0
5629,0
5630,1022
5631,0
5632,1022
5633,0
5634,0
5635,1022
5636,0
5637,1022
5638,0
5639,0
5640,1022
5641,0
5642,1022
5643,0
5644,0
5645,1022
5646,0
5647,1022
5648,0
5649,0
5650,1022
5651,0
5652,1022
5653,0
5654,0
5655,1022
5656,0
5657,1022
5658,0
5659,0
5660,1022
5661,0
5662,1022
5663,0
5664,0
5665,1022
5666,0
5667,1022
5668,0
5669,0
5670,1022
5671,0
5672,1022
5673,0
5674,0
5675,1022
5676,0
5677,1022
5678,0
5679,1022
5680,1022
5681,0
5682,1022
5683,0
5684,1022
5685,1021
5686,0
5687,1022
5688,0
5689,1022
5690,1022
5691,0
5692,1022
5693,0
5694,1022
5695,1022
5696,0
5697,1022
5698,0
5699,1022
5700,1022
5701,0
5702,1022
5703,0
5704,1021
5705,1022
5706,0
5707,1022
5708,0
5709,1022
5710,1022
5711,0
5712,1022
5713,0
5714,1022
5715,1022
5716,0
5717,1022
5718,0
5719,1022
5720,1022
5721,0
5722,1022
5723,0
5724,1022
5725,1022
5726,0
5727,1022
5728,0
5729,1022
5730,1022
5731,0
5732,1022
5733,0
5734,1022
5735,1022
5736,0
5737,1022
5738,0
5739,1022
5740,1022
5741,0
5742,1022
5743,0
5744,1022
5745,1022
5746,0
5747,1022
5748,0
5749,1022
5750,1021
5751,0
5752,1022
5753,0
5754,1021
5755,1021
5756,0
5757,1022
5758,0
5759,1022
5760,1022
5761,0
5762,1022
5763,0
5764,1023
5765,1022
5766,0
5767,1022
5768,0
5769,1021
5770,1021
5771,0
5772,1022
5773,0
5774,1022
5775,1021
5776,0
5777,1022
5778,0
5779,1022
5780,1022
5781,0
5782,1022
5783,0
5784,1023
5785,1022
5786,0
5787,1022
5788,0
5789,1022
5790,1022
5791,0
5792,1021
5793,0
5794,1022
5795,1022
5796,0
5797,1022
5798,0
5799,1022
5800,1022
5801,0
5802,1022
5803,0
5804,1022
5805,1022
5806,0
5807,1022
5808,0
5809,1022
5810,1022
5811,0
5812,1022
5813,0
5814,1022
5815,1022
5816,0
5817,1022
5818,0
5819,1022
5820,1022
5821,0
5822,1022
5823,0
5824,1022
5825,1022
5826,0
5827,1022
5828,0
5829,1022
5830,1022
5831,0
5832,1022
5833,0
5834,1022
5835,0
5836,0
5837,1022
5838,0
5839,1022
5840,0
5841,0
5842,1022
5843,0
5844,1022
5845,0
5846,0
5847,1022
5848,0
5849,1022
5850,0
5851,0
5852,1022
5853,0
5854,1022
5855,0
5856,0
5857,1022
5858,0
5859,1022
5860,0
5861,0
5862,1021
5863,0
5864,1022
5865,0
5866,0
5867,1022
5868,0
5869,1022
5870,0
5871,0
5872,1022
5873,0
5874,1022
5875,0
5876,0
5877,1022
5878,0
5879,1022
5880,0
5881,0
5882,1022
5883,0
5884,1022
5885,0
5886,0
5887,1022
5888,0
5889,1022
5890,0
5891,0
5892,1022
5893,0
5894,1022
5895,0
5896,0
5897,1022
5898,0
5899,1022
5900,0
5901,0
5902,1022
5903,0
5904,1022
5905,0
5906,0
5907,1022
5908,0
5909,1022
5910,0
5911,0
5912,1022
5913,0
5914,1022
5915,0
5916,0
5917,1021
5918,0
5919,1022
5920,0
5921,0
5922,1022
5923,0
5924,1022
5925,0
5926,0
5927,1021
5928,0
5929,1022
5930,0
5931,0
5932,1022
5933,0
5934,1021
5935,0
5936,0
5937,1023
5938,0
5939,1022
5940,0
5941,0
5942,1022
5943,0
5944,1022
5945,0
5946,0
5947,1022
5948,0
5949,1022
5950,0
5951,0
5952,1022
5953,0
5954,1022
5955,0
5956,0
5957,1022
5958,0
5959,1022
5960,0
5961,0
5962,1022
5963,0
5964,1022
5965,0
5966,0
5967,1022
5968,0
5969,1021
5970,0
5971,0
5972,1022
5973,0
5974,1022
5975,0
5976,0
5977,1022
5978,0
5979,1022
5980,0
5981,0
5982,1022
5983,0
5984,1022
5985,0
5986,0
5987,1022
5988,0
5989,1022
5990,0
5991,1021
5992,1021
5993,0
5994,1022
5995,0
5996,1022
5997,1022
5998,0
5999,1022
6000,0
6001,1022
6002,1022
6003,0
6004,1022
6005,0
6006,1021
6007,1022
6008,0
6009,1022
6010,0
6011,1022
6012,1022
6013,0
6014,1022
6015,0
6016,1022
6017,1022
6018,0
6019,1022
6020,0
6021,1022
6022,1021
6023,0
6024,1022
6025,0
6026,1022
6027,1022
6028,0
6029,1022
6030,0
6031,1022
6032,1022
6033,0
6034,1021
6035,0
6036,1022
6037,1022
6038,0
6039,1022
6040,0
6041,1022
6042,1022
6043,0
6044,1022
6045,0
6046,1022
6047,1022
6048,0
6049,1022
6050,0
6051,1022
6052,1022
6053,0
6054,1022
6055,0
6056,1022
6057,1022
6058,0
6059,1022
6060,0
6061,1022
6062,1022
6063,0
6064,1022
6065,0
6066,1021
6067,1022
6068,0
6069,1021
6070,0
6071,1021
6072,1021
6073,0
6074,1022
6075,0
6076,1021
6077,1022
6078,0
6079,1022
6080,0
6081,1021
6082,1022
6083,0
6084,1022
6085,0
6086,1022
6087,1022
6088,0
6089,1022
6090,0
6091,1022
6092,1022
6093,0
6094,1022
6095,0
6096,1022
6097,1022
6098,0
6099,1022
6100,0
6101,1022
6102,1022
6103,0
6104,1022
6105,0
6106,1022
6107,1022
6108,0
6109,1022
6110,0
6111,1022
6112,1022
6113,0
6114,1022
6115,0
6116,1022
6117,1022
6118,0
6119,1022
6120,0
6121,1022
6122,1022
6123,0
6124,1022
6125,0
6126,1022
6127,1021
6128,0
6129,1022
6130,0
6131,1022
6132,1022
6133,0
6134,1022
6135,0
6136,1022
6137,1022
6138,0
6139,1022
6140,0
6141,1022
6142,1021
6143,0
6144,1022
6145,0
6146,1022
6147,0
6148,0
6149,1022
6150,0
6151,1021
6152,0
6153,0
6154,1022
6155,0
6156,1023
6157,0
6158,0
6159,1022
6160,0
6161,1022
6162,0
6163,0
6164,1022
6165,0
6166,1021
6167,0
6168,0
6169,1022
6170,0
6171,1022
6172,0
6173,0
6174,1022
6175,0
6176,1022
6177,0
6178,0
6179,1022
6180,0
6181,1022
6182,0
6183,0
6184,1022
6185,0
6186,1021
6187,0
6188,0
6189,1022
6190,0
6191,1022
6192,0
6193,0
6194,1021
6195,0
6196,1022
6197,0
6198,0
6199,1022
6200,0
6201,1022
6202,0
6203,0
6204,1022
6205,0
6206,1022
6207,0
6208,0
6209,1022
6210,0
6211,1022
6212,0
6213,0
6214,1022
6215,0
6216,1022
6217,0
6218,0
6219,1022
6220,0
6221,1022
6222,0
6223,0
6224,1021
6225,0
6226,1022
6227,0
6228,0
6229,1022
6230,0
6231,1022
6232,0
6233,0
6234,1023
6235,0
6236,1022
6237,0
6238,0
6239,1021
6240,0
6241,1022
6242,0
6243,0
6244,1022
6245,0
6246,1022
6247,0
6248,0
6249,1021
6250,0
6251,1021
6252,0
6253,0
6254,1022
6255,0
6256,1022
6257,0
6258,0
6259,1022
6260,0
6261,1022
6262,0
6263,0
6264,1021
6265,0
6266,1021
6267,0
6268,0
6269,1022
6270,0
6271,1022
6272,0
6273,0
6274,1022
6275,0
6276,1022
6277,0
6278,0
6279,1022
6280,0
6281,1022
6282,0
6283,0
6284,1022
6285,0
6286,1023
6287,0
6288,0
6289,1021
6290,0
6291,1022
6292,0
6293,0
6294,1022
6295,0
6296,1022
6297,0
6298,0
6299,1021
6300,0
6301,1021
6302,0
6303,1022
6304,1022
6305,0
6306,1022
6307,0
6308,1022
6309,1022
6310,0
6311,1022
6312,0
6313,1022
6314,1022
6315,0
6316,1021
6317,0
6318,1022
6319,1022
6320,0
6321,1022
6322,0
6323,1021
6324,1022
6325,0
6326,1021
6327,0
6328,1022
6329,1021
6330,0
6331,1021
6332,0
6333,1022
6334,1022
6335,0
6336,1022
6337,0
6338,1022
6339,1022
6340,0
6341,1022
6342,0
6343,1022
6344,1022
6345,0
6346,1022
6347,0
6348,1022
6349,1022
6350,0
6351,1022
6352,0
6353,1022
6354,1022
6355,0
6356,1022
6357,0
6358,1022
6359,1022
6360,0
6361,1022
6362,0
6363,1022
6364,1022
6365,0
6366,1022
6367,0
6368,1022
6369,1022
6370,0
6371,1022
6372,0
6373,1022
6374,1022
6375,0
6376,1022
6377,0
6378,1022
6379,1022
6380,0
6381,1022
6382,0
6383,1022
6384,1022
6385,0
6386,1022
6387,0
6388,1022
6389,1022
6390,0
6391,1022
6392,0
6393,1022
6394,1022
6395,0
6396,1021
6397,0
6398,1022
6399,1022
6400,0
6401,1021
6402,0
6403,1022
6404,1022
6405,0
6406,1022
6407,0
6408,1022
6409,1022
6410,0
6411,1022
6412,0
6413,1021
6414,1022
6415,0
6416,1022
6417,0
6418,1022
6419,1022
6420,0
6421,1022
6422,0
6423,1022
6424,1022
6425,0
6426,1022
6427,0
6428,1022
6429,1022
6430,0
6431,1022
6432,0
6433,1022
6434,1022
6435,0
6436,1022
6437,0
6438,1021
6439,1022
6440,0
6441,1022
6442,0
6443,1022
6444,1021
6445,0
6446,1022
6447,0
6448,1022
6449,1022
6450,0
6451,1022
6452,0
6453,1021
6454,1021
6455,0
6456,1022
6457,0
6458,1022
6459,0
6460,0
6461,1022
6462,0
6463,1022
6464,0
6465,0
6466,1022
6467,0
6468,1022
6469,0
6470,0
6471,1022
6472,0
6473,1022
6474,0
6475,0
6476,1022
6477,0
6478,1022
6479,0
6480,0
6481,1022
6482,0
6483,1022
6484,0
6485,0
6486,1022
6487,0
6488,1022
6489,0
6490,0
6491,1022
6492,0
6493,1022
6494,0
6495,0
6496,1022
6497,0
6498,1022
6499,0
6500,0
6501,1023
6502,0
6503,1022
6504,0
6505,0
6506,1022
6507,0
6508,1022
6509,0
6510,0
6511,1022
6512,0
6513,1022
6514,0
6515,0
6516,1022
6517,0
6518,1022
6519,0
6520,0
6521,1022
6522,0
6523,1022
6524,0
6525,0
6526,1022
6527,0
6528,1022
6529,0
6530,0
6531,1022
6532,0
6533,1021
6534,0
6535,0
6536,1022
6537,0
6538,1021
6539,0
6540,0
6541,1022
6542,0
6543,1022
6544,0
6545,0
6546,1022
6547,0
6548,1022
6549,0
6550,0
6551,1022
6552,0
6553,1022
6554,0
6555,0
6556,1021
6557,0
6558,1021
6559,0
6560,0
6561,1022
6562,0
6563,1022
6564,0
6565,0
6566,1022
6567,0
6568,1022
6569,0
6570,0
6571,1022
6572,0
6573,1022
6574,0
6575,0
6576,1022
6577,0
6578,1022
6579,0
6580,0
6581,1022
6582,0
6583,1021
6584,0
6585,0
6586,1022
6587,0
6588,1022
6589,0
6590,0
6591,1022
6592,0
6593,1022
6594,0
6595,0
6596,1022
6597,0
6598,1022
6599,0
6600,0
6601,1022
6602,0
6603,1022
6604,0
6605,0
6606,1022
6607,0
6608,1022
6609,0
6610,0
6611,1022
6612,0
6613,1022
6614,0
6615,1022
6616,1022
6617,0
6618,1022
6619,0
6620,1022
6621,1022
6622,0
6623,1021
6624,0
6625,1022
6626,1022
6627,0
6628,1022
6629,0
6630,1022
6631,1022
6632,0
6633,1022
6634,0
6635,1022
6636,1022
6637,0
6638,1022
6639,0
6640,1022
6641,1023
6642,0
6643,1022
6644,0
6645,1022
6646,1022
6647,0
6648,1022
6649,0
6650,1021
6651,1022
6652,0
6653,1022
6654,0
6655,1022
6656,1022
6657,0
6658,1022
6659,0
6660,1022
6661,1022
6662,0
6663,1022
6664,0
6665,1021
6666,1022
6667,0
6668,1022
6669,0
6670,1022
6671,1022
6672,0
6673,1022
6674,0
6675,1022
6676,1021
6677,0
6678,1022
6679,0
6680,1021
6681,1022
6682,0
6683,1022
6684,0
6685,1022
6686,1022
6687,0
6688,1022
6689,0
6690,1022
6691,1022
6692,0
6693,1022
6694,0
6695,1022
6696,1022
6697,0
6698,1022
6699,0
6700,1021
6701,1022
6702,0
6703,1022
6704,0
6705,1022
6706,1021
6707,0
6708,1021
6709,0
6710,1021
6711,1022
6712,0
6713,1022
6714,0
6715,1022
6716,1022
6717,0
6718,1022
6719,0
6720,1022
6721,1022
6722,0
6723,1022
6724,0
6725,1022
6726,1022
6727,0
6728,1022
6729,0
6730,1022
6731,1022
6732,0
6733,1022
6734,0
6735,1022
6736,1022
6737,0
6738,1022
6739,0
6740,1022
6741,1022
6742,0
6743,1022
6744,0
6745,1022
6746,1022
6747,0
6748,1022
6749,0
6750,1022
6751,1022
6752,0
6753,1021
6754,0
6755,1023
6756,1021
6757,0
6758,1021
6759,0
6760,1022
6761,1022
6762,0
6763,1022
6764,0
6765,1022
6766,1021
6767,0
6768,1022
6769,0
6770,1022
6771,0
6772,0
6773,1022
6774,0
6775,1022
6776,0
6777,0
6778,1022
6779,0
6780,1022
6781,0
6782,0
6783,1022
6784,0
6785,1022
6786,0
6787,0
6788,1022
6789,0
6790,1022
6791,0
6792,0
6793,1022
6794,0
6795,1022
6796,0
6797,0
6798,1022
6799,0
6800,1022
6801,0
6802,0
6803,1022
6804,0
6805,1022
6806,0
6807,0
6808,1022
6809,0
6810,1022
6811,0
6812,0
6813,1022
6814,0
6815,1022
6816,0
6817,0
6818,1022
6819,0
6820,1022
6821,0
6822,0
6823,1022
6824,0
6825,1022
6826,0
6827,0
6828,1022
6829,0
6830,1023
6831,0
6832,0
6833,1022
6834,0
6835,1021
6836,0
6837,0
6838,1022
6839,0
6840,1022
6841,0
6842,0
6843,1022
6844,0
6845,1022
6846,0
6847,0
6848,1023
6849,0
6850,1022
6851,0
6852,0
6853,1021
6854,0
6855,1022
6856,0
6857,0
6858,1022
6859,0
6860,1022
6861,0
6862,0
6863,1022
6864,0
6865,1022
6866,0
6867,0
6868,1022
6869,0
6870,1021
6871,0
6872,0
6873,1022
6874,0
6875,1022
6876,0
6877,0
6878,1020
6879,0
6880,1022
6881,0
6882,0
6883,1022
6884,0
6885,1022
6886,0
6887,0
6888,1022
6889,0
6890,1022
6891,0
6892,0
6893,1022
6894,0
6895,1022
6896,0
6897,0
6898,1022
6899,0
6900,1022
6901,0
6902,0
6903,1022
6904,0
6905,1022
6906,0
6907,0
6908,1022
6909,0
6910,1022
6911,0
6912,0
6913,1021
6914,0
6915,1022
6916,0
6917,0
6918,1022
6919,0
6920,1022
6921,0
6922,1022
6923,1022
6924,0
6925,1022
6926,0
6927,1021
6928,1022
6929,0
6930,1022
6931,0
6932,1021
6933,1022
6934,0
6935,1021
6936,0
6937,1021
6938,1022
6939,0
6940,1022
6941,0
6942,1022
6943,1022
6944,0
6945,1022
6946,0
6947,1022
6948,1022
6949,0
6950,1022
6951,0
6952,1022
6953,1022
6954,0
6955,1022
6956,0
6957,1022
6958,1022
6959,0
6960,1022
6961,0
6962,1022
6963,1022
6964,0
6965,1022
6966,0
6967,1022
6968,1022
6969,0
6970,1022
6971,0
6972,1022
6973,1022
6974,0
6975,1022
6976,0
6977,1022
6978,1022
6979,0
6980,1022
6981,0
6982,1021
6983,1022
6984,0
6985,1022
6986,0
6987,1022
6988,1021
6989,0
6990,1022
6991,0
6992,1022
6993,1022
6994,0
6995,1022
6996,0
6997,1022
6998,1022
6999,0
7000,1022
7001,0
7002,1022
7003,1022
7004,0
7005,1021
7006,0
7007,1021
7008,1022
7009,0
7010,1022
7011,0
7012,1022
7013,1022
7014,0
7015,1022
7016,0
7017,1022
7018,1022
7019,0
7020,1022
7021,0
7022,1022
7023,1022
7024,0
7025,1022
7026,0
7027,1022
7028,1022
7029,0
7030,1022
7031,0
7032,1022
7033,1022
7034,0
7035,1022
7036,0
7037,1022
7038,1022
7039,0
7040,1022
7041,0
7042,1022
7043,1022
7044,0
7045,1022
7046,0
7047,1022
7048,1022
7049,0
7050,1022
7051,0
7052,1022
7053,1022
7054,0
7055,1022
7056,0
7057,1022
7058,1021
7059,0
7060,1022
7061,0
7062,1022
7063,1022
7064,0
7065,1021
7066,0
7067,1022
7068,1021
7069,0
7070,1022
7071,0
7072,1022
7073,1022
7074,0
7075,1022
7076,0
7077,1022
7078,1021
7079,0
7080,1022
7081,0
7082,1022
7083,0
7084,0
7085,1022
7086,0
7087,1022
7088,0
7089,0
7090,1021
7091,0
7092,1022
7093,0
7094,0
7095,1022
7096,0
7097,1022
7098,0
7099,0
7100,1022
7101,0
7102,1022
7103,0
7104,0
7105,1022
7106,0
7107,1022
7108,0
7109,0
7110,1022
7111,0
7112,1022
7113,0
7114,0
7115,1022
7116,0
7117,1022
7118,0
7119,0
7120,1022
7121,0
7122,1022
7123,0
7124,0
7125,1022
7126,0
7127,1022
7128,0
7129,0
7130,1022
7131,0
7132,1022
7133,0
7134,0
7135,1022
7136,0
7137,1022
7138,0
7139,0
7140,1022
7141,0
7142,1022
7143,0
7144,0
7145,1022
7146,0
7147,1022
7148,0
7149,0
7150,1022
7151,0
7152,1022
7153,0
7154,0
7155,1022
7156,0
7157,1022
7158,0
7159,0
7160,1022
7161,0
7162,1022
7163,0
7164,0
7165,1022
7166,0
7167,1022
7168,0
7169,0
7170,1022
7171,0
7172,1022
7173,0
7174,0
7175,1022
7176,0
7177,1022
7178,0
7179,0
7180,1022
7181,0
7182,1022
7183,0
7184,0
7185,1022
7186,0
7187,1022
7188,0
7189,0
7190,1022
7191,0
7192,1022
7193,0
7194,0
7195,1022
7196,0
7197,1022
7198,0
7199,0
7200,1022
7201,0
7202,1022
7203,0
7204,0
7205,1022
7206,0
7207,1022
7208,0
7209,0
7210,1022
7211,0
7212,1022
7213,0
7214,0
7215,1022
7216,0
7217,1022
7218,0
7219,0
7220,1021
7221,0
7222,1022
7223,0
7224,0
7225,1022
7226,0
7227,1022
7228,0
7229,0
7230,1022
7231,0
7232,1021
7233,0
7234,1021
7235,1022
7236,0
7237,1022
7238,0
7239,1021
7240,1022
7241,0
7242,1021
7243,0
7244,1022
7245,1022
7246,0
7247,1022
7248,0
7249,1022
7250,1022
7251,0
7252,1022
7253,0
7254,1022
7255,1022
7256,0
7257,1022
7258,0
7259,1021
7260,1022
7261,0
7262,1022
7263,0
7264,1022
7265,1022
7266,0
7267,1022
7268,0
7269,1022
7270,1022
7271,0
7272,1022
7273,0
7274,1022
7275,1022
7276,0
7277,1022
7278,0
7279,1022
7280,1022
7281,0
7282,1022
7283,0
7284,1022
7285,1022
7286,0
7287,1022
7288,0
7289,1022
7290,1022
7291,0
7292,1022
7293,0
7294,1022
7295,1022
7296,0
7297,1022
7298,0
7299,1022
7300,1022
7301,0
7302,1022
7303,0
7304,1022
7305,1022
7306,0
7307,1022
7308,0
7309,1021
7310,1022
7311,0
7312,1022
7313,0
7314,1022
7315,1022
7316,0
7317,1022
7318,0
7319,1022
7320,1022
7321,0
7322,1022
7323,0
7324,1022
7325,1022
7326,0
7327,1022
7328,0
7329,1022
7330,1022
7331,0
7332,1022
7333,0
7334,1022
7335,1022
7336,0
7337,1022
7338,0
7339,1022
7340,1021
7341,0
7342,1022
7343,0
7344,1022
7345,1022
7346,0
7347,1022
7348,0
7349,1022
7350,1022
7351,0
7352,1022
7353,0
7354,1022
7355,1022
7356,0
7357,1022
7358,0
7359,1022
7360,1022
7361,0
7362,1022
7363,0
7364,1021
7365,1022
7366,0
7367,1021
7368,0
7369,1022
7370,1022
7371,0
7372,1022
7373,0
7374,1022
7375,1022
7376,0
7377,1022
7378,0
7379,1022
7380,1022
7381,0
7382,1022
7383,0
7384,1022
7385,1021
7386,0
7387,1022
7388,0
7389,1022
7390,1022
7391,0
7392,1022
7393,0
7394,1021
7395,0
7396,0
7397,1022
7398,0
7399,1022
7400,0
7401,0
7402,1022
7403,0
7404,1022
7405,0
7406,0
7407,1022
7408,0
7409,1022
7410,0
7411,0
7412,1022
7413,0
7414,1022
7415,0
7416,0
7417,1022
7418,0
7419,1022
7420,0
7421,0
7422,1022
7423,0
7424,1022
7425,0
7426,0
7427,1022
7428,0
7429,1022
7430,0
7431,0
7432,1022
7433,0
7434,1022
7435,0
7436,0
7437,1022
7438,0
7439,1022
7440,0
7441,0
7442,1022
7443,0
7444,1021
7445,0
7446,0
7447,1022
7448,0
7449,1022
7450,0
7451,0
7452,1022
7453,0
7454,1022
7455,0
7456,0
7457,1022
7458,0
7459,1022
7460,0
7461,0
7462,1022
7463,0
7464,1022
7465,0
7466,0
7467,1022
7468,0
7469,1022
7470,0
7471,0
7472,1022
7473,0
7474,1022
7475,0
7476,0
7477,1022
7478,0
7479,1022
7480,0
7481,0
7482,1022
7483,0
7484,1022
7485,0
7486,0
7487,1022
7488,0
7489,1022
7490,0
7491,0
7492,1022
7493,0
7494,1022
7495,0
7496,0
7497,1022
7498,0
7499,1022
7500,0
7501,0
7502,1022
7503,0
7504,1022
7505,0
7506,0
7507,1022
7508,0
7509,1022
7510,0
7511,0
7512,1023
7513,0
7514,1022
7515,0
7516,0
7517,1022
7518,0
7519,1022
7520,0
7521,0
7522,1022
7523,0
7524,1022
7525,0
7526,0
7527,1022
7528,0
7529,1022
7530,0
7531,0
7532,1022
7533,0
7534,1022
7535,0
7536,0
7537,1022
7538,0
7539,1022
7540,0
7541,0
7542,1022
7543,0
7544,1021
7545,0
7546,0
7547,1022
7548,0
7549,1022
7550,0
7551,1022
7552,1022
7553,0
7554,1022
7555,0
7556,1021
7557,1022
7558,0
7559,1022
7560,0
7561,1021
7562,1022
7563,0
7564,1022
7565,0
7566,1022
7567,1022
7568,0
7569,1022
7570,0
7571,1022
7572,1022
7573,0
7574,1022
7575,0
7576,1022
7577,1022
7578,0
7579,1022
7580,0
7581,1022
7582,1022
7583,0
7584,1022
7585,0
7586,1022
7587,1022
7588,0
7589,1022
7590,0
7591,1022
7592,1021
7593,0
7594,1022
7595,0
7596,1022
7597,1021
7598,0
7599,1022
7600,0
7601,1022
7602,1022
7603,0
7604,1022
7605,0
7606,1022
7607,1022
7608,0
7609,1022
7610,0
7611,1022
7612,1022
7613,0
7614,1022
7615,0
7616,1021
7617,1022
7618,0
7619,1021
7620,0
7621,1022
7622,1021
7623,0
7624,1022
7625,0
7626,1022
7627,1022
7628,0
7629,1022
7630,0
7631,1021
7632,1021
7633,0
7634,1021
7635,0
7636,1022
7637,1022
7638,0
7639,1022
7640,0
7641,1022
7642,1022
7643,0
7644,1022
7645,0
7646,1022
7647,1022
7648,0
7649,1022
7650,0
7651,1022
7652,1022
7653,0
7654,1022
7655,0
7656,1022
7657,1022
7658,0
7659,1021
7660,0
7661,1021
7662,1022
7663,0
7664,1022
7665,0
7666,1022
7667,1022
7668,0
7669,1022
7670,0
7671,1022
7672,1021
7673,0
7674,1022
7675,0
7676,1022
7677,1021
7678,0
7679,1023
7680,0
7681,1021
7682,1022
7683,0
7684,1022
7685,0
7686,1022
7687,1022
7688,0
7689,1022
7690,0
7691,1022
7692,1022
7693,0
7694,1021
7695,0
7696,1022
7697,1022
7698,0
7699,1021
7700,0
7701,1022
7702,0
7703,0
7704,1022
7705,0
7706,1022
7707,0
7708,0
7709,1022
7710,0
7711,1022
7712,0
7713,0
7714,1022
7715,0
7716,1022
7717,0
7718,0
7719,1022
7720,0
7721,1022
7722,0
7723,0
7724,1022
7725,0
7726,1022
7727,0
7728,0
7729,1022
7730,0
7731,1022
7732,0
7733,0
7734,1022
7735,0
7736,1022
7737,0
7738,0
7739,1022
7740,0
7741,1022
7742,0
7743,0
7744,1022
7745,0
7746,1023
7747,0
7748,0
7749,1022
7750,0
7751,1022
7752,0
7753,0
7754,1022
7755,0
7756,1022
7757,0
7758,0
7759,1022
7760,0
7761,1022
7762,0
7763,0
7764,1022
7765,0
7766,1022
7767,0
7768,0
7769,1022
7770,0
7771,1022
7772,0
7773,0
7774,1021
7775,0
7776,1022
7777,0
7778,0
7779,1022
7780,0
7781,1022
7782,0
7783,0
7784,1022
7785,0
7786,1022
7787,0
7788,0
7789,1022
7790,0
7791,1022
7792,0
7793,0
7794,1022
7795,0
7796,1022
7797,0
7798,0
7799,1022
7800,0
7801,1022
7802,0
7803,0
7804,1022
7805,0
7806,1022
7807,0
7808,0
7809,1021
7810,0
7811,1022
7812,0
7813,0
7814,1022
7815,0
7816,1022
7817,0
7818,0
7819,1022
7820,0
7821,1022
7822,0
7823,0
7824,1021
7825,0
7826,1022
7827,0
7828,0
7829,1022
7830,0
7831,1022
7832,0
7833,0
7834,1022
7835,0
7836,1022
7837,0
7838,0
7839,1022
7840,0
7841,1022
7842,0
7843,0
7844,1022
7845,0
7846,1022
7847,0
7848,0
7849,1022
7850,0
7851,1022
7852,0
7853,0
7854,1022
7855,0
7856,1022
7857,0
7858,1022
7859,1022
7860,0
7861,1022
7862,0
7863,1022
7864,1022
7865,0
7866,1022
7867,0
7868,1022
7869,1022
7870,0
7871,1022
7872,0
7873,1022
7874,1022
7875,0
7876,1022
7877,0
7878,1022
7879,1022
7880,0
7881,1022
7882,0
7883,1022
7884,1022
7885,0
7886,1022
7887,0
7888,1022
7889,1022
7890,0
7891,1022
7892,0
7893,1022
7894,1021
7895,0
7896,1022
7897,0
7898,1022
7899,1022
7900,0
7901,1021
7902,0
7903,1022
7904,1021
7905,0
7906,1022
7907,0
7908,1022
7909,1022
7910,0
7911,1022
7912,0
7913,1022
7914,1022
7915,0
7916,1022
7917,0
7918,1021
7919,1022
7920,0
7921,1021
7922,0
7923,1022
7924,1021
7925,0
7926,1022
7927,0
7928,1022
7929,1022
7930,0
7931,1022
7932,0
7933,1022
7934,1022
7935,0
7936,1021
7937,0
7938,1022
7939,1022
7940,0
7941,1022
7942,0
7943,1022
7944,1022
7945,0
7946,1022
7947,0
7948,1022
7949,1022
7950,0
7951,1022
7952,0
7953,1022
7954,1022
7955,0
7956,1022
7957,0
7958,1022
7959,1022
7960,0
7961,1022
7962,0
7963,1022
7964,1022
7965,0
7966,1022
7967,0
7968,1022
7969,1022
7970,0
7971,1022
7972,0
7973,1022
7974,1022
7975,0
7976,1022
7977,0
7978,1022
7979,1022
7980,0
7981,1021
7982,0
7983,1022
7984,1022
7985,0
7986,1022
7987,0
7988,1022
7989,1022
7990,0
7991,1022
7992,0
7993,1022
7994,1022
7995,0
7996,1023
7997,0
7998,1021
7999,1022
8000,0
8001,1022
8002,0
8003,1022
8004,1022
8005,0
8006,1021
8007,0
8008,1022
8009,1022
8010,0
8011,1022
8012,0
8013,1022
8014,0
8015,0
8016,1022
8017,0
8018,1022
8019,0
8020,0
8021,1021
8022,0
8023,1022
8024,0
8025,0
8026,1022
8027,0
8028,1022
8029,0
8030,0
8031,1022
8032,0
8033,1022
8034,0
8035,0
8036,1022
8037,0
8038,1022
8039,0
8040,0
8041,1022
8042,0
8043,1022
8044,0
8045,0
8046,1022
8047,0
8048,1022
8049,0
8050,0
8051,1022
8052,0
8053,1022
8054,0
8055,0
8056,1022
8057,0
8058,1022
8059,0
8060,0
8061,1022
8062,0
8063,1022
8064,0
8065,0
8066,1022
8067,0
8068,1022
8069,0
8070,0
8071,1022
8072,0
8073,1022
8074,0
8075,0
8076,1021
8077,0
8078,1022
8079,0
8080,0
8081,1021
8082,0
8083,1022
8084,0
8085,0
8086,1022
8087,0
8088,1022
8089,0
8090,0
8091,1022
8092,0
8093,1022
8094,0
8095,0
8096,1022
8097,0
8098,1022
8099,0
8100,0
8101,1022
8102,0
8103,1022
8104,0
8105,0
8106,1022
8107,0
8108,1022
8109,0
8110,0
8111,1022
8112,0
8113,1022
8114,0
8115,0
8116,1022
8117,0
8118,1022
8119,0
8120,0
8121,1022
8122,0
8123,1022
8124,0
8125,0
8126,1022
8127,0
8128,1022
8129,0
8130,0
8131,1022
8132,0
8133,1022
8134,0
8135,0
8136,1022
8137,0
8138,1022
8139,0
8140,0
8141,1022
8142,0
8143,1022
8144,0
8145,0
8146,1022
8147,0
8148,1021
8149,0
8150,0
8151,1021
8152,0
8153,1022
8154,0
8155,0
8156,1022
8157,0
8158,1022
8159,0
8160,0
8161,1022
8162,0
8163,1022
8164,0
8165,0
8166,1022
8167,0
8168,1022
8169,0
8170,1021
8171,1022
8172,0
8173,1022
8174,0
8175,1021
8176,1022
8177,0
8178,1021
8179,0
8180,1022
8181,1022
8182,0
8183,1022
8184,0
8185,1022
8186,1022
8187,0
8188,1022
8189,0
8190,1022
8191,1022
8192,0
8193,1022
8194,0
8195,1022
8196,1022
8197,0
8198,1022
8199,0
8200,1022
8201,1022
8202,0
8203,1022
8204,0
8205,1021
8206,1021
8207,0
8208,1022
8209,0
8210,1022
8211,1022
8212,0
8213,1022
8214,0
8215,1022
8216,1022
8217,0
8218,1022
8219,0
8220,1022
8221,1022
8222,0
8223,1022
8224,0
8225,1022
8226,1022
8227,0
8228,1021
8229,0
8230,1022
8231,1021
8232,0
8233,1022
8234,0
8235,1022
8236,1022
8237,0
8238,1022
8239,0
8240,1022
8241,1022
8242,0
8243,1022
8244,0
8245,1022
8246,1022
8247,0
8248,1022
8249,0
8250,1022
8251,1022
8252,0
8253,1022
8254,0
8255,1022
8256,1022
8257,0
8258,1022
8259,0
8260,1022
8261,1022
8262,0
8263,1022
8264,0
8265,1022
8266,1022
8267,0
8268,1022
8269,0
8270,1022
8271,1021
8272,0
8273,1022
8274,0
8275,1022
8276,1022
8277,0
8278,1021
8279,0
8280,1022
8281,1022
8282,0
8283,1021
8284,0
8285,1022
8286,1021
8287,0
8288,1022
8289,0
8290,1022
8291,1021
8292,0
8293,1022
8294,0
8295,1022
8296,1022
8297,0
8298,1022
8299,0
8300,1022
8301,1022
8302,0
8303,1021
8304,0
8305,1021
8306,1022
8307,0
8308,1022
8309,0
8310,1022
8311,1022
8312,0
8313,1022
8314,0
8315,1022
8316,1022
8317,0
8318,1021
8319,0
8320,1022
8321,1021
8322,0
8323,1022
8324,0
8325,1022
8326,1021
8327,0
8328,1022
8329,0
8330,1022
8331,0
8332,0
8333,1022
8334,0
8335,1022
8336,0
8337,0
8338,1022
8339,0
8340,1022
8341,0
8342,0
8343,1022
8344,0
8345,1022
8346,0
8347,0
8348,1022
8349,0
8350,1022
8351,0
8352,0
8353,1022
8354,0
8355,1022
8356,0
8357,0
8358,1022
8359,0
8360,1022
8361,0
8362,0
8363,1022
8364,0
8365,1022
8366,0
8367,0
8368,1022
8369,0
8370,1022
8371,0
8372,0
8373,1022
8374,0
8375,1022
8376,0
8377,0
8378,1022
8379,0
8380,1022
8381,0
8382,0
8383,1022
8384,0
8385,1022
8386,0
8387,0
8388,1022
8389,0
8390,1022
8391,0
8392,0
8393,1022
8394,0
8395,1022
8396,0
8397,0
8398,1022
8399,0
8400,1022
8401,0
8402,0
8403,1022
8404,0
8405,1022
8406,0
8407,0
8408,1022
8409,0
8410,1022
8411,0
8412,0
8413,1022
8414,0
8415,1022
8416,0
8417,0
8418,1022
8419,0
8420,1022
8421,0
8422,0
8423,1022
8424,0
8425,1022
8426,0
8427,0
8428,1022
8429,0
8430,1022
8431,0
8432,0
8433,1022
8434,0
8435,1021
8436,0
8437,0
8438,1021
8439,0
8440,1022
8441,0
8442,0
8443,1022
8444,0
8445,1022
8446,0
8447,0
8448,1022
8449,0
8450,1022
8451,0
8452,0
8453,1022
8454,0
8455,1022
8456,0
8457,0
8458,1022
8459,0
8460,1022
8461,0
8462,0
8463,1022
8464,0
8465,1022
8466,0
8467,0
8468,1022
8469,0
8470,1022
8471,0
8472,0
8473,1022
8474,0
8475,1022
8476,0
8477,0
8478,1022
8479,0
8480,1022
8481,0
8482,0
8483,1022
8484,0
8485,1022
8486,0
8487,1022
8488,1022
8489,0
8490,1022
8491,0
8492,1022
8493,1022
8494,0
8495,1022
8496,0
8497,1021
8498,1022
8499,0
8500,1022
8501,0
8502,1022
8503,1022
8504,0
8505,1022
8506,0
8507,1022
8508,1021
8509,0
8510,1022
8511,0
8512,1022
8513,1022
8514,0
8515,1022
8516,0
8517,1022
8518,1022
8519,0
8520,1022
8521,0
8522,1022
8523,1022
8524,0
8525,1022
8526,0
8527,1022
8528,1022
8529,0
8530,1022
8531,0
8532,1021
8533,1022
8534,0
8535,1022
8536,0
8537,1022
8538,1023
8539,0
8540,1022
8541,0
8542,1022
8543,1022
8544,0
8545,1022
8546,0
8547,1022
8548,1022
8549,0
8550,1022
8551,0
8552,1022
8553,1022
8554,0
8555,1022
8556,0
8557,1022
8558,1022
8559,0
8560,1022
8561,0
8562,1022
8563,1022
8564,0
8565,1022
8566,0
8567,1022
8568,1022
8569,0
8570,1022
8571,0
8572,1022
8573,1022
8574,0
8575,1022
8576,0
8577,1022
8578,1022
8579,0
8580,1022
8581,0
8582,1022
8583,1022
8584,0
8585,1022
8586,0
8587,1022
8588,1022
8589,0
8590,1022
8591,0
8592,1021
8593,1022
8594,0
8595,1022
8596,0
8597,1022
8598,1021
8599,0
8600,1022
8601,0
8602,1022
8603,1022
8604,0
8605,1022
8606,0
8607,1021
8608,1022
8609,0
8610,1021
8611,0
8612,1022
8613,1022
8614,0
8615,1022
8616,0
8617,1022
8618,1022
8619,0
8620,1022
8621,0
8622,1022
8623,1022
8624,0
8625,1022
8626,0
8627,1022
8628,1022
8629,0
8630,1022
8631,0
8632,1021
8633,1022
8634,0
8635,1022
8636,0
8637,1022
8638,0
8639,0
8640,1022
8641,0
8642,1022
8643,0
8644,0
8645,1022
8646,0
8647,1022
8648,0
8649,0
8650,1022
8651,0
8652,1022
8653,0
8654,0
8655,1021
8656,0
8657,1021
8658,0
8659,0
8660,1021
8661,0
8662,1021
8663,0
8664,0
8665,1022
8666,0
8667,1022
8668,0
8669,0
8670,1022
8671,0
8672,1022
8673,0
8674,0
8675,1022
8676,0
8677,1022
8678,0
8679,0
8680,1022
8681,0
8682,1021
8683,0
8684,0
8685,1022
8686,0
8687,1021
8688,0
8689,0
8690,1022
8691,0
8692,1022
8693,0
8694,0
8695,1022
8696,0
8697,1022
8698,0
8699,0
8700,1022
8701,0
8702,1022
8703,0
8704,0
8705,1022
8706,0
8707,1022
8708,0
8709,0
8710,1021
8711,0
8712,1022
8713,0
8714,0
8715,1022
8716,0
8717,1022
8718,0
8719,0
8720,1022
8721,0
8722,1022
8723,0
8724,0
8725,1022
8726,0
8727,1021
8728,0
8729,0
8730,1022
8731,0
8732,1021
8733,0
8734,0
8735,1022
8736,0
8737,1023
8738,0
8739,0
8740,1022
8741,0
8742,1022
8743,0
8744,0
8745,1022
8746,0
8747,1022
8748,0
8749,0
8750,1022
8751,0
8752,1022
8753,0
8754,0
8755,1022
8756,0
8757,1022
8758,0
8759,0
8760,1022
8761,0
8762,1022
8763,0
8764,0
8765,1022
8766,0
8767,1022
8768,0
8769,0
8770,1021
8771,0
8772,1022
8773,0
8774,0
8775,1022
8776,0
8777,1022
8778,0
8779,0
8780,1022
8781,0
8782,1022
8783,0
8784,0
8785,1022
8786,0
8787,1022
8788,0
8789,0
8790,1022
8791,0
8792,1022
8793,0
8794,0
8795,1022
8796,0
8797,1022
8798,0
8799,1021
8800,1022
8801,0
8802,1021
8803,0
8804,1021
8805,1022
8806,0
8807,1022
8808,0
8809,1022
8810,1022
8811,0
8812,1022
8813,0
8814,1022
8815,1022
8816,0
8817,1022
8818,0
8819,1022
8820,1022
8821,0
8822,1022
8823,0
8824,1022
8825,1022
8826,0
8827,1021
8828,0
8829,1022
8830,1022
8831,0
8832,1022
8833,0
8834,1021
8835,1022
8836,0
8837,1022
8838,0
8839,1022
8840,1022
8841,0
8842,1022
8843,0
8844,1021
8845,1022
8846,0
8847,1022
8848,0
8849,1022
8850,1022
8851,0
8852,1022
8853,0
8854,1022
8855,1022
8856,0
8857,1021
8858,0
8859,1022
8860,1022
8861,0
8862,1022
8863,0
8864,1022
8865,1022
8866,0
8867,1022
8868,0
8869,1022
8870,1022
8871,0
8872,1022
8873,0
8874,1022
8875,1022
8876,0
8877,1022
8878,0
8879,1022
8880,1022
8881,0
8882,1022
8883,0
8884,1022
8885,1022
8886,0
8887,1022
8888,0
8889,1022
8890,1022
8891,0
8892,1022
8893,0
8894,1022
8895,1021
8896,0
8897,1022
8898,0
8899,1022
8900,1021
8901,0
8902,1022
8903,0
8904,1022
8905,1022
8906,0
8907,1022
8908,0
8909,1022
8910,1022
8911,0
8912,1021
8913,0
8914,1022
8915,1022
8916,0
8917,1022
8918,0
8919,1022
8920,1022
8921,0
8922,1022
8923,0
8924,1022
8925,1022
8926,0
8927,1022
8928,0
8929,1021
8930,1022
8931,0
8932,1022
8933,0
8934,1022
8935,1022
8936,0
8937,1022
8938,0
8939,1022
8940,1022
8941,0
8942,1022
8943,0
8944,1022
8945,1021
8946,0
8947,1022
8948,0
8949,1022
8950,1022
8951,0
8952,1022
8953,0
8954,1022
8955,0
8956,0
8957,1022
8958,0
8959,1022
8960,0
8961,0
8962,1022
8963,0
8964,1022
8965,0
8966,0
8967,1022
8968,0
8969,1021
8970,0
8971,0
8972,1022
8973,0
8974,1022
8975,0
8976,0
8977,1022
8978,0
8979,1022
8980,0
8981,0
8982,1022
8983,0
8984,1022
8985,0
8986,0
8987,1022
8988,0
8989,1022
8990,0
8991,0
8992,1022
8993,0
8994,1022
8995,0
8996,0
8997,1022
8998,0
8999,1022
9000,0
9001,0
9002,1022
9003,0
9004,1021
9005,0
9006,0
9007,1022
9008,0
9009,1021
9010,0
9011,0
9012,1022
9013,0
9014,1022
9015,0
9016,0
9017,1022
9018,0
9019,1022
9020,0
9021,0
9022,1022
9023,0
9024,1022
9025,0
9026,0
9027,1022
9028,0
9029,1022
9030,0
9031,0
9032,1021
9033,0
9034,1022
9035,0
9036,0
9037,1022
9038,0
9039,1022
9040,0
9041,0
9042,1022
9043,0
9044,1022
9045,0
9046,0
9047,1022
9048,0
9049,1022
9050,0
9051,0
9052,1022
9053,0
9054,1023
9055,0
9056,0
9057,1022
9058,0
9059,1022
9060,0
9061,0
9062,1022
9063,0
9064,1022
9065,0
9066,0
9067,1022
9068,0
9069,1022
9070,0
9071,0
9072,1022
9073,0
9074,1022
9075,0
9076,0
9077,1022
9078,0
9079,1022
9080,0
9081,0
9082,1022
9083,0
9084,1022
9085,0
9086,0
9087,1021
9088,0
9089,1022
9090,0
9091,0
9092,1022
9093,0
9094,1022
9095,0
9096,0
9097,1021
9098,0
9099,1022
9100,0
9101,0
9102,1022
9103,0
9104,1022
9105,0
9106,1022
9107,1022
9108,0
9109,1022
9110,0
9111,1021
9112,1022
9113,0
9114,1022
9115,0
9116,1022
9117,1022
9118,0
9119,1021
9120,0
9121,1022
9122,1021
9123,0
9124,1021
9125,0
9126,1021
9127,1022
9128,0
9129,1022
9130,0
9131,1022
9132,1021
9133,0
9134,1022
9135,0
9136,1022
9137,1022
9138,0
9139,1022
9140,0
9141,1022
9142,1022
9143,0
9144,1022
9145,0
9146,1021
9147,1022
9148,0
9149,1022
9150,0
9151,1022
9152,1022
9153,0
9154,1022
9155,0
9156,1022
9157,1022
9158,0
9159,1022
9160,0
9161,1022
9162,1022
9163,0
9164,1022
9165,0
9166,1022
9167,1022
9168,0
9169,1022
9170,0
9171,1022
9172,1022
9173,0
9174,1021
9175,0
9176,1022
9177,1022
9178,0
9179,1022
9180,0
9181,1022
9182,1022
9183,0
9184,1022
9185,0
9186,1022
9187,1022
9188,0
9189,1022
9190,0
9191,1022
9192,1022
9193,0
9194,1022
9195,0
9196,1022
9197,1022
9198,0
9199,1022
9200,0
9201,1022
9202,1022
9203,0
9204,1022
9205,0
9206,1022
9207,1022
9208,0
9209,1022
9210,0
9211,1022
9212,1023
9213,0
9214,1022
9215,0
9216,1022
9217,1022
9218,0
9219,1022
9220,0
9221,1022
9222,1022
9223,0
9224,1021
9225,0
9226,1022
9227,1022
9228,0
9229,1021
9230,0
9231,1022
9232,1022
9233,0
9234,1022
9235,0
9236,1022
9237,1022
9238,0
9239,1022
9240,0
9241,1022
9242,1022
9243,0
9244,1022
9245,0
9246,1022
9247,1022
9248,0
9249,1022
9250,0
9251,1022
9252,1022
9253,0
9254,1022
9255,0
9256,1022
9257,1022
9258,0
9259,1021
9260,0
9261,1022
9262,1022
9263,0
9264,1022
9265,0
9266,1022
9267,0
9268,0
9269,1022
9270,0
9271,1022
9272,0
9273,0
9274,1022
9275,0
9276,1021
9277,0
9278,0
9279,1022
9280,0
9281,1022
9282,0
9283,0
9284,1022
9285,0
9286,1022
9287,0
9288,0
9289,1023
9290,0
9291,1022
9292,0
9293,0
9294,1022
9295,0
9296,1022
9297,0
9298,0
9299,1021
9300,0
9301,1022
9302,0
9303,0
9304,1022
9305,0
9306,1022
9307,0
9308,0
9309,1022
9310,0
9311,1022
9312,0
9313,0
9314,1022
9315,0
9316,1021
9317,0
9318,0
9319,1022
9320,0
9321,1022
9322,0
9323,0
9324,1022
9325,0
9326,1022
9327,0
9328,0
9329,1022
9330,0
9331,1022
9332,0
9333,0
9334,1022
9335,0
9336,1022
9337,0
9338,0
9339,1022
9340,0
9341,1022
9342,0
9343,0
9344,1022
9345,0
9346,1022
9347,0
9348,0
9349,1021
9350,0
9351,1022
9352,0
9353,0
9354,1021
9355,0
9356,1022
9357,0
9358,0
9359,1022
9360,0
9361,1022
9362,0
9363,0
9364,1022
9365,0
9366,1022
9367,0
9368,0
9369,1022
9370,0
9371,1022
9372,0
9373,0
9374,1021
9375,0
9376,1022
9377,0
9378,0
9379,1022
9380,0
9381,1022
9382,0
9383,0
9384,1021
9385,0
9386,1022
9387,0
9388,0
9389,1022
9390,0
9391,1021
9392,0
9393,0
9394,1022
9395,0
9396,1022
9397,0
9398,0
9399,1022
9400,0
9401,1022
9402,0
9403,0
9404,1022
9405,0
9406,1022
9407,0
9408,0
9409,1021
9410,0
9411,1022
9412,0
9413,0
9414,1022
9415,0
9416,1022
9417,0
9418,1022
9419,1022
9420,0
9421,1022
9422,0
9423,1022
9424,1022
9425,0
9426,1022
9427,0
9428,1022
9429,1021
9430,0
9431,1022
9432,0
9433,1022
9434,1022
9435,0
9436,1022
9437,0
9438,1022
9439,1022
9440,0
9441,1022
9442,0
9443,1022
9444,1022
9445,0
9446,1022
9447,0
9448,1022
9449,1022
9450,0
9451,1022
9452,0
9453,1021
9454,1022
9455,0
9456,1022
9457,0
9458,1021
9459,1022
9460,0
9461,1022
9462,0
9463,1022
9464,1021
9465,0
9466,1022
9467,0
9468,1022
9469,1022
9470,0
9471,1022
9472,0
9473,1022
9474,1022
9475,0
9476,1022
9477,0
9478,1022
9479,1022
9480,0
9481,1022
9482,0
9483,1022
9484,1022
9485,0
9486,1022
9487,0
9488,1022
9489,1022
9490,0
9491,1022
9492,0
9493,1022
9494,1022
9495,0
9496,1022
9497,0
9498,1022
9499,1022
9500,0
9501,1022
9502,0
9503,1022
9504,1022
9505,0
9506,1021
9507,0
9508,1022
9509,1022
9510,0
9511,1021
9512,0
9513,1022
9514,1022
9515,0
9516,1022
9517,0
9518,1022
9519,1022
9520,0
9521,1022
9522,0
9523,1022
9524,1021
9525,0
9526,1021
9527,0
9528,1022
9529,1022
9530,0
9531,1022
9532,0
9533,1022
9534,1022
9535,0
9536,1022
9537,0
9538,1021
9539,1022
9540,0
9541,1021
9542,0
9543,1022
9544,1021
9545,0
9546,1022
9547,0
9548,1022
9549,1022
9550,0
9551,1022
9552,0
9553,1021
9554,1022
9555,0
9556,1022
9557,0
9558,1021
9559,1022
9560,0
9561,1022
9562,0
9563,1022
9564,1022
9565,0
9566,1022
9567,0
9568,1022
9569,1022
9570,0
9571,1022
9572,0
9573,1022
9574,1022
9575,0
9576,1022
9577,0
9578,1021
9579,0
9580,0
9581,1022
9582,0
9583,1022
9584,0
9585,0
9586,1022
9587,0
9588,1022
9589,0
9590,0
9591,1022
9592,0
9593,1022
9594,0
9595,0
9596,1022
9597,0
9598,1021
9599,0
9600,0
9601,1021
9602,0
9603,1022
9604,0
9605,0
9606,1022
9607,0
9608,1022
9609,0
9610,0
9611,1022
9612,0
9613,1022
9614,0
9615,0
9616,1022
9617,0
9618,1022
9619,0
9620,0
9621,1022
9622,0
9623,1022
9624,0
9625,0
9626,1022
9627,0
9628,1022
9629,0
9630,0
9631,1022
9632,0
9633,1022
9634,0
9635,0
9636,1022
9637,0
9638,1022
9639,0
9640,0
9641,1022
9642,0
9643,1022
9644,0
9645,0
9646,1022
9647,0
9648,1021
9649,0
9650,0
9651,1022
9652,0
9653,1021
9654,0
9655,0
9656,1021
9657,0
9658,1022
9659,0
9660,0
9661,1021
9662,0
9663,1022
9664,0
9665,0
9666,1021
9667,0
9668,1022
9669,0
9670,0
9671,1022
9672,0
9673,1021
9674,0
9675,0
9676,1021
9677,0
9678,1021
9679,0
9680,0
9681,1022
9682,0
9683,1022
9684,0
9685,0
9686,1021
9687,0
9688,1022
9689,0
9690,0
9691,1022
9692,0
9693,1022
9694,0
9695,0
9696,1022
9697,0
9698,1022
9699,0
9700,0
9701,1021
9702,0
9703,1022
9704,0
9705,0
9706,1022
9707,0
9708,1022
9709,0
9710,0
9711,1022
9712,0
9713,1022
9714,0
9715,0
9716,1022
9717,0
9718,1022
9719,0
9720,0
9721,1022
9722,0
9723,1022
9724,0
9725,0
9726,1022
9727,0
9728,1022
9729,0
9730,1021
9731,1022
9732,0
9733,1022
9734,0
9735,1021
9736,1022
9737,0
9738,1022
9739,0
9740,1022
9741,1022
9742,0
9743,1022
9744,0
9745,1022
9746,1022
9747,0
9748,1022
9749,0
9750,1021
9751,1022
9752,0
9753,1022
9754,0
9755,1022
9756,1022
9757,0
9758,1022
9759,0
9760,1022
9761,1022
9762,0
9763,1022
9764,0
9765,1022
9766,1021
9767,0
9768,1022
9769,0
9770,1022
9771,1022
9772,0
9773,1021
9774,0
9775,1022
9776,1022
9777,0
9778,1022
9779,0
9780,1022
9781,1022
9782,0
9783,1022
9784,0
9785,1022
9786,1022
9787,0
9788,1022
9789,0
9790,1022
9791,1022
9792,0
9793,1022
9794,0
9795,1022
9796,1022
9797,0
9798,1022
9799,0
9800,1022
9801,1021
9802,0
9803,1022
9804,0
9805,1022
9806,1022
9807,0
9808,1021
9809,0
9810,1022
9811,1022
9812,0
9813,1022
9814,0
9815,1022
9816,1022
9817,0
9818,1022
9819,0
9820,1022
9821,1022
9822,0
9823,1022
9824,0
9825,1022
9826,1022
9827,0
9828,1022
9829,0
9830,1022
9831,1022
9832,0
9833,1021
9834,0
9835,1022
9836,1022
9837,0
9838,1021
9839,0
9840,1022
9841,1022
9842,0
9843,1021
9844,0
9845,1022
9846,1022
9847,0
9848,1022
9849,0
9850,1022
9851,1022
9852,0
9853,1022
9854,0
9855,1022
9856,1021
9857,0
9858,1022
9859,0
9860,1022
9861,1022
9862,0
9863,1022
9864,0
9865,1022
9866,1022
9867,0
9868,1022
9869,0
9870,1022
9871,1021
9872,0
9873,1022
9874,0
9875,1021
9876,1022
9877,0
9878,1022
9879,0
9880,1022
9881,1022
9882,0
9883,1022
9884,0
9885,1022
9886,1021
9887,0
9888,1021
9889,0
9890,1022
9891,0
9892,0
9893,1022
9894,0
9895,1022
9896,0
9897,0
9898,1022
9899,0
9900,1022
9901,0
9902,0
9903,1022
9904,0
9905,1022
9906,0
9907,0
9908,1022
9909,0
9910,1022
9911,0
9912,0
9913,1022
9914,0
9915,1022
9916,0
9917,0
9918,1022
9919,0
9920,1022
9921,0
9922,0
9923,1022
9924,0
9925,1022
9926,0
9927,0
9928,1021
9929,0
9930,1022
9931,0
9932,0
9933,1022
9934,0
9935,1022
9936,0
9937,0
9938,1022
9939,0
9940,1022
9941,0
9942,0
9943,1022
9944,0
9945,1022
9946,0
9947,0
9948,1022
9949,0
9950,1022
9951,0
9952,0
9953,1021
9954,0
9955,1022
9956,0
9957,0
9958,1022
9959,0
9960,1022
9961,0
9962,0
9963,1021
9964,0
9965,1021
9966,0
9967,0
9968,1022
9969,0
9970,1022
9971,0
9972,0
9973,1022
9974,0
9975,1022
9976,0
9977,0
9978,1022
9979,0
9980,1022
9981,0
9982,0
9983,1022
9984,0
9985,1021
9986,0
9987,0
9988,1022
9989,0
9990,1022
9991,0
9992,0
9993,1022
9994,0
9995,1022
9996,0
9997,0
9998,1022
9999,0
10000,1022
