1,0
2,0
3,0
4,0
5,0
6,0
7,1022
8,1022
9,1021
10,1022
11,1022
12,1022
13,1022
14,1022
15,1022
16,1022
17,1022
18,0
19,0
20,0
21,0
22,0
23,0
24,0
25,0
26,0
27,0
28,0
29,0
30,1021
31,1022
32,1022
33,1022
34,1022
35,1022
36,1022
37,1022
38,1022
39,1021
40,1021
41,1022
42,0
43,0
44,0
45,0
46,0
47,0
48,0
49,0
50,0
51,0
52,0
53,1022
54,1022
55,1022
56,1022
57,1022
58,1022
59,1022
60,1022
61,1022
62,1022
63,1023
64,1022
65,0
66,0
67,0
68,0
69,0
70,0
71,0
72,0
73,0
74,0
75,0
76,1022
77,1022
78,1022
79,1022
80,1021
81,1022
82,1022
83,1022
84,1022
85,1022
86,1022
87,1022
88,0
89,0
90,0
91,0
92,0
93,0
94,0
95,0
96,0
97,0
98,0
99,1022
100,1021
101,1022
102,1022
103,1022
104,1022
105,1022
106,1022
107,1023
108,1022
109,1022
110,1022
111,0
112,0
113,0
114,0
115,0
116,0
117,0
118,0
119,0
120,0
121,0
122,0
123,1021
124,1022
125,1022
126,1022
127,1022
128,1021
129,1022
130,1022
131,1022
132,1022
133,1022
134,0
135,0
136,0
137,0
138,0
139,0
140,0
141,0
142,0
143,0
144,0
145,0
146,1022
147,1022
148,1022
149,1022
150,1021
151,1022
152,1022
153,1021
154,1022
155,1022
156,1022
157,0
158,0
159,0
160,0
161,0
162,0
163,0
164,0
165,0
166,0
167,0
168,0
169,1022
170,1022
171,1022
172,1022
173,1022
174,1022
175,1021
176,1022
177,1022
178,1022
179,1022
180,1022
181,0
182,0
183,0
184,0
185,0
186,0
187,0
188,0
189,0
190,0
191,0
192,1022
193,1022
194,1021
195,1022
196,1022
197,1022
198,1022
199,1022
200,1022
201,1022
202,1022
203,1022
204,0
205,0
206,0
207,0
208,0
209,0
210,0
211,0
212,0
213,0
214,0
215,1022
216,1022
217,1021
218,1022
219,1022
220,1022
221,1022
222,1022
223,1022
224,1022
225,1022
226,1022
227,0
228,0
229,0
230,0
231,0
232,0
233,0
234,0
235,0
236,0
237,0
238,1022
239,1022
240,1022
241,1022
242,1022
243,1021
244,1022
245,1022
246,1022
247,1022
248,1022
249,1022
250,0
251,0
252,0
253,0
254,0
255,0
256,0
257,0
258,0
259,0
260,0
261,0
262,1022
263,1022
264,1022
265,1022
266,1022
267,1022
268,1022
269,1022
270,1022
271,1022
272,1023
273,0
274,0
275,0
276,0
277,0
278,0
279,0
280,0
281,0
282,0
283,0
284,0
285,1022
286,1021
287,1022
288,1022
289,1022
290,1022
291,1022
292,1022
293,1021
294,1022
295,1022
296,0
297,0
298,0
299,0
300,0
301,0
302,0
303,0
304,0
305,0
306,0
307,0
308,1022
309,1022
310,1021
311,1021
312,1022
313,1022
314,1022
315,1021
316,1022
317,1022
318,1022
319,1022
320,0
321,0
322,0
323,0
324,0
325,0
326,0
327,0
328,0
329,0
330,0
331,1022
332,1022
333,1022
334,1022
335,1022
336,1022
337,1022
338,1022
339,1022
340,1022
341,1022
342,1022
343,0
344,0
345,0
346,0
347,0
348,0
349,0
350,0
351,0
352,0
353,0
354,1022
355,1022
356,1022
357,1022
358,1022
359,1022
360,1021
361,1022
362,1022
363,1022
364,1022
365,1022
366,0
367,0
368,0
369,0
370,0
371,0
372,0
373,0
374,0
375,0
376,0
377,0
378,1021
379,1022
380,1022
381,1022
382,1021
383,1023
384,1022
385,1022
386,1022
387,1022
388,1022
389,0
390,0
391,0
392,0
393,0
394,0
395,0
396,0
397,0
398,0
399,0
400,0
401,1022
402,1022
403,1022
404,1022
405,1021
406,1022
407,1022
408,1022
409,1022
410,1022
411,1022
412,0
413,0
414,0
415,0
416,0
417,0
418,0
419,0
420,0
421,0
422,0
423,0
424,1021
425,1022
426,1022
427,1022
428,1022
429,1022
430,1022
431,1022
432,1022
433,1022
434,1022
435,0
436,0
437,0
438,0
439,0
440,0
441,0
442,0
443,0
444,0
445,0
446,0
447,1022
448,1022
449,1022
450,1022
451,1022
452,1022
453,1022
454,1022
455,1022
456,1022
457,1022
458,1022
459,0
460,0
461,0
462,0
463,0
464,0
465,0
466,0
467,0
468,0
469,0
470,1022
471,1022
472,1022
473,1022
474,1022
475,1022
476,1021
477,1022
478,1021
479,1022
480,1022
481,1022
482,0
483,0
484,0
485,0
486,0
487,0
488,0
489,0
490,0
491,0
492,0
493,1023
494,1022
495,1022
496,1022
497,1022
498,1022
499,1022
500,1022
501,1022
502,1022
503,1022
504,1022
505,0
506,0
507,0
508,0
509,0
510,0
511,0
512,0
513,0
514,0
515,0
516,0
517,1022
518,1022
519,1022
520,1022
521,1022
522,1022
523,1022
524,1022
525,1022
526,1022
527,1022
528,0
529,0
530,0
531,0
532,0
533,0
534,0
535,0
536,0
537,0
538,0
539,0
540,1022
541,1022
542,1023
543,1022
544,1022
545,1021
546,1021
547,1022
548,1022
549,1021
550,1022
551,0
552,0
553,0
554,0
555,0
556,0
557,0
558,0
559,0
560,0
561,0
562,0
563,1022
564,1022
565,1022
566,1022
567,1022
568,1022
569,1022
570,1022
571,1022
572,1022
573,1022
574,0
575,0
576,0
577,0
578,0
579,0
580,0
581,0
582,0
583,0
584,0
585,0
586,1022
587,1022
588,1022
589,1022
590,1021
591,1022
592,1022
593,1022
594,1022
595,1022
596,1022
597,1021
598,0
599,0
600,0
601,0
602,0
603,0
604,0
605,0
606,0
607,0
608,0
609,1022
610,1022
611,1022
612,1022
613,1021
614,1022
615,1022
616,1022
617,1022
618,1022
619,1022
620,1022
621,0
622,0
623,0
624,0
625,0
626,0
627,0
628,0
629,0
630,0
631,0
632,1022
633,1022
634,1022
635,1021
636,1022
637,1022
638,1022
639,1022
640,1022
641,1022
642,1022
643,1022
644,0
645,0
646,0
647,0
648,0
649,0
650,0
651,0
652,0
653,0
654,0
655,0
656,1022
657,1022
658,1022
659,1022
660,1022
661,1022
662,1022
663,1022
664,1022
665,1022
666,1022
667,0
668,0
669,0
670,0
671,0
672,0
673,0
674,0
675,0
676,0
677,0
678,0
679,1022
680,1022
681,1022
682,1022
683,1022
684,1022
685,1022
686,1021
687,1022
688,1022
689,1022
690,0
691,0
692,0
693,0
694,0
695,0
696,0
697,0
698,0
699,0
700,0
701,0
702,1022
703,1022
704,1022
705,1022
706,1022
707,1022
708,1022
709,1021
710,1022
711,1022
712,1022
713,0
714,0
715,0
716,0
717,0
718,0
719,0
720,0
721,0
722,0
723,0
724,0
725,1021
726,1022
727,1022
728,1022
729,1022
730,1021
731,1021
732,1022
733,1022
734,1022
735,1021
736,1022
737,0
738,0
739,0
740,0
741,0
742,0
743,0
744,0
745,0
746,0
747,0
748,1022
749,1022
750,1022
751,1022
752,1022
753,1022
754,1022
755,1022
756,1022
757,1022
758,1022
759,1022
760,0
761,0
762,0
763,0
764,0
765,0
766,0
767,0
768,0
769,0
770,0
771,1022
772,1022
773,1022
774,1022
775,1022
776,1021
777,1022
778,1021
779,1021
780,1022
781,1022
782,1021
783,0
784,0
785,0
786,0
787,0
788,0
789,0
790,0
791,0
792,0
793,0
794,0
795,1022
796,1022
797,1022
798,1022
799,1022
800,1022
801,1022
802,1022
803,1022
804,1022
805,1022
806,0
807,0
808,0
809,0
810,0
811,0
812,0
813,0
814,0
815,0
816,0
817,0
818,1022
819,1022
820,1022
821,1022
822,1022
823,1022
824,1022
825,1022
826,1021
827,1022
828,1022
829,0
830,0
831,0
832,0
833,0
834,0
835,0
836,0
837,0
838,0
839,0
840,0
841,1022
842,1022
843,1022
844,1022
845,1022
846,1022
847,1022
848,1022
849,1022
850,1022
851,1022
852,0
853,0
854,0
855,0
856,0
857,0
858,0
859,0
860,0
861,0
862,0
863,0
864,1022
865,1022
866,1021
867,1022
868,1022
869,1022
870,1021
871,1022
872,1022
873,1022
874,1022
875,1022
876,0
877,0
878,0
879,0
880,0
881,0
882,0
883,0
884,0
885,0
886,0
887,1022
888,1022
889,1022
890,1022
891,1022
892,1022
893,1022
894,1022
895,1022
896,1022
897,1021
898,1022
899,0
900,0
901,0
902,0
903,0
904,0
905,0
906,0
907,0
908,0
909,0
910,1022
911,1022
912,1022
913,1022
914,1022
915,1022
916,1022
917,1022
918,1022
919,1022
920,1022
921,1022
922,0
923,0
924,0
925,0
926,0
927,0
928,0
929,0
930,0
931,0
932,0
933,0
934,1021
935,1022
936,1022
937,1021
938,1022
939,1022
940,1021
941,1022
942,1022
943,1022
944,1022
945,0
946,0
947,0
948,0
949,0
950,0
951,0
952,0
953,0
954,0
955,0
956,0
957,1022
958,1022
959,1021
960,1022
961,1022
962,1022
963,1022
964,1022
965,1022
966,1022
967,1022
968,0
969,0
970,0
971,0
972,0
973,0
974,0
975,0
976,0
977,0
978,0
979,0
980,1022
981,1022
982,1021
983,1022
984,1022
985,1022
986,1022
987,1022
988,1022
989,1022
990,1022
991,0
992,0
993,0
994,0
995,0
996,0
997,0
998,0
999,0
1000,0
1001,0
1002,0
1003,1022
1004,1022
1005,1022
1006,1022
1007,1022
1008,1022
1009,1022
1010,1022
1011,1021
1012,1022
1013,1021
1014,1022
1015,0
1016,0
1017,0
1018,0
1019,0
1020,0
1021,0
1022,0
1023,0
1024,0
1025,0
1026,1022
1027,1022
1028,1022
1029,1022
1030,1022
1031,1022
1032,1022
1033,1022
1034,1022
1035,1022
1036,1022
1037,1022
1038,0
1039,0
1040,0
1041,0
1042,0
1043,0
1044,0
1045,0
1046,0
1047,0
1048,0
1049,1022
1050,1022
1051,1022
1052,1022
1053,1022
1054,1022
1055,1022
1056,1022
1057,1022
1058,1022
1059,1022
1060,1022
1061,0
1062,0
1063,0
1064,0
1065,0
1066,0
1067,0
1068,0
1069,0
1070,0
1071,0
1072,0
1073,1022
1074,1022
1075,1022
1076,1022
1077,1022
1078,1022
1079,1021
1080,1022
1081,1022
1082,1022
1083,1021
1084,0
1085,0
1086,0
1087,0
1088,0
1089,0
1090,0
1091,0
1092,0
1093,0
1094,0
1095,0
1096,1022
1097,1022
1098,1022
1099,1022
1100,1022
1101,1021
1102,1022
1103,1022
1104,1022
1105,1022
1106,1022
1107,0
1108,0
1109,0
1110,0
1111,0
1112,0
1113,0
1114,0
1115,0
1116,0
1117,0
1118,0
1119,1022
1120,1022
1121,1022
1122,1022
1123,1022
1124,1022
1125,1022
1126,1022
1127,1022
1128,1022
1129,1022
1130,0
1131,0
1132,0
1133,0
1134,0
1135,0
1136,0
1137,0
1138,0
1139,0
1140,0
1141,0
1142,1022
1143,1022
1144,1022
1145,1022
1146,1022
1147,1022
1148,1022
1149,1022
1150,1022
1151,1022
1152,1022
1153,1022
1154,0
1155,0
1156,0
1157,0
1158,0
1159,0
1160,0
1161,0
1162,0
1163,0
1164,0
1165,1022
1166,1022
1167,1021
1168,1021
1169,1021
1170,1022
1171,1022
1172,1021
1173,1022
1174,1022
1175,1022
1176,1022
1177,0
1178,0
1179,0
1180,0
1181,0
1182,0
1183,0
1184,0
1185,0
1186,0
1187,0
1188,1022
1189,1022
1190,1022
1191,1022
1192,1022
1193,1022
1194,1022
1195,1022
1196,1022
1197,1022
1198,1021
1199,1022
1200,0
1201,0
1202,0
1203,0
1204,0
1205,0
1206,0
1207,0
1208,0
1209,0
1210,0
1211,0
1212,1022
1213,1022
1214,1022
1215,1022
1216,1022
1217,1022
1218,1022
1219,1022
1220,1022
1221,1022
1222,1022
1223,0
1224,0
1225,0
1226,0
1227,0
1228,0
1229,0
1230,0
1231,0
1232,0
1233,0
1234,0
1235,1022
1236,1022
1237,1022
1238,1022
1239,1021
1240,1022
1241,1022
1242,1022
1243,1022
1244,1021
1245,1021
1246,0
1247,0
1248,0
1249,0
1250,0
1251,0
1252,0
1253,0
1254,0
1255,0
1256,0
1257,0
1258,1022
1259,1022
1260,1022
1261,1022
1262,1022
1263,1022
1264,1022
1265,1022
1266,1022
1267,1022
1268,1022
1269,0
1270,0
1271,0
1272,0
1273,0
1274,0
1275,0
1276,0
1277,0
1278,0
1279,0
1280,0
1281,1022
1282,1022
1283,1022
1284,1022
1285,1021
1286,1022
1287,1021
1288,1022
1289,1022
1290,1022
1291,1022
1292,1022
1293,0
1294,0
1295,0
1296,0
1297,0
1298,0
1299,0
1300,0
1301,0
1302,0
1303,0
1304,1022
1305,1022
1306,1022
1307,1022
1308,1022
1309,1022
1310,1022
1311,1022
1312,1022
1313,1022
1314,1021
1315,1023
1316,0
1317,0
1318,0
1319,0
1320,0
1321,0
1322,0
1323,0
1324,0
1325,0
1326,0
1327,1022
1328,1022
1329,1022
1330,1022
1331,1022
1332,1021
1333,1022
1334,1022
1335,1022
1336,1022
1337,1022
1338,1022
1339,0
1340,0
1341,0
1342,0
1343,0
1344,0
1345,0
1346,0
1347,0
1348,0
1349,0
1350,0
1351,1022
1352,1022
1353,1022
1354,1022
1355,1022
1356,1022
1357,1022
1358,1022
1359,1022
1360,1022
1361,1022
1362,0
1363,0
1364,0
1365,0
1366,0
1367,0
1368,0
1369,0
1370,0
1371,0
1372,0
1373,0
1374,1022
1375,1022
1376,1022
1377,1022
1378,1022
1379,1022
1380,1022
1381,1022
1382,1022
1383,1022
1384,1022
1385,0
1386,0
1387,0
1388,0
1389,0
1390,0
1391,0
1392,0
1393,0
1394,0
1395,0
1396,0
1397,1021
1398,1023
1399,1022
1400,1022
1401,1021
1402,1021
1403,1022
1404,1022
1405,1022
1406,1022
1407,1021
1408,0
1409,0
1410,0
1411,0
1412,0
1413,0
1414,0
1415,0
1416,0
1417,0
1418,0
1419,0
1420,1022
1421,1022
1422,1021
1423,1022
1424,1022
1425,1022
1426,1022
1427,1022
1428,1022
1429,1022
1430,1022
1431,1022
1432,0
1433,0
1434,0
1435,0
1436,0
1437,0
1438,0
1439,0
1440,0
1441,0
1442,0
1443,1022
1444,1022
1445,1022
1446,1022
1447,1022
1448,1022
1449,1022
1450,1022
1451,1022
1452,1021
1453,1022
1454,1022
1455,0
1456,0
1457,0
1458,0
1459,0
1460,0
1461,0
1462,0
1463,0
1464,0
1465,0
1466,1022
1467,1022
1468,1022
1469,1022
1470,1022
1471,1022
1472,1022
1473,1022
1474,1022
1475,1022
1476,1021
1477,1023
1478,0
1479,0
1480,0
1481,0
1482,0
1483,0
1484,0
1485,0
1486,0
1487,0
1488,0
1489,0
1490,1021
1491,1022
1492,1021
1493,1022
1494,1022
1495,1022
1496,1022
1497,1021
1498,1022
1499,1021
1500,1021
1501,0
1502,0
1503,0
1504,0
1505,0
1506,0
1507,0
1508,0
1509,0
1510,0
1511,0
1512,0
1513,1022
1514,1022
1515,1022
1516,1022
1517,1022
1518,1022
1519,1022
1520,1022
1521,1022
1522,1022
1523,1022
1524,0
1525,0
1526,0
1527,0
1528,0
1529,0
1530,0
1531,0
1532,0
1533,0
1534,0
1535,0
1536,1022
1537,1022
1538,1021
1539,1022
1540,1022
1541,1022
1542,1022
1543,1022
1544,1022
1545,1021
1546,1022
1547,0
1548,0
1549,0
1550,0
1551,0
1552,0
1553,0
1554,0
1555,0
1556,0
1557,0
1558,0
1559,1022
1560,1022
1561,1021
1562,1022
1563,1022
1564,1022
1565,1022
1566,1022
1567,1022
1568,1022
1569,1022
1570,1022
1571,0
1572,0
1573,0
1574,0
1575,0
1576,0
1577,0
1578,0
1579,0
1580,0
1581,0
1582,1022
1583,1022
1584,1022
1585,1022
1586,1022
1587,1022
1588,1022
1589,1022
1590,1022
1591,1022
1592,1022
1593,1022
1594,0
1595,0
1596,0
1597,0
1598,0
1599,0
1600,0
1601,0
1602,0
1603,0
1604,0
1605,1022
1606,1022
1607,1022
1608,1022
1609,1022
1610,1022
1611,1022
1612,1022
1613,1022
1614,1022
1615,1022
1616,1021
1617,0
1618,0
1619,0
1620,0
1621,0
1622,0
1623,0
1624,0
1625,0
1626,0
1627,0
1628,0
1629,1022
1630,1022
1631,1022
1632,1022
1633,1022
1634,1022
1635,1022
1636,1023
1637,1022
1638,1022
1639,1022
1640,0
1641,0
1642,0
1643,0
1644,0
1645,0
1646,0
1647,0
1648,0
1649,0
1650,0
1651,0
1652,1022
1653,1022
1654,1022
1655,1022
1656,1022
1657,1022
1658,1022
1659,1022
1660,1021
1661,1022
1662,1022
1663,0
1664,0
1665,0
1666,0
1667,0
1668,0
1669,0
1670,0
1671,0
1672,0
1673,0
1674,0
1675,1022
1676,1022
1677,1022
1678,1022
1679,1022
1680,1022
1681,1022
1682,1022
1683,1022
1684,1022
1685,1022
1686,0
1687,0
1688,0
1689,0
1690,0
1691,0
1692,0
1693,0
1694,0
1695,0
1696,0
1697,0
1698,1022
1699,1022
1700,1022
1701,1022
1702,1022
1703,1021
1704,1021
1705,1021
1706,1021
1707,1022
1708,1022
1709,1022
1710,0
1711,0
1712,0
1713,0
1714,0
1715,0
1716,0
1717,0
1718,0
1719,0
1720,0
1721,1022
1722,1022
1723,1022
1724,1022
1725,1022
1726,1022
1727,1022
1728,1021
1729,1022
1730,1022
1731,1022
1732,1022
1733,0
1734,0
1735,0
1736,0
1737,0
1738,0
1739,0
1740,0
1741,0
1742,0
1743,0
1744,1022
1745,1022
1746,1022
1747,1022
1748,1022
1749,1022
1750,1022
1751,1023
1752,1022
1753,1022
1754,1022
1755,1022
1756,0
1757,0
1758,0
1759,0
1760,0
1761,0
1762,0
1763,0
1764,0
1765,0
1766,0
1767,0
1768,1022
1769,1022
1770,1021
1771,1022
1772,1021
1773,1022
1774,1022
1775,1022
1776,1021
1777,1021
1778,1021
1779,0
1780,0
1781,0
1782,0
1783,0
1784,0
1785,0
1786,0
1787,0
1788,0
1789,0
1790,0
1791,1022
1792,1022
1793,1021
1794,1022
1795,1022
1796,1022
1797,1022
1798,1022
1799,1022
1800,1023
1801,1022
1802,0
1803,0
1804,0
1805,0
1806,0
1807,0
1808,0
1809,0
1810,0
1811,0
1812,0
1813,0
1814,1022
1815,1022
1816,1022
1817,1022
1818,1022
1819,1022
1820,1022
1821,1022
1822,1022
1823,1022
1824,1022
1825,1022
1826,0
1827,0
1828,0
1829,0
1830,0
1831,0
1832,0
1833,0
1834,0
1835,0
1836,0
1837,1022
1838,1022
1839,1022
1840,1022
1841,1022
1842,1022
1843,1022
1844,1022
1845,1022
1846,1022
1847,1022
1848,1022
1849,0
1850,0
1851,0
1852,0
1853,0
1854,0
1855,0
1856,0
1857,0
1858,0
1859,0
1860,1021
1861,1022
1862,1022
1863,1022
1864,1022
1865,1022
1866,1022
1867,1022
1868,1022
1869,1022
1870,1022
1871,1022
1872,0
1873,0
1874,0
1875,0
1876,0
1877,0
1878,0
1879,0
1880,0
1881,0
1882,0
1883,1021
1884,1022
1885,1021
1886,1022
1887,1022
1888,1022
1889,1022
1890,1022
1891,1022
1892,1022
1893,1022
1894,1022
1895,0
1896,0
1897,0
1898,0
1899,0
1900,0
1901,0
1902,0
1903,0
1904,0
1905,0
1906,0
1907,1022
1908,1022
1909,1022
1910,1022
1911,1022
1912,1022
1913,1022
1914,1022
1915,1022
1916,1022
1917,1022
1918,0
1919,0
1920,0
1921,0
1922,0
1923,0
1924,0
1925,0
1926,0
1927,0
1928,0
1929,0
1930,1022
1931,1021
1932,1022
1933,1021
1934,1021
1935,1021
1936,1021
1937,1022
1938,1022
1939,1022
1940,1023
1941,0
1942,0
1943,0
1944,0
1945,0
1946,0
1947,0
1948,0
1949,0
1950,0
1951,0
1952,0
1953,1022
1954,1022
1955,1022
1956,1022
1957,1022
1958,1021
1959,1022
1960,1022
1961,1022
1962,1022
1963,1022
1964,1022
1965,0
1966,0
1967,0
1968,0
1969,0
1970,0
1971,0
1972,0
1973,0
1974,0
1975,0
1976,1022
1977,1022
1978,1022
1979,1022
1980,1022
1981,1022
1982,1022
1983,1022
1984,1022
1985,1022
1986,1022
1987,1022
1988,0
1989,0
1990,0
1991,0
1992,0
1993,0
1994,0
1995,0
1996,0
1997,0
1998,0
1999,1022
2000,1022
2001,1022
2002,1022
2003,1022
2004,1022
2005,1023
2006,1022
2007,1022
2008,1022
2009,1023
2010,1022
2011,0
2012,0
2013,0
2014,0
2015,0
2016,0
2017,0
2018,0
2019,0
2020,0
2021,0
2022,1022
2023,1022
2024,1022
2025,1022
2026,1022
2027,1022
2028,1022
2029,1022
2030,1022
2031,1022
2032,1022
2033,1022
2034,0
2035,0
2036,0
2037,0
2038,0
2039,0
2040,0
2041,0
2042,0
2043,0
2044,0
2045,0
2046,1022
2047,1022
2048,1022
2049,1021
2050,1022
2051,1022
2052,1022
2053,1022
2054,1022
2055,1022
2056,1022
2057,0
2058,0
2059,0
2060,0
2061,0
2062,0
2063,0
2064,0
2065,0
2066,0
2067,0
2068,0
2069,1022
2070,1022
2071,1022
2072,1022
2073,1022
2074,1022
2075,1022
2076,1022
2077,1022
2078,1022
2079,1022
2080,0
2081,0
2082,0
2083,0
2084,0
2085,0
2086,0
2087,0
2088,0
2089,0
2090,0
2091,0
2092,1022
2093,1022
2094,1022
2095,1022
2096,1022
2097,1022
2098,1022
2099,1022
2100,1022
2101,1022
2102,1022
2103,1022
2104,0
2105,0
2106,0
2107,0
2108,0
2109,0
2110,0
2111,0
2112,0
2113,0
2114,0
2115,1022
2116,1022
2117,1022
2118,1022
2119,1022
2120,1022
2121,1022
2122,1022
2123,1022
2124,1022
2125,1022
2126,1022
2127,0
2128,0
2129,0
2130,0
2131,0
2132,0
2133,0
2134,0
2135,0
2136,0
2137,0
2138,1021
2139,1022
2140,1022
2141,1022
2142,1022
2143,1022
2144,1022
2145,1022
2146,1022
2147,1022
2148,1022
2149,1021
2150,0
2151,0
2152,0
2153,0
2154,0
2155,0
2156,0
2157,0
2158,0
2159,0
2160,0
2161,1021
2162,1022
2163,1021
2164,1022
2165,1022
2166,1022
2167,1022
2168,1021
2169,1021
2170,1021
2171,1021
2172,1022
2173,0
2174,0
2175,0
2176,0
2177,0
2178,0
2179,0
2180,0
2181,0
2182,0
2183,0
2184,0
2185,1022
2186,1022
2187,1022
2188,1022
2189,1022
2190,1022
2191,1022
2192,1022
2193,1022
2194,1022
2195,1022
2196,0
2197,0
2198,0
2199,0
2200,0
2201,0
2202,0
2203,0
2204,0
2205,0
2206,0
2207,0
2208,1021
2209,1022
2210,1022
2211,1022
2212,1022
2213,1022
2214,1022
2215,1022
2216,1022
2217,1022
2218,1022
2219,0
2220,0
2221,0
2222,0
2223,0
2224,0
2225,0
2226,0
2227,0
2228,0
2229,0
2230,0
2231,1022
2232,1022
2233,1022
2234,1022
2235,1022
2236,1022
2237,1021
2238,1022
2239,1022
2240,1021
2241,1022
2242,1021
2243,0
2244,0
2245,0
2246,0
2247,0
2248,0
2249,0
2250,0
2251,0
2252,0
2253,0
2254,1022
2255,1022
2256,1022
2257,1022
2258,1022
2259,1022
2260,1022
2261,1022
2262,1022
2263,1022
2264,1022
2265,1022
2266,0
2267,0
2268,0
2269,0
2270,0
2271,0
2272,0
2273,0
2274,0
2275,0
2276,0
2277,1022
2278,1022
2279,1022
2280,1021
2281,1022
2282,1022
2283,1022
2284,1022
2285,1022
2286,1022
2287,1022
2288,1021
2289,0
2290,0
2291,0
2292,0
2293,0
2294,0
2295,0
2296,0
2297,0
2298,0
2299,0
2300,1021
2301,1022
2302,1022
2303,1022
2304,1022
2305,1022
2306,1022
2307,1023
2308,1022
2309,1022
2310,1023
2311,1022
2312,0
2313,0
2314,0
2315,0
2316,0
2317,0
2318,0
2319,0
2320,0
2321,0
2322,0
2323,0
2324,1022
2325,1022
2326,1022
2327,1022
2328,1022
2329,1022
2330,1022
2331,1022
2332,1022
2333,1022
2334,1022
2335,0
2336,0
2337,0
2338,0
2339,0
2340,0
2341,0
2342,0
2343,0
2344,0
2345,0
2346,0
2347,1022
2348,1022
2349,1021
2350,1022
2351,1022
2352,1022
2353,1022
2354,1022
2355,1022
2356,1022
2357,1022
2358,0
2359,0
2360,0
2361,0
2362,0
2363,0
2364,0
2365,0
2366,0
2367,0
2368,0
2369,0
2370,1022
2371,1022
2372,1022
2373,1022
2374,1022
2375,1022
2376,1022
2377,1022
2378,1022
2379,1022
2380,1022
2381,1022
2382,0
2383,0
2384,0
2385,0
2386,0
2387,0
2388,0
2389,0
2390,0
2391,0
2392,0
2393,1021
2394,1022
2395,1021
2396,1021
2397,1021
2398,1021
2399,1022
2400,1021
2401,1022
2402,1022
2403,1022
2404,1022
2405,0
2406,0
2407,0
2408,0
2409,0
2410,0
2411,0
2412,0
2413,0
2414,0
2415,0
2416,1022
2417,1022
2418,1022
2419,1022
2420,1022
2421,1022
2422,1022
2423,1021
2424,1022
2425,1022
2426,1022
2427,1023
2428,0
2429,0
2430,0
2431,0
2432,0
2433,0
2434,0
2435,0
2436,0
2437,0
2438,0
2439,1022
2440,1022
2441,1022
2442,1022
2443,1022
2444,1022
2445,1022
2446,1022
2447,1022
2448,1022
2449,1022
2450,1022
2451,0
2452,0
2453,0
2454,0
2455,0
2456,0
2457,0
2458,0
2459,0
2460,0
2461,0
2462,0
2463,1022
2464,1022
2465,1022
2466,1022
2467,1022
2468,1023
2469,1022
2470,1022
2471,1021
2472,1021
2473,1021
2474,0
2475,0
2476,0
2477,0
2478,0
2479,0
2480,0
2481,0
2482,0
2483,0
2484,0
2485,0
2486,1022
2487,1022
2488,1022
2489,1022
2490,1022
2491,1022
2492,1022
2493,1022
2494,1022
2495,1022
2496,1022
2497,0
2498,0
2499,0
2500,0
2501,0
2502,0
2503,0
2504,0
2505,0
2506,0
2507,0
2508,0
2509,1022
2510,1022
2511,1022
2512,1022
2513,1022
2514,1022
2515,1022
2516,1022
2517,1022
2518,1022
2519,1022
2520,1022
2521,0
2522,0
2523,0
2524,0
2525,0
2526,0
2527,0
2528,0
2529,0
2530,0
2531,0
2532,1022
2533,1022
2534,1022
2535,1022
2536,1022
2537,1022
2538,1022
2539,1022
2540,1022
2541,1022
2542,1023
2543,1022
2544,0
2545,0
2546,0
2547,0
2548,0
2549,0
2550,0
2551,0
2552,0
2553,0
2554,0
2555,1022
2556,1022
2557,1022
2558,1022
2559,1022
2560,1022
2561,1022
2562,1022
2563,1022
2564,1022
2565,1022
2566,1022
2567,0
2568,0
2569,0
2570,0
2571,0
2572,0
2573,0
2574,0
2575,0
2576,0
2577,0
2578,1022
2579,1022
2580,1022
2581,1022
2582,1022
2583,1022
2584,1022
2585,1022
2586,1022
2587,1022
2588,1022
2589,1022
2590,0
2591,0
2592,0
2593,0
2594,0
2595,0
2596,0
2597,0
2598,0
2599,0
2600,0
2601,0
2602,1022
2603,1022
2604,1022
2605,1022
2606,1022
2607,1022
2608,1022
2609,1022
2610,1022
2611,1022
2612,1022
2613,0
2614,0
2615,0
2616,0
2617,0
2618,0
2619,0
2620,0
2621,0
2622,0
2623,0
2624,0
2625,1022
2626,1022
2627,1022
2628,1022
2629,1022
2630,1022
2631,1022
2632,1022
2633,1022
2634,1022
2635,1022
2636,0
2637,0
2638,0
2639,0
2640,0
2641,0
2642,0
2643,0
2644,0
2645,0
2646,0
2647,0
2648,1022
2649,1022
2650,1022
2651,1022
2652,1022
2653,1022
2654,1022
2655,1022
2656,1022
2657,1022
2658,1022
2659,1022
2660,0
2661,0
2662,0
2663,0
2664,0
2665,0
2666,0
2667,0
2668,0
2669,0
2670,0
2671,1022
2672,1022
2673,1022
2674,1022
2675,1022
2676,1022
2677,1022
2678,1022
2679,1022
2680,1022
2681,1022
2682,1022
2683,0
2684,0
2685,0
2686,0
2687,0
2688,0
2689,0
2690,0
2691,0
2692,0
2693,0
2694,1022
2695,1022
2696,1022
2697,1022
2698,1022
2699,1022
2700,1022
2701,1022
2702,1022
2703,1022
2704,1022
2705,1022
2706,0
2707,0
2708,0
2709,0
2710,0
2711,0
2712,0
2713,0
2714,0
2715,0
2716,0
2717,1022
2718,1022
2719,1022
2720,1022
2721,1022
2722,1023
2723,1022
2724,1022
2725,1022
2726,1022
2727,1022
2728,1022
2729,0
2730,0
2731,0
2732,0
2733,0
2734,0
2735,0
2736,0
2737,0
2738,0
2739,0
2740,0
2741,1022
2742,1022
2743,1022
2744,1022
2745,1022
2746,1022
2747,1022
2748,1022
2749,1022
2750,1022
2751,1022
2752,0
2753,0
2754,0
2755,0
2756,0
2757,0
2758,0
2759,0
2760,0
2761,0
2762,0
2763,0
2764,1022
2765,1022
2766,1022
2767,1022
2768,1022
2769,1022
2770,1022
2771,1022
2772,1022
2773,1022
2774,1022
2775,0
2776,0
2777,0
2778,0
2779,0
2780,0
2781,0
2782,0
2783,0
2784,0
2785,0
2786,0
2787,1022
2788,1022
2789,1022
2790,1022
2791,1022
2792,1022
2793,1022
2794,1022
2795,1022
2796,1022
2797,1022
2798,1022
2799,0
2800,0
2801,0
2802,0
2803,0
2804,0
2805,0
2806,0
2807,0
2808,0
2809,0
2810,1021
2811,1022
2812,1022
2813,1022
2814,1022
2815,1022
2816,1022
2817,1022
2818,1022
2819,1022
2820,1022
2821,1022
2822,0
2823,0
2824,0
2825,0
2826,0
2827,0
2828,0
2829,0
2830,0
2831,0
2832,0
2833,1022
2834,1022
2835,1022
2836,1022
2837,1022
2838,1022
2839,1022
2840,1022
2841,1021
2842,1022
2843,1022
2844,1021
2845,0
2846,0
2847,0
2848,0
2849,0
2850,0
2851,0
2852,0
2853,0
2854,0
2855,0
2856,1022
2857,1022
2858,1021
2859,1022
2860,1022
2861,1022
2862,1022
2863,1022
2864,1022
2865,1022
2866,1022
2867,1022
2868,0
2869,0
2870,0
2871,0
2872,0
2873,0
2874,0
2875,0
2876,0
2877,0
2878,0
2879,0
2880,1022
2881,1022
2882,1022
2883,1022
2884,1022
2885,1022
2886,1022
2887,1022
2888,1022
2889,1022
2890,1022
2891,0
2892,0
2893,0
2894,0
2895,0
2896,0
2897,0
2898,0
2899,0
2900,0
2901,0
2902,0
2903,1022
2904,1022
2905,1022
2906,1022
2907,1022
2908,1022
2909,1022
2910,1022
2911,1022
2912,1022
2913,1022
2914,0
2915,0
2916,0
2917,0
2918,0
2919,0
2920,0
2921,0
2922,0
2923,0
2924,0
2925,0
2926,1022
2927,1021
2928,1021
2929,1021
2930,1021
2931,1021
2932,1022
2933,1021
2934,1022
2935,1022
2936,1022
2937,1022
2938,0
2939,0
2940,0
2941,0
2942,0
2943,0
2944,0
2945,0
2946,0
2947,0
2948,0
2949,1021
2950,1022
2951,1022
2952,1022
2953,1022
2954,1022
2955,1022
2956,1022
2957,1022
2958,1022
2959,1022
2960,1022
2961,0
2962,0
2963,0
2964,0
2965,0
2966,0
2967,0
2968,0
2969,0
2970,0
2971,0
2972,1022
2973,1022
2974,1022
2975,1022
2976,1023
2977,1022
2978,1022
2979,1022
2980,1021
2981,1022
2982,1022
2983,1022
2984,0
2985,0
2986,0
2987,0
2988,0
2989,0
2990,0
2991,0
2992,0
2993,0
2994,0
2995,1022
2996,1022
2997,1022
2998,1022
2999,1022
3000,1021
3001,1022
3002,1022
3003,1022
3004,1022
3005,1022
3006,1022
3007,0
3008,0
3009,0
3010,0
3011,0
3012,0
3013,0
3014,0
3015,0
3016,0
3017,0
3018,0
3019,1021
3020,1022
3021,1022
3022,1021
3023,1022
3024,1022
3025,1022
3026,1022
3027,1022
3028,1022
3029,1022
3030,0
3031,0
3032,0
3033,0
3034,0
3035,0
3036,0
3037,0
3038,0
3039,0
3040,0
3041,0
3042,1022
3043,1022
3044,1022
3045,1022
3046,1022
3047,1022
3048,1021
3049,1022
3050,1022
3051,1021
3052,1022
3053,0
3054,0
3055,0
3056,0
3057,0
3058,0
3059,0
3060,0
3061,0
3062,0
3063,0
3064,0
3065,1022
3066,1023
3067,1022
3068,1022
3069,1022
3070,1022
3071,1022
3072,1022
3073,1022
3074,1022
3075,1022
3076,1022
3077,0
3078,0
3079,0
3080,0
3081,0
3082,0
3083,0
3084,0
3085,0
3086,0
3087,0
3088,1022
3089,1022
3090,1022
3091,1022
3092,1021
3093,1022
3094,1021
3095,1022
3096,1022
3097,1022
3098,1022
3099,1022
3100,0
3101,0
3102,0
3103,0
3104,0
3105,0
3106,0
3107,0
3108,0
3109,0
3110,0
3111,1022
3112,1022
3113,1022
3114,1022
3115,1021
3116,1022
3117,1022
3118,1022
3119,1022
3120,1022
3121,1022
3122,1022
3123,0
3124,0
3125,0
3126,0
3127,0
3128,0
3129,0
3130,0
3131,0
3132,0
3133,0
3134,1022
3135,1022
3136,1022
3137,1022
3138,1022
3139,1022
3140,1021
3141,1022
3142,1022
3143,1022
3144,1023
3145,1022
3146,0
3147,0
3148,0
3149,0
3150,0
3151,0
3152,0
3153,0
3154,0
3155,0
3156,0
3157,0
3158,1022
3159,1022
3160,1022
3161,1022
3162,1022
3163,1022
3164,1022
3165,1022
3166,1021
3167,1022
3168,1021
3169,0
3170,0
3171,0
3172,0
3173,0
3174,0
3175,0
3176,0
3177,0
3178,0
3179,0
3180,0
3181,1022
3182,1022
3183,1022
3184,1022
3185,1022
3186,1022
3187,1022
3188,1022
3189,1022
3190,1022
3191,1022
3192,0
3193,0
3194,0
3195,0
3196,0
3197,0
3198,0
3199,0
3200,0
3201,0
3202,0
3203,0
3204,1022
3205,1022
3206,1022
3207,1022
3208,1022
3209,1022
3210,1022
3211,1021
3212,1022
3213,1022
3214,1022
3215,1022
3216,0
3217,0
3218,0
3219,0
3220,0
3221,0
3222,0
3223,0
3224,0
3225,0
3226,0
3227,1021
3228,1021
3229,1021
3230,1022
3231,1022
3232,1022
3233,1022
3234,1022
3235,1022
3236,1022
3237,1022
3238,1022
3239,0
3240,0
3241,0
3242,0
3243,0
3244,0
3245,0
3246,0
3247,0
3248,0
3249,0
3250,1022
3251,1022
3252,1021
3253,1022
3254,1022
3255,1022
3256,1022
3257,1022
3258,1021
3259,1022
3260,1022
3261,1022
3262,0
3263,0
3264,0
3265,0
3266,0
3267,0
3268,0
3269,0
3270,0
3271,0
3272,0
3273,1021
3274,1022
3275,1022
3276,1022
3277,1022
3278,1022
3279,1022
3280,1022
3281,1022
3282,1022
3283,1022
3284,1022
3285,0
3286,0
3287,0
3288,0
3289,0
3290,0
3291,0
3292,0
3293,0
3294,0
3295,0
3296,0
3297,1022
3298,1022
3299,1022
3300,1022
3301,1022
3302,1022
3303,1022
3304,1022
3305,1022
3306,1021
3307,1021
3308,0
3309,0
3310,0
3311,0
3312,0
3313,0
3314,0
3315,0
3316,0
3317,0
3318,0
3319,0
3320,1022
3321,1022
3322,1021
3323,1022
3324,1022
3325,1021
3326,1022
3327,1021
3328,1021
3329,1022
3330,1021
3331,0
3332,0
3333,0
3334,0
3335,0
3336,0
3337,0
3338,0
3339,0
3340,0
3341,0
3342,0
3343,1022
3344,1022
3345,1021
3346,1022
3347,1022
3348,1022
3349,1022
3350,1022
3351,1022
3352,1022
3353,1022
3354,1022
3355,0
3356,0
3357,0
3358,0
3359,0
3360,0
3361,0
3362,0
3363,0
3364,0
3365,0
3366,1022
3367,1022
3368,1022
3369,1023
3370,1022
3371,1022
3372,1022
3373,1022
3374,1022
3375,1022
3376,1022
3377,1022
3378,0
3379,0
3380,0
3381,0
3382,0
3383,0
3384,0
3385,0
3386,0
3387,0
3388,0
3389,1022
3390,1022
3391,1022
3392,1021
3393,1022
3394,1022
3395,1021
3396,1022
3397,1021
3398,1022
3399,1022
3400,1022
3401,0
3402,0
3403,0
3404,0
3405,0
3406,0
3407,0
3408,0
3409,0
3410,0
3411,0
3412,0
3413,1022
3414,1022
3415,1022
3416,1022
3417,1021
3418,1022
3419,1022
3420,1022
3421,1021
3422,1022
3423,1022
3424,0
3425,0
3426,0
3427,0
3428,0
3429,0
3430,0
3431,0
3432,0
3433,0
3434,0
3435,0
3436,1022
3437,1022
3438,1022
3439,1022
3440,1022
3441,1022
3442,1022
3443,1022
3444,1022
3445,1022
3446,1022
3447,0
3448,0
3449,0
3450,0
3451,0
3452,0
3453,0
3454,0
3455,0
3456,0
3457,0
3458,0
3459,1022
3460,1022
3461,1022
3462,1022
3463,1023
3464,1022
3465,1023
3466,1022
3467,1022
3468,1021
3469,1022
3470,0
3471,0
3472,0
3473,0
3474,0
3475,0
3476,0
3477,0
3478,0
3479,0
3480,0
3481,0
3482,1022
3483,1022
3484,1023
3485,1022
3486,1022
3487,1022
3488,1022
3489,1022
3490,1022
3491,1022
3492,1022
3493,1022
3494,0
3495,0
3496,0
3497,0
3498,0
3499,0
3500,0
3501,0
3502,0
3503,0
3504,0
3505,1022
3506,1022
3507,1022
3508,1021
3509,1022
3510,1022
3511,1022
3512,1022
3513,1022
3514,1022
3515,1022
3516,1022
3517,0
3518,0
3519,0
3520,0
3521,0
3522,0
3523,0
3524,0
3525,0
3526,0
3527,0
3528,1022
3529,1022
3530,1022
3531,1022
3532,1022
3533,1022
3534,1022
3535,1022
3536,1022
3537,1022
3538,1022
3539,1022
3540,0
3541,0
3542,0
3543,0
3544,0
3545,0
3546,0
3547,0
3548,0
3549,0
3550,0
3551,0
3552,1021
3553,1022
3554,1022
3555,1022
3556,1022
3557,1022
3558,1022
3559,1022
3560,1022
3561,1022
3562,1022
3563,0
3564,0
3565,0
3566,0
3567,0
3568,0
3569,0
3570,0
3571,0
3572,0
3573,0
3574,0
3575,1022
3576,1022
3577,1022
3578,1022
3579,1022
3580,1022
3581,1022
3582,1022
3583,1022
3584,1022
3585,1022
3586,0
3587,0
3588,0
3589,0
3590,0
3591,0
3592,0
3593,0
3594,0
3595,0
3596,0
3597,0
3598,1022
3599,1022
3600,1022
3601,1022
3602,1023
3603,1022
3604,1022
3605,1022
3606,1022
3607,1022
3608,1022
3609,0
3610,0
3611,0
3612,0
3613,0
3614,0
3615,0
3616,0
3617,0
3618,0
3619,0
3620,0
3621,1022
3622,1022
3623,1022
3624,1022
3625,1021
3626,1021
3627,1022
3628,1022
3629,1022
3630,1022
3631,1022
3632,1022
3633,0
3634,0
3635,0
3636,0
3637,0
3638,0
3639,0
3640,0
3641,0
3642,0
3643,0
3644,1022
3645,1022
3646,1022
3647,1022
3648,1022
3649,1022
3650,1022
3651,1022
3652,1023
3653,1022
3654,1022
3655,1022
3656,0
3657,0
3658,0
3659,0
3660,0
3661,0
3662,0
3663,0
3664,0
3665,0
3666,0
3667,1022
3668,1022
3669,1022
3670,1022
3671,1022
3672,1022
3673,1022
3674,1022
3675,1022
3676,1022
3677,1022
3678,1022
3679,0
3680,0
3681,0
3682,0
3683,0
3684,0
3685,0
3686,0
3687,0
3688,0
3689,0
3690,0
3691,1022
3692,1022
3693,1022
3694,1022
3695,1022
3696,1022
3697,1022
3698,1022
3699,1022
3700,1022
3701,1021
3702,0
3703,0
3704,0
3705,0
3706,0
3707,0
3708,0
3709,0
3710,0
3711,0
3712,0
3713,0
3714,1022
3715,1022
3716,1022
3717,1022
3718,1022
3719,1022
3720,1022
3721,1022
3722,1022
3723,1022
3724,1022
3725,0
3726,0
3727,0
3728,0
3729,0
3730,0
3731,0
3732,0
3733,0
3734,0
3735,0
3736,0
3737,1022
3738,1022
3739,1022
3740,1022
3741,1022
3742,1022
3743,1022
3744,1022
3745,1022
3746,1022
3747,1022
3748,0
3749,0
3750,0
3751,0
3752,0
3753,0
3754,0
3755,0
3756,0
3757,0
3758,0
3759,0
3760,1022
3761,1022
3762,1022
3763,1022
3764,1022
3765,1022
3766,1022
3767,1022
3768,1022
3769,1022
3770,1022
3771,1021
3772,0
3773,0
3774,0
3775,0
3776,0
3777,0
3778,0
3779,0
3780,0
3781,0
3782,0
3783,1021
3784,1022
3785,1022
3786,1022
3787,1023
3788,1022
3789,1022
3790,1022
3791,1022
3792,1022
3793,1022
3794,1022
3795,0
3796,0
3797,0
3798,0
3799,0
3800,0
3801,0
3802,0
3803,0
3804,0
3805,0
3806,1023
3807,1021
3808,1022
3809,1022
3810,1022
3811,1022
3812,1021
3813,1022
3814,1022
3815,1022
3816,1022
3817,1022
3818,0
3819,0
3820,0
3821,0
3822,0
3823,0
3824,0
3825,0
3826,0
3827,0
3828,0
3829,0
3830,1022
3831,1022
3832,1022
3833,1022
3834,1022
3835,1022
3836,1022
3837,1022
3838,1022
3839,1022
3840,1022
3841,0
3842,0
3843,0
3844,0
3845,0
3846,0
3847,0
3848,0
3849,0
3850,0
3851,0
3852,0
3853,1022
3854,1021
3855,1022
3856,1021
3857,1022
3858,1021
3859,1022
3860,1021
3861,1022
3862,1022
3863,1022
3864,0
3865,0
3866,0
3867,0
3868,0
3869,0
3870,0
3871,0
3872,0
3873,0
3874,0
3875,0
3876,1022
3877,1022
3878,1022
3879,1022
3880,1022
3881,1022
3882,1022
3883,1022
3884,1022
3885,1022
3886,1022
3887,0
3888,0
3889,0
3890,0
3891,0
3892,0
3893,0
3894,0
3895,0
3896,0
3897,0
3898,0
3899,1022
3900,1022
3901,1022
3902,1022
3903,1022
3904,1022
3905,1022
3906,1022
3907,1022
3908,1022
3909,1022
3910,1022
3911,0
3912,0
3913,0
3914,0
3915,0
3916,0
3917,0
3918,0
3919,0
3920,0
3921,0
3922,1022
3923,1022
3924,1022
3925,1022
3926,1022
3927,1022
3928,1022
3929,1022
3930,1022
3931,1021
3932,1021
3933,1022
3934,0
3935,0
3936,0
3937,0
3938,0
3939,0
3940,0
3941,0
3942,0
3943,0
3944,0
3945,1022
3946,1022
3947,1023
3948,1022
3949,1022
3950,1022
3951,1022
3952,1022
3953,1022
3954,1022
3955,1022
3956,1022
3957,0
3958,0
3959,0
3960,0
3961,0
3962,0
3963,0
3964,0
3965,0
3966,0
3967,0
3968,0
3969,1021
3970,1023
3971,1022
3972,1022
3973,1021
3974,1022
3975,1022
3976,1021
3977,1021
3978,1022
3979,1022
3980,0
3981,0
3982,0
3983,0
3984,0
3985,0
3986,0
3987,0
3988,0
3989,0
3990,0
3991,0
3992,1022
3993,1022
3994,1022
3995,1021
3996,1022
3997,1022
3998,1022
3999,1022
4000,1022
4001,1022
4002,1022
4003,0
4004,0
4005,0
4006,0
4007,0
4008,0
4009,0
4010,0
4011,0
4012,0
4013,0
4014,0
4015,1022
4016,1022
4017,1022
4018,1022
4019,1022
4020,1022
4021,1022
4022,1022
4023,1022
4024,1022
4025,1022
4026,0
4027,0
4028,0
4029,0
4030,0
4031,0
4032,0
4033,0
4034,0
4035,0
4036,0
4037,0
4038,1022
4039,1022
4040,1022
4041,1022
4042,1022
4043,1022
4044,1022
4045,1022
4046,1021
4047,1022
4048,1022
4049,1022
4050,0
4051,0
4052,0
4053,0
4054,0
4055,0
4056,0
4057,0
4058,0
4059,0
4060,0
4061,1022
4062,1021
4063,1022
4064,1022
4065,1022
4066,1022
4067,1022
4068,1022
4069,1022
4070,1022
4071,1022
4072,1022
4073,0
4074,0
4075,0
4076,0
4077,0
4078,0
4079,0
4080,0
4081,0
4082,0
4083,0
4084,1021
4085,1021
4086,1022
4087,1021
4088,1022
4089,1021
4090,1022
4091,1022
4092,1022
4093,1022
4094,1021
4095,1022
4096,0
4097,0
4098,0
4099,0
4100,0
4101,0
4102,0
4103,0
4104,0
4105,0
4106,0
4107,0
4108,1021
4109,1022
4110,1021
4111,1022
4112,1022
4113,1022
4114,1022
4115,1023
4116,1022
4117,1022
4118,1022
4119,0
4120,0
4121,0
4122,0
4123,0
4124,0
4125,0
4126,0
4127,0
4128,0
4129,0
4130,0
4131,1022
4132,1022
4133,1022
4134,1022
4135,1022
4136,1022
4137,1022
4138,1022
4139,1022
4140,1022
4141,1022
4142,0
4143,0
4144,0
4145,0
4146,0
4147,0
4148,0
4149,0
4150,0
4151,0
4152,0
4153,0
4154,1022
4155,1022
4156,1022
4157,1022
4158,1022
4159,1022
4160,1021
4161,1022
4162,1021
4163,1021
4164,1021
4165,0
4166,0
4167,0
4168,0
4169,0
4170,0
4171,0
4172,0
4173,0
4174,0
4175,0
4176,0
4177,1022
4178,1022
4179,1022
4180,1022
4181,1021
4182,1022
4183,1022
4184,1022
4185,1022
4186,1022
4187,1022
4188,1022
4189,0
4190,0
4191,0
4192,0
4193,0
4194,0
4195,0
4196,0
4197,0
4198,0
4199,0
4200,1022
4201,1022
4202,1022
4203,1022
4204,1022
4205,1022
4206,1022
4207,1022
4208,1022
4209,1022
4210,1021
4211,1022
4212,0
4213,0
4214,0
4215,0
4216,0
4217,0
4218,0
4219,0
4220,0
4221,0
4222,0
4223,1022
4224,1022
4225,1022
4226,1021
4227,1022
4228,1022
4229,1022
4230,1022
4231,1022
4232,1023
4233,1022
4234,1022
4235,0
4236,0
4237,0
4238,0
4239,0
4240,0
4241,0
4242,0
4243,0
4244,0
4245,0
4246,0
4247,1022
4248,1022
4249,1022
4250,1022
4251,1022
4252,1022
4253,1022
4254,1022
4255,1022
4256,1022
4257,1022
4258,0
4259,0
4260,0
4261,0
4262,0
4263,0
4264,0
4265,0
4266,0
4267,0
4268,0
4269,0
4270,1021
4271,1022
4272,1022
4273,1022
4274,1022
4275,1022
4276,1022
4277,1022
4278,1022
4279,1022
4280,1022
4281,0
4282,0
4283,0
4284,0
4285,0
4286,0
4287,0
4288,0
4289,0
4290,0
4291,0
4292,0
4293,1022
4294,1022
4295,1022
4296,1022
4297,1022
4298,1022
4299,1022
4300,1022
4301,1022
4302,1022
4303,1022
4304,0
4305,0
4306,0
4307,0
4308,0
4309,0
4310,0
4311,0
4312,0
4313,0
4314,0
4315,0
4316,1022
4317,1022
4318,1022
4319,1022
4320,1022
4321,1022
4322,1022
4323,1022
4324,1021
4325,1022
4326,1021
4327,1022
4328,0
4329,0
4330,0
4331,0
4332,0
4333,0
4334,0
4335,0
4336,0
4337,0
4338,0
4339,1022
4340,1022
4341,1022
4342,1022
4343,1022
4344,1022
4345,1022
4346,1022
4347,1022
4348,1022
4349,1022
4350,1022
4351,0
4352,0
4353,0
4354,0
4355,0
4356,0
4357,0
4358,0
4359,0
4360,0
4361,0
4362,1022
4363,1022
4364,1022
4365,1022
4366,1022
4367,1022
4368,1022
4369,1022
4370,1022
4371,1022
4372,1022
4373,1022
4374,0
4375,0
4376,0
4377,0
4378,0
4379,0
4380,0
4381,0
4382,0
4383,0
4384,0
4385,0
4386,1022
4387,1022
4388,1022
4389,1022
4390,1022
4391,1022
4392,1022
4393,1022
4394,1022
4395,1022
4396,1022
4397,0
4398,0
4399,0
4400,0
4401,0
4402,0
4403,0
4404,0
4405,0
4406,0
4407,0
4408,0
4409,1022
4410,1022
4411,1022
4412,1022
4413,1022
4414,1022
4415,1022
4416,1022
4417,1022
4418,1022
4419,1022
4420,0
4421,0
4422,0
4423,0
4424,0
4425,0
4426,0
4427,0
4428,0
4429,0
4430,0
4431,0
4432,1022
4433,1022
4434,1022
4435,1022
4436,1022
4437,1021
4438,1022
4439,1022
4440,1022
4441,1022
4442,1022
4443,0
4444,0
4445,0
4446,0
4447,0
4448,0
4449,0
4450,0
4451,0
4452,0
4453,0
4454,0
4455,1021
4456,1022
4457,1022
4458,1022
4459,1022
4460,1022
4461,1022
4462,1022
4463,1022
4464,1022
4465,1022
4466,1022
4467,0
4468,0
4469,0
4470,0
4471,0
4472,0
4473,0
4474,0
4475,0
4476,0
4477,0
4478,1022
4479,1022
4480,1022
4481,1022
4482,1022
4483,1022
4484,1022
4485,1022
4486,1022
4487,1022
4488,1022
4489,1022
4490,0
4491,0
4492,0
4493,0
4494,0
4495,0
4496,0
4497,0
4498,0
4499,0
4500,0
4501,1022
4502,1022
4503,1022
4504,1022
4505,1022
4506,1022
4507,1022
4508,1022
4509,1022
4510,1022
4511,1022
4512,1022
4513,0
4514,0
4515,0
4516,0
4517,0
4518,0
4519,0
4520,0
4521,0
4522,0
4523,0
4524,0
4525,1022
4526,1022
4527,1022
4528,1022
4529,1022
4530,1022
4531,1022
4532,1022
4533,1022
4534,1022
4535,1022
4536,0
4537,0
4538,0
4539,0
4540,0
4541,0
4542,0
4543,0
4544,0
4545,0
4546,0
4547,0
4548,1022
4549,1021
4550,1021
4551,1022
4552,1022
4553,1022
4554,1022
4555,1022
4556,1022
4557,1022
4558,1022
4559,0
4560,0
4561,0
4562,0
4563,0
4564,0
4565,0
4566,0
4567,0
4568,0
4569,0
4570,0
4571,1022
4572,1022
4573,1022
4574,1022
4575,1022
4576,1022
4577,1022
4578,1022
4579,1022
4580,1022
4581,1022
4582,0
4583,0
4584,0
4585,0
4586,0
4587,0
4588,0
4589,0
4590,0
4591,0
4592,0
4593,0
4594,1022
4595,1022
4596,1022
4597,1022
4598,1022
4599,1021
4600,1022
4601,1022
4602,1022
4603,1022
4604,1022
4605,1022
4606,0
4607,0
4608,0
4609,0
4610,0
4611,0
4612,0
4613,0
4614,0
4615,0
4616,0
4617,1022
4618,1022
4619,1022
4620,1022
4621,1021
4622,1022
4623,1022
4624,1021
4625,1021
4626,1022
4627,1021
4628,1022
4629,0
4630,0
4631,0
4632,0
4633,0
4634,0
4635,0
4636,0
4637,0
4638,0
4639,0
4640,1022
4641,1022
4642,1022
4643,1022
4644,1022
4645,1022
4646,1022
4647,1022
4648,1022
4649,1022
4650,1022
4651,1021
4652,0
4653,0
4654,0
4655,0
4656,0
4657,0
4658,0
4659,0
4660,0
4661,0
4662,0
4663,0
4664,1021
4665,1022
4666,1021
4667,1022
4668,1022
4669,1022
4670,1022
4671,1023
4672,1022
4673,1022
4674,1021
4675,0
4676,0
4677,0
4678,0
4679,0
4680,0
4681,0
4682,0
4683,0
4684,0
4685,0
4686,0
4687,1022
4688,1022
4689,1022
4690,1022
4691,1022
4692,1022
4693,1022
4694,1022
4695,1022
4696,1022
4697,1022
4698,0
4699,0
4700,0
4701,0
4702,0
4703,0
4704,0
4705,0
4706,0
4707,0
4708,0
4709,0
4710,1022
4711,1022
4712,1022
4713,1022
4714,1022
4715,1022
4716,1022
4717,1022
4718,1022
4719,1022
4720,1022
4721,1022
4722,0
4723,0
4724,0
4725,0
4726,0
4727,0
4728,0
4729,0
4730,0
4731,0
4732,0
4733,1022
4734,1022
4735,1022
4736,1022
4737,1021
4738,1022
4739,1022
4740,1022
4741,1022
4742,1022
4743,1022
4744,1022
4745,0
4746,0
4747,0
4748,0
4749,0
4750,0
4751,0
4752,0
4753,0
4754,0
4755,0
4756,1022
4757,1022
4758,1022
4759,1022
4760,1022
4761,1022
4762,1022
4763,1022
4764,1022
4765,1022
4766,1022
4767,1022
4768,0
4769,0
4770,0
4771,0
4772,0
4773,0
4774,0
4775,0
4776,0
4777,0
4778,0
4779,1022
4780,1021
4781,1022
4782,1021
4783,1021
4784,1021
4785,1022
4786,1023
4787,1022
4788,1022
4789,1022
4790,1022
4791,0
4792,0
4793,0
4794,0
4795,0
4796,0
4797,0
4798,0
4799,0
4800,0
4801,0
4802,0
4803,1021
4804,1021
4805,1022
4806,1021
4807,1022
4808,1022
4809,1022
4810,1021
4811,1022
4812,1022
4813,1022
4814,0
4815,0
4816,0
4817,0
4818,0
4819,0
4820,0
4821,0
4822,0
4823,0
4824,0
4825,0
4826,1022
4827,1022
4828,1022
4829,1021
4830,1022
4831,1021
4832,1022
4833,1022
4834,1022
4835,1022
4836,1022
4837,0
4838,0
4839,0
4840,0
4841,0
4842,0
4843,0
4844,0
4845,0
4846,0
4847,0
4848,0
4849,1022
4850,1022
4851,1022
4852,1021
4853,1022
4854,1021
4855,1021
4856,1021
4857,1021
4858,1021
4859,1021
4860,1021
4861,0
4862,0
4863,0
4864,0
4865,0
4866,0
4867,0
4868,0
4869,0
4870,0
4871,0
4872,1023
4873,1021
4874,1022
4875,1022
4876,1022
4877,1023
4878,1022
4879,1022
4880,1022
4881,1022
4882,1022
4883,1022
4884,0
4885,0
4886,0
4887,0
4888,0
4889,0
4890,0
4891,0
4892,0
4893,0
4894,0
4895,1022
4896,1022
4897,1022
4898,1022
4899,1021
4900,1022
4901,1022
4902,1022
4903,1022
4904,1022
4905,1022
4906,1022
4907,0
4908,0
4909,0
4910,0
4911,0
4912,0
4913,0
4914,0
4915,0
4916,0
4917,0
4918,1021
4919,1022
4920,1022
4921,1022
4922,1022
4923,1022
4924,1022
4925,1022
4926,1022
4927,1022
4928,1022
4929,1022
4930,0
4931,0
4932,0
4933,0
4934,0
4935,0
4936,0
4937,0
4938,0
4939,0
4940,0
4941,0
4942,1022
4943,1021
4944,1022
4945,1022
4946,1022
4947,1021
4948,1022
4949,1022
4950,1022
4951,1022
4952,1022
4953,0
4954,0
4955,0
4956,0
4957,0
4958,0
4959,0
4960,0
4961,0
4962,0
4963,0
4964,0
4965,1022
4966,1022
4967,1022
4968,1022
4969,1022
4970,1022
4971,1022
4972,1022
4973,1022
4974,1022
4975,1022
4976,0
4977,0
4978,0
4979,0
4980,0
4981,0
4982,0
4983,0
4984,0
4985,0
4986,0
4987,0
4988,1022
4989,1022
4990,1022
4991,1022
4992,1021
4993,1022
4994,1022
4995,1022
4996,1022
4997,1022
4998,1022
4999,1022
5000,0
5001,0
5002,0
5003,0
5004,0
5005,0
5006,0
5007,0
5008,0
5009,0
5010,0
5011,1022
5012,1022
5013,1022
5014,1022
5015,1022
5016,1022
5017,1021
5018,1022
5019,1022
5020,1022
5021,1022
5022,1022
5023,0
5024,0
5025,0
5026,0
5027,0
5028,0
5029,0
5030,0
5031,0
5032,0
5033,0
5034,1022
5035,1022
5036,1022
5037,1022
5038,1022
5039,1022
5040,1022
5041,1022
5042,1022
5043,1022
5044,1022
5045,1022
5046,0
5047,0
5048,0
5049,0
5050,0
5051,0
5052,0
5053,0
5054,0
5055,0
5056,0
5057,1022
5058,1022
5059,1022
5060,1022
5061,1022
5062,1022
5063,1022
5064,1022
5065,1022
5066,1022
5067,1022
5068,1022
5069,0
5070,0
5071,0
5072,0
5073,0
5074,0
5075,0
5076,0
5077,0
5078,0
5079,0
5080,0
5081,1022
5082,1022
5083,1022
5084,1022
5085,1022
5086,1022
5087,1021
5088,1021
5089,1022
5090,1021
5091,1022
5092,0
5093,0
5094,0
5095,0
5096,0
5097,0
5098,0
5099,0
5100,0
5101,0
5102,0
5103,0
5104,1022
5105,1022
5106,1022
5107,1022
5108,1022
5109,1022
5110,1022
5111,1022
5112,1022
5113,1022
5114,1022
5115,0
5116,0
5117,0
5118,0
5119,0
5120,0
5121,0
5122,0
5123,0
5124,0
5125,0
5126,0
5127,1022
5128,1022
5129,1022
5130,1022
5131,1023
5132,1022
5133,1022
5134,1022
5135,1022
5136,1022
5137,1022
5138,1022
5139,0
5140,0
5141,0
5142,0
5143,0
5144,0
5145,0
5146,0
5147,0
5148,0
5149,0
5150,1022
5151,1022
5152,1021
5153,1022
5154,1022
5155,1023
5156,1022
5157,1022
5158,1023
5159,1022
5160,1022
5161,1022
5162,0
5163,0
5164,0
5165,0
5166,0
5167,0
5168,0
5169,0
5170,0
5171,0
5172,0
5173,1022
5174,1022
5175,1022
5176,1022
5177,1022
5178,1022
5179,1022
5180,1022
5181,1022
5182,1022
5183,1022
5184,1022
5185,0
5186,0
5187,0
5188,0
5189,0
5190,0
5191,0
5192,0
5193,0
5194,0
5195,0
5196,1022
5197,1022
5198,1022
5199,1022
5200,1022
5201,1022
5202,1022
5203,1022
5204,1022
5205,1022
5206,1022
5207,1022
5208,0
5209,0
5210,0
5211,0
5212,0
5213,0
5214,0
5215,0
5216,0
5217,0
5218,0
5219,0
5220,1022
5221,1022
5222,1022
5223,1022
5224,1022
5225,1022
5226,1022
5227,1022
5228,1022
5229,1022
5230,1022
5231,0
5232,0
5233,0
5234,0
5235,0
5236,0
5237,0
5238,0
5239,0
5240,0
5241,0
5242,0
5243,1021
5244,1022
5245,1021
5246,1022
5247,1022
5248,1022
5249,1022
5250,1022
5251,1022
5252,1022
5253,1022
5254,0
5255,0
5256,0
5257,0
5258,0
5259,0
5260,0
5261,0
5262,0
5263,0
5264,0
5265,0
5266,1022
5267,1022
5268,1022
5269,1022
5270,1022
5271,1022
5272,1022
5273,1022
5274,1022
5275,1022
5276,1021
5277,1022
5278,0
5279,0
5280,0
5281,0
5282,0
5283,0
5284,0
5285,0
5286,0
5287,0
5288,0
5289,1022
5290,1022
5291,1022
5292,1022
5293,1022
5294,1022
5295,1022
5296,1023
5297,1022
5298,1022
5299,1022
5300,1022
5301,0
5302,0
5303,0
5304,0
5305,0
5306,0
5307,0
5308,0
5309,0
5310,0
5311,0
5312,1022
5313,1022
5314,1022
5315,1021
5316,1021
5317,1022
5318,1022
5319,1022
5320,1021
5321,1023
5322,1022
5323,1022
5324,0
5325,0
5326,0
5327,0
5328,0
5329,0
5330,0
5331,0
5332,0
5333,0
5334,0
5335,1022
5336,1022
5337,1022
5338,1022
5339,1021
5340,1021
5341,1021
5342,1021
5343,1022
5344,1021
5345,1022
5346,1021
5347,0
5348,0
5349,0
5350,0
5351,0
5352,0
5353,0
5354,0
5355,0
5356,0
5357,0
5358,0
5359,1022
5360,1022
5361,1022
5362,1022
5363,1022
5364,1022
5365,1022
5366,1022
5367,1022
5368,1022
5369,1022
5370,0
5371,0
5372,0
5373,0
5374,0
5375,0
5376,0
5377,0
5378,0
5379,0
5380,0
5381,0
5382,1022
5383,1022
5384,1022
5385,1022
5386,1023
5387,1022
5388,1022
5389,1022
5390,1022
5391,1022
5392,1021
5393,0
5394,0
5395,0
5396,0
5397,0
5398,0
5399,0
5400,0
5401,0
5402,0
5403,0
5404,0
5405,1022
5406,1022
5407,1022
5408,1022
5409,1022
5410,1022
5411,1022
5412,1022
5413,1022
5414,1022
5415,1022
5416,1022
5417,0
5418,0
5419,0
5420,0
5421,0
5422,0
5423,0
5424,0
5425,0
5426,0
5427,0
5428,1022
5429,1022
5430,1022
5431,1022
5432,1022
5433,1022
5434,1022
5435,1022
5436,1022
5437,1022
5438,1022
5439,1022
5440,0
5441,0
5442,0
5443,0
5444,0
5445,0
5446,0
5447,0
5448,0
5449,0
5450,0
5451,1022
5452,1022
5453,1022
5454,1022
5455,1022
5456,1022
5457,1022
5458,1022
5459,1022
5460,1022
5461,1022
5462,1022
5463,0
5464,0
5465,0
5466,0
5467,0
5468,0
5469,0
5470,0
5471,0
5472,0
5473,0
5474,1021
5475,1022
5476,1022
5477,1022
5478,1022
5479,1022
5480,1022
5481,1022
5482,1022
5483,1022
5484,1022
5485,1022
5486,0
5487,0
5488,0
5489,0
5490,0
5491,0
5492,0
5493,0
5494,0
5495,0
5496,0
5497,0
5498,1022
5499,1022
5500,1022
5501,1022
5502,1022
5503,1022
5504,1021
5505,1022
5506,1022
5507,1022
5508,1022
5509,0
5510,0
5511,0
5512,0
5513,0
5514,0
5515,0
5516,0
5517,0
5518,0
5519,0
5520,0
5521,1022
5522,1022
5523,1022
5524,1022
5525,1022
5526,1022
5527,1022
5528,1022
5529,1022
5530,1022
5531,1022
5532,0
5533,0
5534,0
5535,0
5536,0
5537,0
5538,0
5539,0
5540,0
5541,0
5542,0
5543,0
5544,1022
5545,1021
5546,1021
5547,1022
5548,1021
5549,1021
5550,1021
5551,1022
5552,1022
5553,1022
5554,1022
5555,1023
5556,0
5557,0
5558,0
5559,0
5560,0
5561,0
5562,0
5563,0
5564,0
5565,0
5566,0
5567,1022
5568,1021
5569,1021
5570,1021
5571,1022
5572,1022
5573,1021
5574,1022
5575,1022
5576,1022
5577,1022
5578,1022
5579,0
5580,0
5581,0
5582,0
5583,0
5584,0
5585,0
5586,0
5587,0
5588,0
5589,0
5590,1022
5591,1022
5592,1022
5593,1022
5594,1022
5595,1022
5596,1021
5597,1022
5598,1022
5599,1022
5600,1022
5601,1022
5602,0
5603,0
5604,0
5605,0
5606,0
5607,0
5608,0
5609,0
5610,0
5611,0
5612,0
5613,1022
5614,1022
5615,1022
5616,1022
5617,1022
5618,1022
5619,1022
5620,1022
5621,1022
5622,1022
5623,1022
5624,1022
5625,0
5626,0
5627,0
5628,0
5629,0
5630,0
5631,0
5632,0
5633,0
5634,0
5635,0
5636,0
5637,1022
5638,1022
5639,1022
5640,1022
5641,1022
5642,1022
5643,1022
5644,1022
5645,1022
5646,1022
5647,1021
5648,0
5649,0
5650,0
5651,0
5652,0
5653,0
5654,0
5655,0
5656,0
5657,0
5658,0
5659,0
5660,1022
5661,1022
5662,1022
5663,1022
5664,1022
5665,1022
5666,1022
5667,1021
5668,1021
5669,1022
5670,1022
5671,0
5672,0
5673,0
5674,0
5675,0
5676,0
5677,0
5678,0
5679,0
5680,0
5681,0
5682,0
5683,1022
5684,1022
5685,1022
5686,1022
5687,1022
5688,1022
5689,1022
5690,1022
5691,1022
5692,1022
5693,1022
5694,1022
5695,0
5696,0
5697,0
5698,0
5699,0
5700,0
5701,0
5702,0
5703,0
5704,0
5705,0
5706,1022
5707,1022
5708,1022
5709,1022
5710,1022
5711,1022
5712,1022
5713,1022
5714,1022
5715,1022
5716,1022
5717,1022
5718,0
5719,0
5720,0
5721,0
5722,0
5723,0
5724,0
5725,0
5726,0
5727,0
5728,0
5729,1022
5730,1022
5731,1022
5732,1022
5733,1022
5734,1022
5735,1022
5736,1022
5737,1022
5738,1022
5739,1022
5740,1022
5741,0
5742,0
5743,0
5744,0
5745,0
5746,0
5747,0
5748,0
5749,0
5750,0
5751,0
5752,1022
5753,1022
5754,1022
5755,1022
5756,1022
5757,1022
5758,1022
5759,1022
5760,1022
5761,1022
5762,1022
5763,1022
5764,0
5765,0
5766,0
5767,0
5768,0
5769,0
5770,0
5771,0
5772,0
5773,0
5774,0
5775,0
5776,1022
5777,1022
5778,1021
5779,1022
5780,1023
5781,1022
5782,1022
5783,1022
5784,1022
5785,1022
5786,1022
5787,0
5788,0
5789,0
5790,0
5791,0
5792,0
5793,0
5794,0
5795,0
5796,0
5797,0
5798,0
5799,1022
5800,1022
5801,1022
5802,1022
5803,1022
5804,1022
5805,1022
5806,1022
5807,1022
5808,1022
5809,1022
5810,0
5811,0
5812,0
5813,0
5814,0
5815,0
5816,0
5817,0
5818,0
5819,0
5820,0
5821,0
5822,1022
5823,1022
5824,1022
5825,1022
5826,1022
5827,1022
5828,1022
5829,1022
5830,1022
5831,1022
5832,1022
5833,1022
5834,0
5835,0
5836,0
5837,0
5838,0
5839,0
5840,0
5841,0
5842,0
5843,0
5844,0
5845,1021
5846,1022
5847,1021
5848,1022
5849,1022
5850,1022
5851,1021
5852,1021
5853,1022
5854,1022
5855,1022
5856,1022
5857,0
5858,0
5859,0
5860,0
5861,0
5862,0
5863,0
5864,0
5865,0
5866,0
5867,0
5868,1022
5869,1022
5870,1022
5871,1022
5872,1022
5873,1022
5874,1022
5875,1022
5876,1022
5877,1022
5878,1022
5879,1022
5880,0
5881,0
5882,0
5883,0
5884,0
5885,0
5886,0
5887,0
5888,0
5889,0
5890,0
5891,1022
5892,1022
5893,1022
5894,1022
5895,1022
5896,1022
5897,1022
5898,1022
5899,1022
5900,1022
5901,1022
5902,1022
5903,0
5904,0
5905,0
5906,0
5907,0
5908,0
5909,0
5910,0
5911,0
5912,0
5913,0
5914,0
5915,1022
5916,1021
5917,1021
5918,1022
5919,1022
5920,1021
5921,1022
5922,1022
5923,1022
5924,1021
5925,1022
5926,0
5927,0
5928,0
5929,0
5930,0
5931,0
5932,0
5933,0
5934,0
5935,0
5936,0
5937,0
5938,1021
5939,1022
5940,1022
5941,1022
5942,1021
5943,1022
5944,1021
5945,1022
5946,1022
5947,1022
5948,1022
5949,0
5950,0
5951,0
5952,0
5953,0
5954,0
5955,0
5956,0
5957,0
5958,0
5959,0
5960,0
5961,1022
5962,1022
5963,1022
5964,1022
5965,1022
5966,1022
5967,1022
5968,1022
5969,1021
5970,1022
5971,1021
5972,1022
5973,0
5974,0
5975,0
5976,0
5977,0
5978,0
5979,0
5980,0
5981,0
5982,0
5983,0
5984,1022
5985,1022
5986,1022
5987,1022
5988,1022
5989,1022
5990,1022
5991,1022
5992,1022
5993,1022
5994,1021
5995,1022
5996,0
5997,0
5998,0
5999,0
6000,0
6001,0
6002,0
6003,0
6004,0
6005,0
6006,0
6007,1021
6008,1022
6009,1022
6010,1022
6011,1022
6012,1022
6013,1022
6014,1022
6015,1022
6016,1022
6017,1021
6018,1022
6019,0
6020,0
6021,0
6022,0
6023,0
6024,0
6025,0
6026,0
6027,0
6028,0
6029,0
6030,1022
6031,1022
6032,1022
6033,1022
6034,1022
6035,1022
6036,1022
6037,1022
6038,1022
6039,1022
6040,1022
6041,1022
6042,0
6043,0
6044,0
6045,0
6046,0
6047,0
6048,0
6049,0
6050,0
6051,0
6052,0
6053,0
6054,1021
6055,1022
6056,1022
6057,1022
6058,1022
6059,1022
6060,1022
6061,1022
6062,1022
6063,1022
6064,1022
6065,0
6066,0
6067,0
6068,0
6069,0
6070,0
6071,0
6072,0
6073,0
6074,0
6075,0
6076,0
6077,1022
6078,1022
6079,1022
6080,1022
6081,1022
6082,1022
6083,1023
6084,1022
6085,1022
6086,1022
6087,1022
6088,0
6089,0
6090,0
6091,0
6092,0
6093,0
6094,0
6095,0
6096,0
6097,0
6098,0
6099,0
6100,1022
6101,1022
6102,1022
6103,1022
6104,1022
6105,1022
6106,1022
6107,1022
6108,1022
6109,1022
6110,1022
6111,1022
6112,0
6113,0
6114,0
6115,0
6116,0
6117,0
6118,0
6119,0
6120,0
6121,0
6122,0
6123,1022
6124,1022
6125,1022
6126,1022
6127,1022
6128,1022
6129,1022
6130,1022
6131,1022
6132,1022
6133,1022
6134,1022
6135,0
6136,0
6137,0
6138,0
6139,0
6140,0
6141,0
6142,0
6143,0
6144,0
6145,0
6146,1022
6147,1021
6148,1022
6149,1021
6150,1021
6151,1021
6152,1021
6153,1021
6154,1022
6155,1021
6156,1022
6157,1022
6158,0
6159,0
6160,0
6161,0
6162,0
6163,0
6164,0
6165,0
6166,0
6167,0
6168,0
6169,1021
6170,1022
6171,1022
6172,1022
6173,1021
6174,1021
6175,1021
6176,1022
6177,1022
6178,1022
6179,1022
6180,1021
6181,0
6182,0
6183,0
6184,0
6185,0
6186,0
6187,0
6188,0
6189,0
6190,0
6191,0
6192,0
6193,1022
6194,1022
6195,1022
6196,1021
6197,1022
6198,1022
6199,1022
6200,1021
6201,1022
6202,1022
6203,1022
6204,0
6205,0
6206,0
6207,0
6208,0
6209,0
6210,0
6211,0
6212,0
6213,0
6214,0
6215,0
6216,1023
6217,1022
6218,1022
6219,1022
6220,1022
6221,1022
6222,1022
6223,1021
6224,1021
6225,1021
6226,1022
6227,0
6228,0
6229,0
6230,0
6231,0
6232,0
6233,0
6234,0
6235,0
6236,0
6237,0
6238,0
6239,1022
6240,1022
6241,1022
6242,1022
6243,1022
6244,1022
6245,1022
6246,1022
6247,1022
6248,1022
6249,1022
6250,1022
6251,0
6252,0
6253,0
6254,0
6255,0
6256,0
6257,0
6258,0
6259,0
6260,0
6261,0
6262,1022
6263,1022
6264,1022
6265,1022
6266,1021
6267,1022
6268,1022
6269,1021
6270,1021
6271,1022
6272,1021
6273,1022
6274,0
6275,0
6276,0
6277,0
6278,0
6279,0
6280,0
6281,0
6282,0
6283,0
6284,0
6285,1022
6286,1022
6287,1022
6288,1022
6289,1022
6290,1022
6291,1022
6292,1022
6293,1022
6294,1022
6295,1022
6296,1022
6297,0
6298,0
6299,0
6300,0
6301,0
6302,0
6303,0
6304,0
6305,0
6306,0
6307,0
6308,0
6309,1022
6310,1022
6311,1022
6312,1022
6313,1022
6314,1022
6315,1022
6316,1022
6317,1022
6318,1022
6319,1022
6320,0
6321,0
6322,0
6323,0
6324,0
6325,0
6326,0
6327,0
6328,0
6329,0
6330,0
6331,0
6332,1022
6333,1021
6334,1022
6335,1022
6336,1022
6337,1022
6338,1022
6339,1022
6340,1022
6341,1022
6342,1022
6343,0
6344,0
6345,0
6346,0
6347,0
6348,0
6349,0
6350,0
6351,0
6352,0
6353,0
6354,0
6355,1022
6356,1022
6357,1022
6358,1022
6359,1022
6360,1022
6361,1022
6362,1022
6363,1022
6364,1022
6365,1022
6366,0
6367,0
6368,0
6369,0
6370,0
6371,0
6372,0
6373,0
6374,0
6375,0
6376,0
6377,0
6378,1022
6379,1022
6380,1021
6381,1022
6382,1022
6383,1022
6384,1022
6385,1023
6386,1023
6387,1021
6388,1022
6389,1022
6390,0
6391,0
6392,0
6393,0
6394,0
6395,0
6396,0
6397,0
6398,0
6399,0
6400,0
6401,1022
6402,1022
6403,1022
6404,1022
6405,1022
6406,1022
6407,1022
6408,1022
6409,1022
6410,1022
6411,1022
6412,1022
6413,0
6414,0
6415,0
6416,0
6417,0
6418,0
6419,0
6420,0
6421,0
6422,0
6423,0
6424,1022
6425,1022
6426,1022
6427,1022
6428,1022
6429,1022
6430,1022
6431,1022
6432,1022
6433,1022
6434,1022
6435,1022
6436,0
6437,0
6438,0
6439,0
6440,0
6441,0
6442,0
6443,0
6444,0
6445,0
6446,0
6447,0
6448,1022
6449,1022
6450,1022
6451,1022
6452,1022
6453,1022
6454,1022
6455,1022
6456,1022
6457,1022
6458,1023
6459,0
6460,0
6461,0
6462,0
6463,0
6464,0
6465,0
6466,0
6467,0
6468,0
6469,0
6470,0
6471,1022
6472,1021
6473,1021
6474,1021
6475,1022
6476,1022
6477,1022
6478,1022
6479,1021
6480,1022
6481,1022
6482,0
6483,0
6484,0
6485,0
6486,0
6487,0
6488,0
6489,0
6490,0
6491,0
6492,0
6493,0
6494,1022
6495,1022
6496,1022
6497,1022
6498,1022
6499,1022
6500,1022
6501,1022
6502,1021
6503,1022
6504,1022
6505,0
6506,0
6507,0
6508,0
6509,0
6510,0
6511,0
6512,0
6513,0
6514,0
6515,0
6516,0
6517,1022
6518,1022
6519,1022
6520,1022
6521,1022
6522,1022
6523,1022
6524,1022
6525,1022
6526,1021
6527,1022
6528,1022
6529,0
6530,0
6531,0
6532,0
6533,0
6534,0
6535,0
6536,0
6537,0
6538,0
6539,0
6540,1023
6541,1022
6542,1022
6543,1022
6544,1022
6545,1022
6546,1021
6547,1021
6548,1021
6549,1023
6550,1022
6551,1022
6552,0
6553,0
6554,0
6555,0
6556,0
6557,0
6558,0
6559,0
6560,0
6561,0
6562,0
6563,1022
6564,1022
6565,1021
6566,1022
6567,1022
6568,1022
6569,1022
6570,1022
6571,1022
6572,1022
6573,1021
6574,1022
6575,0
6576,0
6577,0
6578,0
6579,0
6580,0
6581,0
6582,0
6583,0
6584,0
6585,0
6586,0
6587,1022
6588,1022
6589,1022
6590,1022
6591,1022
6592,1022
6593,1022
6594,1022
6595,1022
6596,1022
6597,1022
6598,0
6599,0
6600,0
6601,0
6602,0
6603,0
6604,0
6605,0
6606,0
6607,0
6608,0
6609,0
6610,1022
6611,1022
6612,1022
6613,1022
6614,1022
6615,1022
6616,1022
6617,1022
6618,1022
6619,1022
6620,1022
6621,0
6622,0
6623,0
6624,0
6625,0
6626,0
6627,0
6628,0
6629,0
6630,0
6631,0
6632,0
6633,1022
6634,1022
6635,1022
6636,1022
6637,1022
6638,1022
6639,1022
6640,1022
6641,1022
6642,1022
6643,1022
6644,0
6645,0
6646,0
6647,0
6648,0
6649,0
6650,0
6651,0
6652,0
6653,0
6654,0
6655,0
6656,1022
6657,1022
6658,1022
6659,1022
6660,1022
6661,1022
6662,1022
6663,1022
6664,1022
6665,1022
6666,1022
6667,1021
6668,0
6669,0
6670,0
6671,0
6672,0
6673,0
6674,0
6675,0
6676,0
6677,0
6678,0
6679,1022
6680,1022
6681,1022
6682,1022
6683,1022
6684,1022
6685,1022
6686,1022
6687,1022
6688,1022
6689,1022
6690,1022
6691,0
6692,0
6693,0
6694,0
6695,0
6696,0
6697,0
6698,0
6699,0
6700,0
6701,0
6702,1021
6703,1022
6704,1021
6705,1022
6706,1022
6707,1021
6708,1022
6709,1022
6710,1022
6711,1021
6712,1022
6713,1022
6714,0
6715,0
6716,0
6717,0
6718,0
6719,0
6720,0
6721,0
6722,0
6723,0
6724,0
6725,0
6726,1021
6727,1021
6728,1021
6729,1022
6730,1022
6731,1021
6732,1022
6733,1022
6734,1022
6735,1022
6736,1022
6737,0
6738,0
6739,0
6740,0
6741,0
6742,0
6743,0
6744,0
6745,0
6746,0
6747,0
6748,0
6749,1022
6750,1022
6751,1022
6752,1022
6753,1022
6754,1022
6755,1022
6756,1022
6757,1022
6758,1022
6759,1022
6760,0
6761,0
6762,0
6763,0
6764,0
6765,0
6766,0
6767,0
6768,0
6769,0
6770,0
6771,0
6772,1022
6773,1022
6774,1021
6775,1021
6776,1022
6777,1021
6778,1022
6779,1022
6780,1021
6781,1021
6782,1022
6783,0
6784,0
6785,0
6786,0
6787,0
6788,0
6789,0
6790,0
6791,0
6792,0
6793,0
6794,0
6795,1021
6796,1022
6797,1022
6798,1022
6799,1022
6800,1022
6801,1022
6802,1022
6803,1021
6804,1022
6805,1022
6806,1022
6807,0
6808,0
6809,0
6810,0
6811,0
6812,0
6813,0
6814,0
6815,0
6816,0
6817,0
6818,1022
6819,1022
6820,1022
6821,1022
6822,1022
6823,1022
6824,1022
6825,1022
6826,1022
6827,1021
6828,1021
6829,1022
6830,0
6831,0
6832,0
6833,0
6834,0
6835,0
6836,0
6837,0
6838,0
6839,0
6840,0
6841,1022
6842,1022
6843,1022
6844,1022
6845,1022
6846,1022
6847,1022
6848,1021
6849,1022
6850,1022
6851,1021
6852,1022
6853,0
6854,0
6855,0
6856,0
6857,0
6858,0
6859,0
6860,0
6861,0
6862,0
6863,0
6864,0
6865,1022
6866,1022
6867,1022
6868,1022
6869,1021
6870,1022
6871,1022
6872,1022
6873,1022
6874,1022
6875,1021
6876,0
6877,0
6878,0
6879,0
6880,0
6881,0
6882,0
6883,0
6884,0
6885,0
6886,0
6887,0
6888,1022
6889,1022
6890,1022
6891,1022
6892,1022
6893,1022
6894,1022
6895,1022
6896,1022
6897,1022
6898,1022
6899,0
6900,0
6901,0
6902,0
6903,0
6904,0
6905,0
6906,0
6907,0
6908,0
6909,0
6910,0
6911,1022
6912,1022
6913,1022
6914,1022
6915,1022
6916,1022
6917,1022
6918,1022
6919,1022
6920,1022
6921,1022
6922,0
6923,0
6924,0
6925,0
6926,0
6927,0
6928,0
6929,0
6930,0
6931,0
6932,0
6933,0
6934,1022
6935,1022
6936,1022
6937,1022
6938,1021
6939,1022
6940,1022
6941,1021
6942,1022
6943,1022
6944,1022
6945,1022
6946,0
6947,0
6948,0
6949,0
6950,0
6951,0
6952,0
6953,0
6954,0
6955,0
6956,0
6957,1022
6958,1021
6959,1022
6960,1021
6961,1022
6962,1021
6963,1021
6964,1022
6965,1021
6966,1022
6967,1022
6968,1022
6969,0
6970,0
6971,0
6972,0
6973,0
6974,0
6975,0
6976,0
6977,0
6978,0
6979,0
6980,1022
6981,1022
6982,1022
6983,1022
6984,1022
6985,1022
6986,1022
6987,1022
6988,1022
6989,1022
6990,1022
6991,1022
6992,0
6993,0
6994,0
6995,0
6996,0
6997,0
6998,0
6999,0
7000,0
7001,0
7002,0
7003,0
7004,1022
7005,1022
7006,1022
7007,1021
7008,1022
7009,1021
7010,1022
7011,1021
7012,1022
7013,1022
7014,1022
7015,0
7016,0
7017,0
7018,0
7019,0
7020,0
7021,0
7022,0
7023,0
7024,0
7025,0
7026,0
7027,1022
7028,1022
7029,1022
7030,1022
7031,1022
7032,1022
7033,1022
7034,1022
7035,1022
7036,1022
7037,1022
7038,0
7039,0
7040,0
7041,0
7042,0
7043,0
7044,0
7045,0
7046,0
7047,0
7048,0
7049,0
7050,1022
7051,1022
7052,1022
7053,1022
7054,1022
7055,1022
7056,1022
7057,1022
7058,1022
7059,1022
7060,1022
7061,0
7062,0
7063,0
7064,0
7065,0
7066,0
7067,0
7068,0
7069,0
7070,0
7071,0
7072,0
7073,1022
7074,1022
7075,1022
7076,1022
7077,1022
7078,1022
7079,1022
7080,1022
7081,1022
7082,1022
7083,1022
7084,1021
7085,0
7086,0
7087,0
7088,0
7089,0
7090,0
7091,0
7092,0
7093,0
7094,0
7095,0
7096,1022
7097,1022
7098,1022
7099,1022
7100,1022
7101,1022
7102,1022
7103,1022
7104,1022
7105,1022
7106,1022
7107,1022
7108,0
7109,0
7110,0
7111,0
7112,0
7113,0
7114,0
7115,0
7116,0
7117,0
7118,0
7119,1022
7120,1022
7121,1021
7122,1022
7123,1022
7124,1022
7125,1022
7126,1022
7127,1022
7128,1022
7129,1022
7130,1022
7131,0
7132,0
7133,0
7134,0
7135,0
7136,0
7137,0
7138,0
7139,0
7140,0
7141,0
7142,0
7143,1022
7144,1022
7145,1022
7146,1022
7147,1022
7148,1022
7149,1022
7150,1022
7151,1021
7152,1022
7153,1022
7154,0
7155,0
7156,0
7157,0
7158,0
7159,0
7160,0
7161,0
7162,0
7163,0
7164,0
7165,0
7166,1022
7167,1021
7168,1022
7169,1022
7170,1022
7171,1022
7172,1022
7173,1023
7174,1022
7175,1022
7176,1022
7177,0
7178,0
7179,0
7180,0
7181,0
7182,0
7183,0
7184,0
7185,0
7186,0
7187,0
7188,0
7189,1022
7190,1022
7191,1022
7192,1021
7193,1022
7194,1021
7195,1022
7196,1022
7197,1022
7198,1022
7199,1022
7200,0
7201,0
7202,0
7203,0
7204,0
7205,0
7206,0
7207,0
7208,0
7209,0
7210,0
7211,0
7212,1022
7213,1022
7214,1022
7215,1022
7216,1022
7217,1021
7218,1022
7219,1022
7220,1022
7221,1022
7222,1022
7223,1022
7224,0
7225,0
7226,0
7227,0
7228,0
7229,0
7230,0
7231,0
7232,0
7233,0
7234,0
7235,1022
7236,1021
7237,1021
7238,1021
7239,1021
7240,1021
7241,1021
7242,1021
7243,1021
7244,1022
7245,1022
7246,1021
7247,0
7248,0
7249,0
7250,0
7251,0
7252,0
7253,0
7254,0
7255,0
7256,0
7257,0
7258,1022
7259,1022
7260,1023
7261,1021
7262,1022
7263,1022
7264,1022
7265,1021
7266,1022
7267,1022
7268,1022
7269,1022
7270,0
7271,0
7272,0
7273,0
7274,0
7275,0
7276,0
7277,0
7278,0
7279,0
7280,0
7281,0
7282,1022
7283,1022
7284,1022
7285,1022
7286,1022
7287,1022
7288,1022
7289,1022
7290,1022
7291,1022
7292,1022
7293,0
7294,0
7295,0
7296,0
7297,0
7298,0
7299,0
7300,0
7301,0
7302,0
7303,0
7304,0
7305,1022
7306,1022
7307,1022
7308,1022
7309,1022
7310,1022
7311,1022
7312,1022
7313,1022
7314,1021
7315,1022
7316,0
7317,0
7318,0
7319,0
7320,0
7321,0
7322,0
7323,0
7324,0
7325,0
7326,0
7327,0
7328,1022
7329,1022
7330,1022
7331,1022
7332,1022
7333,1022
7334,1022
7335,1022
7336,1022
7337,1022
7338,1022
7339,0
7340,0
7341,0
7342,0
7343,0
7344,0
7345,0
7346,0
7347,0
7348,0
7349,0
7350,0
7351,1022
7352,1022
7353,1022
7354,1022
7355,1022
7356,1022
7357,1022
7358,1022
7359,1022
7360,1022
7361,1022
7362,1022
7363,0
7364,0
7365,0
7366,0
7367,0
7368,0
7369,0
7370,0
7371,0
7372,0
7373,0
7374,1022
7375,1022
7376,1022
7377,1022
7378,1022
7379,1022
7380,1022
7381,1022
7382,1022
7383,1022
7384,1022
7385,1022
7386,0
7387,0
7388,0
7389,0
7390,0
7391,0
7392,0
7393,0
7394,0
7395,0
7396,0
7397,1022
7398,1022
7399,1022
7400,1022
7401,1022
7402,1022
7403,1022
7404,1022
7405,1022
7406,1022
7407,1022
7408,1022
7409,0
7410,0
7411,0
7412,0
7413,0
7414,0
7415,0
7416,0
7417,0
7418,0
7419,0
7420,0
7421,1021
7422,1022
7423,1022
7424,1022
7425,1022
7426,1022
7427,1022
7428,1022
7429,1022
7430,1022
7431,1022
7432,0
7433,0
7434,0
7435,0
7436,0
7437,0
7438,0
7439,0
7440,0
7441,0
7442,0
7443,0
7444,1022
7445,1022
7446,1022
7447,1022
7448,1022
7449,1022
7450,1021
7451,1022
7452,1022
7453,1022
7454,1022
7455,0
7456,0
7457,0
7458,0
7459,0
7460,0
7461,0
7462,0
7463,0
7464,0
7465,0
7466,0
7467,1022
7468,1021
7469,1022
7470,1023
7471,1022
7472,1022
7473,1021
7474,1021
7475,1022
7476,1023
7477,1022
7478,0
7479,0
7480,0
7481,0
7482,0
7483,0
7484,0
7485,0
7486,0
7487,0
7488,0
7489,0
7490,1021
7491,1022
7492,1022
7493,1022
7494,1022
7495,1022
7496,1022
7497,1022
7498,1022
7499,1022
7500,1022
7501,1022
7502,0
7503,0
7504,0
7505,0
7506,0
7507,0
7508,0
7509,0
7510,0
7511,0
7512,0
7513,1022
7514,1022
7515,1022
7516,1022
7517,1022
7518,1022
7519,1022
7520,1022
7521,1022
7522,1022
7523,1022
7524,1022
7525,0
7526,0
7527,0
7528,0
7529,0
7530,0
7531,0
7532,0
7533,0
7534,0
7535,0
7536,1022
7537,1021
7538,1022
7539,1022
7540,1022
7541,1022
7542,1021
7543,1022
7544,1021
7545,1022
7546,1021
7547,1022
7548,0
7549,0
7550,0
7551,0
7552,0
7553,0
7554,0
7555,0
7556,0
7557,0
7558,0
7559,0
7560,1021
7561,1022
7562,1022
7563,1022
7564,1022
7565,1022
7566,1022
7567,1022
7568,1022
7569,1021
7570,1022
7571,0
7572,0
7573,0
7574,0
7575,0
7576,0
7577,0
7578,0
7579,0
7580,0
7581,0
7582,0
7583,1022
7584,1022
7585,1022
7586,1022
7587,1022
7588,1022
7589,1022
7590,1022
7591,1022
7592,1022
7593,1022
7594,0
7595,0
7596,0
7597,0
7598,0
7599,0
7600,0
7601,0
7602,0
7603,0
7604,0
7605,0
7606,1022
7607,1022
7608,1022
7609,1022
7610,1022
7611,1022
7612,1022
7613,1022
7614,1022
7615,1022
7616,1022
7617,1021
7618,0
7619,0
7620,0
7621,0
7622,0
7623,0
7624,0
7625,0
7626,0
7627,0
7628,0
7629,1022
7630,1021
7631,1022
7632,1023
7633,1022
7634,1022
7635,1021
7636,1022
7637,1022
7638,1022
7639,1022
7640,1022
7641,0
7642,0
7643,0
7644,0
7645,0
7646,0
7647,0
7648,0
7649,0
7650,0
7651,0
7652,1022
7653,1022
7654,1022
7655,1022
7656,1022
7657,1022
7658,1022
7659,1022
7660,1022
7661,1022
7662,1022
7663,1022
7664,0
7665,0
7666,0
7667,0
7668,0
7669,0
7670,0
7671,0
7672,0
7673,0
7674,0
7675,1022
7676,1022
7677,1022
7678,1022
7679,1022
7680,1022
7681,1022
7682,1022
7683,1022
7684,1022
7685,1022
7686,1022
7687,0
7688,0
7689,0
7690,0
7691,0
7692,0
7693,0
7694,0
7695,0
7696,0
7697,0
7698,0
7699,1022
7700,1022
7701,1022
7702,1022
7703,1022
7704,1022
7705,1022
7706,1022
7707,1022
7708,1022
7709,1022
7710,0
7711,0
7712,0
7713,0
7714,0
7715,0
7716,0
7717,0
7718,0
7719,0
7720,0
7721,0
7722,1022
7723,1022
7724,1022
7725,1021
7726,1022
7727,1022
7728,1022
7729,1022
7730,1022
7731,1022
7732,1022
7733,0
7734,0
7735,0
7736,0
7737,0
7738,0
7739,0
7740,0
7741,0
7742,0
7743,0
7744,0
7745,1022
7746,1022
7747,1022
7748,1022
7749,1022
7750,1022
7751,1022
7752,1022
7753,1022
7754,1022
7755,1022
7756,1022
7757,0
7758,0
7759,0
7760,0
7761,0
7762,0
7763,0
7764,0
7765,0
7766,0
7767,0
7768,1023
7769,1022
7770,1022
7771,1022
7772,1022
7773,1022
7774,1022
7775,1022
7776,1022
7777,1022
7778,1022
7779,1022
7780,0
7781,0
7782,0
7783,0
7784,0
7785,0
7786,0
7787,0
7788,0
7789,0
7790,0
7791,1022
7792,1022
7793,1022
7794,1022
7795,1022
7796,1022
7797,1022
7798,1022
7799,1022
7800,1022
7801,1022
7802,1022
7803,0
7804,0
7805,0
7806,0
7807,0
7808,0
7809,0
7810,0
7811,0
7812,0
7813,0
7814,1022
7815,1022
7816,1022
7817,1022
7818,1022
7819,1022
7820,1022
7821,1022
7822,1022
7823,1022
7824,1022
7825,1022
7826,0
7827,0
7828,0
7829,0
7830,0
7831,0
7832,0
7833,0
7834,0
7835,0
7836,0
7837,0
7838,1022
7839,1022
7840,1022
7841,1022
7842,1022
7843,1022
7844,1022
7845,1022
7846,1022
7847,1022
7848,1022
7849,0
7850,0
7851,0
7852,0
7853,0
7854,0
7855,0
7856,0
7857,0
7858,0
7859,0
7860,0
7861,1022
7862,1022
7863,1022
7864,1022
7865,1022
7866,1022
7867,1022
7868,1022
7869,1022
7870,1022
7871,1022
7872,0
7873,0
7874,0
7875,0
7876,0
7877,0
7878,0
7879,0
7880,0
7881,0
7882,0
7883,0
7884,1022
7885,1022
7886,1022
7887,1022
7888,1022
7889,1022
7890,1022
7891,1022
7892,1022
7893,1022
7894,1023
7895,1022
7896,0
7897,0
7898,0
7899,0
7900,0
7901,0
7902,0
7903,0
7904,0
7905,0
7906,0
7907,1022
7908,1022
7909,1021
7910,1022
7911,1022
7912,1022
7913,1022
7914,1022
7915,1022
7916,1022
7917,1022
7918,1022
7919,0
7920,0
7921,0
7922,0
7923,0
7924,0
7925,0
7926,0
7927,0
7928,0
7929,0
7930,1021
7931,1021
7932,1023
7933,1021
7934,1022
7935,1021
7936,1022
7937,1022
7938,1022
7939,1022
7940,1022
7941,1022
7942,0
7943,0
7944,0
7945,0
7946,0
7947,0
7948,0
7949,0
7950,0
7951,0
7952,0
7953,1022
7954,1022
7955,1022
7956,1022
7957,1022
7958,1022
7959,1022
7960,1022
7961,1022
7962,1022
7963,1022
7964,1022
7965,0
7966,0
7967,0
7968,0
7969,0
7970,0
7971,0
7972,0
7973,0
7974,0
7975,0
7976,0
7977,1022
7978,1022
7979,1021
7980,1022
7981,1022
7982,1022
7983,1022
7984,1022
7985,1022
7986,1022
7987,1022
7988,0
7989,0
7990,0
7991,0
7992,0
7993,0
7994,0
7995,0
7996,0
7997,0
7998,0
7999,0
8000,1021
8001,1022
8002,1022
8003,1022
8004,1021
8005,1022
8006,1021
8007,1022
8008,1022
8009,1021
8010,1022
8011,0
8012,0
8013,0
8014,0
8015,0
8016,0
8017,0
8018,0
8019,0
8020,0
8021,0
8022,0
8023,1022
8024,1022
8025,1022
8026,1022
8027,1022
8028,1022
8029,1022
8030,1022
8031,1022
8032,1022
8033,1022
8034,1022
8035,0
8036,0
8037,0
8038,0
8039,0
8040,0
8041,0
8042,0
8043,0
8044,0
8045,0
8046,1021
8047,1022
8048,1022
8049,1022
8050,1022
8051,1022
8052,1022
8053,1022
8054,1022
8055,1022
8056,1022
8057,1022
8058,0
8059,0
8060,0
8061,0
8062,0
8063,0
8064,0
8065,0
8066,0
8067,0
8068,0
8069,1022
8070,1022
8071,1022
8072,1022
8073,1022
8074,1022
8075,1022
8076,1022
8077,1022
8078,1022
8079,1022
8080,1021
8081,0
8082,0
8083,0
8084,0
8085,0
8086,0
8087,0
8088,0
8089,0
8090,0
8091,0
8092,1021
8093,1022
8094,1022
8095,1022
8096,1022
8097,1022
8098,1022
8099,1022
8100,1022
8101,1022
8102,1022
8103,1022
8104,0
8105,0
8106,0
8107,0
8108,0
8109,0
8110,0
8111,0
8112,0
8113,0
8114,0
8115,0
8116,1022
8117,1022
8118,1022
8119,1022
8120,1022
8121,1022
8122,1022
8123,1022
8124,1022
8125,1022
8126,1021
8127,0
8128,0
8129,0
8130,0
8131,0
8132,0
8133,0
8134,0
8135,0
8136,0
8137,0
8138,0
8139,1022
8140,1022
8141,1022
8142,1022
8143,1022
8144,1022
8145,1022
8146,1022
8147,1022
8148,1022
8149,1022
8150,0
8151,0
8152,0
8153,0
8154,0
8155,0
8156,0
8157,0
8158,0
8159,0
8160,0
8161,0
8162,1022
8163,1022
8164,1022
8165,1022
8166,1021
8167,1023
8168,1022
8169,1022
8170,1022
8171,1022
8172,1022
8173,1022
8174,0
8175,0
8176,0
8177,0
8178,0
8179,0
8180,0
8181,0
8182,0
8183,0
8184,0
8185,1021
8186,1021
8187,1022
8188,1022
8189,1022
8190,1022
8191,1023
8192,1022
8193,1021
8194,1022
8195,1022
8196,1022
8197,0
8198,0
8199,0
8200,0
8201,0
8202,0
8203,0
8204,0
8205,0
8206,0
8207,0
8208,1022
8209,1022
8210,1021
8211,1022
8212,1022
8213,1022
8214,1022
8215,1022
8216,1022
8217,1022
8218,1022
8219,1022
8220,0
8221,0
8222,0
8223,0
8224,0
8225,0
8226,0
8227,0
8228,0
8229,0
8230,0
8231,1022
8232,1021
8233,1022
8234,1022
8235,1022
8236,1022
8237,1022
8238,1022
8239,1022
8240,1022
8241,1022
8242,1021
8243,0
8244,0
8245,0
8246,0
8247,0
8248,0
8249,0
8250,0
8251,0
8252,0
8253,0
8254,0
8255,1022
8256,1022
8257,1022
8258,1022
8259,1022
8260,1022
8261,1022
8262,1022
8263,1022
8264,1022
8265,1022
8266,0
8267,0
8268,0
8269,0
8270,0
8271,0
8272,0
8273,0
8274,0
8275,0
8276,0
8277,0
8278,1022
8279,1022
8280,1022
8281,1022
8282,1022
8283,1022
8284,1022
8285,1022
8286,1022
8287,1022
8288,1022
8289,0
8290,0
8291,0
8292,0
8293,0
8294,0
8295,0
8296,0
8297,0
8298,0
8299,0
8300,0
8301,1022
8302,1022
8303,1022
8304,1022
8305,1022
8306,1022
8307,1022
8308,1022
8309,1022
8310,1022
8311,1021
8312,1022
8313,0
8314,0
8315,0
8316,0
8317,0
8318,0
8319,0
8320,0
8321,0
8322,0
8323,0
8324,1022
8325,1022
8326,1022
8327,1022
8328,1022
8329,1022
8330,1022
8331,1022
8332,1022
8333,1022
8334,1022
8335,1020
8336,0
8337,0
8338,0
8339,0
8340,0
8341,0
8342,0
8343,0
8344,0
8345,0
8346,0
8347,1021
8348,1022
8349,1022
8350,1022
8351,1022
8352,1022
8353,1022
8354,1022
8355,1022
8356,1022
8357,1022
8358,1022
8359,0
8360,0
8361,0
8362,0
8363,0
8364,0
8365,0
8366,0
8367,0
8368,0
8369,0
8370,1022
8371,1022
8372,1022
8373,1022
8374,1022
8375,1022
8376,1021
8377,1022
8378,1022
8379,1022
8380,1022
8381,1022
8382,0
8383,0
8384,0
8385,0
8386,0
8387,0
8388,0
8389,0
8390,0
8391,0
8392,0
8393,0
8394,1022
8395,1021
8396,1022
8397,1021
8398,1022
8399,1022
8400,1022
8401,1022
8402,1022
8403,1022
8404,1022
8405,0
8406,0
8407,0
8408,0
8409,0
8410,0
8411,0
8412,0
8413,0
8414,0
8415,0
8416,0
8417,1022
8418,1022
8419,1022
8420,1022
8421,1020
8422,1022
8423,1022
8424,1022
8425,1023
8426,1022
8427,1022
8428,0
8429,0
8430,0
8431,0
8432,0
8433,0
8434,0
8435,0
8436,0
8437,0
8438,0
8439,0
8440,1022
8441,1022
8442,1022
8443,1022
8444,1022
8445,1022
8446,1022
8447,1022
8448,1022
8449,1022
8450,1022
8451,1022
8452,0
8453,0
8454,0
8455,0
8456,0
8457,0
8458,0
8459,0
8460,0
8461,0
8462,0
8463,1022
8464,1022
8465,1021
8466,1020
8467,1021
8468,1021
8469,1021
8470,1021
8471,1021
8472,1022
8473,1021
8474,1022
8475,0
8476,0
8477,0
8478,0
8479,0
8480,0
8481,0
8482,0
8483,0
8484,0
8485,0
8486,1022
8487,1022
8488,1022
8489,1022
8490,1022
8491,1021
8492,1021
8493,1021
8494,1022
8495,1022
8496,1022
8497,1022
8498,0
8499,0
8500,0
8501,0
8502,0
8503,0
8504,0
8505,0
8506,0
8507,0
8508,0
8509,1021
8510,1022
8511,1022
8512,1022
8513,1022
8514,1022
8515,1022
8516,1022
8517,1021
8518,1022
8519,1022
8520,1022
8521,0
8522,0
8523,0
8524,0
8525,0
8526,0
8527,0
8528,0
8529,0
8530,0
8531,0
8532,0
8533,1022
8534,1022
8535,1022
8536,1022
8537,1022
8538,1022
8539,1022
8540,1022
8541,1022
8542,1022
8543,1021
8544,0
8545,0
8546,0
8547,0
8548,0
8549,0
8550,0
8551,0
8552,0
8553,0
8554,0
8555,0
8556,1022
8557,1022
8558,1022
8559,1022
8560,1022
8561,1022
8562,1022
8563,1022
8564,1022
8565,1022
8566,1022
8567,0
8568,0
8569,0
8570,0
8571,0
8572,0
8573,0
8574,0
8575,0
8576,0
8577,0
8578,0
8579,1022
8580,1022
8581,1022
8582,1022
8583,1022
8584,1021
8585,1022
8586,1022
8587,1022
8588,1022
8589,1022
8590,1022
8591,0
8592,0
8593,0
8594,0
8595,0
8596,0
8597,0
8598,0
8599,0
8600,0
8601,0
8602,1022
8603,1022
8604,1022
8605,1022
8606,1022
8607,1022
8608,1022
8609,1022
8610,1022
8611,1022
8612,1022
8613,1021
8614,0
8615,0
8616,0
8617,0
8618,0
8619,0
8620,0
8621,0
8622,0
8623,0
8624,0
8625,1022
8626,1022
8627,1022
8628,1022
8629,1022
8630,1022
8631,1022
8632,1022
8633,1022
8634,1022
8635,1022
8636,1022
8637,0
8638,0
8639,0
8640,0
8641,0
8642,0
8643,0
8644,0
8645,0
8646,0
8647,0
8648,1022
8649,1022
8650,1022
8651,1022
8652,1022
8653,1022
8654,1022
8655,1022
8656,1022
8657,1022
8658,1022
8659,1022
8660,0
8661,0
8662,0
8663,0
8664,0
8665,0
8666,0
8667,0
8668,0
8669,0
8670,0
8671,0
8672,1022
8673,1022
8674,1022
8675,1022
8676,1022
8677,1022
8678,1022
8679,1022
8680,1022
8681,1022
8682,1022
8683,0
8684,0
8685,0
8686,0
8687,0
8688,0
8689,0
8690,0
8691,0
8692,0
8693,0
8694,0
8695,1022
8696,1022
8697,1022
8698,1022
8699,1022
8700,1022
8701,1023
8702,1022
8703,1022
8704,1022
8705,1022
8706,0
8707,0
8708,0
8709,0
8710,0
8711,0
8712,0
8713,0
8714,0
8715,0
8716,0
8717,0
8718,1021
8719,1022
8720,1023
8721,1022
8722,1022
8723,1022
8724,1022
8725,1022
8726,1022
8727,1022
8728,1022
8729,1022
8730,0
8731,0
8732,0
8733,0
8734,0
8735,0
8736,0
8737,0
8738,0
8739,0
8740,0
8741,1022
8742,1022
8743,1022
8744,1022
8745,1022
8746,1022
8747,1022
8748,1022
8749,1022
8750,1022
8751,1022
8752,1022
8753,0
8754,0
8755,0
8756,0
8757,0
8758,0
8759,0
8760,0
8761,0
8762,0
8763,0
8764,1022
8765,1022
8766,1022
8767,1022
8768,1022
8769,1022
8770,1022
8771,1022
8772,1022
8773,1022
8774,1023
8775,1022
8776,0
8777,0
8778,0
8779,0
8780,0
8781,0
8782,0
8783,0
8784,0
8785,0
8786,0
8787,1022
8788,1022
8789,1022
8790,1022
8791,1022
8792,1022
8793,1022
8794,1022
8795,1021
8796,1022
8797,1022
8798,1022
8799,0
8800,0
8801,0
8802,0
8803,0
8804,0
8805,0
8806,0
8807,0
8808,0
8809,0
8810,0
8811,1022
8812,1022
8813,1022
8814,1022
8815,1022
8816,1022
8817,1022
8818,1022
8819,1022
8820,1022
8821,1022
8822,0
8823,0
8824,0
8825,0
8826,0
8827,0
8828,0
8829,0
8830,0
8831,0
8832,0
8833,0
8834,1022
8835,1022
8836,1022
8837,1022
8838,1021
8839,1023
8840,1021
8841,1021
8842,1022
8843,1022
8844,1022
8845,0
8846,0
8847,0
8848,0
8849,0
8850,0
8851,0
8852,0
8853,0
8854,0
8855,0
8856,0
8857,1022
8858,1022
8859,1022
8860,1022
8861,1022
8862,1022
8863,1022
8864,1022
8865,1022
8866,1022
8867,1022
8868,1022
8869,0
8870,0
8871,0
8872,0
8873,0
8874,0
8875,0
8876,0
8877,0
8878,0
8879,0
8880,1022
8881,1022
8882,1022
8883,1022
8884,1022
8885,1022
8886,1022
8887,1022
8888,1022
8889,1021
8890,1022
8891,1022
8892,0
8893,0
8894,0
8895,0
8896,0
8897,0
8898,0
8899,0
8900,0
8901,0
8902,0
8903,1022
8904,1022
8905,1021
8906,1022
8907,1021
8908,1022
8909,1022
8910,1022
8911,1022
8912,1022
8913,1022
8914,1021
8915,0
8916,0
8917,0
8918,0
8919,0
8920,0
8921,0
8922,0
8923,0
8924,0
8925,0
8926,1021
8927,1021
8928,1022
8929,1022
8930,1022
8931,1022
8932,1022
8933,1022
8934,1022
8935,1022
8936,1022
8937,1022
8938,0
8939,0
8940,0
8941,0
8942,0
8943,0
8944,0
8945,0
8946,0
8947,0
8948,0
8949,0
8950,1022
8951,1022
8952,1022
8953,1022
8954,1022
8955,1022
8956,1022
8957,1022
8958,1022
8959,1022
8960,1022
8961,0
8962,0
8963,0
8964,0
8965,0
8966,0
8967,0
8968,0
8969,0
8970,0
8971,0
8972,0
8973,1022
8974,1021
8975,1022
8976,1022
8977,1022
8978,1022
8979,1022
8980,1022
8981,1022
8982,1022
8983,1022
8984,0
8985,0
8986,0
8987,0
8988,0
8989,0
8990,0
8991,0
8992,0
8993,0
8994,0
8995,0
8996,1021
8997,1022
8998,1021
8999,1022
9000,1021
9001,1022
9002,1022
9003,1022
9004,1023
9005,1022
9006,1022
9007,1021
9008,0
9009,0
9010,0
9011,0
9012,0
9013,0
9014,0
9015,0
9016,0
9017,0
9018,0
9019,1022
9020,1022
9021,1022
9022,1021
9023,1022
9024,1022
9025,1022
9026,1022
9027,1022
9028,1022
9029,1022
9030,1021
9031,0
9032,0
9033,0
9034,0
9035,0
9036,0
9037,0
9038,0
9039,0
9040,0
9041,0
9042,1022
9043,1021
9044,1022
9045,1022
9046,1022
9047,1022
9048,1021
9049,1022
9050,1022
9051,1022
9052,1022
9053,1021
9054,0
9055,0
9056,0
9057,0
9058,0
9059,0
9060,0
9061,0
9062,0
9063,0
9064,0
9065,1021
9066,1022
9067,1022
9068,1022
9069,1022
9070,1021
9071,1022
9072,1021
9073,1022
9074,1021
9075,1022
9076,1022
9077,0
9078,0
9079,0
9080,0
9081,0
9082,0
9083,0
9084,0
9085,0
9086,0
9087,0
9088,0
9089,1021
9090,1022
9091,1022
9092,1022
9093,1022
9094,1022
9095,1022
9096,1022
9097,1021
9098,1021
9099,1022
9100,0
9101,0
9102,0
9103,0
9104,0
9105,0
9106,0
9107,0
9108,0
9109,0
9110,0
9111,0
9112,1022
9113,1022
9114,1022
9115,1022
9116,1022
9117,1022
9118,1022
9119,1022
9120,1022
9121,1022
9122,1022
9123,0
9124,0
9125,0
9126,0
9127,0
9128,0
9129,0
9130,0
9131,0
9132,0
9133,0
9134,0
9135,1022
9136,1022
9137,1022
9138,1022
9139,1022
9140,1022
9141,1022
9142,1022
9143,1022
9144,1022
9145,1022
9146,1022
9147,0
9148,0
9149,0
9150,0
9151,0
9152,0
9153,0
9154,0
9155,0
9156,0
9157,0
9158,1022
9159,1022
9160,1022
9161,1022
9162,1022
9163,1022
9164,1022
9165,1022
9166,1022
9167,1021
9168,1021
9169,1021
9170,0
9171,0
9172,0
9173,0
9174,0
9175,0
9176,0
9177,0
9178,0
9179,0
9180,0
9181,1022
9182,1022
9183,1022
9184,1022
9185,1022
9186,1022
9187,1022
9188,1022
9189,1021
9190,1022
9191,1022
9192,1021
9193,0
9194,0
9195,0
9196,0
9197,0
9198,0
9199,0
9200,0
9201,0
9202,0
9203,0
9204,0
9205,1022
9206,1022
9207,1022
9208,1022
9209,1022
9210,1022
9211,1022
9212,1022
9213,1022
9214,1022
9215,1022
9216,0
9217,0
9218,0
9219,0
9220,0
9221,0
9222,0
9223,0
9224,0
9225,0
9226,0
9227,0
9228,1022
9229,1022
9230,1022
9231,1022
9232,1022
9233,1022
9234,1022
9235,1022
9236,1022
9237,1022
9238,1022
9239,0
9240,0
9241,0
9242,0
9243,0
9244,0
9245,0
9246,0
9247,0
9248,0
9249,0
9250,0
9251,1022
9252,1022
9253,1022
9254,1022
9255,1022
9256,1022
9257,1022
9258,1022
9259,1022
9260,1022
9261,1022
9262,0
9263,0
9264,0
9265,0
9266,0
9267,0
9268,0
9269,0
9270,0
9271,0
9272,0
9273,0
9274,1022
9275,1022
9276,1022
9277,1022
9278,1022
9279,1022
9280,1022
9281,1022
9282,1021
9283,1022
9284,1022
9285,1022
9286,0
9287,0
9288,0
9289,0
9290,0
9291,0
9292,0
9293,0
9294,0
9295,0
9296,0
9297,1022
9298,1021
9299,1022
9300,1022
9301,1021
9302,1022
9303,1022
9304,1022
9305,1022
9306,1021
9307,1022
9308,1022
9309,0
9310,0
9311,0
9312,0
9313,0
9314,0
9315,0
9316,0
9317,0
9318,0
9319,0
9320,1022
9321,1021
9322,1022
9323,1022
9324,1022
9325,1022
9326,1022
9327,1022
9328,1021
9329,1022
9330,1022
9331,1022
9332,0
9333,0
9334,0
9335,0
9336,0
9337,0
9338,0
9339,0
9340,0
9341,0
9342,0
9343,0
9344,1022
9345,1021
9346,1022
9347,1022
9348,1022
9349,1022
9350,1022
9351,1021
9352,1022
9353,1022
9354,1022
9355,0
9356,0
9357,0
9358,0
9359,0
9360,0
9361,0
9362,0
9363,0
9364,0
9365,0
9366,0
9367,1022
9368,1022
9369,1022
9370,1022
9371,1022
9372,1022
9373,1022
9374,1022
9375,1023
9376,1022
9377,1022
9378,0
9379,0
9380,0
9381,0
9382,0
9383,0
9384,0
9385,0
9386,0
9387,0
9388,0
9389,0
9390,1021
9391,1022
9392,1022
9393,1021
9394,1021
9395,1022
9396,1022
9397,1022
9398,1022
9399,1022
9400,1022
9401,0
9402,0
9403,0
9404,0
9405,0
9406,0
9407,0
9408,0
9409,0
9410,0
9411,0
9412,0
9413,1022
9414,1021
9415,1021
9416,1022
9417,1022
9418,1022
9419,1022
9420,1022
9421,1021
9422,1022
9423,1022
9424,1022
9425,0
9426,0
9427,0
9428,0
9429,0
9430,0
9431,0
9432,0
9433,0
9434,0
9435,0
9436,1022
9437,1022
9438,1022
9439,1022
9440,1022
9441,1022
9442,1022
9443,1022
9444,1022
9445,1022
9446,1022
9447,1021
9448,0
9449,0
9450,0
9451,0
9452,0
9453,0
9454,0
9455,0
9456,0
9457,0
9458,0
9459,1021
9460,1021
9461,1022
9462,1022
9463,1022
9464,1022
9465,1022
9466,1022
9467,1021
9468,1021
9469,1021
9470,1022
9471,0
9472,0
9473,0
9474,0
9475,0
9476,0
9477,0
9478,0
9479,0
9480,0
9481,0
9482,0
9483,1022
9484,1022
9485,1022
9486,1022
9487,1022
9488,1022
9489,1022
9490,1022
9491,1022
9492,1022
9493,1022
9494,0
9495,0
9496,0
9497,0
9498,0
9499,0
9500,0
9501,0
9502,0
9503,0
9504,0
9505,0
9506,1022
9507,1022
9508,1022
9509,1022
9510,1022
9511,1022
9512,1021
9513,1022
9514,1022
9515,1022
9516,1022
9517,0
9518,0
9519,0
9520,0
9521,0
9522,0
9523,0
9524,0
9525,0
9526,0
9527,0
9528,0
9529,1022
9530,1022
9531,1022
9532,1022
9533,1022
9534,1022
9535,1022
9536,1021
9537,1023
9538,1022
9539,1022
9540,0
9541,0
9542,0
9543,0
9544,0
9545,0
9546,0
9547,0
9548,0
9549,0
9550,0
9551,0
9552,1022
9553,1022
9554,1022
9555,1022
9556,1022
9557,1022
9558,1022
9559,1022
9560,1022
9561,1022
9562,1022
9563,1022
9564,0
9565,0
9566,0
9567,0
9568,0
9569,0
9570,0
9571,0
9572,0
9573,0
9574,0
9575,1022
9576,1022
9577,1022
9578,1022
9579,1022
9580,1022
9581,1022
9582,1022
9583,1022
9584,1022
9585,1022
9586,1022
9587,0
9588,0
9589,0
9590,0
9591,0
9592,0
9593,0
9594,0
9595,0
9596,0
9597,0
9598,1022
9599,1022
9600,1022
9601,1021
9602,1022
9603,1022
9604,1022
9605,1021
9606,1022
9607,1022
9608,1022
9609,1022
9610,0
9611,0
9612,0
9613,0
9614,0
9615,0
9616,0
9617,0
9618,0
9619,0
9620,0
9621,0
9622,1022
9623,1022
9624,1021
9625,1021
9626,1022
9627,1021
9628,1022
9629,1022
9630,1022
9631,1022
9632,1022
9633,0
9634,0
9635,0
9636,0
9637,0
9638,0
9639,0
9640,0
9641,0
9642,0
9643,0
9644,0
9645,1021
9646,1022
9647,1022
9648,1022
9649,1022
9650,1022
9651,1022
9652,1022
9653,1022
9654,1022
9655,1022
9656,0
9657,0
9658,0
9659,0
9660,0
9661,0
9662,0
9663,0
9664,0
9665,0
9666,0
9667,0
9668,1022
9669,1022
9670,1022
9671,1021
9672,1022
9673,1022
9674,1022
9675,1022
9676,1021
9677,1022
9678,1022
9679,0
9680,0
9681,0
9682,0
9683,0
9684,0
9685,0
9686,0
9687,0
9688,0
9689,0
9690,0
9691,1022
9692,1022
9693,1022
9694,1022
9695,1022
9696,1022
9697,1022
9698,1021
9699,1021
9700,1022
9701,1021
9702,1022
9703,0
9704,0
9705,0
9706,0
9707,0
9708,0
9709,0
9710,0
9711,0
9712,0
9713,0
9714,1022
9715,1022
9716,1022
9717,1022
9718,1022
9719,1022
9720,1022
9721,1022
9722,1022
9723,1022
9724,1022
9725,1022
9726,0
9727,0
9728,0
9729,0
9730,0
9731,0
9732,0
9733,0
9734,0
9735,0
9736,0
9737,1022
9738,1022
9739,1022
9740,1022
9741,1022
9742,1021
9743,1022
9744,1022
9745,1021
9746,1022
9747,1022
9748,1022
9749,0
9750,0
9751,0
9752,0
9753,0
9754,0
9755,0
9756,0
9757,0
9758,0
9759,0
9760,0
9761,1022
9762,1022
9763,1022
9764,1022
9765,1022
9766,1022
9767,1021
9768,1022
9769,1022
9770,1022
9771,1022
9772,0
9773,0
9774,0
9775,0
9776,0
9777,0
9778,0
9779,0
9780,0
9781,0
9782,0
9783,0
9784,1022
9785,1022
9786,1022
9787,1022
9788,1022
9789,1022
9790,1022
9791,1022
9792,1022
9793,1022
9794,1022
9795,0
9796,0
9797,0
9798,0
9799,0
9800,0
9801,0
9802,0
9803,0
9804,0
9805,0
9806,0
9807,1022
9808,1022
9809,1022
9810,1022
9811,1022
9812,1022
9813,1022
9814,1021
9815,1022
9816,1022
9817,1022
9818,0
9819,0
9820,0
9821,0
9822,0
9823,0
9824,0
9825,0
9826,0
9827,0
9828,0
9829,0
9830,1022
9831,1022
9832,1022
9833,1022
9834,1022
9835,1022
9836,1022
9837,1022
9838,1022
9839,1022
9840,1022
9841,1022
9842,0
9843,0
9844,0
9845,0
9846,0
9847,0
9848,0
9849,0
9850,0
9851,0
9852,0
9853,1022
9854,1022
9855,1022
9856,1022
9857,1021
9858,1022
9859,1021
9860,1022
9861,1022
9862,1022
9863,1022
9864,1022
9865,0
9866,0
9867,0
9868,0
9869,0
9870,0
9871,0
9872,0
9873,0
9874,0
9875,0
9876,1022
9877,1022
9878,1022
9879,1022
9880,1022
9881,1022
9882,1022
9883,1022
9884,1022
9885,1022
9886,1022
9887,1022
9888,0
9889,0
9890,0
9891,0
9892,0
9893,0
9894,0
9895,0
9896,0
9897,0
9898,0
9899,0
9900,1022
9901,1021
9902,1022
9903,1022
9904,1022
9905,1022
9906,1022
9907,1022
9908,1022
9909,1022
9910,1022
9911,0
9912,0
9913,0
9914,0
9915,0
9916,0
9917,0
9918,0
9919,0
9920,0
9921,0
9922,0
9923,1022
9924,1022
9925,1022
9926,1022
9927,1022
9928,1022
9929,1022
9930,1022
9931,1022
9932,1022
9933,1022
9934,0
9935,0
9936,0
9937,0
9938,0
9939,0
9940,0
9941,0
9942,0
9943,0
9944,0
9945,0
9946,1022
9947,1022
9948,1022
9949,1022
9950,1022
9951,1022
9952,1022
9953,1022
9954,1022
9955,1022
9956,1022
9957,0
9958,0
9959,0
9960,0
9961,0
9962,0
9963,0
9964,0
9965,0
9966,0
9967,0
9968,0
9969,1022
9970,1022
9971,1022
9972,1022
9973,1022
9974,1022
9975,1022
9976,1022
9977,1022
9978,1022
9979,1022
9980,1022
9981,0
9982,0
9983,0
9984,0
9985,0
9986,0
9987,0
9988,0
9989,0
9990,0
9991,0
9992,1022
9993,1022
9994,1021
9995,1021
9996,1022
9997,1023
9998,1021
9999,1021
10000,1021
