1,1022
2,0
3,1022
4,0
5,1022
6,0
7,0
8,1022
9,0
10,1022
11,0
12,1022
13,0
14,1021
15,0
16,1022
17,0
18,1021
19,1022
20,0
21,1022
22,0
23,1022
24,0
25,1022
26,0
27,1022
28,0
29,1022
30,1022
31,0
32,1022
33,0
34,1022
35,0
36,1022
37,0
38,1022
39,0
40,1022
41,0
42,0
43,1022
44,0
45,1021
46,0
47,1022
48,0
49,1022
50,0
51,1022
52,0
53,0
54,1022
55,0
56,1022
57,0
58,1022
59,0
60,1022
61,0
62,1022
63,0
64,0
65,1022
66,0
67,1022
68,0
69,1021
70,0
71,1022
72,0
73,1022
74,0
75,1022
76,1022
77,0
78,1022
79,0
80,1022
81,0
82,1022
83,0
84,1022
85,0
86,1022
87,1022
88,0
89,1022
90,0
91,1022
92,0
93,1022
94,0
95,1021
96,0
97,1022
98,0
99,0
100,1022
101,0
102,1022
103,0
104,1022
105,0
106,1022
107,0
108,1022
109,0
110,0
111,1022
112,0
113,1022
114,0
115,1022
116,0
117,1022
118,0
119,1022
120,0
121,0
122,1022
123,0
124,1022
125,0
126,1022
127,0
128,1022
129,0
130,1022
131,0
132,1022
133,1022
134,0
135,1021
136,0
137,1021
138,0
139,1022
140,0
141,1022
142,0
143,1022
144,1022
145,0
146,1022
147,0
148,1022
149,0
150,1022
151,0
152,1022
153,0
154,1022
155,0
156,0
157,1022
158,0
159,1022
160,0
161,1022
162,0
163,1022
164,0
165,1022
166,0
167,0
168,1022
169,0
170,1022
171,0
172,1022
173,0
174,1022
175,0
176,1022
177,0
178,1021
179,1022
180,0
181,1022
182,0
183,1022
184,0
185,1022
186,0
187,1022
188,0
189,1022
190,1022
191,0
192,1022
193,0
194,1022
195,0
196,1021
197,0
198,1021
199,0
200,1022
201,1022
202,0
203,1022
204,0
205,1022
206,0
207,1022
208,0
209,1022
210,0
211,1022
212,0
213,0
214,1022
215,0
216,1022
217,0
218,1022
219,0
220,1022
221,0
222,1022
223,0
224,0
225,1022
226,0
227,1021
228,0
229,1022
230,0
231,1022
232,0
233,1022
234,0
235,1022
236,1022
237,0
238,1022
239,0
240,1022
241,0
242,1022
243,0
244,1022
245,0
246,1021
247,1022
248,0
249,1022
250,0
251,1022
252,0
253,1022
254,0
255,1022
256,0
257,1022
258,0
259,0
260,1022
261,0
262,1022
263,0
264,1022
265,0
266,1022
267,0
268,1022
269,0
270,0
271,1022
272,0
273,1021
274,0
275,1022
276,0
277,1022
278,0
279,1022
280,0
281,0
282,1022
283,0
284,1022
285,0
286,1022
287,0
288,1021
289,0
290,1021
291,0
292,1021
293,1022
294,0
295,1022
296,0
297,1022
298,0
299,1022
300,0
301,1022
302,0
303,1022
304,1022
305,0
306,1022
307,0
308,1022
309,0
310,1022
311,0
312,1022
313,0
314,1022
315,0
316,0
317,1022
318,0
319,1022
320,0
321,1021
322,0
323,1022
324,0
325,1022
326,0
327,0
328,1021
329,0
330,1022
331,0
332,1022
333,0
334,1022
335,0
336,1022
337,0
338,0
339,1021
340,0
341,1022
342,0
343,1021
344,0
345,1022
346,0
347,1022
348,0
349,1022
350,1022
351,0
352,1023
353,0
354,1022
355,0
356,1022
357,0
358,1022
359,0
360,1022
361,1022
362,0
363,1021
364,0
365,1021
366,0
367,1022
368,0
369,1022
370,0
371,1022
372,0
373,0
374,1022
375,0
376,1022
377,0
378,1022
379,0
380,1022
381,0
382,1022
383,0
384,0
385,1022
386,0
387,1022
388,0
389,1022
390,0
391,1022
392,0
393,1022
394,0
395,0
396,1022
397,0
398,1022
399,0
400,1022
401,0
402,1022
403,0
404,1022
405,0
406,1022
407,1022
408,0
409,1022
410,0
411,1022
412,0
413,1022
414,0
415,1022
416,0
417,1022
418,1022
419,0
420,1022
421,0
422,1022
423,0
424,1022
425,0
426,1022
427,0
428,1022
429,0
430,0
431,1022
432,0
433,1022
434,0
435,1021
436,0
437,1022
438,0
439,1021
440,0
441,0
442,1022
443,0
444,1022
445,0
446,1022
447,0
448,1022
449,0
450,1021
451,0
452,1021
453,1022
454,0
455,1022
456,0
457,1022
458,0
459,1022
460,0
461,1022
462,0
463,1022
464,1022
465,0
466,1022
467,0
468,1022
469,0
470,1022
471,0
472,1022
473,0
474,1022
475,1022
476,0
477,1022
478,0
479,1022
480,0
481,1022
482,0
483,1022
484,0
485,1022
486,0
487,0
488,1022
489,0
490,1022
491,0
492,1022
493,0
494,1022
495,0
496,1022
497,0
498,0
499,1021
500,0
501,1022
502,0
503,1022
504,0
505,1022
506,0
507,1021
508,0
509,1021
510,1022
511,0
512,1022
513,0
514,1022
515,0
516,1022
517,0
518,1022
519,0
520,1022
521,1022
522,0
523,1021
524,0
525,1022
526,0
527,1022
528,0
529,1022
530,0
531,1022
532,1021
533,0
534,1021
535,0
536,1022
537,0
538,1022
539,0
540,1022
541,0
542,1022
543,0
544,0
545,1022
546,0
547,1022
548,0
549,1022
550,0
551,1022
552,0
553,1022
554,0
555,0
556,1022
557,0
558,1022
559,0
560,1022
561,0
562,1022
563,0
564,1022
565,0
566,1022
567,1022
568,0
569,1022
570,0
571,1022
572,0
573,1022
574,0
575,1022
576,0
577,1022
578,1022
579,0
580,1022
581,0
582,1022
583,0
584,1022
585,0
586,1022
587,0
588,1022
589,0
590,0
591,1022
592,0
593,1022
594,0
595,1021
596,0
597,1022
598,0
599,1022
600,0
601,0
602,1021
603,0
604,1022
605,0
606,1022
607,0
608,1022
609,0
610,1022
611,0
612,0
613,1022
614,0
615,1022
616,0
617,1022
618,0
619,1022
620,0
621,1022
622,0
623,1022
624,1022
625,0
626,1022
627,0
628,1022
629,0
630,1021
631,0
632,1021
633,0
634,1022
635,1022
636,0
637,1022
638,0
639,1022
640,0
641,1022
642,0
643,1022
644,0
645,1022
646,0
647,0
648,1021
649,0
650,1022
651,0
652,1022
653,0
654,1022
655,0
656,1022
657,0
658,0
659,1022
660,0
661,1022
662,0
663,1022
664,0
665,1023
666,0
667,1021
668,0
669,0
670,1022
671,0
672,1021
673,0
674,1022
675,0
676,1022
677,0
678,1022
679,0
680,1022
681,1022
682,0
683,1022
684,0
685,1022
686,0
687,1022
688,0
689,1022
690,0
691,1022
692,1022
693,0
694,1022
695,0
696,1022
697,0
698,1022
699,0
700,1022
701,0
702,1021
703,0
704,0
705,1022
706,0
707,1022
708,0
709,1022
710,0
711,1022
712,0
713,1022
714,0
715,0
716,1021
717,0
718,1022
719,0
720,1022
721,0
722,1022
723,0
724,1022
725,0
726,1022
727,1022
728,0
729,1022
730,0
731,1022
732,0
733,1022
734,0
735,1022
736,0
737,1022
738,1022
739,0
740,1021
741,0
742,1022
743,0
744,1022
745,0
746,1021
747,0
748,1022
749,1022
750,0
751,1022
752,0
753,1022
754,0
755,1022
756,0
757,1022
758,0
759,1022
760,0
761,0
762,1022
763,0
764,1022
765,0
766,1022
767,0
768,1021
769,0
770,1022
771,0
772,0
773,1022
774,0
775,1022
776,0
777,1022
778,0
779,1022
780,0
781,1022
782,0
783,1022
784,1021
785,0
786,1021
787,0
788,1021
789,0
790,1022
791,0
792,1022
793,0
794,1022
795,1022
796,0
797,1022
798,0
799,1022
800,0
801,1022
802,0
803,1022
804,0
805,1022
806,1022
807,0
808,1022
809,0
810,1022
811,0
812,1022
813,0
814,1022
815,0
816,1022
817,0
818,0
819,1022
820,0
821,1022
822,0
823,1021
824,0
825,1022
826,0
827,1021
828,0
829,0
830,1022
831,0
832,1022
833,0
834,1022
835,0
836,1022
837,0
838,1022
839,0
840,1022
841,1022
842,0
843,1022
844,0
845,1022
846,0
847,1022
848,0
849,1022
850,0
851,1022
852,1022
853,0
854,1022
855,0
856,1022
857,0
858,1022
859,0
860,1022
861,0
862,1022
863,0
864,0
865,1022
866,0
867,1022
868,0
869,1022
870,0
871,1022
872,0
873,1022
874,0
875,0
876,1022
877,0
878,1022
879,0
880,1022
881,0
882,1022
883,0
884,1022
885,0
886,0
887,1022
888,0
889,1022
890,0
891,1022
892,0
893,1022
894,0
895,1022
896,0
897,1022
898,1021
899,0
900,1022
901,0
902,1022
903,0
904,1022
905,0
906,1022
907,0
908,1022
909,1022
910,0
911,1021
912,0
913,1022
914,0
915,1022
916,0
917,1022
918,0
919,1022
920,0
921,0
922,1022
923,0
924,1022
925,0
926,1022
927,0
928,1022
929,0
930,1022
931,0
932,0
933,1022
934,0
935,1022
936,0
937,1021
938,0
939,1022
940,0
941,1022
942,0
943,1022
944,1021
945,0
946,1022
947,0
948,1022
949,0
950,1022
951,0
952,1022
953,0
954,1022
955,1022
956,0
957,1022
958,0
959,1022
960,0
961,1022
962,0
963,1022
964,0
965,1022
966,1022
967,0
968,1021
969,0
970,1021
971,0
972,1022
973,0
974,1022
975,0
976,1021
977,0
978,0
979,1022
980,0
981,1022
982,0
983,1022
984,0
985,1022
986,0
987,1022
988,0
989,0
990,1022
991,0
992,1022
993,0
994,1022
995,0
996,1022
997,0
998,1022
999,0
1000,1022
1001,1022
1002,0
1003,1022
1004,0
1005,1022
1006,0
1007,1021
1008,0
1009,1022
1010,0
1011,1022
1012,1022
1013,0
1014,1022
1015,0
1016,1022
1017,0
1018,1022
1019,0
1020,1021
1021,0
1022,1022
1023,1021
1024,0
1025,1022
1026,0
1027,1021
1028,0
1029,1021
1030,0
1031,1022
1032,0
1033,1022
1034,0
1035,0
1036,1022
1037,0
1038,1021
1039,0
1040,1022
1041,0
1042,1022
1043,0
1044,1021
1045,0
1046,0
1047,1021
1048,0
1049,1021
1050,0
1051,1022
1052,0
1053,1021
1054,0
1055,1022
1056,0
1057,1022
1058,1022
1059,0
1060,1022
1061,0
1062,1022
1063,0
1064,1022
1065,0
1066,1021
1067,0
1068,1021
1069,1022
1070,0
1071,1022
1072,0
1073,1022
1074,0
1075,1022
1076,0
1077,1022
1078,0
1079,1022
1080,1022
1081,0
1082,1022
1083,0
1084,1022
1085,0
1086,1022
1087,0
1088,1022
1089,0
1090,1022
1091,0
1092,0
1093,1022
1094,0
1095,1022
1096,0
1097,1021
1098,0
1099,1022
1100,0
1101,1021
1102,0
1103,0
1104,1021
1105,0
1106,1022
1107,0
1108,1022
1109,0
1110,1022
1111,0
1112,1022
1113,0
1114,1022
1115,1022
1116,0
1117,1022
1118,0
1119,1022
1120,0
1121,1021
1122,0
1123,1022
1124,0
1125,1021
1126,1022
1127,0
1128,1022
1129,0
1130,1022
1131,0
1132,1022
1133,0
1134,1022
1135,0
1136,1022
1137,0
1138,0
1139,1022
1140,0
1141,1022
1142,0
1143,1022
1144,0
1145,1022
1146,0
1147,1022
1148,0
1149,0
1150,1022
1151,0
1152,1022
1153,0
1154,1022
1155,0
1156,1022
1157,0
1158,1022
1159,0
1160,0
1161,1022
1162,0
1163,1022
1164,0
1165,1022
1166,0
1167,1022
1168,0
1169,1022
1170,0
1171,1022
1172,1021
1173,0
1174,1022
1175,0
1176,1021
1177,0
1178,1022
1179,0
1180,1022
1181,0
1182,1022
1183,1022
1184,0
1185,1022
1186,0
1187,1022
1188,0
1189,1022
1190,0
1191,1022
1192,0
1193,1022
1194,0
1195,0
1196,1021
1197,0
1198,1022
1199,0
1200,1021
1201,0
1202,1022
1203,0
1204,1022
1205,0
1206,0
1207,1022
1208,0
1209,1022
1210,0
1211,1022
1212,0
1213,1022
1214,0
1215,1022
1216,0
1217,1021
1218,1022
1219,0
1220,1022
1221,0
1222,1022
1223,0
1224,1022
1225,0
1226,1022
1227,0
1228,1022
1229,1022
1230,0
1231,1022
1232,0
1233,1022
1234,0
1235,1022
1236,0
1237,1022
1238,0
1239,1022
1240,1022
1241,0
1242,1022
1243,0
1244,1022
1245,0
1246,1022
1247,0
1248,1022
1249,0
1250,1022
1251,0
1252,0
1253,1021
1254,0
1255,1022
1256,0
1257,1021
1258,0
1259,1022
1260,0
1261,1022
1262,0
1263,0
1264,1022
1265,0
1266,1021
1267,0
1268,1022
1269,0
1270,1022
1271,0
1272,1021
1273,0
1274,1022
1275,1022
1276,0
1277,1022
1278,0
1279,1022
1280,0
1281,1021
1282,0
1283,1022
1284,0
1285,1022
1286,1021
1287,0
1288,1022
1289,0
1290,1022
1291,0
1292,1022
1293,0
1294,1022
1295,0
1296,1022
1297,1022
1298,0
1299,1022
1300,0
1301,1022
1302,0
1303,1022
1304,0
1305,1022
1306,0
1307,1022
1308,0
1309,0
1310,1022
1311,0
1312,1022
1313,0
1314,1022
1315,0
1316,1022
1317,0
1318,1022
1319,0
1320,0
1321,1022
1322,0
1323,1022
1324,0
1325,1022
1326,0
1327,1021
1328,0
1329,1022
1330,0
1331,1021
1332,1021
1333,0
1334,1022
1335,0
1336,1022
1337,0
1338,1022
1339,0
1340,1022
1341,0
1342,1022
1343,1022
1344,0
1345,1022
1346,0
1347,1022
1348,0
1349,1022
1350,0
1351,1021
1352,0
1353,1022
1354,1022
1355,0
1356,1022
1357,0
1358,1022
1359,0
1360,1022
1361,0
1362,1022
1363,0
1364,1022
1365,0
1366,0
1367,1022
1368,0
1369,1022
1370,0
1371,1022
1372,0
1373,1022
1374,0
1375,1022
1376,0
1377,0
1378,1022
1379,0
1380,1022
1381,0
1382,1022
1383,0
1384,1022
1385,0
1386,1022
1387,0
1388,1022
1389,1022
1390,0
1391,1022
1392,0
1393,1022
1394,0
1395,1022
1396,0
1397,1021
1398,0
1399,1021
1400,1022
1401,0
1402,1022
1403,0
1404,1022
1405,0
1406,1022
1407,0
1408,1022
1409,0
1410,1022
1411,0
1412,0
1413,1021
1414,0
1415,1022
1416,0
1417,1022
1418,0
1419,1022
1420,0
1421,1022
1422,0
1423,0
1424,1022
1425,0
1426,1021
1427,0
1428,1022
1429,0
1430,1022
1431,0
1432,1022
1433,0
1434,0
1435,1022
1436,0
1437,1022
1438,0
1439,1022
1440,0
1441,1022
1442,0
1443,1022
1444,0
1445,1022
1446,1022
1447,0
1448,1022
1449,0
1450,1022
1451,0
1452,1021
1453,0
1454,1022
1455,0
1456,1022
1457,1022
1458,0
1459,1022
1460,0
1461,1022
1462,0
1463,1022
1464,0
1465,1022
1466,0
1467,1022
1468,0
1469,0
1470,1022
1471,0
1472,1022
1473,0
1474,1022
1475,0
1476,1022
1477,0
1478,1022
1479,0
1480,0
1481,1021
1482,0
1483,1022
1484,0
1485,1021
1486,0
1487,1022
1488,0
1489,1021
1490,0
1491,0
1492,1022
1493,0
1494,1022
1495,0
1496,1022
1497,0
1498,1022
1499,0
1500,1022
1501,0
1502,1022
1503,1021
1504,0
1505,1022
1506,0
1507,1022
1508,0
1509,1022
1510,0
1511,1022
1512,0
1513,1022
1514,1022
1515,0
1516,1022
1517,0
1518,1022
1519,0
1520,1022
1521,0
1522,1022
1523,0
1524,1021
1525,0
1526,0
1527,1022
1528,0
1529,1022
1530,0
1531,1022
1532,0
1533,1022
1534,0
1535,1022
1536,0
1537,0
1538,1022
1539,0
1540,1022
1541,0
1542,1022
1543,0
1544,1022
1545,0
1546,1020
1547,0
1548,1022
1549,1022
1550,0
1551,1022
1552,0
1553,1021
1554,0
1555,1022
1556,0
1557,1021
1558,0
1559,1022
1560,1022
1561,0
1562,1022
1563,0
1564,1021
1565,0
1566,1022
1567,0
1568,1022
1569,0
1570,1022
1571,1022
1572,0
1573,1022
1574,0
1575,1022
1576,0
1577,1022
1578,0
1579,1022
1580,0
1581,1022
1582,0
1583,0
1584,1021
1585,0
1586,1022
1587,0
1588,1022
1589,0
1590,1022
1591,0
1592,1022
1593,0
1594,0
1595,1022
1596,0
1597,1022
1598,0
1599,1022
1600,0
1601,1022
1602,0
1603,1022
1604,0
1605,1022
1606,1022
1607,0
1608,1022
1609,0
1610,1022
1611,0
1612,1022
1613,0
1614,1022
1615,0
1616,1022
1617,1022
1618,0
1619,1022
1620,0
1621,1022
1622,0
1623,1022
1624,0
1625,1022
1626,0
1627,1022
1628,1022
1629,0
1630,1022
1631,0
1632,1021
1633,0
1634,1022
1635,0
1636,1023
1637,0
1638,1022
1639,0
1640,0
1641,1022
1642,0
1643,1022
1644,0
1645,1022
1646,0
1647,1022
1648,0
1649,1022
1650,0
1651,0
1652,1021
1653,0
1654,1022
1655,0
1656,1022
1657,0
1658,1022
1659,0
1660,1022
1661,0
1662,1022
1663,1022
1664,0
1665,1022
1666,0
1667,1022
1668,0
1669,1022
1670,0
1671,1022
1672,0
1673,1022
1674,1022
1675,0
1676,1022
1677,0
1678,1022
1679,0
1680,1022
1681,0
1682,1022
1683,0
1684,1022
1685,0
1686,0
1687,1022
1688,0
1689,1022
1690,0
1691,1022
1692,0
1693,1022
1694,0
1695,1022
1696,0
1697,0
1698,1022
1699,0
1700,1022
1701,0
1702,1022
1703,0
1704,1022
1705,0
1706,1022
1707,0
1708,0
1709,1021
1710,0
1711,1021
1712,0
1713,1021
1714,0
1715,1022
1716,0
1717,1022
1718,0
1719,1022
1720,1022
1721,0
1722,1022
1723,0
1724,1022
1725,0
1726,1022
1727,0
1728,1022
1729,0
1730,1022
1731,1021
1732,0
1733,1021
1734,0
1735,1022
1736,0
1737,1022
1738,0
1739,1022
1740,0
1741,1022
1742,0
1743,0
1744,1022
1745,0
1746,1022
1747,0
1748,1022
1749,0
1750,1022
1751,0
1752,1022
1753,0
1754,0
1755,1022
1756,0
1757,1022
1758,0
1759,1022
1760,0
1761,1022
1762,0
1763,1022
1764,0
1765,0
1766,1022
1767,0
1768,1022
1769,0
1770,1022
1771,0
1772,1021
1773,0
1774,1021
1775,0
1776,1023
1777,1022
1778,0
1779,1022
1780,0
1781,1022
1782,0
1783,1021
1784,0
1785,1022
1786,0
1787,1021
1788,1022
1789,0
1790,1022
1791,0
1792,1022
1793,0
1794,1022
1795,0
1796,1022
1797,0
1798,1022
1799,0
1800,0
1801,1023
1802,0
1803,1022
1804,0
1805,1022
1806,0
1807,1021
1808,0
1809,1022
1810,0
1811,0
1812,1022
1813,0
1814,1022
1815,0
1816,1022
1817,0
1818,1022
1819,0
1820,1022
1821,0
1822,1021
1823,1022
1824,0
1825,1022
1826,0
1827,1022
1828,0
1829,1022
1830,0
1831,1022
1832,0
1833,1022
1834,1022
1835,0
1836,1021
1837,0
1838,1022
1839,0
1840,1021
1841,0
1842,1022
1843,0
1844,1022
1845,1022
1846,0
1847,1022
1848,0
1849,1021
1850,0
1851,1022
1852,0
1853,1022
1854,0
1855,1022
1856,0
1857,0
1858,1022
1859,0
1860,1022
1861,0
1862,1021
1863,0
1864,1022
1865,0
1866,1022
1867,0
1868,0
1869,1022
1870,0
1871,1022
1872,0
1873,1022
1874,0
1875,1022
1876,0
1877,1022
1878,0
1879,1022
1880,1022
1881,0
1882,1022
1883,0
1884,1021
1885,0
1886,1022
1887,0
1888,1021
1889,0
1890,1022
1891,1022
1892,0
1893,1022
1894,0
1895,1022
1896,0
1897,1022
1898,0
1899,1021
1900,0
1901,1022
1902,1022
1903,0
1904,1022
1905,0
1906,1022
1907,0
1908,1022
1909,0
1910,1022
1911,0
1912,1022
1913,0
1914,0
1915,1021
1916,0
1917,1022
1918,0
1919,1022
1920,0
1921,1021
1922,0
1923,1022
1924,0
1925,0
1926,1022
1927,0
1928,1022
1929,0
1930,1022
1931,0
1932,1022
1933,0
1934,1022
1935,0
1936,1022
1937,1021
1938,0
1939,1022
1940,0
1941,1022
1942,0
1943,1022
1944,0
1945,1022
1946,0
1947,1022
1948,1022
1949,0
1950,1022
1951,0
1952,1022
1953,0
1954,1022
1955,0
1956,1022
1957,0
1958,1022
1959,0
1960,0
1961,1021
1962,0
1963,1022
1964,0
1965,1022
1966,0
1967,1022
1968,0
1969,1021
1970,0
1971,0
1972,1022
1973,0
1974,1022
1975,0
1976,1022
1977,0
1978,1022
1979,0
1980,1022
1981,0
1982,0
1983,1022
1984,0
1985,1021
1986,0
1987,1022
1988,0
1989,1022
1990,0
1991,1022
1992,0
1993,1022
1994,1022
1995,0
1996,1022
1997,0
1998,1022
1999,0
2000,1022
2001,0
2002,1022
2003,0
2004,1022
2005,1022
2006,0
2007,1022
2008,0
2009,1022
2010,0
2011,1022
2012,0
2013,1022
2014,0
2015,1022
2016,0
2017,0
2018,1022
2019,0
2020,1022
2021,0
2022,1022
2023,0
2024,1022
2025,0
2026,1022
2027,0
2028,0
2029,1022
2030,0
2031,1022
2032,0
2033,1022
2034,0
2035,1022
2036,0
2037,1022
2038,0
2039,0
2040,1022
2041,0
2042,1022
2043,0
2044,1022
2045,0
2046,1022
2047,0
2048,1022
2049,0
2050,1021
2051,1022
2052,0
2053,1022
2054,0
2055,1022
2056,0
2057,1021
2058,0
2059,1022
2060,0
2061,1022
2062,1022
2063,0
2064,1022
2065,0
2066,1022
2067,0
2068,1022
2069,0
2070,1022
2071,0
2072,1022
2073,0
2074,0
2075,1022
2076,0
2077,1022
2078,0
2079,1022
2080,0
2081,1022
2082,0
2083,1022
2084,0
2085,0
2086,1022
2087,0
2088,1022
2089,0
2090,1022
2091,0
2092,1022
2093,0
2094,1022
2095,0
2096,1021
2097,1022
2098,0
2099,1022
2100,0
2101,1022
2102,0
2103,1022
2104,0
2105,1022
2106,0
2107,1022
2108,1022
2109,0
2110,1022
2111,0
2112,1022
2113,0
2114,1022
2115,0
2116,1022
2117,0
2118,1022
2119,1022
2120,0
2121,1022
2122,0
2123,1022
2124,0
2125,1022
2126,0
2127,1022
2128,0
2129,1022
2130,0
2131,0
2132,1021
2133,0
2134,1022
2135,0
2136,1022
2137,0
2138,1022
2139,0
2140,1022
2141,0
2142,0
2143,1022
2144,0
2145,1022
2146,0
2147,1022
2148,0
2149,1022
2150,0
2151,1022
2152,0
2153,1022
2154,1022
2155,0
2156,1022
2157,0
2158,1022
2159,0
2160,1022
2161,0
2162,1022
2163,0
2164,1021
2165,1022
2166,0
2167,1022
2168,0
2169,1022
2170,0
2171,1022
2172,0
2173,1022
2174,0
2175,1022
2176,0
2177,0
2178,1022
2179,0
2180,1022
2181,0
2182,1022
2183,0
2184,1022
2185,0
2186,1022
2187,0
2188,0
2189,1022
2190,0
2191,1022
2192,0
2193,1022
2194,0
2195,1021
2196,0
2197,1022
2198,0
2199,0
2200,1022
2201,0
2202,1022
2203,0
2204,1022
2205,0
2206,1022
2207,0
2208,1022
2209,0
2210,1022
2211,1022
2212,0
2213,1022
2214,0
2215,1022
2216,0
2217,1022
2218,0
2219,1022
2220,0
2221,1022
2222,1021
2223,0
2224,1022
2225,0
2226,1022
2227,0
2228,1022
2229,0
2230,1022
2231,0
2232,1022
2233,0
2234,0
2235,1022
2236,0
2237,1022
2238,0
2239,1021
2240,0
2241,1022
2242,0
2243,1021
2244,0
2245,0
2246,1023
2247,0
2248,1022
2249,0
2250,1022
2251,0
2252,1022
2253,0
2254,1022
2255,0
2256,0
2257,1022
2258,0
2259,1022
2260,0
2261,1022
2262,0
2263,1022
2264,0
2265,1022
2266,0
2267,1022
2268,1022
2269,0
2270,1023
2271,0
2272,1022
2273,0
2274,1022
2275,0
2276,1022
2277,0
2278,1022
2279,1021
2280,0
2281,1022
2282,0
2283,1022
2284,0
2285,1021
2286,0
2287,1022
2288,0
2289,1022
2290,0
2291,0
2292,1022
2293,0
2294,1022
2295,0
2296,1022
2297,0
2298,1022
2299,0
2300,1022
2301,0
2302,0
2303,1022
2304,0
2305,1022
2306,0
2307,1022
2308,0
2309,1022
2310,0
2311,1022
2312,0
2313,1022
2314,1022
2315,0
2316,1022
2317,0
2318,1021
2319,0
2320,1022
2321,0
2322,1022
2323,0
2324,1022
2325,1022
2326,0
2327,1022
2328,0
2329,1022
2330,0
2331,1022
2332,0
2333,1022
2334,0
2335,1022
2336,1022
2337,0
2338,1022
2339,0
2340,1021
2341,0
2342,1022
2343,0
2344,1021
2345,0
2346,1022
2347,0
2348,0
2349,1021
2350,0
2351,1022
2352,0
2353,1022
2354,0
2355,1022
2356,0
2357,1022
2358,0
2359,0
2360,1022
2361,0
2362,1022
2363,0
2364,1022
2365,0
2366,1022
2367,0
2368,1022
2369,0
2370,1021
2371,1022
2372,0
2373,1022
2374,0
2375,1022
2376,0
2377,1022
2378,0
2379,1022
2380,0
2381,1022
2382,1022
2383,0
2384,1022
2385,0
2386,1022
2387,0
2388,1022
2389,0
2390,1022
2391,0
2392,1021
2393,1021
2394,0
2395,1021
2396,0
2397,1022
2398,0
2399,1022
2400,0
2401,1022
2402,0
2403,1022
2404,0
2405,0
2406,1022
2407,0
2408,1022
2409,0
2410,1022
2411,0
2412,1022
2413,0
2414,1022
2415,0
2416,0
2417,1021
2418,0
2419,1022
2420,0
2421,1021
2422,0
2423,1022
2424,0
2425,1022
2426,0
2427,1021
2428,1022
2429,0
2430,1022
2431,0
2432,1022
2433,0
2434,1022
2435,0
2436,1021
2437,0
2438,1022
2439,1022
2440,0
2441,1022
2442,0
2443,1022
2444,0
2445,1022
2446,0
2447,1022
2448,0
2449,1022
2450,1022
2451,0
2452,1022
2453,0
2454,1022
2455,0
2456,1022
2457,0
2458,1022
2459,0
2460,1021
2461,0
2462,0
2463,1022
2464,0
2465,1022
2466,0
2467,1022
2468,0
2469,1022
2470,0
2471,1021
2472,0
2473,0
2474,1022
2475,0
2476,1021
2477,0
2478,1022
2479,0
2480,1022
2481,0
2482,1022
2483,0
2484,1022
2485,1022
2486,0
2487,1022
2488,0
2489,1022
2490,0
2491,1021
2492,0
2493,1022
2494,0
2495,1021
2496,1022
2497,0
2498,1022
2499,0
2500,1022
2501,0
2502,1022
2503,0
2504,1022
2505,0
2506,1022
2507,0
2508,0
2509,1022
2510,0
2511,1021
2512,0
2513,1022
2514,0
2515,1022
2516,0
2517,1022
2518,0
2519,0
2520,1022
2521,0
2522,1022
2523,0
2524,1022
2525,0
2526,1022
2527,0
2528,1022
2529,0
2530,0
2531,1022
2532,0
2533,1022
2534,0
2535,1022
2536,0
2537,1022
2538,0
2539,1022
2540,0
2541,1021
2542,1022
2543,0
2544,1022
2545,0
2546,1022
2547,0
2548,1022
2549,0
2550,1022
2551,0
2552,1022
2553,1022
2554,0
2555,1022
2556,0
2557,1022
2558,0
2559,1022
2560,0
2561,1022
2562,0
2563,1022
2564,0
2565,0
2566,1022
2567,0
2568,1022
2569,0
2570,1022
2571,0
2572,1022
2573,0
2574,1022
2575,0
2576,0
2577,1022
2578,0
2579,1022
2580,0
2581,1022
2582,0
2583,1022
2584,0
2585,1022
2586,0
2587,1022
2588,1022
2589,0
2590,1022
2591,0
2592,1022
2593,0
2594,1022
2595,0
2596,1022
2597,0
2598,1022
2599,1022
2600,0
2601,1022
2602,0
2603,1022
2604,0
2605,1022
2606,0
2607,1022
2608,0
2609,1022
2610,1022
2611,0
2612,1022
2613,0
2614,1022
2615,0
2616,1022
2617,0
2618,1022
2619,0
2620,1022
2621,0
2622,0
2623,1022
2624,0
2625,1022
2626,0
2627,1022
2628,0
2629,1022
2630,0
2631,1022
2632,0
2633,0
2634,1022
2635,0
2636,1022
2637,0
2638,1022
2639,0
2640,1022
2641,0
2642,1022
2643,0
2644,1022
2645,1022
2646,0
2647,1022
2648,0
2649,1022
2650,0
2651,1022
2652,0
2653,1022
2654,0
2655,1022
2656,1022
2657,0
2658,1022
2659,0
2660,1022
2661,0
2662,1022
2663,0
2664,1022
2665,0
2666,1022
2667,1022
2668,0
2669,1022
2670,0
2671,1022
2672,0
2673,1021
2674,0
2675,1022
2676,0
2677,1022
2678,0
2679,0
2680,1022
2681,0
2682,1022
2683,0
2684,1022
2685,0
2686,1022
2687,0
2688,1022
2689,0
2690,0
2691,1022
2692,0
2693,1022
2694,0
2695,1022
2696,0
2697,1022
2698,0
2699,1022
2700,0
2701,1022
2702,1022
2703,0
2704,1022
2705,0
2706,1022
2707,0
2708,1022
2709,0
2710,1022
2711,0
2712,1022
2713,1022
2714,0
2715,1022
2716,0
2717,1022
2718,0
2719,1022
2720,0
2721,1021
2722,0
2723,1022
2724,1021
2725,0
2726,1022
2727,0
2728,1022
2729,0
2730,1022
2731,0
2732,1021
2733,0
2734,1022
2735,0
2736,0
2737,1022
2738,0
2739,1022
2740,0
2741,1022
2742,0
2743,1022
2744,0
2745,1022
2746,0
2747,0
2748,1022
2749,0
2750,1022
2751,0
2752,1022
2753,0
2754,1022
2755,0
2756,1022
2757,0
2758,1022
2759,1022
2760,0
2761,1022
2762,0
2763,1022
2764,0
2765,1022
2766,0
2767,1022
2768,0
2769,1021
2770,1021
2771,0
2772,1021
2773,0
2774,1021
2775,0
2776,1022
2777,0
2778,1022
2779,0
2780,1022
2781,0
2782,0
2783,1022
2784,0
2785,1022
2786,0
2787,1022
2788,0
2789,1022
2790,0
2791,1022
2792,0
2793,0
2794,1022
2795,0
2796,1022
2797,0
2798,1022
2799,0
2800,1022
2801,0
2802,1022
2803,0
2804,0
2805,1022
2806,0
2807,1022
2808,0
2809,1022
2810,0
2811,1022
2812,0
2813,1022
2814,0
2815,1022
2816,1021
2817,0
2818,1022
2819,0
2820,1022
2821,0
2822,1022
2823,0
2824,1022
2825,0
2826,1022
2827,1022
2828,0
2829,1022
2830,0
2831,1022
2832,0
2833,1022
2834,0
2835,1022
2836,0
2837,1022
2838,0
2839,0
2840,1022
2841,0
2842,1022
2843,0
2844,1022
2845,0
2846,1021
2847,0
2848,1022
2849,0
2850,0
2851,1022
2852,0
2853,1022
2854,0
2855,1022
2856,0
2857,1021
2858,0
2859,1022
2860,0
2861,1022
2862,1022
2863,0
2864,1021
2865,0
2866,1022
2867,0
2868,1022
2869,0
2870,1021
2871,0
2872,1022
2873,1022
2874,0
2875,1022
2876,0
2877,1022
2878,0
2879,1022
2880,0
2881,1022
2882,0
2883,1022
2884,1022
2885,0
2886,1022
2887,0
2888,1022
2889,0
2890,1022
2891,0
2892,1022
2893,0
2894,1021
2895,0
2896,0
2897,1022
2898,0
2899,1022
2900,0
2901,1022
2902,0
2903,1022
2904,0
2905,1022
2906,0
2907,0
2908,1022
2909,0
2910,1022
2911,0
2912,1022
2913,0
2914,1022
2915,0
2916,1021
2917,0
2918,1021
2919,1021
2920,0
2921,1022
2922,0
2923,1022
2924,0
2925,1022
2926,0
2927,1022
2928,0
2929,1023
2930,1022
2931,0
2932,1021
2933,0
2934,1022
2935,0
2936,1022
2937,0
2938,1022
2939,0
2940,1022
2941,1021
2942,0
2943,1022
2944,0
2945,1022
2946,0
2947,1022
2948,0
2949,1022
2950,0
2951,1022
2952,0
2953,0
2954,1022
2955,0
2956,1022
2957,0
2958,1021
2959,0
2960,1022
2961,0
2962,1021
2963,0
2964,0
2965,1021
2966,0
2967,1022
2968,0
2969,1022
2970,0
2971,1022
2972,0
2973,1022
2974,0
2975,1022
2976,1022
2977,0
2978,1022
2979,0
2980,1022
2981,0
2982,1022
2983,0
2984,1022
2985,0
2986,1022
2987,1022
2988,0
2989,1022
2990,0
2991,1022
2992,0
2993,1022
2994,0
2995,1022
2996,0
2997,1021
2998,1022
2999,0
3000,1022
3001,0
3002,1022
3003,0
3004,1022
3005,0
3006,1022
3007,0
3008,1022
3009,0
3010,0
3011,1022
3012,0
3013,1022
3014,0
3015,1022
3016,0
3017,1022
3018,0
3019,1022
3020,0
3021,0
3022,1022
3023,0
3024,1022
3025,0
3026,1022
3027,0
3028,1022
3029,0
3030,1022
3031,0
3032,1022
3033,1021
3034,0
3035,1022
3036,0
3037,1022
3038,0
3039,1022
3040,0
3041,1022
3042,0
3043,1022
3044,1022
3045,0
3046,1022
3047,0
3048,1022
3049,0
3050,1022
3051,0
3052,1022
3053,0
3054,1022
3055,0
3056,0
3057,1022
3058,0
3059,1022
3060,0
3061,1022
3062,0
3063,1022
3064,0
3065,1022
3066,0
3067,0
3068,1022
3069,0
3070,1022
3071,0
3072,1022
3073,0
3074,1021
3075,0
3076,1023
3077,0
3078,0
3079,1022
3080,0
3081,1022
3082,0
3083,1022
3084,0
3085,1022
3086,0
3087,1022
3088,0
3089,1021
3090,1022
3091,0
3092,1022
3093,0
3094,1022
3095,0
3096,1022
3097,0
3098,1022
3099,0
3100,1022
3101,1022
3102,0
3103,1022
3104,0
3105,1023
3106,0
3107,1022
3108,0
3109,1022
3110,0
3111,1022
3112,0
3113,0
3114,1022
3115,0
3116,1021
3117,0
3118,1022
3119,0
3120,1022
3121,0
3122,1022
3123,0
3124,0
3125,1022
3126,0
3127,1022
3128,0
3129,1022
3130,0
3131,1021
3132,0
3133,1022
3134,0
3135,0
3136,1022
3137,0
3138,1022
3139,0
3140,1022
3141,0
3142,1022
3143,0
3144,1022
3145,0
3146,1022
3147,1022
3148,0
3149,1022
3150,0
3151,1022
3152,0
3153,1022
3154,0
3155,1021
3156,0
3157,1022
3158,1022
3159,0
3160,1022
3161,0
3162,1022
3163,0
3164,1021
3165,0
3166,1022
3167,0
3168,1022
3169,0
3170,0
3171,1022
3172,0
3173,1022
3174,0
3175,1022
3176,0
3177,1021
3178,0
3179,1022
3180,0
3181,0
3182,1022
3183,0
3184,1022
3185,0
3186,1022
3187,0
3188,1022
3189,0
3190,1022
3191,0
3192,1022
3193,1022
3194,0
3195,1022
3196,0
3197,1022
3198,0
3199,1022
3200,0
3201,1022
3202,0
3203,1022
3204,1022
3205,0
3206,1022
3207,0
3208,1022
3209,0
3210,1022
3211,0
3212,1022
3213,0
3214,1022
3215,1022
3216,0
3217,1022
3218,0
3219,1022
3220,0
3221,1022
3222,0
3223,1022
3224,0
3225,1022
3226,0
3227,0
3228,1022
3229,0
3230,1022
3231,0
3232,1022
3233,0
3234,1022
3235,0
3236,1022
3237,0
3238,0
3239,1022
3240,0
3241,1022
3242,0
3243,1022
3244,0
3245,1022
3246,0
3247,1021
3248,0
3249,1021
3250,1022
3251,0
3252,1022
3253,0
3254,1022
3255,0
3256,1022
3257,0
3258,1021
3259,0
3260,1022
3261,1022
3262,0
3263,1021
3264,0
3265,1022
3266,0
3267,1021
3268,0
3269,1022
3270,0
3271,1022
3272,1022
3273,0
3274,1022
3275,0
3276,1022
3277,0
3278,1022
3279,0
3280,1022
3281,0
3282,1022
3283,0
3284,0
3285,1022
3286,0
3287,1022
3288,0
3289,1022
3290,0
3291,1022
3292,0
3293,1022
3294,0
3295,0
3296,1022
3297,0
3298,1022
3299,0
3300,1022
3301,0
3302,1022
3303,0
3304,1022
3305,0
3306,1022
3307,1022
3308,0
3309,1021
3310,0
3311,1022
3312,0
3313,1021
3314,0
3315,1022
3316,0
3317,1021
3318,1022
3319,0
3320,1022
3321,0
3322,1023
3323,0
3324,1022
3325,0
3326,1022
3327,0
3328,1022
3329,0
3330,0
3331,1022
3332,0
3333,1022
3334,0
3335,1021
3336,0
3337,1022
3338,0
3339,1021
3340,0
3341,0
3342,1022
3343,0
3344,1022
3345,0
3346,1022
3347,0
3348,1022
3349,0
3350,1022
3351,0
3352,0
3353,1022
3354,0
3355,1022
3356,0
3357,1022
3358,0
3359,1022
3360,0
3361,1022
3362,0
3363,1022
3364,1022
3365,0
3366,1022
3367,0
3368,1022
3369,0
3370,1022
3371,0
3372,1021
3373,0
3374,1022
3375,1022
3376,0
3377,1022
3378,0
3379,1022
3380,0
3381,1022
3382,0
3383,1022
3384,0
3385,1021
3386,0
3387,0
3388,1022
3389,0
3390,1021
3391,0
3392,1021
3393,0
3394,1022
3395,0
3396,1022
3397,0
3398,0
3399,1022
3400,0
3401,1022
3402,0
3403,1022
3404,0
3405,1022
3406,0
3407,1022
3408,0
3409,0
3410,1022
3411,0
3412,1021
3413,0
3414,1021
3415,0
3416,1022
3417,0
3418,1022
3419,0
3420,1022
3421,1022
3422,0
3423,1022
3424,0
3425,1022
3426,0
3427,1022
3428,0
3429,1022
3430,0
3431,1022
3432,1022
3433,0
3434,1022
3435,0
3436,1022
3437,0
3438,1022
3439,0
3440,1022
3441,0
3442,1022
3443,0
3444,0
3445,1022
3446,0
3447,1022
3448,0
3449,1022
3450,0
3451,1022
3452,0
3453,1022
3454,0
3455,0
3456,1022
3457,0
3458,1022
3459,0
3460,1022
3461,0
3462,1022
3463,0
3464,1022
3465,0
3466,1021
3467,1021
3468,0
3469,1022
3470,0
3471,1022
3472,0
3473,1022
3474,0
3475,1023
3476,0
3477,1022
3478,1022
3479,0
3480,1022
3481,0
3482,1022
3483,0
3484,1022
3485,0
3486,1021
3487,0
3488,1022
3489,1022
3490,0
3491,1022
3492,0
3493,1022
3494,0
3495,1022
3496,0
3497,1021
3498,0
3499,1022
3500,0
3501,0
3502,1022
3503,0
3504,1022
3505,0
3506,1022
3507,0
3508,1021
3509,0
3510,1022
3511,0
3512,0
3513,1022
3514,0
3515,1022
3516,0
3517,1022
3518,0
3519,1022
3520,0
3521,1022
3522,0
3523,1022
3524,1022
3525,0
3526,1022
3527,0
3528,1022
3529,0
3530,1022
3531,0
3532,1022
3533,0
3534,1022
3535,1021
3536,0
3537,1021
3538,0
3539,1022
3540,0
3541,1021
3542,0
3543,1022
3544,0
3545,1022
3546,1021
3547,0
3548,1022
3549,0
3550,1022
3551,0
3552,1022
3553,0
3554,1022
3555,0
3556,1022
3557,0
3558,0
3559,1022
3560,0
3561,1022
3562,0
3563,1021
3564,0
3565,1021
3566,0
3567,1021
3568,0
3569,0
3570,1022
3571,0
3572,1022
3573,0
3574,1022
3575,0
3576,1021
3577,0
3578,1022
3579,0
3580,1022
3581,1022
3582,0
3583,1022
3584,0
3585,1022
3586,0
3587,1022
3588,0
3589,1022
3590,0
3591,1022
3592,1022
3593,0
3594,1022
3595,0
3596,1022
3597,0
3598,1022
3599,0
3600,1022
3601,0
3602,1022
3603,0
3604,0
3605,1022
3606,0
3607,1022
3608,0
3609,1022
3610,0
3611,1022
3612,0
3613,1022
3614,0
3615,0
3616,1022
3617,0
3618,1021
3619,0
3620,1022
3621,0
3622,1022
3623,0
3624,1022
3625,0
3626,0
3627,1022
3628,0
3629,1022
3630,0
3631,1022
3632,0
3633,1021
3634,0
3635,1022
3636,0
3637,1022
3638,1022
3639,0
3640,1022
3641,0
3642,1021
3643,0
3644,1022
3645,0
3646,1021
3647,0
3648,1022
3649,1022
3650,0
3651,1022
3652,0
3653,1022
3654,0
3655,1022
3656,0
3657,1022
3658,0
3659,1022
3660,0
3661,0
3662,1022
3663,0
3664,1022
3665,0
3666,1022
3667,0
3668,1022
3669,0
3670,1022
3671,0
3672,0
3673,1022
3674,0
3675,1022
3676,0
3677,1022
3678,0
3679,1022
3680,0
3681,1022
3682,0
3683,1021
3684,1022
3685,0
3686,1022
3687,0
3688,1022
3689,0
3690,1022
3691,0
3692,1021
3693,0
3694,1022
3695,1021
3696,0
3697,1022
3698,0
3699,1022
3700,0
3701,1022
3702,0
3703,1022
3704,0
3705,1021
3706,1022
3707,0
3708,1022
3709,0
3710,1021
3711,0
3712,1022
3713,0
3714,1021
3715,0
3716,1021
3717,0
3718,0
3719,1022
3720,0
3721,1022
3722,0
3723,1022
3724,0
3725,1022
3726,0
3727,1022
3728,0
3729,0
3730,1022
3731,0
3732,1022
3733,0
3734,1022
3735,0
3736,1022
3737,0
3738,1021
3739,0
3740,1021
3741,1022
3742,0
3743,1022
3744,0
3745,1022
3746,0
3747,1022
3748,0
3749,1022
3750,0
3751,1022
3752,1022
3753,0
3754,1022
3755,0
3756,1022
3757,0
3758,1022
3759,0
3760,1022
3761,0
3762,1021
3763,1022
3764,0
3765,1021
3766,0
3767,1022
3768,0
3769,1022
3770,0
3771,1022
3772,0
3773,1021
3774,0
3775,0
3776,1022
3777,0
3778,1022
3779,0
3780,1022
3781,0
3782,1021
3783,0
3784,1022
3785,0
3786,0
3787,1021
3788,0
3789,1023
3790,0
3791,1021
3792,0
3793,1022
3794,0
3795,1021
3796,0
3797,1022
3798,1022
3799,0
3800,1022
3801,0
3802,1022
3803,0
3804,1022
3805,0
3806,1022
3807,0
3808,1022
3809,1022
3810,0
3811,1022
3812,0
3813,1022
3814,0
3815,1022
3816,0
3817,1022
3818,0
3819,1022
3820,0
3821,0
3822,1022
3823,0
3824,1022
3825,0
3826,1022
3827,0
3828,1022
3829,0
3830,1022
3831,0
3832,0
3833,1022
3834,0
3835,1022
3836,0
3837,1022
3838,0
3839,1022
3840,0
3841,1022
3842,0
3843,0
3844,1021
3845,0
3846,1022
3847,0
3848,1022
3849,0
3850,1022
3851,0
3852,1022
3853,0
3854,1022
3855,1022
3856,0
3857,1021
3858,0
3859,1021
3860,0
3861,1022
3862,0
3863,1022
3864,0
3865,1022
3866,1022
3867,0
3868,1022
3869,0
3870,1022
3871,0
3872,1022
3873,0
3874,1021
3875,0
3876,1022
3877,0
3878,0
3879,1022
3880,0
3881,1022
3882,0
3883,1022
3884,0
3885,1022
3886,0
3887,1022
3888,0
3889,0
3890,1022
3891,0
3892,1022
3893,0
3894,1022
3895,0
3896,1022
3897,0
3898,1022
3899,0
3900,0
3901,1022
3902,0
3903,1022
3904,0
3905,1022
3906,0
3907,1022
3908,0
3909,1022
3910,0
3911,1022
3912,1022
3913,0
3914,1022
3915,0
3916,1022
3917,0
3918,1022
3919,0
3920,1021
3921,0
3922,1022
3923,1021
3924,0
3925,1022
3926,0
3927,1022
3928,0
3929,1022
3930,0
3931,1022
3932,0
3933,1022
3934,0
3935,0
3936,1022
3937,0
3938,1022
3939,0
3940,1021
3941,0
3942,1021
3943,0
3944,1022
3945,0
3946,0
3947,1022
3948,0
3949,1021
3950,0
3951,1022
3952,0
3953,1022
3954,0
3955,1022
3956,0
3957,0
3958,1022
3959,0
3960,1022
3961,0
3962,1022
3963,0
3964,1022
3965,0
3966,1022
3967,0
3968,1022
3969,1021
3970,0
3971,1022
3972,0
3973,1022
3974,0
3975,1022
3976,0
3977,1022
3978,0
3979,1022
3980,1022
3981,0
3982,1022
3983,0
3984,1022
3985,0
3986,1022
3987,0
3988,1022
3989,0
3990,1022
3991,0
3992,0
3993,1022
3994,0
3995,1021
3996,0
3997,1022
3998,0
3999,1022
4000,0
4001,1022
4002,0
4003,0
4004,1022
4005,0
4006,1022
4007,0
4008,1022
4009,0
4010,1022
4011,0
4012,1022
4013,0
4014,1021
4015,1021
4016,0
4017,1021
4018,0
4019,1021
4020,0
4021,1022
4022,0
4023,1022
4024,0
4025,1022
4026,1021
4027,0
4028,1022
4029,0
4030,1022
4031,0
4032,1022
4033,0
4034,1022
4035,0
4036,1022
4037,1022
4038,0
4039,1022
4040,0
4041,1022
4042,0
4043,1022
4044,0
4045,1022
4046,0
4047,1022
4048,0
4049,0
4050,1022
4051,0
4052,1022
4053,0
4054,1022
4055,0
4056,1022
4057,0
4058,1022
4059,0
4060,0
4061,1022
4062,0
4063,1022
4064,0
4065,1022
4066,0
4067,1022
4068,0
4069,1022
4070,0
4071,1022
4072,1021
4073,0
4074,1021
4075,0
4076,1022
4077,0
4078,1022
4079,0
4080,1022
4081,0
4082,1022
4083,1022
4084,0
4085,1022
4086,0
4087,1022
4088,0
4089,1022
4090,0
4091,1022
4092,0
4093,1021
4094,1022
4095,0
4096,1021
4097,0
4098,1022
4099,0
4100,1022
4101,0
4102,1022
4103,0
4104,1022
4105,0
4106,0
4107,1022
4108,0
4109,1022
4110,0
4111,1022
4112,0
4113,1022
4114,0
4115,1022
4116,0
4117,0
4118,1022
4119,0
4120,1022
4121,0
4122,1022
4123,0
4124,1022
4125,0
4126,1022
4127,0
4128,1022
4129,1022
4130,0
4131,1022
4132,0
4133,1022
4134,0
4135,1021
4136,0
4137,1022
4138,0
4139,1022
4140,1022
4141,0
4142,1022
4143,0
4144,1022
4145,0
4146,1022
4147,0
4148,1022
4149,0
4150,1022
4151,0
4152,0
4153,1021
4154,0
4155,1022
4156,0
4157,1022
4158,0
4159,1022
4160,0
4161,1022
4162,0
4163,0
4164,1022
4165,0
4166,1022
4167,0
4168,1022
4169,0
4170,1021
4171,0
4172,1022
4173,0
4174,0
4175,1022
4176,0
4177,1022
4178,0
4179,1022
4180,0
4181,1022
4182,0
4183,1021
4184,0
4185,1022
4186,1022
4187,0
4188,1022
4189,0
4190,1022
4191,0
4192,1022
4193,0
4194,1022
4195,0
4196,1022
4197,1022
4198,0
4199,1022
4200,0
4201,1022
4202,0
4203,1022
4204,0
4205,1022
4206,0
4207,1022
4208,0
4209,0
4210,1022
4211,0
4212,1022
4213,0
4214,1021
4215,0
4216,1022
4217,0
4218,1022
4219,0
4220,0
4221,1022
4222,0
4223,1021
4224,0
4225,1022
4226,0
4227,1021
4228,0
4229,1022
4230,0
4231,0
4232,1022
4233,0
4234,1022
4235,0
4236,1022
4237,0
4238,1022
4239,0
4240,1022
4241,0
4242,1022
4243,1022
4244,0
4245,1021
4246,0
4247,1022
4248,0
4249,1021
4250,0
4251,1022
4252,0
4253,1022
4254,1023
4255,0
4256,1023
4257,0
4258,1022
4259,0
4260,1022
4261,0
4262,1022
4263,0
4264,1021
4265,0
4266,0
4267,1022
4268,0
4269,1022
4270,0
4271,1022
4272,0
4273,1022
4274,0
4275,1022
4276,0
4277,0
4278,1022
4279,0
4280,1022
4281,0
4282,1022
4283,0
4284,1022
4285,0
4286,1022
4287,0
4288,1022
4289,1022
4290,0
4291,1022
4292,0
4293,1022
4294,0
4295,1022
4296,0
4297,1022
4298,0
4299,1022
4300,1022
4301,0
4302,1022
4303,0
4304,1022
4305,0
4306,1022
4307,0
4308,1022
4309,0
4310,1022
4311,1022
4312,0
4313,1022
4314,0
4315,1022
4316,0
4317,1022
4318,0
4319,1022
4320,0
4321,1022
4322,0
4323,0
4324,1022
4325,0
4326,1021
4327,0
4328,1022
4329,0
4330,1022
4331,0
4332,1022
4333,0
4334,0
4335,1022
4336,0
4337,1022
4338,0
4339,1022
4340,0
4341,1022
4342,0
4343,1022
4344,0
4345,1022
4346,1022
4347,0
4348,1022
4349,0
4350,1022
4351,0
4352,1022
4353,0
4354,1022
4355,0
4356,1022
4357,1021
4358,0
4359,1022
4360,0
4361,1022
4362,0
4363,1022
4364,0
4365,1022
4366,0
4367,1022
4368,1021
4369,0
4370,1022
4371,0
4372,1022
4373,0
4374,1022
4375,0
4376,1021
4377,0
4378,1022
4379,0
4380,0
4381,1023
4382,0
4383,1022
4384,0
4385,1022
4386,0
4387,1022
4388,0
4389,1022
4390,0
4391,0
4392,1022
4393,0
4394,1022
4395,0
4396,1022
4397,0
4398,1022
4399,0
4400,1022
4401,0
4402,1021
4403,1022
4404,0
4405,1022
4406,0
4407,1022
4408,0
4409,1021
4410,0
4411,1022
4412,0
4413,1022
4414,1022
4415,0
4416,1022
4417,0
4418,1022
4419,0
4420,1022
4421,0
4422,1022
4423,0
4424,1022
4425,0
4426,0
4427,1022
4428,0
4429,1022
4430,0
4431,1022
4432,0
4433,1022
4434,0
4435,1022
4436,0
4437,0
4438,1022
4439,0
4440,1022
4441,0
4442,1022
4443,0
4444,1022
4445,0
4446,1022
4447,0
4448,0
4449,1022
4450,0
4451,1022
4452,0
4453,1022
4454,0
4455,1022
4456,0
4457,1022
4458,0
4459,1022
4460,1022
4461,0
4462,1022
4463,0
4464,1022
4465,0
4466,1022
4467,0
4468,1022
4469,0
4470,1022
4471,1022
4472,0
4473,1022
4474,0
4475,1022
4476,0
4477,1022
4478,0
4479,1021
4480,0
4481,1021
4482,0
4483,0
4484,1022
4485,0
4486,1022
4487,0
4488,1022
4489,0
4490,1022
4491,0
4492,1022
4493,0
4494,0
4495,1022
4496,0
4497,1022
4498,0
4499,1022
4500,0
4501,1022
4502,0
4503,1022
4504,0
4505,0
4506,1022
4507,0
4508,1022
4509,0
4510,1022
4511,0
4512,1022
4513,0
4514,1022
4515,0
4516,1022
4517,1022
4518,0
4519,1022
4520,0
4521,1022
4522,0
4523,1022
4524,0
4525,1022
4526,0
4527,1022
4528,1022
4529,0
4530,1022
4531,0
4532,1021
4533,0
4534,1022
4535,0
4536,1022
4537,0
4538,1022
4539,0
4540,0
4541,1022
4542,0
4543,1022
4544,0
4545,1022
4546,0
4547,1022
4548,0
4549,1022
4550,0
4551,0
4552,1021
4553,0
4554,1022
4555,0
4556,1021
4557,0
4558,1022
4559,0
4560,1022
4561,0
4562,1022
4563,1022
4564,0
4565,1022
4566,0
4567,1022
4568,0
4569,1022
4570,0
4571,1022
4572,0
4573,1022
4574,1022
4575,0
4576,1022
4577,0
4578,1022
4579,0
4580,1022
4581,0
4582,1022
4583,0
4584,1022
4585,1022
4586,0
4587,1022
4588,0
4589,1022
4590,0
4591,1021
4592,0
4593,1022
4594,0
4595,1022
4596,0
4597,0
4598,1022
4599,0
4600,1021
4601,0
4602,1022
4603,0
4604,1022
4605,0
4606,1021
4607,0
4608,0
4609,1022
4610,0
4611,1022
4612,0
4613,1022
4614,0
4615,1022
4616,0
4617,1022
4618,0
4619,1022
4620,1022
4621,0
4622,1021
4623,0
4624,1021
4625,0
4626,1022
4627,0
4628,1022
4629,0
4630,1022
4631,1022
4632,0
4633,1022
4634,0
4635,1022
4636,0
4637,1022
4638,0
4639,1022
4640,0
4641,1021
4642,1022
4643,0
4644,1022
4645,0
4646,1022
4647,0
4648,1022
4649,0
4650,1022
4651,0
4652,1021
4653,0
4654,0
4655,1022
4656,0
4657,1022
4658,0
4659,1022
4660,0
4661,1022
4662,0
4663,1022
4664,0
4665,0
4666,1022
4667,0
4668,1022
4669,0
4670,1022
4671,0
4672,1022
4673,0
4674,1022
4675,0
4676,1022
4677,1022
4678,0
4679,1022
4680,0
4681,1022
4682,0
4683,1021
4684,0
4685,1022
4686,0
4687,1022
4688,1022
4689,0
4690,1022
4691,0
4692,1022
4693,0
4694,1022
4695,0
4696,1022
4697,0
4698,1022
4699,0
4700,0
4701,1022
4702,0
4703,1022
4704,0
4705,1022
4706,0
4707,1021
4708,0
4709,1022
4710,0
4711,0
4712,1022
4713,0
4714,1022
4715,0
4716,1022
4717,0
4718,1022
4719,0
4720,1022
4721,0
4722,0
4723,1022
4724,0
4725,1022
4726,0
4727,1022
4728,0
4729,1022
4730,0
4731,1022
4732,0
4733,1022
4734,1021
4735,0
4736,1022
4737,0
4738,1022
4739,0
4740,1022
4741,0
4742,1022
4743,0
4744,1022
4745,1022
4746,0
4747,1022
4748,0
4749,1022
4750,0
4751,1022
4752,0
4753,1022
4754,0
4755,1022
4756,0
4757,0
4758,1022
4759,0
4760,1021
4761,0
4762,1022
4763,0
4764,1022
4765,0
4766,1022
4767,0
4768,0
4769,1022
4770,0
4771,1022
4772,0
4773,1022
4774,0
4775,1021
4776,0
4777,1022
4778,0
4779,1021
4780,1021
4781,0
4782,1021
4783,0
4784,1022
4785,0
4786,1022
4787,0
4788,1022
4789,0
4790,1022
4791,1022
4792,0
4793,1022
4794,0
4795,1022
4796,0
4797,1021
4798,0
4799,1022
4800,0
4801,1021
4802,1022
4803,0
4804,1022
4805,0
4806,1022
4807,0
4808,1022
4809,0
4810,1022
4811,0
4812,1022
4813,0
4814,0
4815,1022
4816,0
4817,1022
4818,0
4819,1022
4820,0
4821,1022
4822,0
4823,1022
4824,0
4825,0
4826,1022
4827,0
4828,1021
4829,0
4830,1022
4831,0
4832,1022
4833,0
4834,1022
4835,0
4836,1021
4837,1022
4838,0
4839,1022
4840,0
4841,1022
4842,0
4843,1022
4844,0
4845,1022
4846,0
4847,1022
4848,1022
4849,0
4850,1022
4851,0
4852,1022
4853,0
4854,1022
4855,0
4856,1022
4857,0
4858,1022
4859,1021
4860,0
4861,1022
4862,0
4863,1021
4864,0
4865,1022
4866,0
4867,1022
4868,0
4869,1022
4870,0
4871,0
4872,1022
4873,0
4874,1021
4875,0
4876,1022
4877,0
4878,1022
4879,0
4880,1022
4881,0
4882,0
4883,1022
4884,0
4885,1021
4886,0
4887,1022
4888,0
4889,1022
4890,0
4891,1022
4892,0
4893,1022
4894,1022
4895,0
4896,1022
4897,0
4898,1022
4899,0
4900,1022
4901,0
4902,1022
4903,0
4904,1022
4905,1022
4906,0
4907,1022
4908,0
4909,1022
4910,0
4911,1022
4912,0
4913,1022
4914,0
4915,1021
4916,0
4917,0
4918,1022
4919,0
4920,1022
4921,0
4922,1022
4923,0
4924,1022
4925,0
4926,1022
4927,0
4928,0
4929,1022
4930,0
4931,1022
4932,0
4933,1021
4934,0
4935,1021
4936,0
4937,1022
4938,0
4939,0
4940,1022
4941,0
4942,1022
4943,0
4944,1022
4945,0
4946,1022
4947,0
4948,1022
4949,0
4950,1022
4951,1022
4952,0
4953,1022
4954,0
4955,1022
4956,0
4957,1022
4958,0
4959,1022
4960,0
4961,1022
4962,1022
4963,0
4964,1022
4965,0
4966,1022
4967,0
4968,1022
4969,0
4970,1022
4971,0
4972,1022
4973,0
4974,0
4975,1022
4976,0
4977,1022
4978,0
4979,1022
4980,0
4981,1021
4982,0
4983,1022
4984,0
4985,0
4986,1022
4987,0
4988,1021
4989,0
4990,1022
4991,0
4992,1022
4993,0
4994,1022
4995,0
4996,0
4997,1022
4998,0
4999,1022
5000,0
5001,1022
5002,0
5003,1022
5004,0
5005,1022
5006,0
5007,1022
5008,1022
5009,0
5010,1022
5011,0
5012,1020
5013,0
5014,1022
5015,0
5016,1022
5017,0
5018,1022
5019,1022
5020,0
5021,1022
5022,0
5023,1022
5024,0
5025,1022
5026,0
5027,1022
5028,0
5029,1022
5030,0
5031,0
5032,1021
5033,0
5034,1022
5035,0
5036,1021
5037,0
5038,1022
5039,0
5040,1022
5041,0
5042,0
5043,1022
5044,0
5045,1022
5046,0
5047,1022
5048,0
5049,1022
5050,0
5051,1022
5052,0
5053,1021
5054,1022
5055,0
5056,1022
5057,0
5058,1021
5059,0
5060,1022
5061,0
5062,1021
5063,0
5064,1022
5065,1021
5066,0
5067,1022
5068,0
5069,1022
5070,0
5071,1022
5072,0
5073,1022
5074,0
5075,1022
5076,1022
5077,0
5078,1022
5079,0
5080,1022
5081,0
5082,1022
5083,0
5084,1022
5085,0
5086,1022
5087,0
5088,0
5089,1022
5090,0
5091,1022
5092,0
5093,1022
5094,0
5095,1022
5096,0
5097,1022
5098,0
5099,0
5100,1022
5101,0
5102,1022
5103,0
5104,1022
5105,0
5106,1022
5107,0
5108,1022
5109,0
5110,1022
5111,1022
5112,0
5113,1022
5114,0
5115,1022
5116,0
5117,1022
5118,0
5119,1022
5120,0
5121,1022
5122,1022
5123,0
5124,1022
5125,0
5126,1022
5127,0
5128,1022
5129,0
5130,1022
5131,0
5132,1022
5133,1021
5134,0
5135,1022
5136,0
5137,1022
5138,0
5139,1022
5140,0
5141,1021
5142,0
5143,1022
5144,0
5145,0
5146,1022
5147,0
5148,1022
5149,0
5150,1022
5151,0
5152,1022
5153,0
5154,1022
5155,0
5156,0
5157,1022
5158,0
5159,1022
5160,0
5161,1021
5162,0
5163,1022
5164,0
5165,1022
5166,0
5167,1021
5168,1022
5169,0
5170,1022
5171,0
5172,1022
5173,0
5174,1022
5175,0
5176,1022
5177,0
5178,1022
5179,1022
5180,0
5181,1022
5182,0
5183,1022
5184,0
5185,1022
5186,0
5187,1022
5188,0
5189,1022
5190,0
5191,0
5192,1022
5193,0
5194,1022
5195,0
5196,1022
5197,0
5198,1021
5199,0
5200,1022
5201,0
5202,0
5203,1022
5204,0
5205,1022
5206,0
5207,1022
5208,0
5209,1022
5210,0
5211,1021
5212,0
5213,0
5214,1022
5215,0
5216,1022
5217,0
5218,1021
5219,0
5220,1022
5221,0
5222,1022
5223,0
5224,1022
5225,1022
5226,0
5227,1022
5228,0
5229,1022
5230,0
5231,1022
5232,0
5233,1022
5234,0
5235,1021
5236,1022
5237,0
5238,1022
5239,0
5240,1022
5241,0
5242,1022
5243,0
5244,1022
5245,0
5246,1022
5247,0
5248,0
5249,1021
5250,0
5251,1022
5252,0
5253,1022
5254,0
5255,1022
5256,0
5257,1022
5258,0
5259,0
5260,1022
5261,0
5262,1021
5263,0
5264,1022
5265,0
5266,1022
5267,0
5268,1022
5269,0
5270,0
5271,1022
5272,0
5273,1022
5274,0
5275,1022
5276,0
5277,1022
5278,0
5279,1022
5280,0
5281,1022
5282,1022
5283,0
5284,1022
5285,0
5286,1021
5287,0
5288,1022
5289,0
5290,1021
5291,0
5292,1021
5293,1022
5294,0
5295,1022
5296,0
5297,1022
5298,0
5299,1022
5300,0
5301,1022
5302,0
5303,1022
5304,0
5305,0
5306,1022
5307,0
5308,1021
5309,0
5310,1022
5311,0
5312,1021
5313,0
5314,1022
5315,0
5316,0
5317,1022
5318,0
5319,1022
5320,0
5321,1022
5322,0
5323,1022
5324,0
5325,1022
5326,0
5327,0
5328,1022
5329,0
5330,1022
5331,0
5332,1021
5333,0
5334,1022
5335,0
5336,1022
5337,0
5338,1022
5339,1022
5340,0
5341,1022
5342,0
5343,1022
5344,0
5345,1022
5346,0
5347,1022
5348,0
5349,1022
5350,1022
5351,0
5352,1023
5353,0
5354,1022
5355,0
5356,1022
5357,0
5358,1022
5359,0
5360,1022
5361,0
5362,0
5363,1022
5364,0
5365,1021
5366,0
5367,1022
5368,0
5369,1022
5370,0
5371,1023
5372,0
5373,0
5374,1022
5375,0
5376,1022
5377,0
5378,1022
5379,0
5380,1022
5381,0
5382,1022
5383,0
5384,1022
5385,1022
5386,0
5387,1022
5388,0
5389,1021
5390,0
5391,1021
5392,0
5393,1021
5394,0
5395,1022
5396,1022
5397,0
5398,1022
5399,0
5400,1022
5401,0
5402,1022
5403,0
5404,1022
5405,0
5406,1022
5407,1022
5408,0
5409,1022
5410,0
5411,1022
5412,0
5413,1022
5414,0
5415,1022
5416,0
5417,1022
5418,0
5419,0
5420,1022
5421,0
5422,1022
5423,0
5424,1022
5425,0
5426,1022
5427,0
5428,1022
5429,0
5430,0
5431,1022
5432,0
5433,1022
5434,0
5435,1022
5436,0
5437,1022
5438,0
5439,1022
5440,0
5441,1022
5442,1021
5443,0
5444,1022
5445,0
5446,1022
5447,0
5448,1022
5449,0
5450,1022
5451,0
5452,1022
5453,1022
5454,0
5455,1022
5456,0
5457,1022
5458,0
5459,1022
5460,0
5461,1022
5462,0
5463,1021
5464,0
5465,0
5466,1022
5467,0
5468,1021
5469,0
5470,1022
5471,0
5472,1022
5473,0
5474,1022
5475,0
5476,0
5477,1022
5478,0
5479,1022
5480,0
5481,1022
5482,0
5483,1022
5484,0
5485,1022
5486,0
5487,0
5488,1022
5489,0
5490,1022
5491,0
5492,1021
5493,0
5494,1022
5495,0
5496,1022
5497,0
5498,1022
5499,1022
5500,0
5501,1022
5502,0
5503,1022
5504,0
5505,1022
5506,0
5507,1022
5508,0
5509,1022
5510,1021
5511,0
5512,1022
5513,0
5514,1022
5515,0
5516,1022
5517,0
5518,1022
5519,0
5520,1022
5521,0
5522,0
5523,1022
5524,0
5525,1022
5526,0
5527,1022
5528,0
5529,1022
5530,0
5531,1022
5532,0
5533,0
5534,1022
5535,0
5536,1022
5537,0
5538,1022
5539,0
5540,1022
5541,0
5542,1022
5543,0
5544,0
5545,1022
5546,0
5547,1022
5548,0
5549,1022
5550,0
5551,1022
5552,0
5553,1022
5554,0
5555,1022
5556,1022
5557,0
5558,1022
5559,0
5560,1022
5561,0
5562,1021
5563,0
5564,1022
5565,0
5566,1022
5567,1022
5568,0
5569,1022
5570,0
5571,1022
5572,0
5573,1022
5574,0
5575,1022
5576,0
5577,1022
5578,0
5579,0
5580,1022
5581,0
5582,1022
5583,0
5584,1022
5585,0
5586,1022
5587,0
5588,1022
5589,0
5590,0
5591,1022
5592,0
5593,1022
5594,0
5595,1022
5596,0
5597,1023
5598,0
5599,1022
5600,0
5601,1022
5602,1022
5603,0
5604,1022
5605,0
5606,1022
5607,0
5608,1022
5609,0
5610,1022
5611,0
5612,1022
5613,1022
5614,0
5615,1021
5616,0
5617,1022
5618,0
5619,1023
5620,0
5621,1022
5622,0
5623,1022
5624,1022
5625,0
5626,1022
5627,0
5628,1022
5629,0
5630,1022
5631,0
5632,1022
5633,0
5634,1022
5635,0
5636,0
5637,1022
5638,0
5639,1022
5640,0
5641,1022
5642,0
5643,1022
5644,0
5645,1022
5646,0
5647,0
5648,1022
5649,0
5650,1022
5651,0
5652,1022
5653,0
5654,1022
5655,0
5656,1022
5657,0
5658,1021
5659,1022
5660,0
5661,1022
5662,0
5663,1022
5664,0
5665,1022
5666,0
5667,1021
5668,0
5669,1022
5670,1022
5671,0
5672,1023
5673,0
5674,1022
5675,0
5676,1022
5677,0
5678,1022
5679,0
5680,1022
5681,1022
5682,0
5683,1022
5684,0
5685,1022
5686,0
5687,1022
5688,0
5689,1022
5690,0
5691,1021
5692,0
5693,0
5694,1022
5695,0
5696,1021
5697,0
5698,1022
5699,0
5700,1022
5701,0
5702,1022
5703,0
5704,0
5705,1022
5706,0
5707,1022
5708,0
5709,1022
5710,0
5711,1022
5712,0
5713,1022
5714,0
5715,1021
5716,1022
5717,0
5718,1021
5719,0
5720,1022
5721,0
5722,1022
5723,0
5724,1022
5725,0
5726,1021
5727,1022
5728,0
5729,1022
5730,0
5731,1022
5732,0
5733,1022
5734,0
5735,1022
5736,0
5737,1022
5738,1022
5739,0
5740,1022
5741,0
5742,1022
5743,0
5744,1022
5745,0
5746,1022
5747,0
5748,1022
5749,0
5750,0
5751,1022
5752,0
5753,1021
5754,0
5755,1022
5756,0
5757,1021
5758,0
5759,1022
5760,0
5761,0
5762,1022
5763,0
5764,1022
5765,0
5766,1022
5767,0
5768,1022
5769,0
5770,1022
5771,0
5772,1022
5773,1022
5774,0
5775,1022
5776,0
5777,1022
5778,0
5779,1022
5780,0
5781,1022
5782,0
5783,1022
5784,1022
5785,0
5786,1022
5787,0
5788,1022
5789,0
5790,1022
5791,0
5792,1022
5793,0
5794,1022
5795,0
5796,0
5797,1022
5798,0
5799,1022
5800,0
5801,1022
5802,0
5803,1022
5804,0
5805,1022
5806,0
5807,0
5808,1022
5809,0
5810,1021
5811,0
5812,1022
5813,0
5814,1022
5815,0
5816,1022
5817,0
5818,0
5819,1022
5820,0
5821,1022
5822,0
5823,1021
5824,0
5825,1022
5826,0
5827,1022
5828,0
5829,1022
5830,1022
5831,0
5832,1022
5833,0
5834,1021
5835,0
5836,1021
5837,0
5838,1022
5839,0
5840,1022
5841,1022
5842,0
5843,1022
5844,0
5845,1022
5846,0
5847,1022
5848,0
5849,1022
5850,0
5851,1022
5852,0
5853,0
5854,1022
5855,0
5856,1022
5857,0
5858,1022
5859,0
5860,1022
5861,0
5862,1022
5863,0
5864,0
5865,1022
5866,0
5867,1022
5868,0
5869,1022
5870,0
5871,1022
5872,0
5873,1022
5874,0
5875,0
5876,1022
5877,0
5878,1022
5879,0
5880,1022
5881,0
5882,1022
5883,0
5884,1022
5885,0
5886,1022
5887,1022
5888,0
5889,1022
5890,0
5891,1021
5892,0
5893,1022
5894,0
5895,1022
5896,0
5897,1021
5898,1022
5899,0
5900,1022
5901,0
5902,1022
5903,0
5904,1022
5905,0
5906,1021
5907,0
5908,1021
5909,0
5910,0
5911,1022
5912,0
5913,1022
5914,0
5915,1022
5916,0
5917,1022
5918,0
5919,1022
5920,0
5921,0
5922,1022
5923,0
5924,1022
5925,0
5926,1022
5927,0
5928,1022
5929,0
5930,1022
5931,0
5932,1021
5933,1022
5934,0
5935,1022
5936,0
5937,1022
5938,0
5939,1022
5940,0
5941,1021
5942,0
5943,1022
5944,1022
5945,0
5946,1022
5947,0
5948,1022
5949,0
5950,1022
5951,0
5952,1022
5953,0
5954,1022
5955,1022
5956,0
5957,1022
5958,0
5959,1022
5960,0
5961,1022
5962,0
5963,1022
5964,0
5965,1022
5966,0
5967,0
5968,1022
5969,0
5970,1023
5971,0
5972,1022
5973,0
5974,1022
5975,0
5976,1022
5977,0
5978,0
5979,1022
5980,0
5981,1022
5982,0
5983,1021
5984,0
5985,1022
5986,0
5987,1022
5988,0
5989,1021
5990,1021
5991,0
5992,1022
5993,0
5994,1022
5995,0
5996,1022
5997,0
5998,1022
5999,0
6000,1022
6001,1022
6002,0
6003,1022
6004,0
6005,1022
6006,0
6007,1022
6008,0
6009,1022
6010,0
6011,1021
6012,0
6013,0
6014,1021
6015,0
6016,1022
6017,0
6018,1022
6019,0
6020,1022
6021,0
6022,1022
6023,0
6024,0
6025,1022
6026,0
6027,1022
6028,0
6029,1022
6030,0
6031,1022
6032,0
6033,1022
6034,0
6035,0
6036,1022
6037,0
6038,1022
6039,0
6040,1022
6041,0
6042,1022
6043,0
6044,1022
6045,0
6046,1022
6047,1022
6048,0
6049,1022
6050,0
6051,1022
6052,0
6053,1022
6054,0
6055,1022
6056,0
6057,1022
6058,1021
6059,0
6060,1021
6061,0
6062,1021
6063,0
6064,1022
6065,0
6066,1022
6067,0
6068,1022
6069,0
6070,0
6071,1022
6072,0
6073,1022
6074,0
6075,1021
6076,0
6077,1022
6078,0
6079,1022
6080,0
6081,0
6082,1022
6083,0
6084,1022
6085,0
6086,1022
6087,0
6088,1022
6089,0
6090,1022
6091,0
6092,0
6093,1022
6094,0
6095,1021
6096,0
6097,1022
6098,0
6099,1022
6100,0
6101,1022
6102,0
6103,1022
6104,1022
6105,0
6106,1022
6107,0
6108,1022
6109,0
6110,1021
6111,0
6112,1022
6113,0
6114,1021
6115,1022
6116,0
6117,1022
6118,0
6119,1022
6120,0
6121,1022
6122,0
6123,1022
6124,0
6125,1022
6126,0
6127,0
6128,1022
6129,0
6130,1022
6131,0
6132,1022
6133,0
6134,1021
6135,0
6136,1022
6137,0
6138,0
6139,1021
6140,0
6141,1021
6142,0
6143,1022
6144,0
6145,1022
6146,0
6147,1021
6148,0
6149,0
6150,1022
6151,0
6152,1022
6153,0
6154,1022
6155,0
6156,1021
6157,0
6158,1022
6159,0
6160,1022
6161,1022
6162,0
6163,1022
6164,0
6165,1021
6166,0
6167,1022
6168,0
6169,1022
6170,0
6171,1022
6172,1022
6173,0
6174,1022
6175,0
6176,1022
6177,0
6178,1022
6179,0
6180,1022
6181,0
6182,1022
6183,0
6184,0
6185,1022
6186,0
6187,1022
6188,0
6189,1021
6190,0
6191,1022
6192,0
6193,1022
6194,0
6195,0
6196,1022
6197,0
6198,1022
6199,0
6200,1022
6201,0
6202,1022
6203,0
6204,1021
6205,0
6206,1021
6207,1022
6208,0
6209,1022
6210,0
6211,1022
6212,0
6213,1022
6214,0
6215,1022
6216,0
6217,1022
6218,1022
6219,0
6220,1022
6221,0
6222,1021
6223,0
6224,1022
6225,0
6226,1022
6227,0
6228,1022
6229,1022
6230,0
6231,1022
6232,0
6233,1022
6234,0
6235,1022
6236,0
6237,1021
6238,0
6239,1022
6240,0
6241,0
6242,1022
6243,0
6244,1022
6245,0
6246,1022
6247,0
6248,1022
6249,0
6250,1022
6251,0
6252,0
6253,1022
6254,0
6255,1022
6256,0
6257,1022
6258,0
6259,1022
6260,0
6261,1022
6262,0
6263,1022
6264,1022
6265,0
6266,1022
6267,0
6268,1022
6269,0
6270,1022
6271,0
6272,1022
6273,0
6274,1022
6275,1021
6276,0
6277,1021
6278,0
6279,1022
6280,0
6281,1022
6282,0
6283,1022
6284,0
6285,1022
6286,0
6287,0
6288,1021
6289,0
6290,1022
6291,0
6292,1022
6293,0
6294,1022
6295,0
6296,1022
6297,0
6298,0
6299,1022
6300,0
6301,1022
6302,0
6303,1022
6304,0
6305,1021
6306,0
6307,1022
6308,0
6309,0
6310,1022
6311,0
6312,1021
6313,0
6314,1022
6315,0
6316,1021
6317,0
6318,1022
6319,0
6320,1022
6321,1022
6322,0
6323,1022
6324,0
6325,1022
6326,0
6327,1022
6328,0
6329,1022
6330,0
6331,1022
6332,1022
6333,0
6334,1022
6335,0
6336,1022
6337,0
6338,1022
6339,0
6340,1022
6341,0
6342,1022
6343,0
6344,0
6345,1022
6346,0
6347,1022
6348,0
6349,1021
6350,0
6351,1022
6352,0
6353,1022
6354,0
6355,0
6356,1022
6357,0
6358,1021
6359,0
6360,1022
6361,0
6362,1022
6363,0
6364,1022
6365,0
6366,0
6367,1022
6368,0
6369,1022
6370,0
6371,1022
6372,0
6373,1022
6374,0
6375,1022
6376,0
6377,1022
6378,1022
6379,0
6380,1021
6381,0
6382,1022
6383,0
6384,1022
6385,0
6386,1022
6387,0
6388,1022
6389,1022
6390,0
6391,1022
6392,0
6393,1021
6394,0
6395,1021
6396,0
6397,1022
6398,0
6399,1022
6400,0
6401,0
6402,1022
6403,0
6404,1022
6405,0
6406,1022
6407,0
6408,1022
6409,0
6410,1022
6411,0
6412,0
6413,1022
6414,0
6415,1022
6416,0
6417,1022
6418,0
6419,1022
6420,0
6421,1022
6422,0
6423,0
6424,1023
6425,0
6426,1022
6427,0
6428,1021
6429,0
6430,1022
6431,0
6432,1022
6433,0
6434,1022
6435,1022
6436,0
6437,1022
6438,0
6439,1022
6440,0
6441,1022
6442,0
6443,1022
6444,0
6445,1022
6446,1022
6447,0
6448,1023
6449,0
6450,1022
6451,0
6452,1022
6453,0
6454,1022
6455,0
6456,1022
6457,0
6458,0
6459,1022
6460,0
6461,1021
6462,0
6463,1022
6464,0
6465,1021
6466,0
6467,1022
6468,0
6469,0
6470,1022
6471,0
6472,1022
6473,0
6474,1022
6475,0
6476,1022
6477,0
6478,1022
6479,0
6480,1022
6481,1022
6482,0
6483,1022
6484,0
6485,1022
6486,0
6487,1022
6488,0
6489,1022
6490,0
6491,1022
6492,1022
6493,0
6494,1022
6495,0
6496,1022
6497,0
6498,1022
6499,0
6500,1022
6501,0
6502,1022
6503,1021
6504,0
6505,1022
6506,0
6507,1021
6508,0
6509,1022
6510,0
6511,1022
6512,0
6513,1022
6514,0
6515,0
6516,1021
6517,0
6518,1022
6519,0
6520,1021
6521,0
6522,1022
6523,0
6524,1021
6525,0
6526,0
6527,1022
6528,0
6529,1022
6530,0
6531,1022
6532,0
6533,1022
6534,0
6535,1022
6536,0
6537,1022
6538,1022
6539,0
6540,1022
6541,0
6542,1021
6543,0
6544,1022
6545,0
6546,1022
6547,0
6548,1022
6549,1022
6550,0
6551,1021
6552,0
6553,1022
6554,0
6555,1022
6556,0
6557,1022
6558,0
6559,1022
6560,0
6561,0
6562,1022
6563,0
6564,1022
6565,0
6566,1022
6567,0
6568,1022
6569,0
6570,1022
6571,0
6572,0
6573,1022
6574,0
6575,1022
6576,0
6577,1022
6578,0
6579,1022
6580,0
6581,1022
6582,0
6583,0
6584,1021
6585,0
6586,1022
6587,0
6588,1022
6589,0
6590,1022
6591,0
6592,1022
6593,0
6594,1022
6595,1022
6596,0
6597,1022
6598,0
6599,1022
6600,0
6601,1022
6602,0
6603,1022
6604,0
6605,1022
6606,1022
6607,0
6608,1021
6609,0
6610,1022
6611,0
6612,1022
6613,0
6614,1022
6615,0
6616,1022
6617,0
6618,0
6619,1022
6620,0
6621,1022
6622,0
6623,1022
6624,0
6625,1022
6626,0
6627,1022
6628,0
6629,0
6630,1021
6631,0
6632,1022
6633,0
6634,1022
6635,0
6636,1022
6637,0
6638,1022
6639,0
6640,0
6641,1022
6642,0
6643,1022
6644,0
6645,1022
6646,0
6647,1022
6648,0
6649,1021
6650,0
6651,1022
6652,1022
6653,0
6654,1022
6655,0
6656,1022
6657,0
6658,1021
6659,0
6660,1022
6661,0
6662,1022
6663,1022
6664,0
6665,1023
6666,0
6667,1022
6668,0
6669,1022
6670,0
6671,1022
6672,0
6673,1022
6674,0
6675,0
6676,1022
6677,0
6678,1022
6679,0
6680,1022
6681,0
6682,1022
6683,0
6684,1022
6685,0
6686,0
6687,1022
6688,0
6689,1022
6690,0
6691,1022
6692,0
6693,1021
6694,0
6695,1022
6696,0
6697,0
6698,1022
6699,0
6700,1021
6701,0
6702,1022
6703,0
6704,1022
6705,0
6706,1022
6707,0
6708,1022
6709,1022
6710,0
6711,1022
6712,0
6713,1022
6714,0
6715,1022
6716,0
6717,1022
6718,0
6719,1022
6720,1022
6721,0
6722,1022
6723,0
6724,1022
6725,0
6726,1022
6727,0
6728,1022
6729,0
6730,1022
6731,0
6732,0
6733,1022
6734,0
6735,1021
6736,0
6737,1023
6738,0
6739,1021
6740,0
6741,1022
6742,0
6743,0
6744,1021
6745,0
6746,1022
6747,0
6748,1022
6749,0
6750,1021
6751,0
6752,1022
6753,0
6754,1022
6755,1021
6756,0
6757,1022
6758,0
6759,1022
6760,0
6761,1021
6762,0
6763,1022
6764,0
6765,1021
6766,1022
6767,0
6768,1022
6769,0
6770,1021
6771,0
6772,1022
6773,0
6774,1022
6775,0
6776,1022
6777,1021
6778,0
6779,1022
6780,0
6781,1022
6782,0
6783,1022
6784,0
6785,1022
6786,0
6787,1022
6788,0
6789,0
6790,1023
6791,0
6792,1022
6793,0
6794,1022
6795,0
6796,1022
6797,0
6798,1022
6799,0
6800,0
6801,1022
6802,0
6803,1022
6804,0
6805,1022
6806,0
6807,1022
6808,0
6809,1022
6810,0
6811,1022
6812,1021
6813,0
6814,1022
6815,0
6816,1022
6817,0
6818,1022
6819,0
6820,1022
6821,0
6822,1021
6823,1022
6824,0
6825,1022
6826,0
6827,1022
6828,0
6829,1022
6830,0
6831,1022
6832,0
6833,1022
6834,1022
6835,0
6836,1022
6837,0
6838,1022
6839,0
6840,1022
6841,0
6842,1022
6843,0
6844,1022
6845,0
6846,0
6847,1022
6848,0
6849,1022
6850,0
6851,1022
6852,0
6853,1022
6854,0
6855,1022
6856,0
6857,0
6858,1022
6859,0
6860,1022
6861,0
6862,1022
6863,0
6864,1022
6865,0
6866,1022
6867,0
6868,1021
6869,1022
6870,0
6871,1022
6872,0
6873,1022
6874,0
6875,1022
6876,0
6877,1022
6878,0
6879,1022
6880,1022
6881,0
6882,1022
6883,0
6884,1022
6885,0
6886,1022
6887,0
6888,1022
6889,0
6890,1022
6891,0
6892,0
6893,1022
6894,0
6895,1022
6896,0
6897,1022
6898,0
6899,1022
6900,0
6901,1021
6902,0
6903,0
6904,1022
6905,0
6906,1022
6907,0
6908,1022
6909,0
6910,1021
6911,0
6912,1022
6913,0
6914,0
6915,1022
6916,0
6917,1022
6918,0
6919,1021
6920,0
6921,1022
6922,0
6923,1022
6924,0
6925,1022
6926,1022
6927,0
6928,1022
6929,0
6930,1022
6931,0
6932,1022
6933,0
6934,1022
6935,0
6936,1022
6937,1022
6938,0
6939,1022
6940,0
6941,1022
6942,0
6943,1022
6944,0
6945,1022
6946,0
6947,1022
6948,0
6949,0
6950,1022
6951,0
6952,1022
6953,0
6954,1022
6955,0
6956,1021
6957,0
6958,1022
6959,0
6960,0
6961,1023
6962,0
6963,1022
6964,0
6965,1021
6966,0
6967,1022
6968,0
6969,1022
6970,0
6971,0
6972,1022
6973,0
6974,1022
6975,0
6976,1022
6977,0
6978,1022
6979,0
6980,1023
6981,0
6982,1022
6983,1022
6984,0
6985,1022
6986,0
6987,1022
6988,0
6989,1022
6990,0
6991,1021
6992,0
6993,1022
6994,1022
6995,0
6996,1022
6997,0
6998,1022
6999,0
7000,1022
7001,0
7002,1022
7003,0
7004,1022
7005,0
7006,0
7007,1022
7008,0
7009,1022
7010,0
7011,1022
7012,0
7013,1022
7014,0
7015,1022
7016,0
7017,0
7018,1022
7019,0
7020,1022
7021,0
7022,1022
7023,0
7024,1022
7025,0
7026,1022
7027,0
7028,1021
7029,1022
7030,0
7031,1022
7032,0
7033,1022
7034,0
7035,1022
7036,0
7037,1022
7038,0
7039,1022
7040,1022
7041,0
7042,1021
7043,0
7044,1022
7045,0
7046,1022
7047,0
7048,1021
7049,0
7050,1022
7051,1021
7052,0
7053,1022
7054,0
7055,1022
7056,0
7057,1022
7058,0
7059,1022
7060,0
7061,1022
7062,0
7063,0
7064,1022
7065,0
7066,1021
7067,0
7068,1022
7069,0
7070,1022
7071,0
7072,1022
7073,0
7074,0
7075,1022
7076,0
7077,1021
7078,0
7079,1022
7080,0
7081,1022
7082,0
7083,1022
7084,0
7085,1022
7086,1022
7087,0
7088,1022
7089,0
7090,1022
7091,0
7092,1022
7093,0
7094,1022
7095,0
7096,1021
7097,1022
7098,0
7099,1022
7100,0
7101,1022
7102,0
7103,1022
7104,0
7105,1021
7106,0
7107,1022
7108,0
7109,0
7110,1021
7111,0
7112,1022
7113,0
7114,1022
7115,0
7116,1022
7117,0
7118,1022
7119,0
7120,0
7121,1021
7122,0
7123,1022
7124,0
7125,1022
7126,0
7127,1022
7128,0
7129,1022
7130,0
7131,0
7132,1022
7133,0
7134,1022
7135,0
7136,1022
7137,0
7138,1021
7139,0
7140,1022
7141,0
7142,1021
7143,1022
7144,0
7145,1022
7146,0
7147,1022
7148,0
7149,1022
7150,0
7151,1022
7152,0
7153,1022
7154,1022
7155,0
7156,1022
7157,0
7158,1022
7159,0
7160,1022
7161,0
7162,1021
7163,0
7164,1022
7165,0
7166,0
7167,1022
7168,0
7169,1022
7170,0
7171,1022
7172,0
7173,1022
7174,0
7175,1022
7176,0
7177,0
7178,1021
7179,0
7180,1022
7181,0
7182,1022
7183,0
7184,1021
7185,0
7186,1022
7187,0
7188,0
7189,1022
7190,0
7191,1022
7192,0
7193,1022
7194,0
7195,1022
7196,0
7197,1022
7198,0
7199,1022
7200,1022
7201,0
7202,1022
7203,0
7204,1022
7205,0
7206,1022
7207,0
7208,1022
7209,0
7210,1022
7211,1022
7212,0
7213,1022
7214,0
7215,1022
7216,0
7217,1022
7218,0
7219,1021
7220,0
7221,1022
7222,0
7223,0
7224,1023
7225,0
7226,1022
7227,0
7228,1022
7229,0
7230,1022
7231,0
7232,1022
7233,0
7234,0
7235,1022
7236,0
7237,1022
7238,0
7239,1022
7240,0
7241,1022
7242,0
7243,1022
7244,0
7245,0
7246,1022
7247,0
7248,1021
7249,0
7250,1022
7251,0
7252,1022
7253,0
7254,1022
7255,0
7256,1022
7257,1021
7258,0
7259,1022
7260,0
7261,1022
7262,0
7263,1022
7264,0
7265,1022
7266,0
7267,1022
7268,1022
7269,0
7270,1022
7271,0
7272,1022
7273,0
7274,1022
7275,0
7276,1022
7277,0
7278,1022
7279,0
7280,0
7281,1022
7282,0
7283,1022
7284,0
7285,1022
7286,0
7287,1022
7288,0
7289,1022
7290,0
7291,0
7292,1022
7293,0
7294,1021
7295,0
7296,1021
7297,0
7298,1022
7299,0
7300,1022
7301,0
7302,1021
7303,1022
7304,0
7305,1022
7306,0
7307,1022
7308,0
7309,1022
7310,0
7311,1022
7312,0
7313,1022
7314,1022
7315,0
7316,1022
7317,0
7318,1021
7319,0
7320,1022
7321,0
7322,1022
7323,0
7324,1022
7325,1022
7326,0
7327,1022
7328,0
7329,1022
7330,0
7331,1022
7332,0
7333,1022
7334,0
7335,1022
7336,0
7337,0
7338,1022
7339,0
7340,1022
7341,0
7342,1022
7343,0
7344,1022
7345,0
7346,1022
7347,0
7348,0
7349,1021
7350,0
7351,1022
7352,0
7353,1022
7354,0
7355,1022
7356,0
7357,1022
7358,0
7359,1022
7360,1021
7361,0
7362,1022
7363,0
7364,1022
7365,0
7366,1021
7367,0
7368,1022
7369,0
7370,1022
7371,1021
7372,0
7373,1021
7374,0
7375,1022
7376,0
7377,1022
7378,0
7379,1022
7380,0
7381,1022
7382,1022
7383,0
7384,1021
7385,0
7386,1022
7387,0
7388,1022
7389,0
7390,1022
7391,0
7392,1022
7393,0
7394,0
7395,1022
7396,0
7397,1022
7398,0
7399,1022
7400,0
7401,1022
7402,0
7403,1022
7404,0
7405,0
7406,1022
7407,0
7408,1022
7409,0
7410,1022
7411,0
7412,1022
7413,0
7414,1022
7415,0
7416,1022
7417,1022
7418,0
7419,1022
7420,0
7421,1021
7422,0
7423,1022
7424,0
7425,1022
7426,0
7427,1021
7428,1022
7429,0
7430,1022
7431,0
7432,1022
7433,0
7434,1022
7435,0
7436,1022
7437,0
7438,1022
7439,0
7440,0
7441,1022
7442,0
7443,1022
7444,0
7445,1022
7446,0
7447,1021
7448,0
7449,1021
7450,0
7451,0
7452,1021
7453,0
7454,1022
7455,0
7456,1021
7457,0
7458,1022
7459,0
7460,1022
7461,0
7462,0
7463,1022
7464,0
7465,1022
7466,0
7467,1022
7468,0
7469,1022
7470,0
7471,1022
7472,0
7473,1022
7474,1022
7475,0
7476,1022
7477,0
7478,1022
7479,0
7480,1022
7481,0
7482,1022
7483,0
7484,1022
7485,1022
7486,0
7487,1022
7488,0
7489,1021
7490,0
7491,1022
7492,0
7493,1022
7494,0
7495,1022
7496,0
7497,0
7498,1022
7499,0
7500,1021
7501,0
7502,1022
7503,0
7504,1022
7505,0
7506,1022
7507,0
7508,0
7509,1022
7510,0
7511,1022
7512,0
7513,1022
7514,0
7515,1022
7516,0
7517,1021
7518,0
7519,0
7520,1022
7521,0
7522,1021
7523,0
7524,1021
7525,0
7526,1022
7527,0
7528,1022
7529,0
7530,1022
7531,1022
7532,0
7533,1022
7534,0
7535,1022
7536,0
7537,1022
7538,0
7539,1022
7540,0
7541,1022
7542,1022
7543,0
7544,1022
7545,0
7546,1022
7547,0
7548,1022
7549,0
7550,1022
7551,0
7552,1022
7553,0
7554,0
7555,1022
7556,0
7557,1022
7558,0
7559,1022
7560,0
7561,1022
7562,0
7563,1022
7564,0
7565,0
7566,1022
7567,0
7568,1022
7569,0
7570,1022
7571,0
7572,1022
7573,0
7574,1022
7575,0
7576,1021
7577,1022
7578,0
7579,1022
7580,0
7581,1022
7582,0
7583,1022
7584,0
7585,1022
7586,0
7587,1022
7588,1022
7589,0
7590,1022
7591,0
7592,1022
7593,0
7594,1022
7595,0
7596,1022
7597,0
7598,1022
7599,1022
7600,0
7601,1022
7602,0
7603,1022
7604,0
7605,1021
7606,0
7607,1022
7608,0
7609,1022
7610,0
7611,0
7612,1022
7613,0
7614,1022
7615,0
7616,1022
7617,0
7618,1022
7619,0
7620,1022
7621,0
7622,0
7623,1022
7624,0
7625,1022
7626,0
7627,1022
7628,0
7629,1022
7630,0
7631,1022
7632,0
7633,1022
7634,1022
7635,0
7636,1022
7637,0
7638,1022
7639,0
7640,1022
7641,0
7642,1022
7643,0
7644,1022
7645,1022
7646,0
7647,1022
7648,0
7649,1022
7650,0
7651,1022
7652,0
7653,1022
7654,0
7655,1022
7656,0
7657,0
7658,1022
7659,0
7660,1022
7661,0
7662,1022
7663,0
7664,1022
7665,0
7666,1022
7667,0
7668,0
7669,1022
7670,0
7671,1022
7672,0
7673,1021
7674,0
7675,1022
7676,0
7677,1022
7678,0
7679,0
7680,1022
7681,0
7682,1022
7683,0
7684,1022
7685,0
7686,1022
7687,0
7688,1022
7689,0
7690,1022
7691,1022
7692,0
7693,1022
7694,0
7695,1022
7696,0
7697,1022
7698,0
7699,1022
7700,0
7701,1022
7702,1022
7703,0
7704,1022
7705,0
7706,1022
7707,0
7708,1022
7709,0
7710,1022
7711,0
7712,1022
7713,0
7714,0
7715,1022
7716,0
7717,1022
7718,0
7719,1022
7720,0
7721,1022
7722,0
7723,1022
7724,0
7725,0
7726,1021
7727,0
7728,1022
7729,0
7730,1022
7731,0
7732,1022
7733,0
7734,1022
7735,0
7736,0
7737,1022
7738,0
7739,1022
7740,0
7741,1022
7742,0
7743,1022
7744,0
7745,1022
7746,0
7747,1022
7748,1022
7749,0
7750,1022
7751,0
7752,1021
7753,0
7754,1022
7755,0
7756,1022
7757,0
7758,1022
7759,1022
7760,0
7761,1022
7762,0
7763,1022
7764,0
7765,1022
7766,0
7767,1022
7768,0
7769,1021
7770,0
7771,0
7772,1022
7773,0
7774,1022
7775,0
7776,1022
7777,0
7778,1022
7779,0
7780,1022
7781,0
7782,0
7783,1022
7784,0
7785,1022
7786,0
7787,1021
7788,0
7789,1022
7790,0
7791,1022
7792,0
7793,1021
7794,1022
7795,0
7796,1022
7797,0
7798,1022
7799,0
7800,1022
7801,0
7802,1022
7803,0
7804,1022
7805,1021
7806,0
7807,1022
7808,0
7809,1022
7810,0
7811,1022
7812,0
7813,1022
7814,0
7815,1022
7816,1022
7817,0
7818,1022
7819,0
7820,1022
7821,0
7822,1022
7823,0
7824,1022
7825,0
7826,1022
7827,0
7828,0
7829,1022
7830,0
7831,1022
7832,0
7833,1022
7834,0
7835,1022
7836,0
7837,1022
7838,0
7839,0
7840,1022
7841,0
7842,1022
7843,0
7844,1022
7845,0
7846,1021
7847,0
7848,1022
7849,0
7850,1021
7851,1022
7852,0
7853,1022
7854,0
7855,1022
7856,0
7857,1022
7858,0
7859,1022
7860,0
7861,1022
7862,1022
7863,0
7864,1022
7865,0
7866,1022
7867,0
7868,1022
7869,0
7870,1022
7871,0
7872,1022
7873,1022
7874,0
7875,1022
7876,0
7877,1022
7878,0
7879,1021
7880,0
7881,1022
7882,0
7883,1022
7884,0
7885,0
7886,1022
7887,0
7888,1022
7889,0
7890,1022
7891,0
7892,1022
7893,0
7894,1022
7895,0
7896,0
7897,1022
7898,0
7899,1022
7900,0
7901,1021
7902,0
7903,1022
7904,0
7905,1021
7906,0
7907,1022
7908,1022
7909,0
7910,1022
7911,0
7912,1022
7913,0
7914,1022
7915,0
7916,1022
7917,0
7918,1022
7919,1022
7920,0
7921,1022
7922,0
7923,1022
7924,0
7925,1022
7926,0
7927,1022
7928,0
7929,1022
7930,0
7931,0
7932,1022
7933,0
7934,1022
7935,0
7936,1022
7937,0
7938,1022
7939,0
7940,1022
7941,0
7942,0
7943,1022
7944,0
7945,1022
7946,0
7947,1021
7948,0
7949,1021
7950,0
7951,1022
7952,0
7953,0
7954,1023
7955,0
7956,1022
7957,0
7958,1022
7959,0
7960,1022
7961,0
7962,1022
7963,0
7964,1022
7965,1022
7966,0
7967,1022
7968,0
7969,1022
7970,0
7971,1021
7972,0
7973,1022
7974,0
7975,1022
7976,1022
7977,0
7978,1021
7979,0
7980,1022
7981,0
7982,1022
7983,0
7984,1022
7985,0
7986,1022
7987,0
7988,0
7989,1022
7990,0
7991,1022
7992,0
7993,1022
7994,0
7995,1022
7996,0
7997,1022
7998,0
7999,0
8000,1022
8001,0
8002,1022
8003,0
8004,1022
8005,0
8006,1022
8007,0
8008,1022
8009,0
8010,0
8011,1021
8012,0
8013,1022
8014,0
8015,1022
8016,0
8017,1022
8018,0
8019,1022
8020,0
8021,1021
8022,1022
8023,0
8024,1022
8025,0
8026,1022
8027,0
8028,1021
8029,0
8030,1022
8031,0
8032,1022
8033,1022
8034,0
8035,1022
8036,0
8037,1022
8038,0
8039,1022
8040,0
8041,1022
8042,0
8043,1022
8044,0
8045,0
8046,1022
8047,0
8048,1022
8049,0
8050,1021
8051,0
8052,1021
8053,0
8054,1022
8055,0
8056,0
8057,1021
8058,0
8059,1022
8060,0
8061,1022
8062,0
8063,1022
8064,0
8065,1022
8066,0
8067,1022
8068,1022
8069,0
8070,1022
8071,0
8072,1022
8073,0
8074,1022
8075,0
8076,1022
8077,0
8078,1022
8079,1022
8080,0
8081,1022
8082,0
8083,1022
8084,0
8085,1022
8086,0
8087,1022
8088,0
8089,1022
8090,1022
8091,0
8092,1022
8093,0
8094,1022
8095,0
8096,1022
8097,0
8098,1022
8099,0
8100,1022
8101,0
8102,0
8103,1022
8104,0
8105,1022
8106,0
8107,1022
8108,0
8109,1022
8110,0
8111,1022
8112,0
8113,0
8114,1023
8115,0
8116,1022
8117,0
8118,1022
8119,0
8120,1022
8121,0
8122,1022
8123,0
8124,1022
8125,1022
8126,0
8127,1022
8128,0
8129,1022
8130,0
8131,1022
8132,0
8133,1022
8134,0
8135,1022
8136,1022
8137,0
8138,1021
8139,0
8140,1021
8141,0
8142,1022
8143,0
8144,1022
8145,0
8146,1022
8147,1022
8148,0
8149,1022
8150,0
8151,1022
8152,0
8153,1021
8154,0
8155,1022
8156,0
8157,1022
8158,0
8159,0
8160,1022
8161,0
8162,1022
8163,0
8164,1022
8165,0
8166,1022
8167,0
8168,1022
8169,0
8170,0
8171,1022
8172,0
8173,1022
8174,0
8175,1022
8176,0
8177,1022
8178,0
8179,1022
8180,0
8181,1022
8182,1021
8183,0
8184,1021
8185,0
8186,1022
8187,0
8188,1022
8189,0
8190,1022
8191,0
8192,1022
8193,1022
8194,0
8195,1022
8196,0
8197,1022
8198,0
8199,1022
8200,0
8201,1022
8202,0
8203,1021
8204,1022
8205,0
8206,1021
8207,0
8208,1022
8209,0
8210,1022
8211,0
8212,1022
8213,0
8214,1022
8215,0
8216,0
8217,1022
8218,0
8219,1022
8220,0
8221,1022
8222,0
8223,1022
8224,0
8225,1022
8226,0
8227,0
8228,1022
8229,0
8230,1022
8231,0
8232,1022
8233,0
8234,1022
8235,0
8236,1022
8237,0
8238,1022
8239,1022
8240,0
8241,1022
8242,0
8243,1022
8244,0
8245,1022
8246,0
8247,1022
8248,0
8249,1022
8250,1022
8251,0
8252,1022
8253,0
8254,1021
8255,0
8256,1022
8257,0
8258,1022
8259,0
8260,1022
8261,0
8262,0
8263,1022
8264,0
8265,1021
8266,0
8267,1022
8268,0
8269,1022
8270,0
8271,1022
8272,0
8273,0
8274,1022
8275,0
8276,1022
8277,0
8278,1022
8279,0
8280,1021
8281,0
8282,1022
8283,0
8284,0
8285,1022
8286,0
8287,1022
8288,0
8289,1022
8290,0
8291,1022
8292,0
8293,1022
8294,0
8295,1021
8296,1022
8297,0
8298,1022
8299,0
8300,1022
8301,0
8302,1022
8303,0
8304,1022
8305,0
8306,1022
8307,1022
8308,0
8309,1022
8310,0
8311,1022
8312,0
8313,1022
8314,0
8315,1022
8316,0
8317,1022
8318,0
8319,0
8320,1022
8321,0
8322,1022
8323,0
8324,1022
8325,0
8326,1022
8327,0
8328,1022
8329,0
8330,0
8331,1023
8332,0
8333,1022
8334,0
8335,1022
8336,0
8337,1021
8338,0
8339,1022
8340,0
8341,1021
8342,1022
8343,0
8344,1022
8345,0
8346,1022
8347,0
8348,1022
8349,0
8350,1022
8351,0
8352,1022
8353,1022
8354,0
8355,1022
8356,0
8357,1022
8358,0
8359,1021
8360,0
8361,1022
8362,0
8363,1021
8364,1021
8365,0
8366,1022
8367,0
8368,1022
8369,0
8370,1022
8371,0
8372,1022
8373,0
8374,1022
8375,0
8376,0
8377,1022
8378,0
8379,1022
8380,0
8381,1022
8382,0
8383,1022
8384,0
8385,1022
8386,0
8387,0
8388,1021
8389,0
8390,1022
8391,0
8392,1022
8393,0
8394,1022
8395,0
8396,1022
8397,0
8398,1022
8399,1022
8400,0
8401,1022
8402,0
8403,1022
8404,0
8405,1022
8406,0
8407,1022
8408,0
8409,1021
8410,1022
8411,0
8412,1021
8413,0
8414,1022
8415,0
8416,1022
8417,0
8418,1022
8419,0
8420,1022
8421,1021
8422,0
8423,1022
8424,0
8425,1022
8426,0
8427,1022
8428,0
8429,1022
8430,0
8431,1022
8432,0
8433,0
8434,1021
8435,0
8436,1022
8437,0
8438,1022
8439,0
8440,1022
8441,0
8442,1022
8443,0
8444,0
8445,1022
8446,0
8447,1021
8448,0
8449,1022
8450,0
8451,1022
8452,0
8453,1021
8454,0
8455,1021
8456,1021
8457,0
8458,1021
8459,0
8460,1022
8461,0
8462,1022
8463,0
8464,1022
8465,0
8466,1022
8467,1022
8468,0
8469,1022
8470,0
8471,1022
8472,0
8473,1022
8474,0
8475,1022
8476,0
8477,1022
8478,1022
8479,0
8480,1022
8481,0
8482,1022
8483,0
8484,1022
8485,0
8486,1022
8487,0
8488,1022
8489,0
8490,0
8491,1022
8492,0
8493,1022
8494,0
8495,1022
8496,0
8497,1022
8498,0
8499,1022
8500,0
8501,0
8502,1022
8503,0
8504,1022
8505,0
8506,1022
8507,0
8508,1022
8509,0
8510,1022
8511,0
8512,1022
8513,1022
8514,0
8515,1022
8516,0
8517,1022
8518,0
8519,1022
8520,0
8521,1022
8522,0
8523,1022
8524,1022
8525,0
8526,1022
8527,0
8528,1022
8529,0
8530,1021
8531,0
8532,1022
8533,0
8534,1022
8535,0
8536,0
8537,1022
8538,0
8539,1022
8540,0
8541,1022
8542,0
8543,1022
8544,0
8545,1022
8546,0
8547,0
8548,1022
8549,0
8550,1021
8551,0
8552,1022
8553,0
8554,1022
8555,0
8556,1022
8557,0
8558,0
8559,1022
8560,0
8561,1022
8562,0
8563,1022
8564,0
8565,1022
8566,0
8567,1022
8568,0
8569,1022
8570,1022
8571,0
8572,1022
8573,0
8574,1022
8575,0
8576,1022
8577,0
8578,1022
8579,0
8580,1022
8581,1022
8582,0
8583,1022
8584,0
8585,1022
8586,0
8587,1022
8588,0
8589,1022
8590,0
8591,1021
8592,0
8593,0
8594,1022
8595,0
8596,1022
8597,0
8598,1022
8599,0
8600,1022
8601,0
8602,1022
8603,0
8604,0
8605,1022
8606,0
8607,1022
8608,0
8609,1022
8610,0
8611,1022
8612,0
8613,1022
8614,0
8615,0
8616,1022
8617,0
8618,1022
8619,0
8620,1022
8621,0
8622,1022
8623,0
8624,1022
8625,0
8626,1022
8627,1022
8628,0
8629,1022
8630,0
8631,1022
8632,0
8633,1021
8634,0
8635,1022
8636,0
8637,1022
8638,1022
8639,0
8640,1022
8641,0
8642,1022
8643,0
8644,1022
8645,0
8646,1022
8647,0
8648,1022
8649,0
8650,0
8651,1022
8652,0
8653,1022
8654,0
8655,1022
8656,0
8657,1021
8658,0
8659,1021
8660,0
8661,0
8662,1022
8663,0
8664,1022
8665,0
8666,1022
8667,0
8668,1022
8669,0
8670,1022
8671,0
8672,1022
8673,1022
8674,0
8675,1022
8676,0
8677,1022
8678,0
8679,1022
8680,0
8681,1022
8682,0
8683,1022
8684,1022
8685,0
8686,1022
8687,0
8688,1022
8689,0
8690,1022
8691,0
8692,1022
8693,0
8694,1022
8695,1022
8696,0
8697,1022
8698,0
8699,1022
8700,0
8701,1022
8702,0
8703,1022
8704,0
8705,1022
8706,0
8707,0
8708,1022
8709,0
8710,1022
8711,0
8712,1022
8713,0
8714,1022
8715,0
8716,1022
8717,0
8718,0
8719,1022
8720,0
8721,1022
8722,0
8723,1022
8724,0
8725,1022
8726,0
8727,1021
8728,0
8729,1022
8730,1021
8731,0
8732,1022
8733,0
8734,1022
8735,0
8736,1022
8737,0
8738,1021
8739,0
8740,1022
8741,1022
8742,0
8743,1022
8744,0
8745,1022
8746,0
8747,1022
8748,0
8749,1022
8750,0
8751,1022
8752,0
8753,0
8754,1022
8755,0
8756,1022
8757,0
8758,1022
8759,0
8760,1022
8761,0
8762,1022
8763,0
8764,0
8765,1022
8766,0
8767,1022
8768,0
8769,1021
8770,0
8771,1022
8772,0
8773,1022
8774,0
8775,0
8776,1022
8777,0
8778,1022
8779,0
8780,1022
8781,0
8782,1022
8783,0
8784,1022
8785,0
8786,1021
8787,1021
8788,0
8789,1021
8790,0
8791,1022
8792,0
8793,1022
8794,0
8795,1022
8796,0
8797,1022
8798,1022
8799,0
8800,1022
8801,0
8802,1022
8803,0
8804,1022
8805,0
8806,1022
8807,0
8808,1022
8809,0
8810,0
8811,1022
8812,0
8813,1021
8814,0
8815,1021
8816,0
8817,1022
8818,0
8819,1022
8820,0
8821,0
8822,1022
8823,0
8824,1022
8825,0
8826,1022
8827,0
8828,1022
8829,0
8830,1022
8831,0
8832,0
8833,1022
8834,0
8835,1022
8836,0
8837,1022
8838,0
8839,1021
8840,0
8841,1022
8842,0
8843,1021
8844,1022
8845,0
8846,1022
8847,0
8848,1022
8849,0
8850,1022
8851,0
8852,1022
8853,0
8854,1021
8855,1022
8856,0
8857,1021
8858,0
8859,1022
8860,0
8861,1022
8862,0
8863,1022
8864,0
8865,1022
8866,0
8867,0
8868,1022
8869,0
8870,1021
8871,0
8872,1022
8873,0
8874,1021
8875,0
8876,1021
8877,0
8878,0
8879,1022
8880,0
8881,1022
8882,0
8883,1022
8884,0
8885,1022
8886,0
8887,1022
8888,0
8889,1022
8890,1022
8891,0
8892,1022
8893,0
8894,1022
8895,0
8896,1021
8897,0
8898,1022
8899,0
8900,1022
8901,1021
8902,0
8903,1022
8904,0
8905,1021
8906,0
8907,1022
8908,0
8909,1021
8910,0
8911,1022
8912,1022
8913,0
8914,1022
8915,0
8916,1022
8917,0
8918,1021
8919,0
8920,1022
8921,0
8922,1022
8923,0
8924,0
8925,1022
8926,0
8927,1022
8928,0
8929,1022
8930,0
8931,1022
8932,0
8933,1022
8934,0
8935,0
8936,1022
8937,0
8938,1022
8939,0
8940,1022
8941,0
8942,1022
8943,0
8944,1022
8945,0
8946,1021
8947,1022
8948,0
8949,1022
8950,0
8951,1022
8952,0
8953,1022
8954,0
8955,1022
8956,0
8957,1021
8958,1022
8959,0
8960,1022
8961,0
8962,1022
8963,0
8964,1022
8965,0
8966,1022
8967,0
8968,1022
8969,1021
8970,0
8971,1022
8972,0
8973,1022
8974,0
8975,1022
8976,0
8977,1022
8978,0
8979,1022
8980,0
8981,0
8982,1022
8983,0
8984,1022
8985,0
8986,1022
8987,0
8988,1022
8989,0
8990,1022
8991,0
8992,0
8993,1022
8994,0
8995,1022
8996,0
8997,1022
8998,0
8999,1022
9000,0
9001,1022
9002,0
9003,1022
9004,1022
9005,0
9006,1022
9007,0
9008,1021
9009,0
9010,1022
9011,0
9012,1022
9013,0
9014,1022
9015,1022
9016,0
9017,1022
9018,0
9019,1022
9020,0
9021,1022
9022,0
9023,1022
9024,0
9025,1021
9026,0
9027,0
9028,1022
9029,0
9030,1022
9031,0
9032,1022
9033,0
9034,1022
9035,0
9036,1022
9037,0
9038,0
9039,1022
9040,0
9041,1022
9042,0
9043,1022
9044,0
9045,1022
9046,0
9047,1022
9048,0
9049,0
9050,1022
9051,0
9052,1022
9053,0
9054,1022
9055,0
9056,1022
9057,0
9058,1022
9059,0
9060,1022
9061,1022
9062,0
9063,1022
9064,0
9065,1022
9066,0
9067,1022
9068,0
9069,1022
9070,0
9071,1022
9072,1022
9073,0
9074,1021
9075,0
9076,1022
9077,0
9078,1022
9079,0
9080,1022
9081,0
9082,1022
9083,0
9084,0
9085,1022
9086,0
9087,1022
9088,0
9089,1022
9090,0
9091,1022
9092,0
9093,1022
9094,0
9095,0
9096,1022
9097,0
9098,1022
9099,0
9100,1021
9101,0
9102,1022
9103,0
9104,1022
9105,0
9106,0
9107,1022
9108,0
9109,1022
9110,0
9111,1022
9112,0
9113,1022
9114,0
9115,1022
9116,0
9117,1022
9118,1022
9119,0
9120,1022
9121,0
9122,1022
9123,0
9124,1022
9125,0
9126,1022
9127,0
9128,1022
9129,1022
9130,0
9131,1021
9132,0
9133,1022
9134,0
9135,1022
9136,0
9137,1022
9138,0
9139,1022
9140,0
9141,0
9142,1021
9143,0
9144,1022
9145,0
9146,1021
9147,0
9148,1022
9149,0
9150,1022
9151,0
9152,0
9153,1022
9154,0
9155,1022
9156,0
9157,1022
9158,0
9159,1022
9160,0
9161,1022
9162,0
9163,0
9164,1021
9165,0
9166,1022
9167,0
9168,1022
9169,0
9170,1022
9171,0
9172,1022
9173,0
9174,1023
9175,1022
9176,0
9177,1021
9178,0
9179,1022
9180,0
9181,1022
9182,0
9183,1022
9184,0
9185,1022
9186,1021
9187,0
9188,1021
9189,0
9190,1022
9191,0
9192,1022
9193,0
9194,1022
9195,0
9196,1022
9197,0
9198,0
9199,1022
9200,0
9201,1021
9202,0
9203,1021
9204,0
9205,1022
9206,0
9207,1022
9208,0
9209,0
9210,1022
9211,0
9212,1021
9213,0
9214,1022
9215,0
9216,1022
9217,0
9218,1022
9219,0
9220,1022
9221,1022
9222,0
9223,1022
9224,0
9225,1022
9226,0
9227,1022
9228,0
9229,1022
9230,0
9231,1022
9232,1022
9233,0
9234,1022
9235,0
9236,1021
9237,0
9238,1022
9239,0
9240,1021
9241,0
9242,1022
9243,1022
9244,0
9245,1022
9246,0
9247,1022
9248,0
9249,1022
9250,0
9251,1022
9252,0
9253,1022
9254,0
9255,0
9256,1021
9257,0
9258,1022
9259,0
9260,1022
9261,0
9262,1022
9263,0
9264,1022
9265,0
9266,0
9267,1022
9268,0
9269,1021
9270,0
9271,1021
9272,0
9273,1021
9274,0
9275,1022
9276,0
9277,1021
9278,1022
9279,0
9280,1022
9281,0
9282,1022
9283,0
9284,1021
9285,0
9286,1022
9287,0
9288,1021
9289,1022
9290,0
9291,1022
9292,0
9293,1022
9294,0
9295,1022
9296,0
9297,1022
9298,0
9299,1021
9300,1022
9301,0
9302,1022
9303,0
9304,1022
9305,0
9306,1022
9307,0
9308,1022
9309,0
9310,1022
9311,0
9312,0
9313,1022
9314,0
9315,1022
9316,0
9317,1022
9318,0
9319,1022
9320,0
9321,1022
9322,0
9323,0
9324,1022
9325,0
9326,1022
9327,0
9328,1022
9329,0
9330,1022
9331,0
9332,1022
9333,0
9334,1022
9335,1022
9336,0
9337,1022
9338,0
9339,1022
9340,0
9341,1022
9342,0
9343,1022
9344,0
9345,1021
9346,1021
9347,0
9348,1021
9349,0
9350,1022
9351,0
9352,1022
9353,0
9354,1021
9355,0
9356,1022
9357,0
9358,0
9359,1021
9360,0
9361,1022
9362,0
9363,1022
9364,0
9365,1022
9366,0
9367,1021
9368,0
9369,0
9370,1022
9371,0
9372,1022
9373,0
9374,1022
9375,0
9376,1022
9377,0
9378,1022
9379,0
9380,0
9381,1022
9382,0
9383,1022
9384,0
9385,1022
9386,0
9387,1022
9388,0
9389,1022
9390,0
9391,1022
9392,1022
9393,0
9394,1022
9395,0
9396,1022
9397,0
9398,1022
9399,0
9400,1022
9401,0
9402,1021
9403,1022
9404,0
9405,1021
9406,0
9407,1022
9408,0
9409,1022
9410,0
9411,1022
9412,0
9413,1022
9414,0
9415,0
9416,1022
9417,0
9418,1022
9419,0
9420,1022
9421,0
9422,1022
9423,0
9424,1022
9425,0
9426,0
9427,1022
9428,0
9429,1022
9430,0
9431,1022
9432,0
9433,1021
9434,0
9435,1022
9436,0
9437,0
9438,1022
9439,0
9440,1022
9441,0
9442,1022
9443,0
9444,1022
9445,0
9446,1022
9447,0
9448,1022
9449,1023
9450,0
9451,1022
9452,0
9453,1021
9454,0
9455,1022
9456,0
9457,1022
9458,0
9459,1022
9460,1022
9461,0
9462,1022
9463,0
9464,1022
9465,0
9466,1022
9467,0
9468,1022
9469,0
9470,1022
9471,0
9472,0
9473,1021
9474,0
9475,1022
9476,0
9477,1023
9478,0
9479,1022
9480,0
9481,1021
9482,0
9483,0
9484,1021
9485,0
9486,1021
9487,0
9488,1022
9489,0
9490,1022
9491,0
9492,1022
9493,0
9494,1022
9495,1022
9496,0
9497,1021
9498,0
9499,1022
9500,0
9501,1022
9502,0
9503,1022
9504,0
9505,1021
9506,1022
9507,0
9508,1022
9509,0
9510,1022
9511,0
9512,1022
9513,0
9514,1022
9515,0
9516,1021
9517,1022
9518,0
9519,1022
9520,0
9521,1022
9522,0
9523,1022
9524,0
9525,1021
9526,0
9527,1022
9528,0
9529,0
9530,1022
9531,0
9532,1022
9533,0
9534,1022
9535,0
9536,1022
9537,0
9538,1022
9539,0
9540,0
9541,1022
9542,0
9543,1022
9544,0
9545,1022
9546,0
9547,1021
9548,0
9549,1022
9550,0
9551,1022
9552,1022
9553,0
9554,1022
9555,0
9556,1022
9557,0
9558,1022
9559,0
9560,1022
9561,0
9562,1022
9563,1022
9564,0
9565,1022
9566,0
9567,1022
9568,0
9569,1022
9570,0
9571,1022
9572,0
9573,1022
9574,1022
9575,0
9576,1022
9577,0
9578,1021
9579,0
9580,1021
9581,0
9582,1021
9583,0
9584,1022
9585,0
9586,0
9587,1022
9588,0
9589,1021
9590,0
9591,1022
9592,0
9593,1021
9594,0
9595,1022
9596,0
9597,0
9598,1022
9599,0
9600,1022
9601,0
9602,1022
9603,0
9604,1022
9605,0
9606,1022
9607,0
9608,1021
9609,1022
9610,0
9611,1022
9612,0
9613,1022
9614,0
9615,1022
9616,0
9617,1022
9618,0
9619,1022
9620,1022
9621,0
9622,1022
9623,0
9624,1022
9625,0
9626,1022
9627,0
9628,1022
9629,0
9630,1022
9631,0
9632,0
9633,1021
9634,0
9635,1022
9636,0
9637,1021
9638,0
9639,1022
9640,0
9641,1022
9642,0
9643,0
9644,1022
9645,0
9646,1022
9647,0
9648,1022
9649,0
9650,1022
9651,0
9652,1022
9653,0
9654,0
9655,1021
9656,0
9657,1021
9658,0
9659,1021
9660,0
9661,1022
9662,0
9663,1022
9664,0
9665,1022
9666,1022
9667,0
9668,1022
9669,0
9670,1022
9671,0
9672,1022
9673,0
9674,1022
9675,0
9676,1022
9677,1022
9678,0
9679,1022
9680,0
9681,1022
9682,0
9683,1022
9684,0
9685,1022
9686,0
9687,1022
9688,0
9689,0
9690,1022
9691,0
9692,1022
9693,0
9694,1022
9695,0
9696,1022
9697,0
9698,1022
9699,0
9700,0
9701,1022
9702,0
9703,1022
9704,0
9705,1021
9706,0
9707,1022
9708,0
9709,1022
9710,0
9711,0
9712,1021
9713,0
9714,1021
9715,0
9716,1022
9717,0
9718,1022
9719,0
9720,1022
9721,0
9722,1022
9723,1022
9724,0
9725,1022
9726,0
9727,1022
9728,0
9729,1022
9730,0
9731,1021
9732,0
9733,1021
9734,1021
9735,0
9736,1022
9737,0
9738,1022
9739,0
9740,1022
9741,0
9742,1022
9743,0
9744,1022
9745,0
9746,0
9747,1022
9748,0
9749,1022
9750,0
9751,1022
9752,0
9753,1022
9754,0
9755,1022
9756,0
9757,0
9758,1022
9759,0
9760,1022
9761,0
9762,1022
9763,0
9764,1022
9765,0
9766,1022
9767,0
9768,1022
9769,1022
9770,0
9771,1022
9772,0
9773,1021
9774,0
9775,1022
9776,0
9777,1022
9778,0
9779,1022
9780,1022
9781,0
9782,1022
9783,0
9784,1022
9785,0
9786,1022
9787,0
9788,1023
9789,0
9790,1022
9791,1022
9792,0
9793,1022
9794,0
9795,1022
9796,0
9797,1022
9798,0
9799,1022
9800,0
9801,1021
9802,0
9803,0
9804,1021
9805,0
9806,1022
9807,0
9808,1021
9809,0
9810,1022
9811,0
9812,1022
9813,0
9814,0
9815,1021
9816,0
9817,1023
9818,0
9819,1022
9820,0
9821,1022
9822,0
9823,1022
9824,0
9825,1022
9826,1021
9827,0
9828,1022
9829,0
9830,1023
9831,0
9832,1022
9833,0
9834,1022
9835,0
9836,1022
9837,1022
9838,0
9839,1022
9840,0
9841,1022
9842,0
9843,1022
9844,0
9845,1022
9846,0
9847,1022
9848,1022
9849,0
9850,1022
9851,0
9852,1022
9853,0
9854,1022
9855,0
9856,1022
9857,0
9858,1021
9859,0
9860,0
9861,1022
9862,0
9863,1021
9864,0
9865,1021
9866,0
9867,1022
9868,0
9869,1022
9870,0
9871,0
9872,1022
9873,0
9874,1022
9875,0
9876,1022
9877,0
9878,1022
9879,0
9880,1021
9881,0
9882,1022
9883,1022
9884,0
9885,1022
9886,0
9887,1021
9888,0
9889,1022
9890,0
9891,1022
9892,0
9893,1022
9894,1022
9895,0
9896,1022
9897,0
9898,1022
9899,0
9900,1021
9901,0
9902,1022
9903,0
9904,1022
9905,0
9906,0
9907,1022
9908,0
9909,1022
9910,0
9911,1022
9912,0
9913,1022
9914,0
9915,1022
9916,0
9917,0
9918,1022
9919,0
9920,1022
9921,0
9922,1022
9923,0
9924,1022
9925,0
9926,1022
9927,0
9928,0
9929,1022
9930,0
9931,1022
9932,0
9933,1022
9934,0
9935,1022
9936,0
9937,1022
9938,0
9939,1022
9940,1021
9941,0
9942,1022
9943,0
9944,1022
9945,0
9946,1022
9947,0
9948,1022
9949,0
9950,1022
9951,1022
9952,0
9953,1022
9954,0
9955,1022
9956,0
9957,1023
9958,0
9959,1022
9960,0
9961,1021
9962,0
9963,0
9964,1022
9965,0
9966,1022
9967,0
9968,1022
9969,0
9970,1022
9971,0
9972,1022
9973,0
9974,0
9975,1022
9976,0
9977,1022
9978,0
9979,1022
9980,0
9981,1021
9982,0
9983,1022
9984,0
9985,0
9986,1022
9987,0
9988,1022
9989,0
9990,1022
9991,0
9992,1022
9993,0
9994,1022
9995,0
9996,1022
9997,1022
9998,0
9999,1022
10000,0
