1,0
2,1022
3,1022
4,1022
5,1021
6,1021
7,1022
8,1022
9,0
10,0
11,0
12,0
13,0
14,0
15,0
16,1021
17,1022
18,1022
19,1022
20,1022
21,1022
22,1022
23,0
24,0
25,0
26,0
27,0
28,0
29,1022
30,1022
31,1022
32,1022
33,1022
34,1022
35,1022
36,0
37,0
38,0
39,0
40,0
41,0
42,0
43,1022
44,1022
45,1022
46,1022
47,1022
48,1022
49,1022
50,0
51,0
52,0
53,0
54,0
55,0
56,0
57,1022
58,1022
59,1021
60,1022
61,1023
62,1022
63,1022
64,0
65,0
66,0
67,0
68,0
69,0
70,0
71,1022
72,1022
73,1022
74,1022
75,1022
76,1022
77,0
78,0
79,0
80,0
81,0
82,0
83,0
84,1023
85,1022
86,1022
87,1022
88,1022
89,1021
90,1022
91,0
92,0
93,0
94,0
95,0
96,0
97,0
98,1022
99,1022
100,1022
101,1022
102,1022
103,1022
104,1022
105,0
106,0
107,0
108,0
109,0
110,0
111,0
112,1022
113,1021
114,1022
115,1022
116,1022
117,1022
118,0
119,0
120,0
121,0
122,0
123,0
124,0
125,1022
126,1022
127,1022
128,1022
129,1021
130,1023
131,1022
132,0
133,0
134,0
135,0
136,0
137,0
138,0
139,1022
140,1022
141,1021
142,1022
143,1022
144,1022
145,1022
146,0
147,0
148,0
149,0
150,0
151,0
152,0
153,1022
154,1022
155,1021
156,1022
157,1022
158,1021
159,1022
160,0
161,0
162,0
163,0
164,0
165,0
166,1022
167,1022
168,1022
169,1022
170,1022
171,1022
172,1022
173,0
174,0
175,0
176,0
177,0
178,0
179,0
180,1022
181,1022
182,1022
183,1022
184,1022
185,1022
186,1022
187,0
188,0
189,0
190,0
191,0
192,0
193,0
194,1022
195,1022
196,1022
197,1022
198,1022
199,1022
200,1022
201,0
202,0
203,0
204,0
205,0
206,0
207,0
208,1022
209,1021
210,1022
211,1021
212,1022
213,1022
214,0
215,0
216,0
217,0
218,0
219,0
220,0
221,1022
222,1022
223,1022
224,1022
225,1022
226,1022
227,1022
228,0
229,0
230,0
231,0
232,0
233,0
234,0
235,1021
236,1022
237,1022
238,1022
239,1022
240,1022
241,1022
242,0
243,0
244,0
245,0
246,0
247,0
248,0
249,1022
250,1022
251,1022
252,1022
253,1022
254,1022
255,0
256,0
257,0
258,0
259,0
260,0
261,0
262,1022
263,1022
264,1022
265,1022
266,1022
267,1022
268,1022
269,0
270,0
271,0
272,0
273,0
274,0
275,0
276,1022
277,1022
278,1022
279,1022
280,1022
281,1022
282,1022
283,0
284,0
285,0
286,0
287,0
288,0
289,0
290,1022
291,1021
292,1022
293,1022
294,1022
295,1022
296,1022
297,0
298,0
299,0
300,0
301,0
302,0
303,1022
304,1022
305,1022
306,1022
307,1022
308,1022
309,1022
310,0
311,0
312,0
313,0
314,0
315,0
316,0
317,1022
318,1022
319,1022
320,1022
321,1022
322,1022
323,1022
324,0
325,0
326,0
327,0
328,0
329,0
330,0
331,1022
332,1021
333,1022
334,1022
335,1022
336,1022
337,1022
338,0
339,0
340,0
341,0
342,0
343,0
344,1022
345,1022
346,1022
347,1022
348,1022
349,1022
350,1022
351,0
352,0
353,0
354,0
355,0
356,0
357,0
358,1022
359,1022
360,1022
361,1021
362,1022
363,1022
364,1021
365,0
366,0
367,0
368,0
369,0
370,0
371,0
372,1022
373,1022
374,1022
375,1022
376,1022
377,1022
378,1022
379,0
380,0
381,0
382,0
383,0
384,0
385,0
386,1021
387,1021
388,1021
389,1022
390,1021
391,1022
392,0
393,0
394,0
395,0
396,0
397,0
398,0
399,1022
400,1022
401,1022
402,1022
403,1022
404,1021
405,1022
406,0
407,0
408,0
409,0
410,0
411,0
412,0
413,1021
414,1022
415,1022
416,1022
417,1022
418,1022
419,1022
420,0
421,0
422,0
423,0
424,0
425,0
426,0
427,1022
428,1022
429,1022
430,1022
431,1022
432,1022
433,1022
434,0
435,0
436,0
437,0
438,0
439,0
440,1022
441,1021
442,1021
443,1021
444,1022
445,1022
446,1022
447,0
448,0
449,0
450,0
451,0
452,0
453,0
454,1022
455,1022
456,1022
457,1022
458,1022
459,1022
460,1022
461,0
462,0
463,0
464,0
465,0
466,0
467,0
468,1022
469,1022
470,1022
471,1022
472,1022
473,1022
474,1022
475,0
476,0
477,0
478,0
479,0
480,0
481,1022
482,1022
483,1022
484,1022
485,1022
486,1022
487,1022
488,0
489,0
490,0
491,0
492,0
493,0
494,0
495,1022
496,1022
497,1022
498,1022
499,1022
500,1022
501,1022
502,0
503,0
504,0
505,0
506,0
507,0
508,0
509,1022
510,1021
511,1022
512,1022
513,1023
514,1022
515,1022
516,0
517,0
518,0
519,0
520,0
521,0
522,0
523,1022
524,1022
525,1022
526,1022
527,1022
528,1022
529,0
530,0
531,0
532,0
533,0
534,0
535,0
536,1022
537,1022
538,1022
539,1022
540,1022
541,1022
542,1022
543,0
544,0
545,0
546,0
547,0
548,0
549,0
550,1022
551,1022
552,1022
553,1022
554,1022
555,1022
556,1023
557,0
558,0
559,0
560,0
561,0
562,0
563,0
564,1022
565,1022
566,1022
567,1022
568,1022
569,1022
570,0
571,0
572,0
573,0
574,0
575,0
576,0
577,1022
578,1022
579,1022
580,1022
581,1022
582,1022
583,1022
584,0
585,0
586,0
587,0
588,0
589,0
590,0
591,1022
592,1022
593,1022
594,1021
595,1021
596,1022
597,1021
598,0
599,0
600,0
601,0
602,0
603,0
604,0
605,1022
606,1022
607,1022
608,1022
609,1021
610,1022
611,1022
612,0
613,0
614,0
615,0
616,0
617,0
618,1022
619,1022
620,1022
621,1022
622,1021
623,1022
624,1022
625,0
626,0
627,0
628,0
629,0
630,0
631,0
632,1022
633,1022
634,1022
635,1022
636,1022
637,1022
638,1022
639,0
640,0
641,0
642,0
643,0
644,0
645,0
646,1022
647,1022
648,1022
649,1022
650,1022
651,1022
652,1022
653,0
654,0
655,0
656,0
657,0
658,0
659,1022
660,1022
661,1022
662,1022
663,1022
664,1022
665,1021
666,0
667,0
668,0
669,0
670,0
671,0
672,0
673,1022
674,1022
675,1021
676,1022
677,1022
678,1022
679,1021
680,0
681,0
682,0
683,0
684,0
685,0
686,0
687,1022
688,1021
689,1022
690,1022
691,1022
692,1022
693,1022
694,0
695,0
696,0
697,0
698,0
699,0
700,0
701,1022
702,1022
703,1022
704,1022
705,1022
706,1022
707,0
708,0
709,0
710,0
711,0
712,0
713,0
714,1022
715,1022
716,1021
717,1022
718,1022
719,1022
720,1022
721,0
722,0
723,0
724,0
725,0
726,0
727,0
728,1022
729,1022
730,1022
731,1022
732,1022
733,1023
734,1022
735,0
736,0
737,0
738,0
739,0
740,0
741,0
742,1022
743,1022
744,1021
745,1022
746,1021
747,1022
748,1022
749,0
750,0
751,0
752,0
753,0
754,0
755,1022
756,1022
757,1022
758,1022
759,1022
760,1022
761,1022
762,0
763,0
764,0
765,0
766,0
767,0
768,0
769,1022
770,1021
771,1021
772,1022
773,1021
774,1021
775,1022
776,0
777,0
778,0
779,0
780,0
781,0
782,0
783,1022
784,1022
785,1022
786,1022
787,1022
788,1022
789,1022
790,0
791,0
792,0
793,0
794,0
795,0
796,1022
797,1022
798,1022
799,1022
800,1022
801,1022
802,1022
803,0
804,0
805,0
806,0
807,0
808,0
809,0
810,1022
811,1022
812,1022
813,1022
814,1022
815,1022
816,1022
817,0
818,0
819,0
820,0
821,0
822,0
823,0
824,1022
825,1022
826,1021
827,1022
828,1022
829,1022
830,1022
831,0
832,0
833,0
834,0
835,0
836,0
837,0
838,1022
839,1022
840,1022
841,1022
842,1022
843,1022
844,0
845,0
846,0
847,0
848,0
849,0
850,0
851,1021
852,1022
853,1022
854,1022
855,1022
856,1022
857,1022
858,0
859,0
860,0
861,0
862,0
863,0
864,0
865,1022
866,1022
867,1022
868,1022
869,1022
870,1022
871,1022
872,0
873,0
874,0
875,0
876,0
877,0
878,0
879,1022
880,1022
881,1022
882,1022
883,1022
884,1022
885,0
886,0
887,0
888,0
889,0
890,0
891,0
892,1022
893,1022
894,1022
895,1021
896,1022
897,1021
898,1022
899,0
900,0
901,0
902,0
903,0
904,0
905,0
906,1022
907,1022
908,1022
909,1022
910,1022
911,1022
912,1022
913,0
914,0
915,0
916,0
917,0
918,0
919,0
920,1021
921,1022
922,1022
923,1022
924,1022
925,1022
926,1022
927,0
928,0
929,0
930,0
931,0
932,0
933,1022
934,1022
935,1022
936,1022
937,1022
938,1022
939,1022
940,0
941,0
942,0
943,0
944,0
945,0
946,0
947,1022
948,1022
949,1022
950,1022
951,1022
952,1022
953,1022
954,0
955,0
956,0
957,0
958,0
959,0
960,0
961,1022
962,1022
963,1022
964,1022
965,1022
966,1022
967,1022
968,0
969,0
970,0
971,0
972,0
973,0
974,1022
975,1021
976,1021
977,1022
978,1022
979,1022
980,1022
981,0
982,0
983,0
984,0
985,0
986,0
987,0
988,1022
989,1022
990,1022
991,1022
992,1021
993,1022
994,1022
995,0
996,0
997,0
998,0
999,0
1000,0
1001,0
1002,1022
1003,1022
1004,1022
1005,1021
1006,1022
1007,1022
1008,1022
1009,0
1010,0
1011,0
1012,0
1013,0
1014,0
1015,0
1016,1022
1017,1022
1018,1022
1019,1022
1020,1022
1021,1022
1022,0
1023,0
1024,0
1025,0
1026,0
1027,0
1028,0
1029,1022
1030,1022
1031,1022
1032,1022
1033,1022
1034,1022
1035,1022
1036,0
1037,0
1038,0
1039,0
1040,0
1041,0
1042,0
1043,1022
1044,1022
1045,1022
1046,1022
1047,1022
1048,1021
1049,1022
1050,0
1051,0
1052,0
1053,0
1054,0
1055,0
1056,0
1057,1022
1058,1022
1059,1022
1060,1022
1061,1022
1062,1022
1063,1022
1064,0
1065,0
1066,0
1067,0
1068,0
1069,0
1070,1021
1071,1022
1072,1021
1073,1021
1074,1021
1075,1021
1076,1021
1077,0
1078,0
1079,0
1080,0
1081,0
1082,0
1083,0
1084,1022
1085,1022
1086,1022
1087,1022
1088,1022
1089,1021
1090,1022
1091,0
1092,0
1093,0
1094,0
1095,0
1096,0
1097,0
1098,1021
1099,1022
1100,1022
1101,1022
1102,1022
1103,1023
1104,1022
1105,0
1106,0
1107,0
1108,0
1109,0
1110,0
1111,1022
1112,1022
1113,1022
1114,1022
1115,1022
1116,1022
1117,1022
1118,0
1119,0
1120,0
1121,0
1122,0
1123,0
1124,0
1125,1021
1126,1022
1127,1022
1128,1021
1129,1021
1130,1022
1131,1021
1132,0
1133,0
1134,0
1135,0
1136,0
1137,0
1138,0
1139,1022
1140,1022
1141,1022
1142,1021
1143,1022
1144,1022
1145,1022
1146,0
1147,0
1148,0
1149,0
1150,0
1151,0
1152,0
1153,1021
1154,1021
1155,1022
1156,1023
1157,1022
1158,1022
1159,0
1160,0
1161,0
1162,0
1163,0
1164,0
1165,0
1166,1022
1167,1022
1168,1022
1169,1022
1170,1022
1171,1022
1172,1022
1173,0
1174,0
1175,0
1176,0
1177,0
1178,0
1179,0
1180,1022
1181,1022
1182,1022
1183,1022
1184,1022
1185,1022
1186,1022
1187,0
1188,0
1189,0
1190,0
1191,0
1192,0
1193,0
1194,1022
1195,1022
1196,1022
1197,1022
1198,1022
1199,1022
1200,0
1201,0
1202,0
1203,0
1204,0
1205,0
1206,0
1207,1021
1208,1021
1209,1022
1210,1021
1211,1022
1212,1022
1213,1022
1214,0
1215,0
1216,0
1217,0
1218,0
1219,0
1220,0
1221,1022
1222,1022
1223,1022
1224,1021
1225,1022
1226,1022
1227,1022
1228,0
1229,0
1230,0
1231,0
1232,0
1233,0
1234,0
1235,1022
1236,1022
1237,1021
1238,1021
1239,1022
1240,1022
1241,1022
1242,0
1243,0
1244,0
1245,0
1246,0
1247,0
1248,1022
1249,1022
1250,1022
1251,1022
1252,1022
1253,1022
1254,1022
1255,0
1256,0
1257,0
1258,0
1259,0
1260,0
1261,0
1262,1022
1263,1022
1264,1022
1265,1022
1266,1022
1267,1022
1268,1022
1269,0
1270,0
1271,0
1272,0
1273,0
1274,0
1275,0
1276,1021
1277,1022
1278,1021
1279,1021
1280,1022
1281,1022
1282,1021
1283,0
1284,0
1285,0
1286,0
1287,0
1288,0
1289,1021
1290,1022
1291,1022
1292,1022
1293,1022
1294,1022
1295,1022
1296,0
1297,0
1298,0
1299,0
1300,0
1301,0
1302,0
1303,1022
1304,1022
1305,1022
1306,1022
1307,1022
1308,1022
1309,1022
1310,0
1311,0
1312,0
1313,0
1314,0
1315,0
1316,0
1317,1022
1318,1022
1319,1022
1320,1022
1321,1021
1322,1022
1323,1022
1324,0
1325,0
1326,0
1327,0
1328,0
1329,0
1330,0
1331,1022
1332,1022
1333,1022
1334,1022
1335,1022
1336,1022
1337,0
1338,0
1339,0
1340,0
1341,0
1342,0
1343,0
1344,1022
1345,1022
1346,1022
1347,1022
1348,1022
1349,1022
1350,1022
1351,0
1352,0
1353,0
1354,0
1355,0
1356,0
1357,0
1358,1021
1359,1021
1360,1022
1361,1021
1362,1022
1363,1022
1364,1022
1365,0
1366,0
1367,0
1368,0
1369,0
1370,0
1371,0
1372,1022
1373,1022
1374,1022
1375,1022
1376,1022
1377,1022
1378,1022
1379,0
1380,0
1381,0
1382,0
1383,0
1384,0
1385,1022
1386,1022
1387,1022
1388,1022
1389,1022
1390,1022
1391,1022
1392,0
1393,0
1394,0
1395,0
1396,0
1397,0
1398,0
1399,1022
1400,1022
1401,1022
1402,1022
1403,1022
1404,1022
1405,1022
1406,0
1407,0
1408,0
1409,0
1410,0
1411,0
1412,0
1413,1022
1414,1022
1415,1022
1416,1022
1417,1022
1418,1022
1419,1022
1420,0
1421,0
1422,0
1423,0
1424,0
1425,0
1426,1022
1427,1022
1428,1022
1429,1021
1430,1021
1431,1021
1432,1021
1433,0
1434,0
1435,0
1436,0
1437,0
1438,0
1439,0
1440,1022
1441,1021
1442,1022
1443,1022
1444,1022
1445,1022
1446,1022
1447,0
1448,0
1449,0
1450,0
1451,0
1452,0
1453,0
1454,1022
1455,1022
1456,1022
1457,1021
1458,1021
1459,1021
1460,1022
1461,0
1462,0
1463,0
1464,0
1465,0
1466,0
1467,0
1468,1022
1469,1022
1470,1022
1471,1022
1472,1022
1473,1022
1474,0
1475,0
1476,0
1477,0
1478,0
1479,0
1480,0
1481,1022
1482,1021
1483,1022
1484,1022
1485,1022
1486,1022
1487,1022
1488,0
1489,0
1490,0
1491,0
1492,0
1493,0
1494,0
1495,1022
1496,1022
1497,1021
1498,1022
1499,1022
1500,1022
1501,1022
1502,0
1503,0
1504,0
1505,0
1506,0
1507,0
1508,0
1509,1021
1510,1021
1511,1021
1512,1021
1513,1022
1514,1022
1515,0
1516,0
1517,0
1518,0
1519,0
1520,0
1521,0
1522,1022
1523,1021
1524,1022
1525,1022
1526,1021
1527,1022
1528,1022
1529,0
1530,0
1531,0
1532,0
1533,0
1534,0
1535,0
1536,1022
1537,1022
1538,1022
1539,1022
1540,1021
1541,1022
1542,1022
1543,0
1544,0
1545,0
1546,0
1547,0
1548,0
1549,0
1550,1022
1551,1022
1552,1022
1553,1022
1554,1022
1555,1022
1556,1021
1557,0
1558,0
1559,0
1560,0
1561,0
1562,0
1563,1022
1564,1022
1565,1022
1566,1022
1567,1022
1568,1022
1569,1022
1570,0
1571,0
1572,0
1573,0
1574,0
1575,0
1576,0
1577,1022
1578,1022
1579,1022
1580,1022
1581,1022
1582,1022
1583,1022
1584,0
1585,0
1586,0
1587,0
1588,0
1589,0
1590,0
1591,1022
1592,1022
1593,1022
1594,1022
1595,1022
1596,1022
1597,1022
1598,0
1599,0
1600,0
1601,0
1602,0
1603,0
1604,0
1605,1022
1606,1022
1607,1022
1608,1021
1609,1021
1610,1021
1611,0
1612,0
1613,0
1614,0
1615,0
1616,0
1617,0
1618,1022
1619,1022
1620,1022
1621,1022
1622,1022
1623,1022
1624,1022
1625,0
1626,0
1627,0
1628,0
1629,0
1630,0
1631,0
1632,1022
1633,1022
1634,1022
1635,1022
1636,1022
1637,1022
1638,1022
1639,0
1640,0
1641,0
1642,0
1643,0
1644,0
1645,0
1646,1022
1647,1022
1648,1022
1649,1022
1650,1022
1651,1022
1652,0
1653,0
1654,0
1655,0
1656,0
1657,0
1658,0
1659,1021
1660,1021
1661,1021
1662,1022
1663,1021
1664,1022
1665,1021
1666,0
1667,0
1668,0
1669,0
1670,0
1671,0
1672,0
1673,1022
1674,1022
1675,1022
1676,1021
1677,1022
1678,1022
1679,1022
1680,0
1681,0
1682,0
1683,0
1684,0
1685,0
1686,0
1687,1022
1688,1022
1689,1022
1690,1022
1691,1022
1692,1022
1693,1022
1694,0
1695,0
1696,0
1697,0
1698,0
1699,0
1700,1022
1701,1022
1702,1022
1703,1022
1704,1022
1705,1022
1706,1022
1707,0
1708,0
1709,0
1710,0
1711,0
1712,0
1713,0
1714,1022
1715,1022
1716,1022
1717,1022
1718,1022
1719,1022
1720,1022
1721,0
1722,0
1723,0
1724,0
1725,0
1726,0
1727,0
1728,1022
1729,1022
1730,1022
1731,1022
1732,1022
1733,1022
1734,1022
1735,0
1736,0
1737,0
1738,0
1739,0
1740,0
1741,1022
1742,1022
1743,1021
1744,1022
1745,1022
1746,1022
1747,1022
1748,0
1749,0
1750,0
1751,0
1752,0
1753,0
1754,0
1755,1022
1756,1022
1757,1022
1758,1022
1759,1022
1760,1022
1761,1022
1762,0
1763,0
1764,0
1765,0
1766,0
1767,0
1768,0
1769,1022
1770,1022
1771,1022
1772,1022
1773,1022
1774,1022
1775,1022
1776,0
1777,0
1778,0
1779,0
1780,0
1781,0
1782,0
1783,1022
1784,1022
1785,1022
1786,1022
1787,1022
1788,1022
1789,0
1790,0
1791,0
1792,0
1793,0
1794,0
1795,0
1796,1022
1797,1022
1798,1022
1799,1022
1800,1022
1801,1022
1802,1022
1803,0
1804,0
1805,0
1806,0
1807,0
1808,0
1809,0
1810,1022
1811,1022
1812,1022
1813,1022
1814,1022
1815,1023
1816,1022
1817,0
1818,0
1819,0
1820,0
1821,0
1822,0
1823,0
1824,1022
1825,1022
1826,1022
1827,1022
1828,1022
1829,1022
1830,0
1831,0
1832,0
1833,0
1834,0
1835,0
1836,0
1837,1021
1838,1022
1839,1022
1840,1022
1841,1022
1842,1022
1843,1022
1844,0
1845,0
1846,0
1847,0
1848,0
1849,0
1850,0
1851,1022
1852,1022
1853,1022
1854,1022
1855,1021
1856,1021
1857,1021
1858,0
1859,0
1860,0
1861,0
1862,0
1863,0
1864,0
1865,1022
1866,1022
1867,1022
1868,1022
1869,1022
1870,1022
1871,1022
1872,0
1873,0
1874,0
1875,0
1876,0
1877,0
1878,1022
1879,1022
1880,1022
1881,1022
1882,1022
1883,1022
1884,1022
1885,0
1886,0
1887,0
1888,0
1889,0
1890,0
1891,0
1892,1022
1893,1022
1894,1022
1895,1022
1896,1023
1897,1022
1898,1022
1899,0
1900,0
1901,0
1902,0
1903,0
1904,0
1905,0
1906,1022
1907,1022
1908,1022
1909,1022
1910,1022
1911,1022
1912,1022
1913,0
1914,0
1915,0
1916,0
1917,0
1918,0
1919,0
1920,1022
1921,1021
1922,1022
1923,1022
1924,1022
1925,1022
1926,0
1927,0
1928,0
1929,0
1930,0
1931,0
1932,0
1933,1022
1934,1022
1935,1022
1936,1022
1937,1022
1938,1022
1939,1022
1940,0
1941,0
1942,0
1943,0
1944,0
1945,0
1946,0
1947,1022
1948,1022
1949,1022
1950,1022
1951,1022
1952,1022
1953,1022
1954,0
1955,0
1956,0
1957,0
1958,0
1959,0
1960,0
1961,1021
1962,1022
1963,1022
1964,1022
1965,1022
1966,1021
1967,0
1968,0
1969,0
1970,0
1971,0
1972,0
1973,0
1974,1022
1975,1022
1976,1022
1977,1022
1978,1022
1979,1022
1980,1022
1981,0
1982,0
1983,0
1984,0
1985,0
1986,0
1987,0
1988,1022
1989,1022
1990,1022
1991,1022
1992,1022
1993,1022
1994,1022
1995,0
1996,0
1997,0
1998,0
1999,0
2000,0
2001,0
2002,1022
2003,1022
2004,1022
2005,1022
2006,1022
2007,1022
2008,1022
2009,0
2010,0
2011,0
2012,0
2013,0
2014,0
2015,1022
2016,1022
2017,1022
2018,1022
2019,1022
2020,1022
2021,1022
2022,0
2023,0
2024,0
2025,0
2026,0
2027,0
2028,0
2029,1022
2030,1022
2031,1022
2032,1022
2033,1022
2034,1022
2035,1021
2036,0
2037,0
2038,0
2039,0
2040,0
2041,0
2042,0
2043,1022
2044,1022
2045,1022
2046,1022
2047,1022
2048,1021
2049,1022
2050,0
2051,0
2052,0
2053,0
2054,0
2055,0
2056,1022
2057,1021
2058,1022
2059,1022
2060,1022
2061,1021
2062,1022
2063,0
2064,0
2065,0
2066,0
2067,0
2068,0
2069,0
2070,1022
2071,1022
2072,1022
2073,1022
2074,1022
2075,1022
2076,1022
2077,0
2078,0
2079,0
2080,0
2081,0
2082,0
2083,0
2084,1022
2085,1022
2086,1022
2087,1022
2088,1022
2089,1022
2090,1022
2091,0
2092,0
2093,0
2094,0
2095,0
2096,0
2097,0
2098,1022
2099,1022
2100,1022
2101,1022
2102,1022
2103,1022
2104,0
2105,0
2106,0
2107,0
2108,0
2109,0
2110,0
2111,1022
2112,1021
2113,1022
2114,1022
2115,1021
2116,1023
2117,1022
2118,0
2119,0
2120,0
2121,0
2122,0
2123,0
2124,0
2125,1022
2126,1022
2127,1022
2128,1021
2129,1022
2130,1021
2131,1021
2132,0
2133,0
2134,0
2135,0
2136,0
2137,0
2138,0
2139,1022
2140,1022
2141,1022
2142,1023
2143,1022
2144,1021
2145,0
2146,0
2147,0
2148,0
2149,0
2150,0
2151,0
2152,1022
2153,1022
2154,1022
2155,1022
2156,1022
2157,1022
2158,1022
2159,0
2160,0
2161,0
2162,0
2163,0
2164,0
2165,0
2166,1022
2167,1022
2168,1022
2169,1022
2170,1022
2171,1021
2172,1022
2173,0
2174,0
2175,0
2176,0
2177,0
2178,0
2179,0
2180,1022
2181,1022
2182,1023
2183,1022
2184,1021
2185,1021
2186,1022
2187,0
2188,0
2189,0
2190,0
2191,0
2192,0
2193,1022
2194,1022
2195,1022
2196,1022
2197,1022
2198,1022
2199,1021
2200,0
2201,0
2202,0
2203,0
2204,0
2205,0
2206,0
2207,1022
2208,1022
2209,1022
2210,1022
2211,1022
2212,1022
2213,1022
2214,0
2215,0
2216,0
2217,0
2218,0
2219,0
2220,0
2221,1022
2222,1022
2223,1022
2224,1022
2225,1022
2226,1022
2227,1022
2228,0
2229,0
2230,0
2231,0
2232,0
2233,0
2234,0
2235,1022
2236,1022
2237,1022
2238,1022
2239,1022
2240,1021
2241,0
2242,0
2243,0
2244,0
2245,0
2246,0
2247,0
2248,1022
2249,1022
2250,1022
2251,1022
2252,1022
2253,1022
2254,1022
2255,0
2256,0
2257,0
2258,0
2259,0
2260,0
2261,0
2262,1022
2263,1022
2264,1022
2265,1022
2266,1022
2267,1022
2268,1022
2269,0
2270,0
2271,0
2272,0
2273,0
2274,0
2275,0
2276,1022
2277,1023
2278,1022
2279,1021
2280,1021
2281,1021
2282,0
2283,0
2284,0
2285,0
2286,0
2287,0
2288,0
2289,1022
2290,1022
2291,1022
2292,1022
2293,1022
2294,1022
2295,1022
2296,0
2297,0
2298,0
2299,0
2300,0
2301,0
2302,0
2303,1022
2304,1022
2305,1022
2306,1022
2307,1022
2308,1022
2309,1022
2310,0
2311,0
2312,0
2313,0
2314,0
2315,0
2316,0
2317,1022
2318,1022
2319,1022
2320,1022
2321,1022
2322,1022
2323,1022
2324,0
2325,0
2326,0
2327,0
2328,0
2329,0
2330,1022
2331,1022
2332,1022
2333,1022
2334,1022
2335,1021
2336,1022
2337,0
2338,0
2339,0
2340,0
2341,0
2342,0
2343,0
2344,1022
2345,1022
2346,1022
2347,1022
2348,1022
2349,1022
2350,1022
2351,0
2352,0
2353,0
2354,0
2355,0
2356,0
2357,0
2358,1021
2359,1022
2360,1022
2361,1022
2362,1022
2363,1022
2364,1022
2365,0
2366,0
2367,0
2368,0
2369,0
2370,0
2371,1022
2372,1022
2373,1022
2374,1022
2375,1022
2376,1022
2377,1023
2378,0
2379,0
2380,0
2381,0
2382,0
2383,0
2384,0
2385,1022
2386,1022
2387,1021
2388,1021
2389,1022
2390,1021
2391,1022
2392,0
2393,0
2394,0
2395,0
2396,0
2397,0
2398,0
2399,1022
2400,1022
2401,1022
2402,1022
2403,1022
2404,1022
2405,1022
2406,0
2407,0
2408,0
2409,0
2410,0
2411,0
2412,0
2413,1022
2414,1022
2415,1021
2416,1021
2417,1022
2418,1022
2419,0
2420,0
2421,0
2422,0
2423,0
2424,0
2425,0
2426,1021
2427,1022
2428,1022
2429,1022
2430,1022
2431,1021
2432,1022
2433,0
2434,0
2435,0
2436,0
2437,0
2438,0
2439,0
2440,1022
2441,1022
2442,1022
2443,1022
2444,1022
2445,1022
2446,1022
2447,0
2448,0
2449,0
2450,0
2451,0
2452,0
2453,0
2454,1022
2455,1022
2456,1022
2457,1022
2458,1022
2459,1022
2460,1022
2461,0
2462,0
2463,0
2464,0
2465,0
2466,0
2467,1022
2468,1022
2469,1022
2470,1022
2471,1022
2472,1022
2473,1022
2474,0
2475,0
2476,0
2477,0
2478,0
2479,0
2480,0
2481,1022
2482,1022
2483,1022
2484,1022
2485,1022
2486,1022
2487,1022
2488,0
2489,0
2490,0
2491,0
2492,0
2493,0
2494,0
2495,1023
2496,1022
2497,1022
2498,1022
2499,1021
2500,1021
2501,1021
2502,0
2503,0
2504,0
2505,0
2506,0
2507,0
2508,1021
2509,1022
2510,1022
2511,1022
2512,1022
2513,1022
2514,1022
2515,0
2516,0
2517,0
2518,0
2519,0
2520,0
2521,0
2522,1022
2523,1022
2524,1022
2525,1021
2526,1021
2527,1022
2528,1022
2529,0
2530,0
2531,0
2532,0
2533,0
2534,0
2535,0
2536,1022
2537,1022
2538,1022
2539,1023
2540,1022
2541,1022
2542,1022
2543,0
2544,0
2545,0
2546,0
2547,0
2548,0
2549,0
2550,1022
2551,1022
2552,1022
2553,1022
2554,1022
2555,1022
2556,0
2557,0
2558,0
2559,0
2560,0
2561,0
2562,0
2563,1022
2564,1022
2565,1022
2566,1023
2567,1023
2568,1022
2569,1023
2570,0
2571,0
2572,0
2573,0
2574,0
2575,0
2576,0
2577,1022
2578,1022
2579,1021
2580,1022
2581,1022
2582,1021
2583,1021
2584,0
2585,0
2586,0
2587,0
2588,0
2589,0
2590,0
2591,1022
2592,1022
2593,1022
2594,1022
2595,1022
2596,1022
2597,0
2598,0
2599,0
2600,0
2601,0
2602,0
2603,0
2604,1022
2605,1021
2606,1021
2607,1021
2608,1022
2609,1022
2610,1022
2611,0
2612,0
2613,0
2614,0
2615,0
2616,0
2617,0
2618,1022
2619,1022
2620,1022
2621,1022
2622,1022
2623,1022
2624,1022
2625,0
2626,0
2627,0
2628,0
2629,0
2630,0
2631,0
2632,1022
2633,1022
2634,1022
2635,1022
2636,1022
2637,1022
2638,1022
2639,0
2640,0
2641,0
2642,0
2643,0
2644,0
2645,1022
2646,1022
2647,1023
2648,1022
2649,1022
2650,1022
2651,1023
2652,0
2653,0
2654,0
2655,0
2656,0
2657,0
2658,0
2659,1021
2660,1021
2661,1021
2662,1022
2663,1022
2664,1022
2665,1022
2666,0
2667,0
2668,0
2669,0
2670,0
2671,0
2672,0
2673,1022
2674,1022
2675,1022
2676,1022
2677,1022
2678,1022
2679,1022
2680,0
2681,0
2682,0
2683,0
2684,0
2685,0
2686,1021
2687,1022
2688,1021
2689,1021
2690,1022
2691,1022
2692,1022
2693,0
2694,0
2695,0
2696,0
2697,0
2698,0
2699,0
2700,1022
2701,1022
2702,1022
2703,1022
2704,1022
2705,1022
2706,1021
2707,0
2708,0
2709,0
2710,0
2711,0
2712,0
2713,0
2714,1022
2715,1022
2716,1022
2717,1022
2718,1022
2719,1022
2720,1022
2721,0
2722,0
2723,0
2724,0
2725,0
2726,0
2727,0
2728,1022
2729,1022
2730,1022
2731,1022
2732,1022
2733,1022
2734,0
2735,0
2736,0
2737,0
2738,0
2739,0
2740,0
2741,1022
2742,1022
2743,1022
2744,1022
2745,1022
2746,1022
2747,1022
2748,0
2749,0
2750,0
2751,0
2752,0
2753,0
2754,0
2755,1022
2756,1022
2757,1022
2758,1022
2759,1022
2760,1022
2761,1022
2762,0
2763,0
2764,0
2765,0
2766,0
2767,0
2768,0
2769,1022
2770,1022
2771,1021
2772,1022
2773,1022
2774,1022
2775,1022
2776,0
2777,0
2778,0
2779,0
2780,0
2781,0
2782,1022
2783,1022
2784,1022
2785,1022
2786,1022
2787,1022
2788,1022
2789,0
2790,0
2791,0
2792,0
2793,0
2794,0
2795,0
2796,1022
2797,1022
2798,1021
2799,1022
2800,1022
2801,1022
2802,1022
2803,0
2804,0
2805,0
2806,0
2807,0
2808,0
2809,0
2810,1022
2811,1021
2812,1021
2813,1023
2814,1022
2815,1022
2816,1022
2817,0
2818,0
2819,0
2820,0
2821,0
2822,0
2823,1022
2824,1022
2825,1022
2826,1022
2827,1022
2828,1022
2829,1022
2830,0
2831,0
2832,0
2833,0
2834,0
2835,0
2836,0
2837,1022
2838,1022
2839,1022
2840,1022
2841,1022
2842,1022
2843,1022
2844,0
2845,0
2846,0
2847,0
2848,0
2849,0
2850,0
2851,1022
2852,1022
2853,1022
2854,1022
2855,1022
2856,1022
2857,1022
2858,0
2859,0
2860,0
2861,0
2862,0
2863,0
2864,0
2865,1022
2866,1022
2867,1022
2868,1022
2869,1022
2870,1022
2871,0
2872,0
2873,0
2874,0
2875,0
2876,0
2877,0
2878,1022
2879,1022
2880,1022
2881,1022
2882,1022
2883,1022
2884,1022
2885,0
2886,0
2887,0
2888,0
2889,0
2890,0
2891,0
2892,1022
2893,1022
2894,1022
2895,1022
2896,1021
2897,1022
2898,1022
2899,0
2900,0
2901,0
2902,0
2903,0
2904,0
2905,0
2906,1021
2907,1022
2908,1022
2909,1022
2910,1022
2911,1022
2912,0
2913,0
2914,0
2915,0
2916,0
2917,0
2918,0
2919,1022
2920,1021
2921,1022
2922,1022
2923,1022
2924,1022
2925,1022
2926,0
2927,0
2928,0
2929,0
2930,0
2931,0
2932,0
2933,1022
2934,1022
2935,1022
2936,1022
2937,1022
2938,1022
2939,1022
2940,0
2941,0
2942,0
2943,0
2944,0
2945,0
2946,0
2947,1022
2948,1022
2949,1022
2950,1022
2951,1022
2952,1022
2953,1021
2954,0
2955,0
2956,0
2957,0
2958,0
2959,0
2960,1022
2961,1022
2962,1022
2963,1022
2964,1022
2965,1022
2966,1022
2967,0
2968,0
2969,0
2970,0
2971,0
2972,0
2973,0
2974,1022
2975,1022
2976,1022
2977,1022
2978,1022
2979,1022
2980,1022
2981,0
2982,0
2983,0
2984,0
2985,0
2986,0
2987,0
2988,1021
2989,1022
2990,1022
2991,1022
2992,1022
2993,1022
2994,1022
2995,0
2996,0
2997,0
2998,0
2999,0
3000,0
3001,0
3002,1022
3003,1022
3004,1022
3005,1022
3006,1022
3007,1022
3008,0
3009,0
3010,0
3011,0
3012,0
3013,0
3014,0
3015,1022
3016,1022
3017,1022
3018,1022
3019,1022
3020,1022
3021,1022
3022,0
3023,0
3024,0
3025,0
3026,0
3027,0
3028,0
3029,1022
3030,1022
3031,1022
3032,1022
3033,1022
3034,1022
3035,1022
3036,0
3037,0
3038,0
3039,0
3040,0
3041,0
3042,0
3043,1022
3044,1022
3045,1021
3046,1022
3047,1022
3048,1022
3049,0
3050,0
3051,0
3052,0
3053,0
3054,0
3055,0
3056,1022
3057,1022
3058,1022
3059,1022
3060,1022
3061,1022
3062,1022
3063,0
3064,0
3065,0
3066,0
3067,0
3068,0
3069,0
3070,1022
3071,1022
3072,1022
3073,1021
3074,1022
3075,1022
3076,1022
3077,0
3078,0
3079,0
3080,0
3081,0
3082,0
3083,0
3084,1022
3085,1022
3086,1022
3087,1022
3088,1022
3089,1022
3090,1022
3091,0
3092,0
3093,0
3094,0
3095,0
3096,0
3097,1022
3098,1022
3099,1022
3100,1022
3101,1022
3102,1022
3103,1022
3104,0
3105,0
3106,0
3107,0
3108,0
3109,0
3110,0
3111,1022
3112,1021
3113,1022
3114,1022
3115,1022
3116,1021
3117,1022
3118,0
3119,0
3120,0
3121,0
3122,0
3123,0
3124,0
3125,1022
3126,1021
3127,1022
3128,1022
3129,1022
3130,1022
3131,1022
3132,0
3133,0
3134,0
3135,0
3136,0
3137,0
3138,1022
3139,1022
3140,1022
3141,1022
3142,1022
3143,1022
3144,1022
3145,0
3146,0
3147,0
3148,0
3149,0
3150,0
3151,0
3152,1022
3153,1022
3154,1022
3155,1022
3156,1022
3157,1022
3158,1022
3159,0
3160,0
3161,0
3162,0
3163,0
3164,0
3165,0
3166,1022
3167,1022
3168,1022
3169,1022
3170,1022
3171,1022
3172,1022
3173,0
3174,0
3175,0
3176,0
3177,0
3178,0
3179,0
3180,1022
3181,1022
3182,1022
3183,1022
3184,1022
3185,1022
3186,0
3187,0
3188,0
3189,0
3190,0
3191,0
3192,0
3193,1021
3194,1021
3195,1022
3196,1021
3197,1022
3198,1021
3199,1022
3200,0
3201,0
3202,0
3203,0
3204,0
3205,0
3206,0
3207,1022
3208,1022
3209,1022
3210,1022
3211,1022
3212,1022
3213,1022
3214,0
3215,0
3216,0
3217,0
3218,0
3219,0
3220,0
3221,1022
3222,1022
3223,1022
3224,1022
3225,1022
3226,1022
3227,0
3228,0
3229,0
3230,0
3231,0
3232,0
3233,0
3234,1022
3235,1022
3236,1022
3237,1022
3238,1022
3239,1022
3240,1022
3241,0
3242,0
3243,0
3244,0
3245,0
3246,0
3247,0
3248,1022
3249,1022
3250,1022
3251,1022
3252,1022
3253,1022
3254,1021
3255,0
3256,0
3257,0
3258,0
3259,0
3260,0
3261,0
3262,1022
3263,1023
3264,1022
3265,1022
3266,1021
3267,1022
3268,1022
3269,0
3270,0
3271,0
3272,0
3273,0
3274,0
3275,1022
3276,1023
3277,1022
3278,1022
3279,1022
3280,1022
3281,1022
3282,0
3283,0
3284,0
3285,0
3286,0
3287,0
3288,0
3289,1022
3290,1022
3291,1021
3292,1021
3293,1022
3294,1021
3295,1021
3296,0
3297,0
3298,0
3299,0
3300,0
3301,0
3302,0
3303,1022
3304,1022
3305,1022
3306,1021
3307,1022
3308,1021
3309,1022
3310,0
3311,0
3312,0
3313,0
3314,0
3315,0
3316,0
3317,1022
3318,1022
3319,1022
3320,1022
3321,1022
3322,1022
3323,0
3324,0
3325,0
3326,0
3327,0
3328,0
3329,0
3330,1022
3331,1022
3332,1022
3333,1022
3334,1022
3335,1022
3336,1021
3337,0
3338,0
3339,0
3340,0
3341,0
3342,0
3343,0
3344,1022
3345,1021
3346,1021
3347,1021
3348,1021
3349,1021
3350,1022
3351,0
3352,0
3353,0
3354,0
3355,0
3356,0
3357,0
3358,1022
3359,1022
3360,1023
3361,1022
3362,1022
3363,1022
3364,0
3365,0
3366,0
3367,0
3368,0
3369,0
3370,0
3371,1022
3372,1022
3373,1021
3374,1022
3375,1022
3376,1022
3377,1022
3378,0
3379,0
3380,0
3381,0
3382,0
3383,0
3384,0
3385,1022
3386,1022
3387,1022
3388,1022
3389,1022
3390,1022
3391,1022
3392,0
3393,0
3394,0
3395,0
3396,0
3397,0
3398,0
3399,1022
3400,1022
3401,1022
3402,1022
3403,1022
3404,1022
3405,1022
3406,0
3407,0
3408,0
3409,0
3410,0
3411,0
3412,1022
3413,1021
3414,1022
3415,1022
3416,1022
3417,1023
3418,1022
3419,0
3420,0
3421,0
3422,0
3423,0
3424,0
3425,0
3426,1021
3427,1022
3428,1022
3429,1022
3430,1022
3431,1022
3432,1022
3433,0
3434,0
3435,0
3436,0
3437,0
3438,0
3439,0
3440,1022
3441,1022
3442,1022
3443,1022
3444,1022
3445,1022
3446,1022
3447,0
3448,0
3449,0
3450,0
3451,0
3452,0
3453,1022
3454,1022
3455,1022
3456,1022
3457,1022
3458,1022
3459,1022
3460,0
3461,0
3462,0
3463,0
3464,0
3465,0
3466,0
3467,1022
3468,1022
3469,1022
3470,1022
3471,1022
3472,1022
3473,1022
3474,0
3475,0
3476,0
3477,0
3478,0
3479,0
3480,0
3481,1022
3482,1022
3483,1022
3484,1022
3485,1022
3486,1022
3487,1022
3488,0
3489,0
3490,0
3491,0
3492,0
3493,0
3494,0
3495,1022
3496,1022
3497,1022
3498,1021
3499,1022
3500,1022
3501,0
3502,0
3503,0
3504,0
3505,0
3506,0
3507,0
3508,1022
3509,1023
3510,1022
3511,1022
3512,1022
3513,1022
3514,1022
3515,0
3516,0
3517,0
3518,0
3519,0
3520,0
3521,0
3522,1022
3523,1022
3524,1022
3525,1022
3526,1022
3527,1022
3528,1022
3529,0
3530,0
3531,0
3532,0
3533,0
3534,0
3535,0
3536,1022
3537,1022
3538,1022
3539,1022
3540,1022
3541,1022
3542,0
3543,0
3544,0
3545,0
3546,0
3547,0
3548,0
3549,1022
3550,1022
3551,1022
3552,1022
3553,1022
3554,1022
3555,1022
3556,0
3557,0
3558,0
3559,0
3560,0
3561,0
3562,0
3563,1022
3564,1022
3565,1022
3566,1022
3567,1023
3568,1022
3569,1022
3570,0
3571,0
3572,0
3573,0
3574,0
3575,0
3576,0
3577,1022
3578,1021
3579,1022
3580,1022
3581,1022
3582,1022
3583,1021
3584,0
3585,0
3586,0
3587,0
3588,0
3589,0
3590,1022
3591,1022
3592,1021
3593,1021
3594,1022
3595,1022
3596,1023
3597,0
3598,0
3599,0
3600,0
3601,0
3602,0
3603,0
3604,1022
3605,1022
3606,1022
3607,1022
3608,1022
3609,1022
3610,1022
3611,0
3612,0
3613,0
3614,0
3615,0
3616,0
3617,0
3618,1022
3619,1022
3620,1022
3621,1022
3622,1022
3623,1022
3624,1022
3625,0
3626,0
3627,0
3628,0
3629,0
3630,0
3631,0
3632,1022
3633,1022
3634,1022
3635,1022
3636,1022
3637,1022
3638,0
3639,0
3640,0
3641,0
3642,0
3643,0
3644,0
3645,1022
3646,1022
3647,1021
3648,1022
3649,1021
3650,1021
3651,1022
3652,0
3653,0
3654,0
3655,0
3656,0
3657,0
3658,0
3659,1022
3660,1022
3661,1022
3662,1022
3663,1022
3664,1022
3665,1022
3666,0
3667,0
3668,0
3669,0
3670,0
3671,0
3672,0
3673,1022
3674,1022
3675,1022
3676,1022
3677,1022
3678,1022
3679,0
3680,0
3681,0
3682,0
3683,0
3684,0
3685,0
3686,1022
3687,1022
3688,1022
3689,1022
3690,1022
3691,1022
3692,1021
3693,0
3694,0
3695,0
3696,0
3697,0
3698,0
3699,0
3700,1022
3701,1022
3702,1022
3703,1022
3704,1022
3705,1022
3706,1022
3707,0
3708,0
3709,0
3710,0
3711,0
3712,0
3713,0
3714,1022
3715,1022
3716,1022
3717,1022
3718,1022
3719,1021
3720,1023
3721,0
3722,0
3723,0
3724,0
3725,0
3726,0
3727,1022
3728,1021
3729,1022
3730,1021
3731,1021
3732,1021
3733,1023
3734,0
3735,0
3736,0
3737,0
3738,0
3739,0
3740,0
3741,1022
3742,1022
3743,1022
3744,1022
3745,1022
3746,1022
3747,1022
3748,0
3749,0
3750,0
3751,0
3752,0
3753,0
3754,0
3755,1022
3756,1022
3757,1022
3758,1022
3759,1022
3760,1022
3761,1022
3762,0
3763,0
3764,0
3765,0
3766,0
3767,0
3768,1022
3769,1022
3770,1022
3771,1022
3772,1022
3773,1022
3774,1022
3775,0
3776,0
3777,0
3778,0
3779,0
3780,0
3781,0
3782,1022
3783,1022
3784,1022
3785,1022
3786,1022
3787,1022
3788,1022
3789,0
3790,0
3791,0
3792,0
3793,0
3794,0
3795,0
3796,1022
3797,1022
3798,1022
3799,1021
3800,1022
3801,1022
3802,1023
3803,0
3804,0
3805,0
3806,0
3807,0
3808,0
3809,0
3810,1022
3811,1022
3812,1022
3813,1022
3814,1021
3815,1022
3816,0
3817,0
3818,0
3819,0
3820,0
3821,0
3822,0
3823,1022
3824,1022
3825,1022
3826,1022
3827,1022
3828,1022
3829,1022
3830,0
3831,0
3832,0
3833,0
3834,0
3835,0
3836,0
3837,1022
3838,1022
3839,1022
3840,1022
3841,1022
3842,1022
3843,1022
3844,0
3845,0
3846,0
3847,0
3848,0
3849,0
3850,0
3851,1022
3852,1022
3853,1022
3854,1022
3855,1022
3856,1022
3857,1022
3858,0
3859,0
3860,0
3861,0
3862,0
3863,0
3864,1022
3865,1022
3866,1022
3867,1022
3868,1022
3869,1022
3870,1022
3871,0
3872,0
3873,0
3874,0
3875,0
3876,0
3877,0
3878,1021
3879,1022
3880,1021
3881,1021
3882,1021
3883,1022
3884,1021
3885,0
3886,0
3887,0
3888,0
3889,0
3890,0
3891,0
3892,1022
3893,1022
3894,1022
3895,1022
3896,1022
3897,1022
3898,1022
3899,0
3900,0
3901,0
3902,0
3903,0
3904,0
3905,1021
3906,1022
3907,1022
3908,1022
3909,1022
3910,1022
3911,1022
3912,0
3913,0
3914,0
3915,0
3916,0
3917,0
3918,0
3919,1022
3920,1022
3921,1022
3922,1022
3923,1022
3924,1022
3925,1022
3926,0
3927,0
3928,0
3929,0
3930,0
3931,0
3932,0
3933,1022
3934,1022
3935,1022
3936,1023
3937,1022
3938,1022
3939,1022
3940,0
3941,0
3942,0
3943,0
3944,0
3945,0
3946,0
3947,1022
3948,1022
3949,1022
3950,1022
3951,1023
3952,1022
3953,0
3954,0
3955,0
3956,0
3957,0
3958,0
3959,0
3960,1022
3961,1022
3962,1022
3963,1022
3964,1023
3965,1021
3966,1022
3967,0
3968,0
3969,0
3970,0
3971,0
3972,0
3973,0
3974,1022
3975,1021
3976,1022
3977,1022
3978,1021
3979,1021
3980,1021
3981,0
3982,0
3983,0
3984,0
3985,0
3986,0
3987,0
3988,1022
3989,1022
3990,1022
3991,1022
3992,1022
3993,1021
3994,0
3995,0
3996,0
3997,0
3998,0
3999,0
4000,0
4001,1022
4002,1022
4003,1022
4004,1022
4005,1022
4006,1022
4007,1022
4008,0
4009,0
4010,0
4011,0
4012,0
4013,0
4014,0
4015,1022
4016,1022
4017,1022
4018,1022
4019,1022
4020,1022
4021,1021
4022,0
4023,0
4024,0
4025,0
4026,0
4027,0
4028,0
4029,1021
4030,1022
4031,1021
4032,1021
4033,1021
4034,1021
4035,1022
4036,0
4037,0
4038,0
4039,0
4040,0
4041,0
4042,1022
4043,1022
4044,1022
4045,1022
4046,1022
4047,1022
4048,1022
4049,0
4050,0
4051,0
4052,0
4053,0
4054,0
4055,0
4056,1022
4057,1021
4058,1022
4059,1021
4060,1021
4061,1021
4062,1022
4063,0
4064,0
4065,0
4066,0
4067,0
4068,0
4069,0
4070,1022
4071,1022
4072,1022
4073,1022
4074,1022
4075,1022
4076,1022
4077,0
4078,0
4079,0
4080,0
4081,0
4082,0
4083,1022
4084,1022
4085,1022
4086,1022
4087,1022
4088,1022
4089,1022
4090,0
4091,0
4092,0
4093,0
4094,0
4095,0
4096,0
4097,1022
4098,1022
4099,1022
4100,1021
4101,1022
4102,1022
4103,1023
4104,0
4105,0
4106,0
4107,0
4108,0
4109,0
4110,0
4111,1022
4112,1021
4113,1021
4114,1021
4115,1021
4116,1022
4117,1022
4118,0
4119,0
4120,0
4121,0
4122,0
4123,0
4124,0
4125,1022
4126,1022
4127,1022
4128,1022
4129,1022
4130,1021
4131,0
4132,0
4133,0
4134,0
4135,0
4136,0
4137,0
4138,1022
4139,1022
4140,1022
4141,1022
4142,1022
4143,1022
4144,1022
4145,0
4146,0
4147,0
4148,0
4149,0
4150,0
4151,0
4152,1022
4153,1022
4154,1022
4155,1022
4156,1022
4157,1022
4158,1022
4159,0
4160,0
4161,0
4162,0
4163,0
4164,0
4165,0
4166,1022
4167,1022
4168,1022
4169,1022
4170,1022
4171,1022
4172,1022
4173,0
4174,0
4175,0
4176,0
4177,0
4178,0
4179,1021
4180,1022
4181,1021
4182,1022
4183,1022
4184,1022
4185,1022
4186,0
4187,0
4188,0
4189,0
4190,0
4191,0
4192,0
4193,1022
4194,1021
4195,1022
4196,1022
4197,1022
4198,1022
4199,1022
4200,0
4201,0
4202,0
4203,0
4204,0
4205,0
4206,0
4207,1022
4208,1022
4209,1022
4210,1022
4211,1022
4212,1022
4213,1022
4214,0
4215,0
4216,0
4217,0
4218,0
4219,0
4220,1022
4221,1022
4222,1022
4223,1022
4224,1022
4225,1021
4226,1022
4227,0
4228,0
4229,0
4230,0
4231,0
4232,0
4233,0
4234,1022
4235,1022
4236,1022
4237,1022
4238,1022
4239,1022
4240,1022
4241,0
4242,0
4243,0
4244,0
4245,0
4246,0
4247,0
4248,1022
4249,1022
4250,1022
4251,1022
4252,1022
4253,1022
4254,1022
4255,0
4256,0
4257,0
4258,0
4259,0
4260,0
4261,0
4262,1022
4263,1022
4264,1022
4265,1022
4266,1022
4267,1022
4268,0
4269,0
4270,0
4271,0
4272,0
4273,0
4274,0
4275,1022
4276,1022
4277,1022
4278,1021
4279,1022
4280,1022
4281,1022
4282,0
4283,0
4284,0
4285,0
4286,0
4287,0
4288,0
4289,1022
4290,1022
4291,1022
4292,1022
4293,1022
4294,1022
4295,1022
4296,0
4297,0
4298,0
4299,0
4300,0
4301,0
4302,0
4303,1022
4304,1022
4305,1021
4306,1022
4307,1021
4308,1022
4309,0
4310,0
4311,0
4312,0
4313,0
4314,0
4315,0
4316,1022
4317,1023
4318,1022
4319,1022
4320,1022
4321,1022
4322,1022
4323,0
4324,0
4325,0
4326,0
4327,0
4328,0
4329,0
4330,1022
4331,1022
4332,1022
4333,1022
4334,1022
4335,1022
4336,1021
4337,0
4338,0
4339,0
4340,0
4341,0
4342,0
4343,0
4344,1021
4345,1022
4346,1022
4347,1022
4348,1022
4349,1022
4350,1022
4351,0
4352,0
4353,0
4354,0
4355,0
4356,0
4357,1021
4358,1023
4359,1022
4360,1022
4361,1022
4362,1022
4363,1022
4364,0
4365,0
4366,0
4367,0
4368,0
4369,0
4370,0
4371,1022
4372,1022
4373,1022
4374,1022
4375,1022
4376,1022
4377,1022
4378,0
4379,0
4380,0
4381,0
4382,0
4383,0
4384,0
4385,1022
4386,1022
4387,1022
4388,1022
4389,1022
4390,1022
4391,1022
4392,0
4393,0
4394,0
4395,0
4396,0
4397,0
4398,1022
4399,1021
4400,1022
4401,1022
4402,1022
4403,1022
4404,1022
4405,0
4406,0
4407,0
4408,0
4409,0
4410,0
4411,0
4412,1022
4413,1021
4414,1022
4415,1021
4416,1021
4417,1021
4418,1021
4419,0
4420,0
4421,0
4422,0
4423,0
4424,0
4425,0
4426,1022
4427,1022
4428,1022
4429,1022
4430,1022
4431,1021
4432,1022
4433,0
4434,0
4435,0
4436,0
4437,0
4438,0
4439,0
4440,1022
4441,1022
4442,1022
4443,1022
4444,1022
4445,1021
4446,0
4447,0
4448,0
4449,0
4450,0
4451,0
4452,0
4453,1022
4454,1022
4455,1022
4456,1021
4457,1022
4458,1022
4459,1022
4460,0
4461,0
4462,0
4463,0
4464,0
4465,0
4466,0
4467,1022
4468,1022
4469,1022
4470,1022
4471,1022
4472,1022
4473,1022
4474,0
4475,0
4476,0
4477,0
4478,0
4479,0
4480,0
4481,1022
4482,1022
4483,1022
4484,1022
4485,1022
4486,1022
4487,1022
4488,0
4489,0
4490,0
4491,0
4492,0
4493,0
4494,1021
4495,1022
4496,1022
4497,1022
4498,1022
4499,1022
4500,1022
4501,0
4502,0
4503,0
4504,0
4505,0
4506,0
4507,0
4508,1022
4509,1022
4510,1022
4511,1022
4512,1022
4513,1022
4514,1022
4515,0
4516,0
4517,0
4518,0
4519,0
4520,0
4521,0
4522,1022
4523,1022
4524,1022
4525,1022
4526,1022
4527,1022
4528,1022
4529,0
4530,0
4531,0
4532,0
4533,0
4534,0
4535,1022
4536,1022
4537,1022
4538,1022
4539,1021
4540,1022
4541,1022
4542,0
4543,0
4544,0
4545,0
4546,0
4547,0
4548,0
4549,1022
4550,1022
4551,1022
4552,1022
4553,1022
4554,1022
4555,1022
4556,0
4557,0
4558,0
4559,0
4560,0
4561,0
4562,0
4563,1022
4564,1022
4565,1021
4566,1022
4567,1021
4568,1022
4569,1021
4570,0
4571,0
4572,0
4573,0
4574,0
4575,0
4576,0
4577,1022
4578,1022
4579,1022
4580,1022
4581,1022
4582,1022
4583,0
4584,0
4585,0
4586,0
4587,0
4588,0
4589,0
4590,1022
4591,1022
4592,1022
4593,1022
4594,1022
4595,1022
4596,1022
4597,0
4598,0
4599,0
4600,0
4601,0
4602,0
4603,0
4604,1022
4605,1022
4606,1022
4607,1022
4608,1022
4609,1022
4610,1022
4611,0
4612,0
4613,0
4614,0
4615,0
4616,0
4617,0
4618,1022
4619,1022
4620,1022
4621,1022
4622,1022
4623,1022
4624,0
4625,0
4626,0
4627,0
4628,0
4629,0
4630,0
4631,1022
4632,1022
4633,1022
4634,1022
4635,1022
4636,1022
4637,1022
4638,0
4639,0
4640,0
4641,0
4642,0
4643,0
4644,0
4645,1021
4646,1021
4647,1021
4648,1021
4649,1022
4650,1022
4651,1022
4652,0
4653,0
4654,0
4655,0
4656,0
4657,0
4658,0
4659,1022
4660,1022
4661,1022
4662,1022
4663,1022
4664,1022
4665,1022
4666,0
4667,0
4668,0
4669,0
4670,0
4671,0
4672,1022
4673,1022
4674,1022
4675,1022
4676,1022
4677,1022
4678,1022
4679,0
4680,0
4681,0
4682,0
4683,0
4684,0
4685,0
4686,1022
4687,1022
4688,1022
4689,1022
4690,1022
4691,1022
4692,1022
4693,0
4694,0
4695,0
4696,0
4697,0
4698,0
4699,0
4700,1022
4701,1022
4702,1022
4703,1022
4704,1022
4705,1022
4706,1022
4707,0
4708,0
4709,0
4710,0
4711,0
4712,0
4713,0
4714,1022
4715,1022
4716,1022
4717,1022
4718,1022
4719,1022
4720,0
4721,0
4722,0
4723,0
4724,0
4725,0
4726,0
4727,1022
4728,1022
4729,1022
4730,1022
4731,1022
4732,1022
4733,1022
4734,0
4735,0
4736,0
4737,0
4738,0
4739,0
4740,0
4741,1022
4742,1022
4743,1022
4744,1022
4745,1022
4746,1022
4747,1022
4748,0
4749,0
4750,0
4751,0
4752,0
4753,0
4754,0
4755,1022
4756,1022
4757,1022
4758,1022
4759,1022
4760,1022
4761,0
4762,0
4763,0
4764,0
4765,0
4766,0
4767,0
4768,1022
4769,1022
4770,1022
4771,1022
4772,1022
4773,1022
4774,1022
4775,0
4776,0
4777,0
4778,0
4779,0
4780,0
4781,0
4782,1022
4783,1022
4784,1022
4785,1022
4786,1022
4787,1022
4788,1021
4789,0
4790,0
4791,0
4792,0
4793,0
4794,0
4795,0
4796,1022
4797,1023
4798,1022
4799,1023
4800,1023
4801,1022
4802,1022
4803,0
4804,0
4805,0
4806,0
4807,0
4808,0
4809,1022
4810,1022
4811,1022
4812,1022
4813,1022
4814,1022
4815,1022
4816,0
4817,0
4818,0
4819,0
4820,0
4821,0
4822,0
4823,1022
4824,1022
4825,1022
4826,1022
4827,1022
4828,1022
4829,1022
4830,0
4831,0
4832,0
4833,0
4834,0
4835,0
4836,0
4837,1021
4838,1022
4839,1022
4840,1022
4841,1022
4842,1022
4843,1022
4844,0
4845,0
4846,0
4847,0
4848,0
4849,0
4850,1022
4851,1022
4852,1022
4853,1022
4854,1022
4855,1022
4856,1022
4857,0
4858,0
4859,0
4860,0
4861,0
4862,0
4863,0
4864,1022
4865,1022
4866,1022
4867,1021
4868,1021
4869,1021
4870,1022
4871,0
4872,0
4873,0
4874,0
4875,0
4876,0
4877,0
4878,1022
4879,1022
4880,1023
4881,1022
4882,1022
4883,1022
4884,1022
4885,0
4886,0
4887,0
4888,0
4889,0
4890,0
4891,0
4892,1022
4893,1021
4894,1021
4895,1022
4896,1022
4897,1021
4898,0
4899,0
4900,0
4901,0
4902,0
4903,0
4904,0
4905,1022
4906,1022
4907,1022
4908,1022
4909,1022
4910,1022
4911,1022
4912,0
4913,0
4914,0
4915,0
4916,0
4917,0
4918,0
4919,1022
4920,1022
4921,1022
4922,1022
4923,1022
4924,1022
4925,1022
4926,0
4927,0
4928,0
4929,0
4930,0
4931,0
4932,0
4933,1022
4934,1022
4935,1022
4936,1022
4937,1022
4938,1021
4939,0
4940,0
4941,0
4942,0
4943,0
4944,0
4945,0
4946,1022
4947,1021
4948,1022
4949,1022
4950,1022
4951,1022
4952,1022
4953,0
4954,0
4955,0
4956,0
4957,0
4958,0
4959,0
4960,1022
4961,1022
4962,1021
4963,1023
4964,1021
4965,1022
4966,1022
4967,0
4968,0
4969,0
4970,0
4971,0
4972,0
4973,0
4974,1022
4975,1022
4976,1022
4977,1022
4978,1022
4979,1022
4980,1022
4981,0
4982,0
4983,0
4984,0
4985,0
4986,0
4987,1022
4988,1022
4989,1021
4990,1022
4991,1022
4992,1022
4993,1022
4994,0
4995,0
4996,0
4997,0
4998,0
4999,0
5000,0
5001,1022
5002,1022
5003,1022
5004,1022
5005,1022
5006,1021
5007,1023
5008,0
5009,0
5010,0
5011,0
5012,0
5013,0
5014,0
5015,1022
5016,1022
5017,1022
5018,1022
5019,1022
5020,1022
5021,1022
5022,0
5023,0
5024,0
5025,0
5026,0
5027,0
5028,0
5029,1022
5030,1022
5031,1022
5032,1022
5033,1022
5034,1021
5035,0
5036,0
5037,0
5038,0
5039,0
5040,0
5041,0
5042,1022
5043,1022
5044,1022
5045,1022
5046,1022
5047,1022
5048,1022
5049,0
5050,0
5051,0
5052,0
5053,0
5054,0
5055,0
5056,1022
5057,1022
5058,1022
5059,1022
5060,1022
5061,1022
5062,1022
5063,0
5064,0
5065,0
5066,0
5067,0
5068,0
5069,0
5070,1022
5071,1022
5072,1022
5073,1022
5074,1021
5075,1022
5076,0
5077,0
5078,0
5079,0
5080,0
5081,0
5082,0
5083,1022
5084,1022
5085,1021
5086,1022
5087,1022
5088,1022
5089,1022
5090,0
5091,0
5092,0
5093,0
5094,0
5095,0
5096,0
5097,1022
5098,1022
5099,1022
5100,1023
5101,1022
5102,1023
5103,1022
5104,0
5105,0
5106,0
5107,0
5108,0
5109,0
5110,0
5111,1022
5112,1022
5113,1022
5114,1022
5115,1022
5116,1022
5117,1022
5118,0
5119,0
5120,0
5121,0
5122,0
5123,0
5124,1022
5125,1022
5126,1022
5127,1022
5128,1022
5129,1022
5130,1022
5131,0
5132,0
5133,0
5134,0
5135,0
5136,0
5137,0
5138,1022
5139,1022
5140,1022
5141,1022
5142,1022
5143,1022
5144,1022
5145,0
5146,0
5147,0
5148,0
5149,0
5150,0
5151,0
5152,1022
5153,1022
5154,1022
5155,1022
5156,1022
5157,1022
5158,1022
5159,0
5160,0
5161,0
5162,0
5163,0
5164,0
5165,1022
5166,1022
5167,1022
5168,1022
5169,1021
5170,1022
5171,1021
5172,0
5173,0
5174,0
5175,0
5176,0
5177,0
5178,0
5179,1022
5180,1021
5181,1022
5182,1022
5183,1022
5184,1021
5185,1022
5186,0
5187,0
5188,0
5189,0
5190,0
5191,0
5192,0
5193,1022
5194,1022
5195,1022
5196,1022
5197,1022
5198,1021
5199,1022
5200,0
5201,0
5202,0
5203,0
5204,0
5205,0
5206,0
5207,1022
5208,1021
5209,1022
5210,1021
5211,1022
5212,1022
5213,0
5214,0
5215,0
5216,0
5217,0
5218,0
5219,0
5220,1022
5221,1022
5222,1022
5223,1022
5224,1022
5225,1022
5226,1022
5227,0
5228,0
5229,0
5230,0
5231,0
5232,0
5233,0
5234,1022
5235,1022
5236,1022
5237,1022
5238,1022
5239,1021
5240,1021
5241,0
5242,0
5243,0
5244,0
5245,0
5246,0
5247,0
5248,1022
5249,1021
5250,1022
5251,1022
5252,1022
5253,1022
5254,0
5255,0
5256,0
5257,0
5258,0
5259,0
5260,0
5261,1022
5262,1021
5263,1022
5264,1022
5265,1022
5266,1022
5267,1022
5268,0
5269,0
5270,0
5271,0
5272,0
5273,0
5274,0
5275,1022
5276,1022
5277,1022
5278,1022
5279,1022
5280,1022
5281,1022
5282,0
5283,0
5284,0
5285,0
5286,0
5287,0
5288,0
5289,1022
5290,1022
5291,1022
5292,1022
5293,1022
5294,1022
5295,1022
5296,0
5297,0
5298,0
5299,0
5300,0
5301,0
5302,1022
5303,1022
5304,1022
5305,1022
5306,1022
5307,1022
5308,1022
5309,0
5310,0
5311,0
5312,0
5313,0
5314,0
5315,0
5316,1022
5317,1022
5318,1021
5319,1022
5320,1022
5321,1022
5322,1022
5323,0
5324,0
5325,0
5326,0
5327,0
5328,0
5329,0
5330,1021
5331,1022
5332,1022
5333,1022
5334,1022
5335,1021
5336,1022
5337,0
5338,0
5339,0
5340,0
5341,0
5342,0
5343,0
5344,1021
5345,1022
5346,1021
5347,1022
5348,1022
5349,1022
5350,0
5351,0
5352,0
5353,0
5354,0
5355,0
5356,0
5357,1022
5358,1021
5359,1022
5360,1022
5361,1022
5362,1022
5363,1022
5364,0
5365,0
5366,0
5367,0
5368,0
5369,0
5370,0
5371,1022
5372,1022
5373,1022
5374,1022
5375,1022
5376,1022
5377,1022
5378,0
5379,0
5380,0
5381,0
5382,0
5383,0
5384,0
5385,1022
5386,1022
5387,1022
5388,1022
5389,1022
5390,1022
5391,0
5392,0
5393,0
5394,0
5395,0
5396,0
5397,0
5398,1021
5399,1022
5400,1021
5401,1022
5402,1022
5403,1022
5404,1022
5405,0
5406,0
5407,0
5408,0
5409,0
5410,0
5411,0
5412,1021
5413,1022
5414,1022
5415,1021
5416,1021
5417,1021
5418,1022
5419,0
5420,0
5421,0
5422,0
5423,0
5424,0
5425,0
5426,1022
5427,1022
5428,1022
5429,1022
5430,1022
5431,1023
5432,1022
5433,0
5434,0
5435,0
5436,0
5437,0
5438,0
5439,1021
5440,1022
5441,1022
5442,1022
5443,1022
5444,1022
5445,1022
5446,0
5447,0
5448,0
5449,0
5450,0
5451,0
5452,0
5453,1022
5454,1022
5455,1022
5456,1022
5457,1022
5458,1022
5459,1022
5460,0
5461,0
5462,0
5463,0
5464,0
5465,0
5466,0
5467,1022
5468,1022
5469,1022
5470,1022
5471,1022
5472,1022
5473,1021
5474,0
5475,0
5476,0
5477,0
5478,0
5479,0
5480,1022
5481,1022
5482,1022
5483,1022
5484,1022
5485,1022
5486,1022
5487,0
5488,0
5489,0
5490,0
5491,0
5492,0
5493,0
5494,1022
5495,1021
5496,1022
5497,1022
5498,1022
5499,1022
5500,1022
5501,0
5502,0
5503,0
5504,0
5505,0
5506,0
5507,0
5508,1022
5509,1023
5510,1022
5511,1022
5512,1022
5513,1022
5514,1022
5515,0
5516,0
5517,0
5518,0
5519,0
5520,0
5521,0
5522,1022
5523,1022
5524,1022
5525,1022
5526,1022
5527,1022
5528,0
5529,0
5530,0
5531,0
5532,0
5533,0
5534,0
5535,1022
5536,1022
5537,1022
5538,1021
5539,1022
5540,1022
5541,1022
5542,0
5543,0
5544,0
5545,0
5546,0
5547,0
5548,0
5549,1022
5550,1022
5551,1022
5552,1022
5553,1022
5554,1022
5555,1022
5556,0
5557,0
5558,0
5559,0
5560,0
5561,0
5562,0
5563,1022
5564,1022
5565,1022
5566,1021
5567,1022
5568,1022
5569,0
5570,0
5571,0
5572,0
5573,0
5574,0
5575,0
5576,1022
5577,1022
5578,1022
5579,1022
5580,1022
5581,1022
5582,1022
5583,0
5584,0
5585,0
5586,0
5587,0
5588,0
5589,0
5590,1022
5591,1022
5592,1022
5593,1022
5594,1021
5595,1022
5596,1022
5597,0
5598,0
5599,0
5600,0
5601,0
5602,0
5603,0
5604,1022
5605,1022
5606,1022
5607,1022
5608,1022
5609,1022
5610,1022
5611,0
5612,0
5613,0
5614,0
5615,0
5616,0
5617,1022
5618,1022
5619,1022
5620,1022
5621,1022
5622,1022
5623,1022
5624,0
5625,0
5626,0
5627,0
5628,0
5629,0
5630,0
5631,1022
5632,1022
5633,1022
5634,1022
5635,1021
5636,1022
5637,1022
5638,0
5639,0
5640,0
5641,0
5642,0
5643,0
5644,0
5645,1022
5646,1022
5647,1022
5648,1022
5649,1022
5650,1022
5651,1022
5652,0
5653,0
5654,0
5655,0
5656,0
5657,0
5658,0
5659,1021
5660,1022
5661,1022
5662,1021
5663,1022
5664,1022
5665,0
5666,0
5667,0
5668,0
5669,0
5670,0
5671,0
5672,1022
5673,1022
5674,1022
5675,1022
5676,1022
5677,1022
5678,1022
5679,0
5680,0
5681,0
5682,0
5683,0
5684,0
5685,0
5686,1022
5687,1022
5688,1022
5689,1022
5690,1022
5691,1022
5692,1021
5693,0
5694,0
5695,0
5696,0
5697,0
5698,0
5699,0
5700,1022
5701,1022
5702,1022
5703,1022
5704,1022
5705,1022
5706,0
5707,0
5708,0
5709,0
5710,0
5711,0
5712,0
5713,1022
5714,1021
5715,1021
5716,1022
5717,1021
5718,1022
5719,1021
5720,0
5721,0
5722,0
5723,0
5724,0
5725,0
5726,0
5727,1022
5728,1022
5729,1022
5730,1022
5731,1022
5732,1022
5733,1022
5734,0
5735,0
5736,0
5737,0
5738,0
5739,0
5740,0
5741,1022
5742,1022
5743,1022
5744,1022
5745,1022
5746,1022
5747,1021
5748,0
5749,0
5750,0
5751,0
5752,0
5753,0
5754,1022
5755,1022
5756,1021
5757,1022
5758,1022
5759,1022
5760,1022
5761,0
5762,0
5763,0
5764,0
5765,0
5766,0
5767,0
5768,1022
5769,1022
5770,1022
5771,1022
5772,1022
5773,1022
5774,1022
5775,0
5776,0
5777,0
5778,0
5779,0
5780,0
5781,0
5782,1022
5783,1022
5784,1022
5785,1022
5786,1022
5787,1021
5788,1021
5789,0
5790,0
5791,0
5792,0
5793,0
5794,0
5795,1022
5796,1022
5797,1022
5798,1022
5799,1022
5800,1022
5801,1022
5802,0
5803,0
5804,0
5805,0
5806,0
5807,0
5808,0
5809,1022
5810,1022
5811,1022
5812,1022
5813,1022
5814,1022
5815,1022
5816,0
5817,0
5818,0
5819,0
5820,0
5821,0
5822,0
5823,1022
5824,1022
5825,1022
5826,1022
5827,1021
5828,1022
5829,1022
5830,0
5831,0
5832,0
5833,0
5834,0
5835,0
5836,0
5837,1022
5838,1022
5839,1022
5840,1022
5841,1022
5842,1022
5843,0
5844,0
5845,0
5846,0
5847,0
5848,0
5849,0
5850,1022
5851,1022
5852,1022
5853,1023
5854,1022
5855,1022
5856,1022
5857,0
5858,0
5859,0
5860,0
5861,0
5862,0
5863,0
5864,1022
5865,1022
5866,1022
5867,1022
5868,1022
5869,1022
5870,1022
5871,0
5872,0
5873,0
5874,0
5875,0
5876,0
5877,0
5878,1022
5879,1022
5880,1021
5881,1022
5882,1022
5883,1022
5884,1022
5885,0
5886,0
5887,0
5888,0
5889,0
5890,0
5891,1022
5892,1022
5893,1022
5894,1022
5895,1022
5896,1022
5897,1022
5898,0
5899,0
5900,0
5901,0
5902,0
5903,0
5904,0
5905,1022
5906,1021
5907,1021
5908,1022
5909,1022
5910,1022
5911,1022
5912,0
5913,0
5914,0
5915,0
5916,0
5917,0
5918,0
5919,1022
5920,1022
5921,1022
5922,1022
5923,1022
5924,1022
5925,1022
5926,0
5927,0
5928,0
5929,0
5930,0
5931,0
5932,1021
5933,1022
5934,1022
5935,1022
5936,1021
5937,1022
5938,1022
5939,0
5940,0
5941,0
5942,0
5943,0
5944,0
5945,0
5946,1022
5947,1022
5948,1022
5949,1022
5950,1022
5951,1022
5952,1022
5953,0
5954,0
5955,0
5956,0
5957,0
5958,0
5959,0
5960,1022
5961,1022
5962,1022
5963,1022
5964,1022
5965,1022
5966,1022
5967,0
5968,0
5969,0
5970,0
5971,0
5972,0
5973,0
5974,1022
5975,1022
5976,1022
5977,1022
5978,1022
5979,1022
5980,0
5981,0
5982,0
5983,0
5984,0
5985,0
5986,0
5987,1022
5988,1022
5989,1021
5990,1022
5991,1022
5992,1022
5993,1022
5994,0
5995,0
5996,0
5997,0
5998,0
5999,0
6000,0
6001,1022
6002,1022
6003,1022
6004,1022
6005,1023
6006,1022
6007,1022
6008,0
6009,0
6010,0
6011,0
6012,0
6013,0
6014,0
6015,1022
6016,1022
6017,1021
6018,1022
6019,1022
6020,1022
6021,0
6022,0
6023,0
6024,0
6025,0
6026,0
6027,0
6028,1022
6029,1022
6030,1022
6031,1022
6032,1022
6033,1022
6034,1022
6035,0
6036,0
6037,0
6038,0
6039,0
6040,0
6041,0
6042,1021
6043,1022
6044,1022
6045,1022
6046,1022
6047,1022
6048,1022
6049,0
6050,0
6051,0
6052,0
6053,0
6054,0
6055,0
6056,1022
6057,1022
6058,1022
6059,1022
6060,1022
6061,1022
6062,1022
6063,0
6064,0
6065,0
6066,0
6067,0
6068,0
6069,1022
6070,1022
6071,1022
6072,1022
6073,1022
6074,1022
6075,1022
6076,0
6077,0
6078,0
6079,0
6080,0
6081,0
6082,0
6083,1022
6084,1022
6085,1022
6086,1022
6087,1022
6088,1022
6089,1022
6090,0
6091,0
6092,0
6093,0
6094,0
6095,0
6096,0
6097,1021
6098,1022
6099,1021
6100,1022
6101,1022
6102,1023
6103,1022
6104,0
6105,0
6106,0
6107,0
6108,0
6109,0
6110,1022
6111,1022
6112,1022
6113,1022
6114,1022
6115,1022
6116,1021
6117,0
6118,0
6119,0
6120,0
6121,0
6122,0
6123,0
6124,1021
6125,1022
6126,1022
6127,1022
6128,1022
6129,1022
6130,1022
6131,0
6132,0
6133,0
6134,0
6135,0
6136,0
6137,0
6138,1022
6139,1022
6140,1022
6141,1022
6142,1022
6143,1022
6144,1022
6145,0
6146,0
6147,0
6148,0
6149,0
6150,0
6151,0
6152,1022
6153,1022
6154,1022
6155,1022
6156,1022
6157,1022
6158,0
6159,0
6160,0
6161,0
6162,0
6163,0
6164,0
6165,1022
6166,1022
6167,1022
6168,1023
6169,1021
6170,1022
6171,1022
6172,0
6173,0
6174,0
6175,0
6176,0
6177,0
6178,0
6179,1021
6180,1022
6181,1021
6182,1022
6183,1021
6184,1022
6185,1022
6186,0
6187,0
6188,0
6189,0
6190,0
6191,0
6192,0
6193,1022
6194,1022
6195,1023
6196,1021
6197,1021
6198,1021
6199,1021
6200,0
6201,0
6202,0
6203,0
6204,0
6205,0
6206,1021
6207,1022
6208,1022
6209,1021
6210,1022
6211,1021
6212,1022
6213,0
6214,0
6215,0
6216,0
6217,0
6218,0
6219,0
6220,1022
6221,1022
6222,1022
6223,1022
6224,1022
6225,1022
6226,1022
6227,0
6228,0
6229,0
6230,0
6231,0
6232,0
6233,0
6234,1022
6235,1022
6236,1022
6237,1022
6238,1022
6239,1022
6240,1022
6241,0
6242,0
6243,0
6244,0
6245,0
6246,0
6247,1021
6248,1022
6249,1022
6250,1021
6251,1022
6252,1021
6253,1022
6254,0
6255,0
6256,0
6257,0
6258,0
6259,0
6260,0
6261,1022
6262,1022
6263,1022
6264,1022
6265,1022
6266,1022
6267,1022
6268,0
6269,0
6270,0
6271,0
6272,0
6273,0
6274,0
6275,1022
6276,1022
6277,1022
6278,1022
6279,1022
6280,1022
6281,1022
6282,0
6283,0
6284,0
6285,0
6286,0
6287,0
6288,0
6289,1022
6290,1022
6291,1022
6292,1021
6293,1022
6294,1022
6295,0
6296,0
6297,0
6298,0
6299,0
6300,0
6301,0
6302,1022
6303,1022
6304,1022
6305,1022
6306,1022
6307,1022
6308,1022
6309,0
6310,0
6311,0
6312,0
6313,0
6314,0
6315,0
6316,1021
6317,1022
6318,1022
6319,1022
6320,1022
6321,1022
6322,1022
6323,0
6324,0
6325,0
6326,0
6327,0
6328,0
6329,0
6330,1022
6331,1021
6332,1021
6333,1022
6334,1022
6335,1022
6336,0
6337,0
6338,0
6339,0
6340,0
6341,0
6342,0
6343,1022
6344,1022
6345,1022
6346,1022
6347,1022
6348,1022
6349,1022
6350,0
6351,0
6352,0
6353,0
6354,0
6355,0
6356,0
6357,1022
6358,1022
6359,1022
6360,1022
6361,1022
6362,1022
6363,1022
6364,0
6365,0
6366,0
6367,0
6368,0
6369,0
6370,0
6371,1022
6372,1022
6373,1022
6374,1022
6375,1022
6376,1022
6377,1022
6378,0
6379,0
6380,0
6381,0
6382,0
6383,0
6384,1022
6385,1022
6386,1022
6387,1022
6388,1021
6389,1022
6390,1022
6391,0
6392,0
6393,0
6394,0
6395,0
6396,0
6397,0
6398,1022
6399,1021
6400,1022
6401,1022
6402,1022
6403,1022
6404,1022
6405,0
6406,0
6407,0
6408,0
6409,0
6410,0
6411,0
6412,1022
6413,1022
6414,1022
6415,1021
6416,1022
6417,1022
6418,1022
6419,0
6420,0
6421,0
6422,0
6423,0
6424,0
6425,1021
6426,1022
6427,1022
6428,1021
6429,1022
6430,1021
6431,1021
6432,0
6433,0
6434,0
6435,0
6436,0
6437,0
6438,0
6439,1022
6440,1022
6441,1022
6442,1022
6443,1022
6444,1022
6445,1022
6446,0
6447,0
6448,0
6449,0
6450,0
6451,0
6452,0
6453,1022
6454,1022
6455,1022
6456,1022
6457,1022
6458,1022
6459,1022
6460,0
6461,0
6462,0
6463,0
6464,0
6465,0
6466,0
6467,1022
6468,1021
6469,1022
6470,1022
6471,1022
6472,1022
6473,0
6474,0
6475,0
6476,0
6477,0
6478,0
6479,0
6480,1022
6481,1021
6482,1021
6483,1021
6484,1023
6485,1021
6486,1022
6487,0
6488,0
6489,0
6490,0
6491,0
6492,0
6493,0
6494,1022
6495,1022
6496,1022
6497,1022
6498,1022
6499,1022
6500,1022
6501,0
6502,0
6503,0
6504,0
6505,0
6506,0
6507,0
6508,1022
6509,1022
6510,1022
6511,1022
6512,1022
6513,1022
6514,1022
6515,0
6516,0
6517,0
6518,0
6519,0
6520,0
6521,1022
6522,1021
6523,1022
6524,1022
6525,1022
6526,1022
6527,1022
6528,0
6529,0
6530,0
6531,0
6532,0
6533,0
6534,0
6535,1022
6536,1022
6537,1022
6538,1022
6539,1022
6540,1022
6541,1022
6542,0
6543,0
6544,0
6545,0
6546,0
6547,0
6548,0
6549,1022
6550,1022
6551,1022
6552,1022
6553,1022
6554,1023
6555,1022
6556,0
6557,0
6558,0
6559,0
6560,0
6561,0
6562,1022
6563,1021
6564,1022
6565,1022
6566,1022
6567,1022
6568,1022
6569,0
6570,0
6571,0
6572,0
6573,0
6574,0
6575,0
6576,1022
6577,1022
6578,1022
6579,1022
6580,1022
6581,1022
6582,1022
6583,0
6584,0
6585,0
6586,0
6587,0
6588,0
6589,0
6590,1022
6591,1022
6592,1022
6593,1022
6594,1022
6595,1022
6596,1022
6597,0
6598,0
6599,0
6600,0
6601,0
6602,0
6603,0
6604,1022
6605,1022
6606,1022
6607,1022
6608,1022
6609,1022
6610,0
6611,0
6612,0
6613,0
6614,0
6615,0
6616,0
6617,1022
6618,1022
6619,1022
6620,1022
6621,1022
6622,1022
6623,1022
6624,0
6625,0
6626,0
6627,0
6628,0
6629,0
6630,0
6631,1022
6632,1022
6633,1022
6634,1022
6635,1022
6636,1021
6637,1021
6638,0
6639,0
6640,0
6641,0
6642,0
6643,0
6644,0
6645,1022
6646,1022
6647,1022
6648,1022
6649,1022
6650,1022
6651,0
6652,0
6653,0
6654,0
6655,0
6656,0
6657,0
6658,1021
6659,1022
6660,1023
6661,1021
6662,1022
6663,1022
6664,1022
6665,0
6666,0
6667,0
6668,0
6669,0
6670,0
6671,0
6672,1021
6673,1022
6674,1021
6675,1022
6676,1022
6677,1022
6678,1022
6679,0
6680,0
6681,0
6682,0
6683,0
6684,0
6685,0
6686,1022
6687,1022
6688,1022
6689,1022
6690,1022
6691,1022
6692,1022
6693,0
6694,0
6695,0
6696,0
6697,0
6698,0
6699,1022
6700,1022
6701,1022
6702,1022
6703,1022
6704,1021
6705,1022
6706,0
6707,0
6708,0
6709,0
6710,0
6711,0
6712,0
6713,1022
6714,1022
6715,1022
6716,1022
6717,1021
6718,1021
6719,1022
6720,0
6721,0
6722,0
6723,0
6724,0
6725,0
6726,0
6727,1022
6728,1022
6729,1022
6730,1022
6731,1022
6732,1022
6733,1022
6734,0
6735,0
6736,0
6737,0
6738,0
6739,0
6740,0
6741,1022
6742,1021
6743,1022
6744,1022
6745,1022
6746,1022
6747,0
6748,0
6749,0
6750,0
6751,0
6752,0
6753,0
6754,1022
6755,1022
6756,1022
6757,1021
6758,1022
6759,1022
6760,1022
6761,0
6762,0
6763,0
6764,0
6765,0
6766,0
6767,0
6768,1022
6769,1022
6770,1022
6771,1022
6772,1022
6773,1022
6774,1022
6775,0
6776,0
6777,0
6778,0
6779,0
6780,0
6781,0
6782,1022
6783,1022
6784,1022
6785,1021
6786,1022
6787,1022
6788,0
6789,0
6790,0
6791,0
6792,0
6793,0
6794,0
6795,1022
6796,1022
6797,1022
6798,1022
6799,1022
6800,1022
6801,1022
6802,0
6803,0
6804,0
6805,0
6806,0
6807,0
6808,0
6809,1022
6810,1022
6811,1022
6812,1022
6813,1022
6814,1022
6815,1022
6816,0
6817,0
6818,0
6819,0
6820,0
6821,0
6822,0
6823,1022
6824,1022
6825,1022
6826,1022
6827,1022
6828,1022
6829,1022
6830,0
6831,0
6832,0
6833,0
6834,0
6835,0
6836,1022
6837,1022
6838,1022
6839,1022
6840,1022
6841,1022
6842,1022
6843,0
6844,0
6845,0
6846,0
6847,0
6848,0
6849,0
6850,1022
6851,1022
6852,1022
6853,1022
6854,1022
6855,1022
6856,1022
6857,0
6858,0
6859,0
6860,0
6861,0
6862,0
6863,0
6864,1022
6865,1022
6866,1022
6867,1022
6868,1022
6869,1022
6870,1022
6871,0
6872,0
6873,0
6874,0
6875,0
6876,0
6877,1022
6878,1022
6879,1022
6880,1022
6881,1022
6882,1022
6883,1022
6884,0
6885,0
6886,0
6887,0
6888,0
6889,0
6890,0
6891,1022
6892,1022
6893,1022
6894,1022
6895,1022
6896,1022
6897,1022
6898,0
6899,0
6900,0
6901,0
6902,0
6903,0
6904,0
6905,1022
6906,1022
6907,1022
6908,1022
6909,1022
6910,1022
6911,1022
6912,0
6913,0
6914,0
6915,0
6916,0
6917,0
6918,0
6919,1022
6920,1022
6921,1022
6922,1022
6923,1022
6924,1022
6925,0
6926,0
6927,0
6928,0
6929,0
6930,0
6931,0
6932,1022
6933,1022
6934,1021
6935,1022
6936,1022
6937,1020
6938,1022
6939,0
6940,0
6941,0
6942,0
6943,0
6944,0
6945,0
6946,1022
6947,1022
6948,1022
6949,1022
6950,1022
6951,1022
6952,1022
6953,0
6954,0
6955,0
6956,0
6957,0
6958,0
6959,0
6960,1022
6961,1022
6962,1022
6963,1022
6964,1022
6965,1022
6966,0
6967,0
6968,0
6969,0
6970,0
6971,0
6972,0
6973,1022
6974,1022
6975,1022
6976,1023
6977,1022
6978,1022
6979,1022
6980,0
6981,0
6982,0
6983,0
6984,0
6985,0
6986,0
6987,1022
6988,1022
6989,1022
6990,1022
6991,1022
6992,1022
6993,1022
6994,0
6995,0
6996,0
6997,0
6998,0
6999,0
7000,0
7001,1022
7002,1022
7003,1022
7004,1022
7005,1022
7006,1021
7007,1022
7008,0
7009,0
7010,0
7011,0
7012,0
7013,0
7014,1022
7015,1021
7016,1021
7017,1021
7018,1022
7019,1021
7020,1022
7021,0
7022,0
7023,0
7024,0
7025,0
7026,0
7027,0
7028,1022
7029,1022
7030,1022
7031,1022
7032,1022
7033,1022
7034,1022
7035,0
7036,0
7037,0
7038,0
7039,0
7040,0
7041,0
7042,1022
7043,1021
7044,1022
7045,1021
7046,1022
7047,1022
7048,1022
7049,0
7050,0
7051,0
7052,0
7053,0
7054,0
7055,0
7056,1022
7057,1022
7058,1022
7059,1022
7060,1022
7061,1022
7062,0
7063,0
7064,0
7065,0
7066,0
7067,0
7068,0
7069,1022
7070,1022
7071,1021
7072,1022
7073,1022
7074,1022
7075,1022
7076,0
7077,0
7078,0
7079,0
7080,0
7081,0
7082,0
7083,1022
7084,1022
7085,1022
7086,1022
7087,1021
7088,1021
7089,1022
7090,0
7091,0
7092,0
7093,0
7094,0
7095,0
7096,0
7097,1021
7098,1022
7099,1021
7100,1022
7101,1022
7102,1022
7103,0
7104,0
7105,0
7106,0
7107,0
7108,0
7109,0
7110,1022
7111,1022
7112,1022
7113,1022
7114,1022
7115,1022
7116,1022
7117,0
7118,0
7119,0
7120,0
7121,0
7122,0
7123,0
7124,1022
7125,1022
7126,1022
7127,1022
7128,1022
7129,1022
7130,1022
7131,0
7132,0
7133,0
7134,0
7135,0
7136,0
7137,0
7138,1021
7139,1022
7140,1022
7141,1022
7142,1022
7143,1022
7144,1022
7145,0
7146,0
7147,0
7148,0
7149,0
7150,0
7151,1022
7152,1022
7153,1022
7154,1022
7155,1022
7156,1022
7157,1022
7158,0
7159,0
7160,0
7161,0
7162,0
7163,0
7164,0
7165,1022
7166,1021
7167,1021
7168,1022
7169,1022
7170,1022
7171,1022
7172,0
7173,0
7174,0
7175,0
7176,0
7177,0
7178,0
7179,1022
7180,1022
7181,1022
7182,1022
7183,1022
7184,1022
7185,1022
7186,0
7187,0
7188,0
7189,0
7190,0
7191,0
7192,1022
7193,1022
7194,1022
7195,1022
7196,1022
7197,1022
7198,1022
7199,0
7200,0
7201,0
7202,0
7203,0
7204,0
7205,0
7206,1021
7207,1022
7208,1022
7209,1022
7210,1022
7211,1022
7212,1022
7213,0
7214,0
7215,0
7216,0
7217,0
7218,0
7219,0
7220,1022
7221,1022
7222,1022
7223,1022
7224,1022
7225,1022
7226,1022
7227,0
7228,0
7229,0
7230,0
7231,0
7232,0
7233,0
7234,1021
7235,1022
7236,1022
7237,1022
7238,1022
7239,1022
7240,0
7241,0
7242,0
7243,0
7244,0
7245,0
7246,0
7247,1022
7248,1021
7249,1022
7250,1022
7251,1022
7252,1022
7253,1022
7254,0
7255,0
7256,0
7257,0
7258,0
7259,0
7260,0
7261,1022
7262,1022
7263,1021
7264,1021
7265,1022
7266,1021
7267,1022
7268,0
7269,0
7270,0
7271,0
7272,0
7273,0
7274,0
7275,1022
7276,1022
7277,1022
7278,1022
7279,1022
7280,1022
7281,1022
7282,0
7283,0
7284,0
7285,0
7286,0
7287,0
7288,1022
7289,1022
7290,1022
7291,1022
7292,1022
7293,1022
7294,1022
7295,0
7296,0
7297,0
7298,0
7299,0
7300,0
7301,0
7302,1022
7303,1022
7304,1022
7305,1022
7306,1022
7307,1022
7308,1022
7309,0
7310,0
7311,0
7312,0
7313,0
7314,0
7315,0
7316,1022
7317,1022
7318,1022
7319,1022
7320,1021
7321,1022
7322,1021
7323,0
7324,0
7325,0
7326,0
7327,0
7328,0
7329,1022
7330,1022
7331,1022
7332,1022
7333,1022
7334,1022
7335,1022
7336,0
7337,0
7338,0
7339,0
7340,0
7341,0
7342,0
7343,1022
7344,1021
7345,1022
7346,1022
7347,1022
7348,1021
7349,1021
7350,0
7351,0
7352,0
7353,0
7354,0
7355,0
7356,0
7357,1022
7358,1022
7359,1021
7360,1022
7361,1022
7362,1022
7363,1021
7364,0
7365,0
7366,0
7367,0
7368,0
7369,0
7370,0
7371,1022
7372,1022
7373,1022
7374,1022
7375,1022
7376,1022
7377,0
7378,0
7379,0
7380,0
7381,0
7382,0
7383,0
7384,1022
7385,1022
7386,1022
7387,1022
7388,1022
7389,1022
7390,1022
7391,0
7392,0
7393,0
7394,0
7395,0
7396,0
7397,0
7398,1022
7399,1022
7400,1021
7401,1022
7402,1022
7403,1022
7404,1022
7405,0
7406,0
7407,0
7408,0
7409,0
7410,0
7411,0
7412,1022
7413,1022
7414,1022
7415,1022
7416,1022
7417,1022
7418,0
7419,0
7420,0
7421,0
7422,0
7423,0
7424,0
7425,1022
7426,1022
7427,1022
7428,1022
7429,1022
7430,1022
7431,1022
7432,0
7433,0
7434,0
7435,0
7436,0
7437,0
7438,0
7439,1022
7440,1021
7441,1022
7442,1022
7443,1021
7444,1022
7445,1022
7446,0
7447,0
7448,0
7449,0
7450,0
7451,0
7452,0
7453,1022
7454,1022
7455,1022
7456,1021
7457,1022
7458,1022
7459,1021
7460,0
7461,0
7462,0
7463,0
7464,0
7465,0
7466,1022
7467,1022
7468,1022
7469,1022
7470,1021
7471,1022
7472,1022
7473,0
7474,0
7475,0
7476,0
7477,0
7478,0
7479,0
7480,1022
7481,1022
7482,1022
7483,1022
7484,1022
7485,1022
7486,1022
7487,0
7488,0
7489,0
7490,0
7491,0
7492,0
7493,0
7494,1022
7495,1022
7496,1022
7497,1022
7498,1022
7499,1022
7500,1022
7501,0
7502,0
7503,0
7504,0
7505,0
7506,0
7507,1022
7508,1022
7509,1022
7510,1022
7511,1022
7512,1022
7513,1022
7514,0
7515,0
7516,0
7517,0
7518,0
7519,0
7520,0
7521,1021
7522,1022
7523,1022
7524,1022
7525,1022
7526,1022
7527,1022
7528,0
7529,0
7530,0
7531,0
7532,0
7533,0
7534,0
7535,1022
7536,1022
7537,1022
7538,1022
7539,1022
7540,1022
7541,1022
7542,0
7543,0
7544,0
7545,0
7546,0
7547,0
7548,0
7549,1022
7550,1021
7551,1021
7552,1022
7553,1021
7554,1022
7555,0
7556,0
7557,0
7558,0
7559,0
7560,0
7561,0
7562,1022
7563,1022
7564,1022
7565,1022
7566,1022
7567,1022
7568,1022
7569,0
7570,0
7571,0
7572,0
7573,0
7574,0
7575,0
7576,1022
7577,1022
7578,1022
7579,1022
7580,1022
7581,1022
7582,1022
7583,0
7584,0
7585,0
7586,0
7587,0
7588,0
7589,0
7590,1022
7591,1022
7592,1022
7593,1022
7594,1022
7595,1022
7596,1022
7597,0
7598,0
7599,0
7600,0
7601,0
7602,0
7603,1022
7604,1022
7605,1022
7606,1022
7607,1021
7608,1022
7609,1022
7610,0
7611,0
7612,0
7613,0
7614,0
7615,0
7616,0
7617,1022
7618,1022
7619,1022
7620,1022
7621,1022
7622,1021
7623,1022
7624,0
7625,0
7626,0
7627,0
7628,0
7629,0
7630,0
7631,1022
7632,1022
7633,1021
7634,1022
7635,1022
7636,1022
7637,1022
7638,0
7639,0
7640,0
7641,0
7642,0
7643,0
7644,1022
7645,1022
7646,1022
7647,1022
7648,1022
7649,1022
7650,1021
7651,0
7652,0
7653,0
7654,0
7655,0
7656,0
7657,0
7658,1022
7659,1022
7660,1022
7661,1022
7662,1022
7663,1022
7664,1022
7665,0
7666,0
7667,0
7668,0
7669,0
7670,0
7671,0
7672,1022
7673,1022
7674,1022
7675,1022
7676,1022
7677,1022
7678,1022
7679,0
7680,0
7681,0
7682,0
7683,0
7684,0
7685,0
7686,1022
7687,1022
7688,1022
7689,1022
7690,1022
7691,1022
7692,0
7693,0
7694,0
7695,0
7696,0
7697,0
7698,0
7699,1022
7700,1022
7701,1022
7702,1022
7703,1022
7704,1022
7705,1022
7706,0
7707,0
7708,0
7709,0
7710,0
7711,0
7712,0
7713,1022
7714,1022
7715,1022
7716,1022
7717,1022
7718,1022
7719,1022
7720,0
7721,0
7722,0
7723,0
7724,0
7725,0
7726,0
7727,1022
7728,1022
7729,1022
7730,1022
7731,1023
7732,1022
7733,0
7734,0
7735,0
7736,0
7737,0
7738,0
7739,0
7740,1022
7741,1022
7742,1022
7743,1022
7744,1022
7745,1022
7746,1021
7747,0
7748,0
7749,0
7750,0
7751,0
7752,0
7753,0
7754,1022
7755,1022
7756,1022
7757,1022
7758,1022
7759,1022
7760,1022
7761,0
7762,0
7763,0
7764,0
7765,0
7766,0
7767,0
7768,1022
7769,1022
7770,1022
7771,1022
7772,1022
7773,1022
7774,1022
7775,0
7776,0
7777,0
7778,0
7779,0
7780,0
7781,1023
7782,1022
7783,1022
7784,1022
7785,1022
7786,1022
7787,1022
7788,0
7789,0
7790,0
7791,0
7792,0
7793,0
7794,0
7795,1022
7796,1022
7797,1022
7798,1022
7799,1022
7800,1022
7801,1022
7802,0
7803,0
7804,0
7805,0
7806,0
7807,0
7808,0
7809,1022
7810,1022
7811,1022
7812,1022
7813,1022
7814,1022
7815,1022
7816,0
7817,0
7818,0
7819,0
7820,0
7821,0
7822,1021
7823,1022
7824,1022
7825,1022
7826,1022
7827,1022
7828,1022
7829,0
7830,0
7831,0
7832,0
7833,0
7834,0
7835,0
7836,1022
7837,1022
7838,1022
7839,1022
7840,1022
7841,1022
7842,1022
7843,0
7844,0
7845,0
7846,0
7847,0
7848,0
7849,0
7850,1022
7851,1022
7852,1022
7853,1022
7854,1022
7855,1022
7856,1022
7857,0
7858,0
7859,0
7860,0
7861,0
7862,0
7863,0
7864,1022
7865,1022
7866,1022
7867,1022
7868,1022
7869,1022
7870,0
7871,0
7872,0
7873,0
7874,0
7875,0
7876,0
7877,1022
7878,1022
7879,1022
7880,1022
7881,1022
7882,1022
7883,1022
7884,0
7885,0
7886,0
7887,0
7888,0
7889,0
7890,0
7891,1022
7892,1022
7893,1022
7894,1022
7895,1022
7896,1022
7897,1022
7898,0
7899,0
7900,0
7901,0
7902,0
7903,0
7904,0
7905,1022
7906,1021
7907,1022
7908,1022
7909,1022
7910,1022
7911,1022
7912,0
7913,0
7914,0
7915,0
7916,0
7917,0
7918,1022
7919,1022
7920,1022
7921,1022
7922,1022
7923,1022
7924,1021
7925,0
7926,0
7927,0
7928,0
7929,0
7930,0
7931,0
7932,1022
7933,1022
7934,1022
7935,1022
7936,1022
7937,1022
7938,1022
7939,0
7940,0
7941,0
7942,0
7943,0
7944,0
7945,0
7946,1022
7947,1021
7948,1022
7949,1022
7950,1022
7951,1022
7952,1022
7953,0
7954,0
7955,0
7956,0
7957,0
7958,0
7959,1022
7960,1022
7961,1022
7962,1022
7963,1022
7964,1022
7965,1022
7966,0
7967,0
7968,0
7969,0
7970,0
7971,0
7972,0
7973,1022
7974,1022
7975,1022
7976,1022
7977,1022
7978,1022
7979,1021
7980,0
7981,0
7982,0
7983,0
7984,0
7985,0
7986,0
7987,1022
7988,1022
7989,1022
7990,1022
7991,1022
7992,1022
7993,1022
7994,0
7995,0
7996,0
7997,0
7998,0
7999,0
8000,0
8001,1022
8002,1022
8003,1022
8004,1022
8005,1021
8006,1022
8007,0
8008,0
8009,0
8010,0
8011,0
8012,0
8013,0
8014,1022
8015,1022
8016,1022
8017,1022
8018,1022
8019,1022
8020,1022
8021,0
8022,0
8023,0
8024,0
8025,0
8026,0
8027,0
8028,1022
8029,1022
8030,1022
8031,1021
8032,1021
8033,1022
8034,1022
8035,0
8036,0
8037,0
8038,0
8039,0
8040,0
8041,0
8042,1022
8043,1022
8044,1022
8045,1022
8046,1022
8047,1022
8048,0
8049,0
8050,0
8051,0
8052,0
8053,0
8054,0
8055,1022
8056,1022
8057,1022
8058,1022
8059,1022
8060,1022
8061,1022
8062,0
8063,0
8064,0
8065,0
8066,0
8067,0
8068,0
8069,1022
8070,1022
8071,1022
8072,1022
8073,1021
8074,1022
8075,1022
8076,0
8077,0
8078,0
8079,0
8080,0
8081,0
8082,0
8083,1022
8084,1023
8085,1022
8086,1021
8087,1022
8088,1022
8089,1021
8090,0
8091,0
8092,0
8093,0
8094,0
8095,0
8096,1022
8097,1021
8098,1022
8099,1022
8100,1021
8101,1022
8102,1021
8103,0
8104,0
8105,0
8106,0
8107,0
8108,0
8109,0
8110,1022
8111,1022
8112,1022
8113,1022
8114,1022
8115,1022
8116,1022
8117,0
8118,0
8119,0
8120,0
8121,0
8122,0
8123,0
8124,1022
8125,1021
8126,1022
8127,1022
8128,1021
8129,1022
8130,1022
8131,0
8132,0
8133,0
8134,0
8135,0
8136,0
8137,1021
8138,1022
8139,1022
8140,1022
8141,1022
8142,1022
8143,1022
8144,0
8145,0
8146,0
8147,0
8148,0
8149,0
8150,0
8151,1022
8152,1022
8153,1022
8154,1022
8155,1022
8156,1023
8157,1022
8158,0
8159,0
8160,0
8161,0
8162,0
8163,0
8164,0
8165,1022
8166,1022
8167,1022
8168,1022
8169,1022
8170,1022
8171,1022
8172,0
8173,0
8174,0
8175,0
8176,0
8177,0
8178,0
8179,1022
8180,1022
8181,1022
8182,1022
8183,1022
8184,1022
8185,0
8186,0
8187,0
8188,0
8189,0
8190,0
8191,0
8192,1022
8193,1022
8194,1022
8195,1022
8196,1022
8197,1022
8198,1022
8199,0
8200,0
8201,0
8202,0
8203,0
8204,0
8205,0
8206,1021
8207,1022
8208,1022
8209,1022
8210,1022
8211,1022
8212,1022
8213,0
8214,0
8215,0
8216,0
8217,0
8218,0
8219,0
8220,1022
8221,1022
8222,1022
8223,1022
8224,1021
8225,1022
8226,1021
8227,0
8228,0
8229,0
8230,0
8231,0
8232,0
8233,1022
8234,1022
8235,1022
8236,1022
8237,1022
8238,1021
8239,1022
8240,0
8241,0
8242,0
8243,0
8244,0
8245,0
8246,0
8247,1021
8248,1022
8249,1022
8250,1022
8251,1022
8252,1022
8253,1022
8254,0
8255,0
8256,0
8257,0
8258,0
8259,0
8260,0
8261,1022
8262,1022
8263,1022
8264,1022
8265,1022
8266,1022
8267,1022
8268,0
8269,0
8270,0
8271,0
8272,0
8273,0
8274,1021
8275,1021
8276,1022
8277,1022
8278,1022
8279,1022
8280,1022
8281,0
8282,0
8283,0
8284,0
8285,0
8286,0
8287,0
8288,1021
8289,1022
8290,1022
8291,1022
8292,1022
8293,1022
8294,1022
8295,0
8296,0
8297,0
8298,0
8299,0
8300,0
8301,0
8302,1022
8303,1022
8304,1022
8305,1022
8306,1021
8307,1021
8308,1022
8309,0
8310,0
8311,0
8312,0
8313,0
8314,0
8315,0
8316,1021
8317,1022
8318,1022
8319,1022
8320,1022
8321,1021
8322,0
8323,0
8324,0
8325,0
8326,0
8327,0
8328,0
8329,1022
8330,1022
8331,1022
8332,1022
8333,1022
8334,1022
8335,1022
8336,0
8337,0
8338,0
8339,0
8340,0
8341,0
8342,0
8343,1022
8344,1022
8345,1021
8346,1022
8347,1022
8348,1022
8349,1022
8350,0
8351,0
8352,0
8353,0
8354,0
8355,0
8356,0
8357,1022
8358,1022
8359,1022
8360,1022
8361,1022
8362,1022
8363,0
8364,0
8365,0
8366,0
8367,0
8368,0
8369,0
8370,1022
8371,1022
8372,1022
8373,1022
8374,1022
8375,1022
8376,1021
8377,0
8378,0
8379,0
8380,0
8381,0
8382,0
8383,0
8384,1022
8385,1022
8386,1022
8387,1022
8388,1022
8389,1021
8390,1022
8391,0
8392,0
8393,0
8394,0
8395,0
8396,0
8397,0
8398,1022
8399,1021
8400,1022
8401,1022
8402,1021
8403,1022
8404,1022
8405,0
8406,0
8407,0
8408,0
8409,0
8410,0
8411,1022
8412,1022
8413,1022
8414,1022
8415,1022
8416,1022
8417,1022
8418,0
8419,0
8420,0
8421,0
8422,0
8423,0
8424,0
8425,1022
8426,1021
8427,1022
8428,1022
8429,1022
8430,1022
8431,1022
8432,0
8433,0
8434,0
8435,0
8436,0
8437,0
8438,0
8439,1022
8440,1022
8441,1022
8442,1022
8443,1022
8444,1022
8445,1022
8446,0
8447,0
8448,0
8449,0
8450,0
8451,0
8452,0
8453,1022
8454,1022
8455,1022
8456,1021
8457,1022
8458,1022
8459,0
8460,0
8461,0
8462,0
8463,0
8464,0
8465,0
8466,1022
8467,1022
8468,1022
8469,1022
8470,1022
8471,1021
8472,1022
8473,0
8474,0
8475,0
8476,0
8477,0
8478,0
8479,0
8480,1022
8481,1022
8482,1022
8483,1022
8484,1021
8485,1022
8486,1022
8487,0
8488,0
8489,0
8490,0
8491,0
8492,0
8493,0
8494,1021
8495,1022
8496,1022
8497,1022
8498,1022
8499,1022
8500,0
8501,0
8502,0
8503,0
8504,0
8505,0
8506,0
8507,1022
8508,1022
8509,1021
8510,1022
8511,1022
8512,1022
8513,1022
8514,0
8515,0
8516,0
8517,0
8518,0
8519,0
8520,0
8521,1022
8522,1022
8523,1022
8524,1022
8525,1022
8526,1022
8527,1022
8528,0
8529,0
8530,0
8531,0
8532,0
8533,0
8534,0
8535,1022
8536,1022
8537,1022
8538,1022
8539,1022
8540,1022
8541,1022
8542,0
8543,0
8544,0
8545,0
8546,0
8547,0
8548,1022
8549,1021
8550,1022
8551,1022
8552,1022
8553,1022
8554,1022
8555,0
8556,0
8557,0
8558,0
8559,0
8560,0
8561,0
8562,1022
8563,1022
8564,1022
8565,1022
8566,1022
8567,1022
8568,1022
8569,0
8570,0
8571,0
8572,0
8573,0
8574,0
8575,0
8576,1022
8577,1022
8578,1022
8579,1022
8580,1022
8581,1022
8582,1022
8583,0
8584,0
8585,0
8586,0
8587,0
8588,0
8589,1022
8590,1022
8591,1022
8592,1021
8593,1022
8594,1022
8595,1022
8596,0
8597,0
8598,0
8599,0
8600,0
8601,0
8602,0
8603,1022
8604,1022
8605,1021
8606,1022
8607,1022
8608,1022
8609,1022
8610,0
8611,0
8612,0
8613,0
8614,0
8615,0
8616,0
8617,1022
8618,1021
8619,1022
8620,1022
8621,1022
8622,1021
8623,1022
8624,0
8625,0
8626,0
8627,0
8628,0
8629,0
8630,0
8631,1022
8632,1022
8633,1022
8634,1022
8635,1022
8636,1022
8637,0
8638,0
8639,0
8640,0
8641,0
8642,0
8643,0
8644,1021
8645,1022
8646,1021
8647,1022
8648,1022
8649,1022
8650,1022
8651,0
8652,0
8653,0
8654,0
8655,0
8656,0
8657,0
8658,1021
8659,1022
8660,1022
8661,1022
8662,1022
8663,1022
8664,1022
8665,0
8666,0
8667,0
8668,0
8669,0
8670,0
8671,0
8672,1022
8673,1022
8674,1022
8675,1022
8676,1022
8677,1022
8678,0
8679,0
8680,0
8681,0
8682,0
8683,0
8684,0
8685,1022
8686,1022
8687,1022
8688,1022
8689,1022
8690,1021
8691,1021
8692,0
8693,0
8694,0
8695,0
8696,0
8697,0
8698,0
8699,1022
8700,1021
8701,1022
8702,1022
8703,1022
8704,1022
8705,1020
8706,0
8707,0
8708,0
8709,0
8710,0
8711,0
8712,0
8713,1022
8714,1022
8715,1022
8716,1022
8717,1022
8718,1022
8719,1022
8720,0
8721,0
8722,0
8723,0
8724,0
8725,0
8726,1022
8727,1022
8728,1022
8729,1022
8730,1022
8731,1022
8732,1022
8733,0
8734,0
8735,0
8736,0
8737,0
8738,0
8739,0
8740,1022
8741,1022
8742,1022
8743,1022
8744,1022
8745,1022
8746,1022
8747,0
8748,0
8749,0
8750,0
8751,0
8752,0
8753,0
8754,1022
8755,1022
8756,1022
8757,1022
8758,1022
8759,1022
8760,1022
8761,0
8762,0
8763,0
8764,0
8765,0
8766,0
8767,0
8768,1021
8769,1021
8770,1022
8771,1022
8772,1021
8773,1022
8774,0
8775,0
8776,0
8777,0
8778,0
8779,0
8780,0
8781,1022
8782,1022
8783,1022
8784,1022
8785,1022
8786,1022
8787,1022
8788,0
8789,0
8790,0
8791,0
8792,0
8793,0
8794,0
8795,1023
8796,1022
8797,1022
8798,1022
8799,1022
8800,1022
8801,1022
8802,0
8803,0
8804,0
8805,0
8806,0
8807,0
8808,0
8809,1022
8810,1022
8811,1022
8812,1022
8813,1022
8814,1022
8815,0
8816,0
8817,0
8818,0
8819,0
8820,0
8821,0
8822,1022
8823,1022
8824,1022
8825,1022
8826,1022
8827,1022
8828,1022
8829,0
8830,0
8831,0
8832,0
8833,0
8834,0
8835,0
8836,1022
8837,1022
8838,1022
8839,1022
8840,1022
8841,1022
8842,1022
8843,0
8844,0
8845,0
8846,0
8847,0
8848,0
8849,0
8850,1022
8851,1021
8852,1022
8853,1022
8854,1022
8855,1022
8856,1022
8857,0
8858,0
8859,0
8860,0
8861,0
8862,0
8863,1022
8864,1022
8865,1022
8866,1022
8867,1022
8868,1022
8869,1022
8870,0
8871,0
8872,0
8873,0
8874,0
8875,0
8876,0
8877,1022
8878,1021
8879,1022
8880,1021
8881,1022
8882,1022
8883,1022
8884,0
8885,0
8886,0
8887,0
8888,0
8889,0
8890,0
8891,1022
8892,1022
8893,1022
8894,1022
8895,1022
8896,1022
8897,1022
8898,0
8899,0
8900,0
8901,0
8902,0
8903,0
8904,1022
8905,1022
8906,1022
8907,1021
8908,1022
8909,1022
8910,1022
8911,0
8912,0
8913,0
8914,0
8915,0
8916,0
8917,0
8918,1022
8919,1022
8920,1022
8921,1022
8922,1022
8923,1021
8924,1022
8925,0
8926,0
8927,0
8928,0
8929,0
8930,0
8931,0
8932,1022
8933,1022
8934,1022
8935,1021
8936,1022
8937,1022
8938,1022
8939,0
8940,0
8941,0
8942,0
8943,0
8944,0
8945,0
8946,1021
8947,1022
8948,1022
8949,1022
8950,1022
8951,1022
8952,0
8953,0
8954,0
8955,0
8956,0
8957,0
8958,0
8959,1021
8960,1022
8961,1022
8962,1022
8963,1022
8964,1022
8965,1022
8966,0
8967,0
8968,0
8969,0
8970,0
8971,0
8972,0
8973,1022
8974,1022
8975,1022
8976,1022
8977,1022
8978,1022
8979,1022
8980,0
8981,0
8982,0
8983,0
8984,0
8985,0
8986,0
8987,1022
8988,1022
8989,1022
8990,1022
8991,1022
8992,1022
8993,1022
8994,0
8995,0
8996,0
8997,0
8998,0
8999,0
9000,1022
9001,1023
9002,1021
9003,1022
9004,1023
9005,1022
9006,1021
9007,0
9008,0
9009,0
9010,0
9011,0
9012,0
9013,0
9014,1022
9015,1022
9016,1022
9017,1022
9018,1022
9019,1022
9020,1022
9021,0
9022,0
9023,0
9024,0
9025,0
9026,0
9027,0
9028,1021
9029,1022
9030,1022
9031,1022
9032,1022
9033,1022
9034,1022
9035,0
9036,0
9037,0
9038,0
9039,0
9040,0
9041,1022
9042,1022
9043,1022
9044,1022
9045,1023
9046,1022
9047,1022
9048,0
9049,0
9050,0
9051,0
9052,0
9053,0
9054,0
9055,1022
9056,1022
9057,1022
9058,1022
9059,1022
9060,1022
9061,1022
9062,0
9063,0
9064,0
9065,0
9066,0
9067,0
9068,0
9069,1022
9070,1022
9071,1022
9072,1022
9073,1022
9074,1021
9075,1022
9076,0
9077,0
9078,0
9079,0
9080,0
9081,0
9082,0
9083,1022
9084,1022
9085,1022
9086,1022
9087,1022
9088,1022
9089,0
9090,0
9091,0
9092,0
9093,0
9094,0
9095,0
9096,1022
9097,1022
9098,1022
9099,1022
9100,1022
9101,1021
9102,1022
9103,0
9104,0
9105,0
9106,0
9107,0
9108,0
9109,0
9110,1022
9111,1021
9112,1022
9113,1022
9114,1022
9115,1022
9116,1022
9117,0
9118,0
9119,0
9120,0
9121,0
9122,0
9123,0
9124,1022
9125,1022
9126,1022
9127,1022
9128,1022
9129,1022
9130,0
9131,0
9132,0
9133,0
9134,0
9135,0
9136,0
9137,1022
9138,1022
9139,1022
9140,1022
9141,1022
9142,1021
9143,1022
9144,0
9145,0
9146,0
9147,0
9148,0
9149,0
9150,0
9151,1022
9152,1022
9153,1021
9154,1021
9155,1022
9156,1022
9157,1021
9158,0
9159,0
9160,0
9161,0
9162,0
9163,0
9164,0
9165,1022
9166,1022
9167,1022
9168,1022
9169,1022
9170,1022
9171,1022
9172,0
9173,0
9174,0
9175,0
9176,0
9177,0
9178,1022
9179,1021
9180,1022
9181,1022
9182,1022
9183,1022
9184,1022
9185,0
9186,0
9187,0
9188,0
9189,0
9190,0
9191,0
9192,1022
9193,1022
9194,1021
9195,1022
9196,1021
9197,1022
9198,1022
9199,0
9200,0
9201,0
9202,0
9203,0
9204,0
9205,0
9206,1022
9207,1022
9208,1022
9209,1022
9210,1022
9211,1022
9212,1022
9213,0
9214,0
9215,0
9216,0
9217,0
9218,0
9219,1022
9220,1022
9221,1022
9222,1022
9223,1022
9224,1022
9225,1022
9226,0
9227,0
9228,0
9229,0
9230,0
9231,0
9232,0
9233,1021
9234,1022
9235,1021
9236,1022
9237,1022
9238,1021
9239,1022
9240,0
9241,0
9242,0
9243,0
9244,0
9245,0
9246,0
9247,1022
9248,1022
9249,1022
9250,1022
9251,1022
9252,1022
9253,1022
9254,0
9255,0
9256,0
9257,0
9258,0
9259,0
9260,0
9261,1022
9262,1022
9263,1022
9264,1022
9265,1023
9266,1022
9267,0
9268,0
9269,0
9270,0
9271,0
9272,0
9273,0
9274,1022
9275,1022
9276,1022
9277,1022
9278,1022
9279,1022
9280,1022
9281,0
9282,0
9283,0
9284,0
9285,0
9286,0
9287,0
9288,1022
9289,1022
9290,1022
9291,1022
9292,1022
9293,1022
9294,1022
9295,0
9296,0
9297,0
9298,0
9299,0
9300,0
9301,0
9302,1022
9303,1022
9304,1022
9305,1021
9306,1022
9307,1022
9308,1021
9309,0
9310,0
9311,0
9312,0
9313,0
9314,0
9315,1022
9316,1022
9317,1022
9318,1022
9319,1022
9320,1022
9321,1022
9322,0
9323,0
9324,0
9325,0
9326,0
9327,0
9328,0
9329,1022
9330,1022
9331,1022
9332,1022
9333,1022
9334,1022
9335,1023
9336,0
9337,0
9338,0
9339,0
9340,0
9341,0
9342,0
9343,1022
9344,1022
9345,1021
9346,1022
9347,1022
9348,1022
9349,1022
9350,0
9351,0
9352,0
9353,0
9354,0
9355,0
9356,1022
9357,1022
9358,1022
9359,1022
9360,1022
9361,1022
9362,1022
9363,0
9364,0
9365,0
9366,0
9367,0
9368,0
9369,0
9370,1022
9371,1022
9372,1022
9373,1022
9374,1022
9375,1022
9376,1022
9377,0
9378,0
9379,0
9380,0
9381,0
9382,0
9383,0
9384,1021
9385,1022
9386,1022
9387,1022
9388,1021
9389,1022
9390,1021
9391,0
9392,0
9393,0
9394,0
9395,0
9396,0
9397,0
9398,1022
9399,1022
9400,1022
9401,1022
9402,1022
9403,1022
9404,0
9405,0
9406,0
9407,0
9408,0
9409,0
9410,0
9411,1022
9412,1022
9413,1022
9414,1021
9415,1022
9416,1022
9417,1022
9418,0
9419,0
9420,0
9421,0
9422,0
9423,0
9424,0
9425,1022
9426,1022
9427,1022
9428,1022
9429,1022
9430,1021
9431,1022
9432,0
9433,0
9434,0
9435,0
9436,0
9437,0
9438,0
9439,1022
9440,1022
9441,1022
9442,1022
9443,1022
9444,1022
9445,0
9446,0
9447,0
9448,0
9449,0
9450,0
9451,0
9452,1022
9453,1022
9454,1022
9455,1022
9456,1022
9457,1022
9458,1022
9459,0
9460,0
9461,0
9462,0
9463,0
9464,0
9465,0
9466,1022
9467,1022
9468,1022
9469,1021
9470,1022
9471,1022
9472,1022
9473,0
9474,0
9475,0
9476,0
9477,0
9478,0
9479,0
9480,1021
9481,1022
9482,1022
9483,1021
9484,1022
9485,1022
9486,1021
9487,0
9488,0
9489,0
9490,0
9491,0
9492,0
9493,1022
9494,1022
9495,1022
9496,1022
9497,1022
9498,1022
9499,1022
9500,0
9501,0
9502,0
9503,0
9504,0
9505,0
9506,0
9507,1022
9508,1022
9509,1022
9510,1022
9511,1022
9512,1022
9513,1022
9514,0
9515,0
9516,0
9517,0
9518,0
9519,0
9520,0
9521,1022
9522,1022
9523,1022
9524,1022
9525,1022
9526,1022
9527,1022
9528,0
9529,0
9530,0
9531,0
9532,0
9533,0
9534,1021
9535,1021
9536,1022
9537,1021
9538,1022
9539,1021
9540,1022
9541,0
9542,0
9543,0
9544,0
9545,0
9546,0
9547,0
9548,1021
9549,1022
9550,1022
9551,1022
9552,1022
9553,1022
9554,1022
9555,0
9556,0
9557,0
9558,0
9559,0
9560,0
9561,0
9562,1021
9563,1022
9564,1022
9565,1022
9566,1022
9567,1022
9568,1022
9569,0
9570,0
9571,0
9572,0
9573,0
9574,0
9575,0
9576,1022
9577,1022
9578,1022
9579,1022
9580,1022
9581,1022
9582,0
9583,0
9584,0
9585,0
9586,0
9587,0
9588,0
9589,1022
9590,1022
9591,1022
9592,1022
9593,1022
9594,1022
9595,1022
9596,0
9597,0
9598,0
9599,0
9600,0
9601,0
9602,0
9603,1022
9604,1022
9605,1022
9606,1022
9607,1022
9608,1022
9609,1021
9610,0
9611,0
9612,0
9613,0
9614,0
9615,0
9616,0
9617,1022
9618,1021
9619,1023
9620,1021
9621,1023
9622,1022
9623,1022
9624,0
9625,0
9626,0
9627,0
9628,0
9629,0
9630,1022
9631,1022
9632,1022
9633,1021
9634,1022
9635,1022
9636,1022
9637,0
9638,0
9639,0
9640,0
9641,0
9642,0
9643,0
9644,1021
9645,1022
9646,1022
9647,1022
9648,1022
9649,1022
9650,1022
9651,0
9652,0
9653,0
9654,0
9655,0
9656,0
9657,0
9658,1021
9659,1022
9660,1022
9661,1022
9662,1022
9663,1022
9664,1022
9665,0
9666,0
9667,0
9668,0
9669,0
9670,0
9671,1022
9672,1022
9673,1022
9674,1022
9675,1022
9676,1021
9677,1022
9678,0
9679,0
9680,0
9681,0
9682,0
9683,0
9684,0
9685,1022
9686,1022
9687,1022
9688,1022
9689,1021
9690,1022
9691,1021
9692,0
9693,0
9694,0
9695,0
9696,0
9697,0
9698,0
9699,1021
9700,1022
9701,1022
9702,1022
9703,1022
9704,1022
9705,1022
9706,0
9707,0
9708,0
9709,0
9710,0
9711,0
9712,0
9713,1022
9714,1021
9715,1021
9716,1022
9717,1022
9718,1022
9719,0
9720,0
9721,0
9722,0
9723,0
9724,0
9725,0
9726,1022
9727,1022
9728,1022
9729,1021
9730,1022
9731,1022
9732,1022
9733,0
9734,0
9735,0
9736,0
9737,0
9738,0
9739,0
9740,1022
9741,1022
9742,1022
9743,1022
9744,1022
9745,1022
9746,1022
9747,0
9748,0
9749,0
9750,0
9751,0
9752,0
9753,0
9754,1022
9755,1022
9756,1022
9757,1022
9758,1022
9759,1022
9760,0
9761,0
9762,0
9763,0
9764,0
9765,0
9766,0
9767,1021
9768,1021
9769,1021
9770,1022
9771,1022
9772,1022
9773,1022
9774,0
9775,0
9776,0
9777,0
9778,0
9779,0
9780,0
9781,1022
9782,1022
9783,1022
9784,1022
9785,1022
9786,1022
9787,1022
9788,0
9789,0
9790,0
9791,0
9792,0
9793,0
9794,0
9795,1022
9796,1022
9797,1022
9798,1022
9799,1022
9800,1022
9801,1022
9802,0
9803,0
9804,0
9805,0
9806,0
9807,0
9808,1022
9809,1022
9810,1022
9811,1022
9812,1022
9813,1022
9814,1022
9815,0
9816,0
9817,0
9818,0
9819,0
9820,0
9821,0
9822,1022
9823,1022
9824,1021
9825,1022
9826,1022
9827,1022
9828,1022
9829,0
9830,0
9831,0
9832,0
9833,0
9834,0
9835,0
9836,1022
9837,1022
9838,1022
9839,1022
9840,1022
9841,1021
9842,1021
9843,0
9844,0
9845,0
9846,0
9847,0
9848,0
9849,1022
9850,1022
9851,1022
9852,1022
9853,1022
9854,1022
9855,1022
9856,0
9857,0
9858,0
9859,0
9860,0
9861,0
9862,0
9863,1021
9864,1021
9865,1022
9866,1022
9867,1022
9868,1021
9869,1021
9870,0
9871,0
9872,0
9873,0
9874,0
9875,0
9876,0
9877,1022
9878,1022
9879,1022
9880,1022
9881,1022
9882,1022
9883,1022
9884,0
9885,0
9886,0
9887,0
9888,0
9889,0
9890,0
9891,1022
9892,1022
9893,1022
9894,1022
9895,1022
9896,1022
9897,0
9898,0
9899,0
9900,0
9901,0
9902,0
9903,0
9904,1022
9905,1021
9906,1022
9907,1022
9908,1022
9909,1022
9910,1022
9911,0
9912,0
9913,0
9914,0
9915,0
9916,0
9917,0
9918,1021
9919,1021
9920,1021
9921,1021
9922,1022
9923,1021
9924,1021
9925,0
9926,0
9927,0
9928,0
9929,0
9930,0
9931,0
9932,1022
9933,1022
9934,1022
9935,1022
9936,1022
9937,1022
9938,1022
9939,0
9940,0
9941,0
9942,0
9943,0
9944,0
9945,1021
9946,1022
9947,1021
9948,1022
9949,1022
9950,1022
9951,1022
9952,0
9953,0
9954,0
9955,0
9956,0
9957,0
9958,0
9959,1022
9960,1022
9961,1022
9962,1022
9963,1022
9964,1022
9965,1022
9966,0
9967,0
9968,0
9969,0
9970,0
9971,0
9972,0
9973,1022
9974,1022
9975,1022
9976,1022
9977,1022
9978,1022
9979,1022
9980,0
9981,0
9982,0
9983,0
9984,0
9985,0
9986,1022
9987,1022
9988,1022
9989,1022
9990,1022
9991,1023
9992,1021
9993,0
9994,0
9995,0
9996,0
9997,0
9998,0
9999,0
10000,1022
