1,1022
2,0
3,1022
4,0
5,1021
6,0
7,1021
8,0
9,1023
10,0
11,1022
12,0
13,1022
14,1022
15,0
16,1022
17,0
18,1022
19,0
20,1022
21,0
22,1022
23,0
24,1022
25,0
26,1022
27,0
28,1023
29,0
30,1021
31,0
32,1022
33,0
34,1022
35,0
36,0
37,1022
38,0
39,1022
40,0
41,1021
42,0
43,1022
44,0
45,1021
46,0
47,1022
48,0
49,1022
50,0
51,1022
52,0
53,1022
54,0
55,1022
56,0
57,1022
58,1022
59,0
60,1022
61,0
62,1022
63,0
64,1022
65,0
66,1022
67,0
68,1022
69,0
70,1022
71,0
72,1022
73,0
74,1022
75,0
76,1022
77,0
78,1021
79,0
80,0
81,1022
82,0
83,1022
84,0
85,1022
86,0
87,1022
88,0
89,1022
90,0
91,1022
92,0
93,1023
94,0
95,1022
96,0
97,1022
98,0
99,1021
100,0
101,0
102,1022
103,0
104,1022
105,0
106,1022
107,0
108,1022
109,0
110,1022
111,0
112,1022
113,0
114,1022
115,0
116,1022
117,0
118,1022
119,0
120,1022
121,0
122,1022
123,1022
124,0
125,1022
126,0
127,1022
128,0
129,1022
130,0
131,1022
132,0
133,1022
134,0
135,1022
136,0
137,1022
138,0
139,1022
140,0
141,1022
142,0
143,1022
144,0
145,0
146,1022
147,0
148,1022
149,0
150,1022
151,0
152,1022
153,0
154,1022
155,0
156,1022
157,0
158,1022
159,0
160,1022
161,0
162,1022
163,0
164,1022
165,0
166,1022
167,1022
168,0
169,1021
170,0
171,1022
172,0
173,1022
174,0
175,1022
176,0
177,1022
178,0
179,1021
180,0
181,1021
182,0
183,1022
184,0
185,1022
186,0
187,1022
188,0
189,0
190,1022
191,0
192,1022
193,0
194,1022
195,0
196,1022
197,0
198,1022
199,0
200,1022
201,0
202,1021
203,0
204,1022
205,0
206,1022
207,0
208,1022
209,0
210,1022
211,1022
212,0
213,1022
214,0
215,1022
216,0
217,1022
218,0
219,1022
220,0
221,1022
222,0
223,1022
224,0
225,1022
226,0
227,1022
228,0
229,1022
230,0
231,1022
232,1022
233,0
234,1022
235,0
236,1022
237,0
238,1022
239,0
240,1022
241,0
242,1022
243,0
244,1022
245,0
246,1022
247,0
248,1022
249,0
250,1022
251,0
252,1022
253,0
254,0
255,1022
256,0
257,1021
258,0
259,1022
260,0
261,1022
262,0
263,1021
264,0
265,1022
266,0
267,1022
268,0
269,1022
270,0
271,1022
272,0
273,1022
274,0
275,1022
276,1022
277,0
278,1022
279,0
280,1022
281,0
282,1022
283,0
284,1022
285,0
286,1022
287,0
288,1022
289,0
290,1022
291,0
292,1022
293,0
294,1022
295,0
296,1022
297,0
298,0
299,1022
300,0
301,1022
302,0
303,1022
304,0
305,1022
306,0
307,1021
308,0
309,1022
310,0
311,1022
312,0
313,1022
314,0
315,1022
316,0
317,1022
318,0
319,1021
320,1022
321,0
322,1022
323,0
324,1021
325,0
326,1022
327,0
328,1022
329,0
330,1023
331,0
332,1022
333,0
334,1022
335,0
336,1021
337,0
338,1022
339,0
340,1022
341,0
342,0
343,1021
344,0
345,1022
346,0
347,1022
348,0
349,1022
350,0
351,1022
352,0
353,1022
354,0
355,1022
356,0
357,1022
358,0
359,1022
360,0
361,1022
362,0
363,0
364,1021
365,0
366,1022
367,0
368,1022
369,0
370,1022
371,0
372,1022
373,0
374,1022
375,0
376,1022
377,0
378,1022
379,0
380,1022
381,0
382,1022
383,0
384,1022
385,1022
386,0
387,1022
388,0
389,1022
390,0
391,1022
392,0
393,1022
394,0
395,1021
396,0
397,1022
398,0
399,1022
400,0
401,1022
402,0
403,1022
404,0
405,1022
406,0
407,0
408,1022
409,0
410,1022
411,0
412,1022
413,0
414,1022
415,0
416,1021
417,0
418,1022
419,0
420,1022
421,0
422,1022
423,0
424,1022
425,0
426,1022
427,0
428,1021
429,1022
430,0
431,1022
432,0
433,1022
434,0
435,1022
436,0
437,1022
438,0
439,1022
440,0
441,1022
442,0
443,1022
444,0
445,1022
446,0
447,1022
448,0
449,1022
450,0
451,0
452,1021
453,0
454,1022
455,0
456,1022
457,0
458,1022
459,0
460,1022
461,0
462,1022
463,0
464,1022
465,0
466,1021
467,0
468,1022
469,0
470,1021
471,0
472,1022
473,1022
474,0
475,1022
476,0
477,1022
478,0
479,1022
480,0
481,1022
482,0
483,1022
484,0
485,1022
486,0
487,1022
488,0
489,1022
490,0
491,1022
492,0
493,1022
494,1021
495,0
496,1022
497,0
498,1022
499,0
500,1022
501,0
502,1022
503,0
504,1022
505,0
506,1022
507,0
508,1022
509,0
510,1022
511,0
512,1022
513,0
514,1022
515,0
516,0
517,1021
518,0
519,1022
520,0
521,1022
522,0
523,1022
524,0
525,1022
526,0
527,1022
528,0
529,1022
530,0
531,1022
532,0
533,1022
534,0
535,1022
536,0
537,1022
538,1022
539,0
540,1022
541,0
542,1022
543,0
544,1022
545,0
546,1022
547,0
548,1022
549,0
550,1022
551,0
552,1021
553,0
554,1022
555,0
556,1022
557,0
558,1022
559,0
560,0
561,1021
562,0
563,1022
564,0
565,1022
566,0
567,1022
568,0
569,1022
570,0
571,1022
572,0
573,1022
574,0
575,1022
576,0
577,1021
578,0
579,1022
580,0
581,1022
582,1022
583,0
584,1022
585,0
586,1022
587,0
588,1022
589,0
590,1022
591,0
592,1022
593,0
594,1022
595,0
596,1022
597,0
598,1022
599,0
600,1022
601,0
602,1022
603,0
604,0
605,1022
606,0
607,1022
608,0
609,1022
610,0
611,1022
612,0
613,1022
614,0
615,1022
616,0
617,1022
618,0
619,1022
620,0
621,1022
622,0
623,1022
624,0
625,0
626,1022
627,0
628,1022
629,0
630,1022
631,0
632,1022
633,0
634,1022
635,0
636,1022
637,0
638,1021
639,0
640,1022
641,0
642,1022
643,0
644,1022
645,0
646,1022
647,1022
648,0
649,1022
650,0
651,1022
652,0
653,1022
654,0
655,1022
656,0
657,1022
658,0
659,1022
660,0
661,1022
662,0
663,1022
664,0
665,1022
666,0
667,1021
668,0
669,0
670,1022
671,0
672,1022
673,0
674,1022
675,0
676,1022
677,0
678,1022
679,0
680,1022
681,0
682,1022
683,0
684,1022
685,0
686,1022
687,0
688,1022
689,0
690,1022
691,1022
692,0
693,1021
694,0
695,1022
696,0
697,1022
698,0
699,1022
700,0
701,1021
702,0
703,1022
704,0
705,1022
706,0
707,1022
708,0
709,1022
710,0
711,1022
712,0
713,0
714,1022
715,0
716,1021
717,0
718,1021
719,0
720,1022
721,0
722,1022
723,0
724,1022
725,0
726,1022
727,0
728,1022
729,0
730,1022
731,0
732,1022
733,0
734,1022
735,1022
736,0
737,1022
738,0
739,1022
740,0
741,1022
742,0
743,1022
744,0
745,1022
746,0
747,1022
748,0
749,1022
750,0
751,1022
752,0
753,1022
754,0
755,1022
756,0
757,0
758,1022
759,0
760,1022
761,0
762,1022
763,0
764,1022
765,0
766,1022
767,0
768,1022
769,0
770,1022
771,0
772,1022
773,0
774,1021
775,0
776,1023
777,0
778,0
779,1022
780,0
781,1022
782,0
783,1022
784,0
785,1022
786,0
787,1021
788,0
789,1022
790,0
791,1021
792,0
793,1021
794,0
795,1022
796,0
797,1022
798,0
799,1021
800,1023
801,0
802,1022
803,0
804,1022
805,0
806,1022
807,0
808,1022
809,0
810,1022
811,0
812,1022
813,0
814,1022
815,0
816,1022
817,0
818,1022
819,0
820,1022
821,0
822,0
823,1022
824,0
825,1021
826,0
827,1022
828,0
829,1022
830,0
831,1021
832,0
833,1022
834,0
835,1022
836,0
837,1022
838,0
839,1022
840,0
841,1022
842,0
843,1022
844,1021
845,0
846,1021
847,0
848,1022
849,0
850,1022
851,0
852,1022
853,0
854,1022
855,0
856,1022
857,0
858,1021
859,0
860,1022
861,0
862,1022
863,0
864,1022
865,0
866,0
867,1022
868,0
869,1021
870,0
871,1022
872,0
873,1022
874,0
875,1022
876,0
877,1022
878,0
879,1022
880,0
881,1022
882,0
883,1022
884,0
885,1022
886,0
887,0
888,1021
889,0
890,1022
891,0
892,1022
893,0
894,1022
895,0
896,1022
897,0
898,1022
899,0
900,1022
901,0
902,1022
903,0
904,1022
905,0
906,1022
907,0
908,1021
909,1021
910,0
911,1022
912,0
913,1022
914,0
915,1022
916,0
917,1022
918,0
919,1022
920,0
921,1022
922,0
923,1022
924,0
925,1022
926,0
927,1022
928,0
929,1022
930,0
931,0
932,1022
933,0
934,1022
935,0
936,1022
937,0
938,1022
939,0
940,1022
941,0
942,1022
943,0
944,1022
945,0
946,1022
947,0
948,1022
949,0
950,1022
951,0
952,1022
953,1022
954,0
955,1022
956,0
957,1022
958,0
959,1022
960,0
961,1022
962,0
963,1022
964,0
965,1022
966,0
967,1022
968,0
969,1022
970,0
971,1022
972,0
973,1022
974,0
975,0
976,1022
977,0
978,1022
979,0
980,1022
981,0
982,1022
983,0
984,1022
985,0
986,1022
987,0
988,1022
989,0
990,1022
991,0
992,1021
993,0
994,1022
995,0
996,1022
997,1022
998,0
999,1022
1000,0
1001,1022
1002,0
1003,1022
1004,0
1005,1022
1006,0
1007,1022
1008,0
1009,1022
1010,0
1011,1021
1012,0
1013,1022
1014,0
1015,1022
1016,0
1017,1021
1018,1022
1019,0
1020,1021
1021,0
1022,1022
1023,0
1024,1022
1025,0
1026,1022
1027,0
1028,1022
1029,0
1030,1022
1031,0
1032,1022
1033,0
1034,1022
1035,0
1036,1022
1037,0
1038,1022
1039,0
1040,0
1041,1022
1042,0
1043,1022
1044,0
1045,1022
1046,0
1047,1022
1048,0
1049,1022
1050,0
1051,1022
1052,0
1053,1022
1054,0
1055,1022
1056,0
1057,1022
1058,0
1059,1022
1060,0
1061,1022
1062,1022
1063,0
1064,1022
1065,0
1066,1022
1067,0
1068,1022
1069,0
1070,1022
1071,0
1072,1022
1073,0
1074,1022
1075,0
1076,1021
1077,0
1078,1022
1079,0
1080,1022
1081,0
1082,1022
1083,0
1084,0
1085,1022
1086,0
1087,1022
1088,0
1089,1022
1090,0
1091,1022
1092,0
1093,1021
1094,0
1095,1022
1096,0
1097,1022
1098,0
1099,1021
1100,0
1101,1022
1102,0
1103,1021
1104,0
1105,1022
1106,1022
1107,0
1108,1022
1109,0
1110,1022
1111,0
1112,1022
1113,0
1114,1022
1115,0
1116,1022
1117,0
1118,1022
1119,0
1120,1022
1121,0
1122,1022
1123,0
1124,1022
1125,0
1126,1022
1127,0
1128,0
1129,1022
1130,0
1131,1022
1132,0
1133,1022
1134,0
1135,1022
1136,0
1137,1022
1138,0
1139,1022
1140,0
1141,1022
1142,0
1143,1022
1144,0
1145,1022
1146,0
1147,1022
1148,0
1149,0
1150,1021
1151,0
1152,1022
1153,0
1154,1022
1155,0
1156,1021
1157,0
1158,1022
1159,0
1160,1022
1161,0
1162,1022
1163,0
1164,1022
1165,0
1166,1022
1167,0
1168,1022
1169,0
1170,1022
1171,1022
1172,0
1173,1022
1174,0
1175,1022
1176,0
1177,1022
1178,0
1179,1022
1180,0
1181,1022
1182,0
1183,1022
1184,0
1185,1022
1186,0
1187,1022
1188,0
1189,1022
1190,0
1191,1022
1192,0
1193,0
1194,1022
1195,0
1196,1022
1197,0
1198,1022
1199,0
1200,1021
1201,0
1202,1022
1203,0
1204,1022
1205,0
1206,1022
1207,0
1208,1022
1209,0
1210,1022
1211,0
1212,1022
1213,0
1214,1022
1215,1022
1216,0
1217,1022
1218,0
1219,1022
1220,0
1221,1022
1222,0
1223,1022
1224,0
1225,1022
1226,0
1227,1022
1228,0
1229,1021
1230,0
1231,1022
1232,0
1233,1022
1234,0
1235,1022
1236,0
1237,0
1238,1022
1239,0
1240,1022
1241,0
1242,1022
1243,0
1244,1021
1245,0
1246,1022
1247,0
1248,1022
1249,0
1250,1021
1251,0
1252,1022
1253,0
1254,1022
1255,0
1256,1022
1257,0
1258,1022
1259,1022
1260,0
1261,1022
1262,0
1263,1022
1264,0
1265,1022
1266,0
1267,1022
1268,0
1269,1023
1270,0
1271,1022
1272,0
1273,1022
1274,0
1275,1022
1276,0
1277,1022
1278,0
1279,1022
1280,0
1281,0
1282,1022
1283,0
1284,1022
1285,0
1286,1022
1287,0
1288,1022
1289,0
1290,1022
1291,0
1292,1022
1293,0
1294,1022
1295,0
1296,1021
1297,0
1298,1022
1299,0
1300,1022
1301,0
1302,0
1303,1022
1304,0
1305,1022
1306,0
1307,1022
1308,0
1309,1022
1310,0
1311,1022
1312,0
1313,1022
1314,0
1315,1021
1316,0
1317,1022
1318,0
1319,1022
1320,0
1321,1021
1322,0
1323,1022
1324,1022
1325,0
1326,1022
1327,0
1328,1022
1329,0
1330,1022
1331,0
1332,1022
1333,0
1334,1022
1335,0
1336,1022
1337,0
1338,1022
1339,0
1340,1022
1341,0
1342,1022
1343,0
1344,1022
1345,0
1346,0
1347,1022
1348,0
1349,1022
1350,0
1351,1022
1352,0
1353,1022
1354,0
1355,1022
1356,0
1357,1022
1358,0
1359,1022
1360,0
1361,1022
1362,0
1363,1022
1364,0
1365,1022
1366,0
1367,1022
1368,1022
1369,0
1370,1022
1371,0
1372,1022
1373,0
1374,1021
1375,0
1376,1022
1377,0
1378,1021
1379,0
1380,1022
1381,0
1382,1022
1383,0
1384,1022
1385,0
1386,1022
1387,0
1388,1022
1389,0
1390,0
1391,1023
1392,0
1393,1022
1394,0
1395,1022
1396,0
1397,1022
1398,0
1399,1022
1400,0
1401,1022
1402,0
1403,1022
1404,0
1405,1022
1406,0
1407,1022
1408,0
1409,1023
1410,0
1411,0
1412,1022
1413,0
1414,1022
1415,0
1416,1022
1417,0
1418,1022
1419,0
1420,1022
1421,0
1422,1022
1423,0
1424,1022
1425,0
1426,1022
1427,0
1428,1022
1429,0
1430,1022
1431,0
1432,1022
1433,1021
1434,0
1435,1022
1436,0
1437,1022
1438,0
1439,1022
1440,0
1441,1022
1442,0
1443,1022
1444,0
1445,1022
1446,0
1447,1022
1448,0
1449,1022
1450,0
1451,1022
1452,0
1453,1021
1454,0
1455,0
1456,1022
1457,0
1458,1022
1459,0
1460,1022
1461,0
1462,1022
1463,0
1464,1022
1465,0
1466,1022
1467,0
1468,1022
1469,0
1470,1022
1471,0
1472,1022
1473,0
1474,1022
1475,0
1476,1022
1477,1022
1478,0
1479,1021
1480,0
1481,1022
1482,0
1483,1022
1484,0
1485,1022
1486,0
1487,1022
1488,0
1489,1022
1490,0
1491,1022
1492,0
1493,1022
1494,0
1495,1022
1496,0
1497,1022
1498,0
1499,0
1500,1022
1501,0
1502,1022
1503,0
1504,1022
1505,0
1506,1022
1507,0
1508,1022
1509,0
1510,1022
1511,0
1512,1022
1513,0
1514,1022
1515,0
1516,1022
1517,0
1518,1022
1519,0
1520,1022
1521,1022
1522,0
1523,1022
1524,0
1525,1021
1526,0
1527,1022
1528,0
1529,1021
1530,0
1531,1022
1532,0
1533,1022
1534,0
1535,1022
1536,0
1537,1021
1538,0
1539,1022
1540,0
1541,1022
1542,1021
1543,0
1544,1021
1545,0
1546,1022
1547,0
1548,1022
1549,0
1550,1021
1551,0
1552,1022
1553,0
1554,1022
1555,0
1556,1021
1557,0
1558,1022
1559,0
1560,1022
1561,0
1562,1022
1563,0
1564,0
1565,1022
1566,0
1567,1022
1568,0
1569,1022
1570,0
1571,1022
1572,0
1573,1022
1574,0
1575,1021
1576,0
1577,1022
1578,0
1579,1022
1580,0
1581,1022
1582,0
1583,1022
1584,0
1585,1022
1586,1022
1587,0
1588,1022
1589,0
1590,1022
1591,0
1592,1022
1593,0
1594,1022
1595,0
1596,1022
1597,0
1598,1022
1599,0
1600,1022
1601,0
1602,1022
1603,0
1604,1022
1605,0
1606,1022
1607,0
1608,0
1609,1022
1610,0
1611,1022
1612,0
1613,1022
1614,0
1615,1022
1616,0
1617,1022
1618,0
1619,1022
1620,0
1621,1022
1622,0
1623,1022
1624,0
1625,1022
1626,0
1627,1022
1628,0
1629,1021
1630,1022
1631,0
1632,1022
1633,0
1634,1022
1635,0
1636,1022
1637,0
1638,1021
1639,0
1640,1022
1641,0
1642,1022
1643,0
1644,1022
1645,0
1646,1022
1647,0
1648,1022
1649,0
1650,1022
1651,0
1652,0
1653,1022
1654,0
1655,1022
1656,0
1657,1022
1658,0
1659,1022
1660,0
1661,1022
1662,0
1663,1022
1664,0
1665,1022
1666,0
1667,1022
1668,0
1669,1022
1670,0
1671,1022
1672,0
1673,1021
1674,1021
1675,0
1676,1022
1677,0
1678,1021
1679,0
1680,1022
1681,0
1682,1021
1683,0
1684,1022
1685,0
1686,1022
1687,0
1688,1022
1689,0
1690,1022
1691,0
1692,1022
1693,0
1694,1022
1695,1022
1696,0
1697,1022
1698,0
1699,1022
1700,0
1701,1022
1702,0
1703,1021
1704,0
1705,1022
1706,0
1707,1022
1708,0
1709,1022
1710,0
1711,1022
1712,0
1713,1022
1714,0
1715,1022
1716,0
1717,0
1718,1022
1719,0
1720,1022
1721,0
1722,1022
1723,0
1724,1022
1725,0
1726,1022
1727,0
1728,1022
1729,0
1730,1022
1731,0
1732,1021
1733,0
1734,1022
1735,0
1736,1022
1737,0
1738,1022
1739,1022
1740,0
1741,1022
1742,0
1743,1022
1744,0
1745,1022
1746,0
1747,1022
1748,0
1749,1022
1750,0
1751,1022
1752,0
1753,1022
1754,0
1755,1021
1756,0
1757,1022
1758,0
1759,1021
1760,0
1761,0
1762,1022
1763,0
1764,1022
1765,0
1766,1022
1767,0
1768,1022
1769,0
1770,1022
1771,0
1772,1022
1773,0
1774,1021
1775,0
1776,1022
1777,0
1778,1021
1779,0
1780,1022
1781,0
1782,1022
1783,1021
1784,0
1785,1022
1786,0
1787,1022
1788,0
1789,1022
1790,0
1791,1022
1792,0
1793,1022
1794,0
1795,1022
1796,0
1797,1022
1798,0
1799,1022
1800,0
1801,1021
1802,0
1803,1022
1804,1022
1805,0
1806,1022
1807,0
1808,1022
1809,0
1810,1022
1811,0
1812,1022
1813,0
1814,1021
1815,0
1816,1022
1817,0
1818,1022
1819,0
1820,1022
1821,0
1822,1022
1823,0
1824,1022
1825,0
1826,0
1827,1022
1828,0
1829,1022
1830,0
1831,1021
1832,0
1833,1022
1834,0
1835,1022
1836,0
1837,1022
1838,0
1839,1022
1840,0
1841,1022
1842,0
1843,1021
1844,0
1845,1022
1846,0
1847,1022
1848,1022
1849,0
1850,1022
1851,0
1852,1022
1853,0
1854,1022
1855,0
1856,1022
1857,0
1858,1022
1859,0
1860,1022
1861,0
1862,1022
1863,0
1864,1021
1865,0
1866,1022
1867,0
1868,1022
1869,0
1870,0
1871,1022
1872,0
1873,1022
1874,0
1875,1022
1876,0
1877,1022
1878,0
1879,1022
1880,0
1881,1022
1882,0
1883,1022
1884,0
1885,1022
1886,0
1887,1022
1888,0
1889,1022
1890,0
1891,1022
1892,1022
1893,0
1894,1021
1895,0
1896,1022
1897,0
1898,1022
1899,0
1900,1021
1901,0
1902,1021
1903,0
1904,1022
1905,0
1906,1022
1907,0
1908,1022
1909,0
1910,1021
1911,0
1912,1022
1913,0
1914,0
1915,1022
1916,0
1917,1022
1918,0
1919,1022
1920,0
1921,1022
1922,0
1923,1022
1924,0
1925,1022
1926,0
1927,1021
1928,0
1929,1022
1930,0
1931,1021
1932,0
1933,1022
1934,0
1935,0
1936,1022
1937,0
1938,1022
1939,0
1940,1022
1941,0
1942,1022
1943,0
1944,1022
1945,0
1946,1022
1947,0
1948,1022
1949,0
1950,1022
1951,0
1952,1022
1953,0
1954,1022
1955,0
1956,1022
1957,1022
1958,0
1959,1022
1960,0
1961,1022
1962,0
1963,1022
1964,0
1965,1022
1966,0
1967,1022
1968,0
1969,1022
1970,0
1971,1021
1972,0
1973,1022
1974,0
1975,1022
1976,0
1977,1022
1978,0
1979,0
1980,1021
1981,0
1982,1022
1983,0
1984,1022
1985,0
1986,1021
1987,0
1988,1022
1989,0
1990,1021
1991,0
1992,1022
1993,0
1994,1022
1995,0
1996,1022
1997,0
1998,1022
1999,0
2000,1022
2001,1022
2002,0
2003,1022
2004,0
2005,1021
2006,0
2007,1022
2008,0
2009,1021
2010,0
2011,1022
2012,0
2013,1022
2014,0
2015,1022
2016,0
2017,1022
2018,0
2019,1022
2020,0
2021,1022
2022,0
2023,0
2024,1022
2025,0
2026,1022
2027,0
2028,1022
2029,0
2030,1022
2031,0
2032,1022
2033,0
2034,1022
2035,0
2036,1022
2037,0
2038,1022
2039,0
2040,1022
2041,0
2042,1022
2043,0
2044,1021
2045,1022
2046,0
2047,1022
2048,0
2049,1022
2050,0
2051,1022
2052,0
2053,1022
2054,0
2055,1022
2056,0
2057,1021
2058,0
2059,1022
2060,0
2061,1022
2062,0
2063,1022
2064,0
2065,1022
2066,1022
2067,0
2068,1022
2069,0
2070,1022
2071,0
2072,1022
2073,0
2074,1022
2075,0
2076,1021
2077,0
2078,1021
2079,0
2080,1022
2081,0
2082,1022
2083,0
2084,1022
2085,0
2086,1022
2087,0
2088,0
2089,1022
2090,0
2091,1022
2092,0
2093,1022
2094,0
2095,1022
2096,0
2097,1022
2098,0
2099,1022
2100,0
2101,1022
2102,0
2103,1022
2104,0
2105,1022
2106,0
2107,1022
2108,0
2109,1021
2110,1022
2111,0
2112,1022
2113,0
2114,1022
2115,0
2116,1022
2117,0
2118,1022
2119,0
2120,1022
2121,0
2122,1022
2123,0
2124,1022
2125,0
2126,1022
2127,0
2128,1022
2129,0
2130,1022
2131,0
2132,0
2133,1022
2134,0
2135,1022
2136,0
2137,1023
2138,0
2139,1022
2140,0
2141,1021
2142,0
2143,1022
2144,0
2145,1022
2146,0
2147,1022
2148,0
2149,1022
2150,0
2151,1022
2152,0
2153,1021
2154,1021
2155,0
2156,1022
2157,0
2158,1021
2159,0
2160,1022
2161,0
2162,1021
2163,0
2164,1022
2165,0
2166,1022
2167,0
2168,1022
2169,0
2170,1022
2171,0
2172,1022
2173,0
2174,1021
2175,0
2176,0
2177,1021
2178,0
2179,1022
2180,0
2181,1022
2182,0
2183,1022
2184,0
2185,1022
2186,0
2187,1022
2188,0
2189,1022
2190,0
2191,1022
2192,0
2193,1022
2194,0
2195,1021
2196,0
2197,1021
2198,1022
2199,0
2200,1022
2201,0
2202,1022
2203,0
2204,1022
2205,0
2206,1021
2207,0
2208,1022
2209,0
2210,1022
2211,0
2212,1022
2213,0
2214,1022
2215,0
2216,1022
2217,0
2218,1022
2219,0
2220,0
2221,1022
2222,0
2223,1022
2224,0
2225,1022
2226,0
2227,1022
2228,0
2229,1022
2230,0
2231,1021
2232,0
2233,1022
2234,0
2235,1021
2236,0
2237,1022
2238,0
2239,1022
2240,0
2241,0
2242,1022
2243,0
2244,1022
2245,0
2246,1022
2247,0
2248,1022
2249,0
2250,1021
2251,0
2252,1022
2253,0
2254,1022
2255,0
2256,1022
2257,0
2258,1022
2259,0
2260,1022
2261,0
2262,1023
2263,1022
2264,0
2265,1022
2266,0
2267,1022
2268,0
2269,1022
2270,0
2271,1022
2272,0
2273,1022
2274,0
2275,1022
2276,0
2277,1022
2278,0
2279,1022
2280,0
2281,1022
2282,0
2283,1021
2284,0
2285,0
2286,1022
2287,0
2288,1022
2289,0
2290,1021
2291,0
2292,1022
2293,0
2294,1022
2295,0
2296,1022
2297,0
2298,1022
2299,0
2300,1022
2301,0
2302,1022
2303,0
2304,1022
2305,0
2306,1021
2307,1021
2308,0
2309,1022
2310,0
2311,1021
2312,0
2313,1022
2314,0
2315,1022
2316,0
2317,1022
2318,0
2319,1022
2320,0
2321,1022
2322,0
2323,1022
2324,0
2325,1022
2326,0
2327,1022
2328,1021
2329,0
2330,1022
2331,0
2332,1022
2333,0
2334,1022
2335,0
2336,1022
2337,0
2338,1022
2339,0
2340,1022
2341,0
2342,1022
2343,0
2344,1022
2345,0
2346,1022
2347,0
2348,1022
2349,0
2350,0
2351,1022
2352,0
2353,1021
2354,0
2355,1022
2356,0
2357,1022
2358,0
2359,1022
2360,0
2361,1022
2362,0
2363,1022
2364,0
2365,1022
2366,0
2367,1022
2368,0
2369,1022
2370,0
2371,1022
2372,1022
2373,0
2374,1022
2375,0
2376,1022
2377,0
2378,1022
2379,0
2380,1022
2381,0
2382,1022
2383,0
2384,1021
2385,0
2386,1022
2387,0
2388,1021
2389,0
2390,1022
2391,0
2392,1022
2393,0
2394,0
2395,1022
2396,0
2397,1022
2398,0
2399,1022
2400,0
2401,1022
2402,0
2403,1022
2404,0
2405,1022
2406,0
2407,1022
2408,0
2409,1022
2410,0
2411,1022
2412,0
2413,1022
2414,0
2415,1021
2416,1022
2417,0
2418,1022
2419,0
2420,1022
2421,0
2422,1022
2423,0
2424,1021
2425,0
2426,1022
2427,0
2428,1022
2429,0
2430,1021
2431,0
2432,1022
2433,0
2434,1022
2435,0
2436,1022
2437,0
2438,0
2439,1022
2440,0
2441,1022
2442,0
2443,1022
2444,0
2445,1022
2446,0
2447,1022
2448,0
2449,1021
2450,0
2451,1022
2452,0
2453,1023
2454,0
2455,1022
2456,0
2457,1021
2458,0
2459,1021
2460,1022
2461,0
2462,1022
2463,0
2464,1022
2465,0
2466,1021
2467,0
2468,1021
2469,0
2470,1022
2471,0
2472,1022
2473,0
2474,1022
2475,0
2476,1022
2477,0
2478,1022
2479,0
2480,1022
2481,1022
2482,0
2483,1022
2484,0
2485,1022
2486,0
2487,1022
2488,0
2489,1022
2490,0
2491,1022
2492,0
2493,1022
2494,0
2495,1022
2496,0
2497,1022
2498,0
2499,1022
2500,0
2501,1022
2502,0
2503,0
2504,1022
2505,0
2506,1022
2507,0
2508,1022
2509,0
2510,1021
2511,0
2512,1021
2513,0
2514,1022
2515,0
2516,1022
2517,0
2518,1022
2519,0
2520,1022
2521,0
2522,1022
2523,0
2524,1022
2525,1022
2526,0
2527,1022
2528,0
2529,1022
2530,0
2531,1022
2532,0
2533,1021
2534,0
2535,1022
2536,0
2537,1021
2538,0
2539,1022
2540,0
2541,1022
2542,0
2543,1021
2544,0
2545,1022
2546,0
2547,0
2548,1022
2549,0
2550,1022
2551,0
2552,1022
2553,0
2554,1022
2555,0
2556,1022
2557,0
2558,1022
2559,0
2560,1022
2561,0
2562,1022
2563,0
2564,1022
2565,0
2566,1022
2567,0
2568,1022
2569,1022
2570,0
2571,1022
2572,0
2573,1022
2574,0
2575,1022
2576,0
2577,1022
2578,0
2579,1022
2580,0
2581,1022
2582,0
2583,1022
2584,0
2585,1022
2586,0
2587,1021
2588,0
2589,1022
2590,1021
2591,0
2592,1022
2593,0
2594,1022
2595,0
2596,1022
2597,0
2598,1022
2599,0
2600,1022
2601,0
2602,1022
2603,0
2604,1022
2605,0
2606,1022
2607,0
2608,1022
2609,0
2610,1022
2611,0
2612,0
2613,1022
2614,0
2615,1022
2616,0
2617,1022
2618,0
2619,1022
2620,0
2621,1022
2622,0
2623,1022
2624,0
2625,1022
2626,0
2627,1022
2628,0
2629,1022
2630,0
2631,1021
2632,0
2633,1022
2634,1022
2635,0
2636,1022
2637,0
2638,1022
2639,0
2640,1022
2641,0
2642,1022
2643,0
2644,1022
2645,0
2646,1022
2647,0
2648,1022
2649,0
2650,1022
2651,0
2652,1022
2653,0
2654,1022
2655,0
2656,0
2657,1022
2658,0
2659,1022
2660,0
2661,1021
2662,0
2663,1022
2664,0
2665,1021
2666,0
2667,1022
2668,0
2669,1021
2670,0
2671,1022
2672,0
2673,1022
2674,0
2675,1022
2676,0
2677,1022
2678,1022
2679,0
2680,1022
2681,0
2682,1022
2683,0
2684,1022
2685,0
2686,1021
2687,0
2688,1022
2689,0
2690,1021
2691,0
2692,1022
2693,0
2694,1022
2695,0
2696,1022
2697,0
2698,1022
2699,0
2700,0
2701,1022
2702,0
2703,1022
2704,0
2705,1022
2706,0
2707,1022
2708,0
2709,1022
2710,0
2711,1022
2712,0
2713,1022
2714,0
2715,1022
2716,0
2717,1022
2718,0
2719,1022
2720,0
2721,0
2722,1022
2723,0
2724,1022
2725,0
2726,1021
2727,0
2728,1022
2729,0
2730,1022
2731,0
2732,1021
2733,0
2734,1022
2735,0
2736,1022
2737,0
2738,1022
2739,0
2740,1021
2741,0
2742,1022
2743,1021
2744,0
2745,1022
2746,0
2747,1021
2748,0
2749,1022
2750,0
2751,1022
2752,0
2753,1022
2754,0
2755,1022
2756,0
2757,1022
2758,0
2759,1022
2760,0
2761,1022
2762,0
2763,1021
2764,0
2765,0
2766,1021
2767,0
2768,1022
2769,0
2770,1022
2771,0
2772,1022
2773,0
2774,1022
2775,0
2776,1022
2777,0
2778,1021
2779,0
2780,1022
2781,0
2782,1022
2783,0
2784,1022
2785,0
2786,1021
2787,1022
2788,0
2789,1022
2790,0
2791,1022
2792,0
2793,1022
2794,0
2795,1022
2796,0
2797,1022
2798,0
2799,1022
2800,0
2801,1022
2802,0
2803,1022
2804,0
2805,1022
2806,0
2807,1022
2808,0
2809,0
2810,1022
2811,0
2812,1022
2813,0
2814,1022
2815,0
2816,1022
2817,0
2818,1022
2819,0
2820,1022
2821,0
2822,1022
2823,0
2824,1022
2825,0
2826,1021
2827,0
2828,1022
2829,0
2830,1022
2831,1022
2832,0
2833,1022
2834,0
2835,1022
2836,0
2837,1022
2838,0
2839,1022
2840,0
2841,1023
2842,0
2843,1022
2844,0
2845,1022
2846,0
2847,1022
2848,0
2849,1022
2850,0
2851,1022
2852,1021
2853,0
2854,1022
2855,0
2856,1022
2857,0
2858,1022
2859,0
2860,1022
2861,0
2862,1022
2863,0
2864,1022
2865,0
2866,1022
2867,0
2868,1022
2869,0
2870,1022
2871,0
2872,1022
2873,0
2874,0
2875,1022
2876,0
2877,1022
2878,0
2879,1022
2880,0
2881,1022
2882,0
2883,1022
2884,0
2885,1022
2886,0
2887,1022
2888,0
2889,1022
2890,0
2891,1022
2892,0
2893,1022
2894,0
2895,1022
2896,1023
2897,0
2898,1022
2899,0
2900,1022
2901,0
2902,1022
2903,0
2904,1022
2905,0
2906,1022
2907,0
2908,1022
2909,0
2910,1022
2911,0
2912,1022
2913,0
2914,1022
2915,0
2916,1022
2917,0
2918,0
2919,1022
2920,0
2921,1022
2922,0
2923,1022
2924,0
2925,1022
2926,0
2927,1022
2928,0
2929,1022
2930,0
2931,1022
2932,0
2933,1022
2934,0
2935,1022
2936,0
2937,1022
2938,0
2939,1022
2940,1022
2941,0
2942,1022
2943,0
2944,1022
2945,0
2946,1022
2947,0
2948,1022
2949,0
2950,1022
2951,0
2952,1022
2953,0
2954,1021
2955,0
2956,1022
2957,0
2958,1022
2959,0
2960,1022
2961,0
2962,0
2963,1021
2964,0
2965,1021
2966,0
2967,1022
2968,0
2969,1022
2970,0
2971,1022
2972,0
2973,1022
2974,0
2975,1022
2976,0
2977,1022
2978,0
2979,1022
2980,0
2981,1022
2982,0
2983,1021
2984,1022
2985,0
2986,1021
2987,0
2988,1021
2989,0
2990,1022
2991,0
2992,1021
2993,0
2994,1021
2995,0
2996,1022
2997,0
2998,1022
2999,0
3000,1022
3001,0
3002,1022
3003,0
3004,1022
3005,1021
3006,0
3007,1022
3008,0
3009,1022
3010,0
3011,1022
3012,0
3013,1022
3014,0
3015,1022
3016,0
3017,1022
3018,0
3019,1022
3020,0
3021,1022
3022,0
3023,1022
3024,0
3025,1022
3026,0
3027,0
3028,1022
3029,0
3030,1022
3031,0
3032,1022
3033,0
3034,1021
3035,0
3036,1022
3037,0
3038,1022
3039,0
3040,1022
3041,0
3042,1022
3043,0
3044,1022
3045,0
3046,1022
3047,0
3048,1022
3049,1022
3050,0
3051,1022
3052,0
3053,1022
3054,0
3055,1022
3056,0
3057,1022
3058,0
3059,1022
3060,0
3061,1022
3062,0
3063,1022
3064,0
3065,1021
3066,0
3067,1022
3068,0
3069,1021
3070,0
3071,0
3072,1022
3073,0
3074,1022
3075,0
3076,1022
3077,0
3078,1022
3079,0
3080,1022
3081,0
3082,1022
3083,0
3084,1022
3085,0
3086,1022
3087,0
3088,1022
3089,0
3090,1022
3091,0
3092,1021
3093,1022
3094,0
3095,1022
3096,0
3097,1022
3098,0
3099,1022
3100,0
3101,1022
3102,0
3103,1022
3104,0
3105,1022
3106,0
3107,1022
3108,0
3109,1022
3110,0
3111,1021
3112,0
3113,1022
3114,1021
3115,0
3116,1021
3117,0
3118,1022
3119,0
3120,1022
3121,0
3122,1021
3123,0
3124,1022
3125,0
3126,1021
3127,0
3128,1022
3129,0
3130,1022
3131,0
3132,1022
3133,0
3134,1022
3135,0
3136,0
3137,1022
3138,0
3139,1021
3140,0
3141,1022
3142,0
3143,1022
3144,0
3145,1022
3146,0
3147,1022
3148,0
3149,1022
3150,0
3151,1022
3152,0
3153,1022
3154,0
3155,1022
3156,0
3157,1021
3158,1022
3159,0
3160,1022
3161,0
3162,1022
3163,0
3164,1022
3165,0
3166,1022
3167,0
3168,1022
3169,0
3170,1022
3171,0
3172,1022
3173,0
3174,1022
3175,0
3176,1022
3177,0
3178,1022
3179,0
3180,0
3181,1022
3182,0
3183,1022
3184,0
3185,1022
3186,0
3187,1022
3188,0
3189,1022
3190,0
3191,1022
3192,0
3193,1022
3194,0
3195,1022
3196,0
3197,1022
3198,0
3199,1022
3200,0
3201,1022
3202,1021
3203,0
3204,1022
3205,0
3206,1022
3207,0
3208,1022
3209,0
3210,1022
3211,0
3212,1022
3213,0
3214,1022
3215,0
3216,1022
3217,0
3218,1022
3219,0
3220,1022
3221,0
3222,1022
3223,0
3224,0
3225,1022
3226,0
3227,1022
3228,0
3229,1022
3230,0
3231,1022
3232,0
3233,1022
3234,0
3235,1022
3236,0
3237,1022
3238,0
3239,1022
3240,0
3241,1022
3242,0
3243,1023
3244,0
3245,0
3246,1022
3247,0
3248,1022
3249,0
3250,1022
3251,0
3252,1022
3253,0
3254,1022
3255,0
3256,1021
3257,0
3258,1022
3259,0
3260,1021
3261,0
3262,1022
3263,0
3264,1022
3265,0
3266,1022
3267,1023
3268,0
3269,1022
3270,0
3271,1022
3272,0
3273,1022
3274,0
3275,1022
3276,0
3277,1021
3278,0
3279,1022
3280,0
3281,1022
3282,0
3283,1021
3284,0
3285,1022
3286,0
3287,1022
3288,0
3289,0
3290,1022
3291,0
3292,1022
3293,0
3294,1022
3295,0
3296,1022
3297,0
3298,1022
3299,0
3300,1021
3301,0
3302,1022
3303,0
3304,1021
3305,0
3306,1022
3307,0
3308,1022
3309,0
3310,1021
3311,1022
3312,0
3313,1022
3314,0
3315,1022
3316,0
3317,1022
3318,0
3319,1022
3320,0
3321,1022
3322,0
3323,1022
3324,0
3325,1022
3326,0
3327,1022
3328,0
3329,1022
3330,0
3331,1022
3332,0
3333,0
3334,1022
3335,0
3336,1022
3337,0
3338,1022
3339,0
3340,1022
3341,0
3342,1022
3343,0
3344,1022
3345,0
3346,1023
3347,0
3348,1022
3349,0
3350,1021
3351,0
3352,1022
3353,0
3354,1022
3355,1022
3356,0
3357,1022
3358,0
3359,1022
3360,0
3361,1021
3362,0
3363,1022
3364,0
3365,1022
3366,0
3367,1022
3368,0
3369,1022
3370,0
3371,1022
3372,0
3373,1022
3374,0
3375,1022
3376,1022
3377,0
3378,1022
3379,0
3380,1021
3381,0
3382,1022
3383,0
3384,1022
3385,0
3386,1022
3387,0
3388,1022
3389,0
3390,1022
3391,0
3392,1022
3393,0
3394,1022
3395,0
3396,1022
3397,0
3398,0
3399,1022
3400,0
3401,1022
3402,0
3403,1022
3404,0
3405,1022
3406,0
3407,1022
3408,0
3409,1022
3410,0
3411,1021
3412,0
3413,1022
3414,0
3415,1022
3416,0
3417,1022
3418,0
3419,1022
3420,1022
3421,0
3422,1021
3423,0
3424,1022
3425,0
3426,1022
3427,0
3428,1022
3429,0
3430,1022
3431,0
3432,1022
3433,0
3434,1022
3435,0
3436,1022
3437,0
3438,1022
3439,0
3440,1022
3441,0
3442,0
3443,1022
3444,0
3445,1022
3446,0
3447,1022
3448,0
3449,1022
3450,0
3451,1022
3452,0
3453,1022
3454,0
3455,1022
3456,0
3457,1022
3458,0
3459,1022
3460,0
3461,1022
3462,0
3463,1021
3464,1022
3465,0
3466,1022
3467,0
3468,1022
3469,0
3470,1022
3471,0
3472,1022
3473,0
3474,1022
3475,0
3476,1022
3477,0
3478,1022
3479,0
3480,1022
3481,0
3482,1022
3483,0
3484,1022
3485,0
3486,0
3487,1022
3488,0
3489,1022
3490,0
3491,1022
3492,0
3493,1021
3494,0
3495,1022
3496,0
3497,1022
3498,0
3499,1022
3500,0
3501,1022
3502,0
3503,1022
3504,0
3505,1022
3506,0
3507,1021
3508,1021
3509,0
3510,1022
3511,0
3512,1021
3513,0
3514,1021
3515,0
3516,1022
3517,0
3518,1022
3519,0
3520,1022
3521,0
3522,1022
3523,0
3524,1022
3525,0
3526,1022
3527,0
3528,1022
3529,1022
3530,0
3531,1022
3532,0
3533,1022
3534,0
3535,1021
3536,0
3537,1022
3538,0
3539,1022
3540,0
3541,1022
3542,0
3543,1021
3544,0
3545,1022
3546,0
3547,1022
3548,0
3549,1021
3550,0
3551,0
3552,1022
3553,0
3554,1022
3555,0
3556,1022
3557,0
3558,1022
3559,0
3560,1021
3561,0
3562,1022
3563,0
3564,1022
3565,0
3566,1022
3567,0
3568,1022
3569,0
3570,1022
3571,0
3572,1022
3573,1022
3574,0
3575,1022
3576,0
3577,1022
3578,0
3579,1022
3580,0
3581,1022
3582,0
3583,1022
3584,0
3585,1022
3586,0
3587,1022
3588,0
3589,1022
3590,0
3591,1022
3592,0
3593,1022
3594,0
3595,0
3596,1022
3597,0
3598,1022
3599,0
3600,1022
3601,0
3602,1022
3603,0
3604,1022
3605,0
3606,1022
3607,0
3608,1021
3609,0
3610,1022
3611,0
3612,1022
3613,0
3614,1021
3615,0
3616,1022
3617,1022
3618,0
3619,1022
3620,0
3621,1022
3622,0
3623,1022
3624,0
3625,1022
3626,0
3627,1022
3628,0
3629,1022
3630,0
3631,1022
3632,0
3633,1022
3634,0
3635,1022
3636,0
3637,1022
3638,1022
3639,0
3640,1022
3641,0
3642,1022
3643,0
3644,1022
3645,0
3646,1021
3647,0
3648,1022
3649,0
3650,1022
3651,0
3652,1022
3653,0
3654,1022
3655,0
3656,1022
3657,0
3658,1022
3659,0
3660,0
3661,1022
3662,0
3663,1022
3664,0
3665,1022
3666,0
3667,1022
3668,0
3669,1022
3670,0
3671,1022
3672,0
3673,1021
3674,0
3675,1022
3676,0
3677,1022
3678,0
3679,1022
3680,0
3681,1022
3682,1022
3683,0
3684,1022
3685,0
3686,1022
3687,0
3688,1022
3689,0
3690,1022
3691,0
3692,1022
3693,0
3694,1022
3695,0
3696,1022
3697,0
3698,1022
3699,0
3700,1022
3701,0
3702,1022
3703,0
3704,0
3705,1022
3706,0
3707,1022
3708,0
3709,1021
3710,0
3711,1022
3712,0
3713,1022
3714,0
3715,1022
3716,0
3717,1022
3718,0
3719,1023
3720,0
3721,1022
3722,0
3723,1022
3724,0
3725,1022
3726,1022
3727,0
3728,1022
3729,0
3730,1022
3731,0
3732,1022
3733,0
3734,1022
3735,0
3736,1021
3737,0
3738,1022
3739,0
3740,1022
3741,0
3742,1022
3743,0
3744,1021
3745,0
3746,1022
3747,0
3748,0
3749,1022
3750,0
3751,1022
3752,0
3753,1022
3754,0
3755,1021
3756,0
3757,1022
3758,0
3759,1021
3760,0
3761,1022
3762,0
3763,1022
3764,0
3765,1022
3766,0
3767,1022
3768,0
3769,0
3770,1022
3771,0
3772,1022
3773,0
3774,1022
3775,0
3776,1022
3777,0
3778,1022
3779,0
3780,1022
3781,0
3782,1022
3783,0
3784,1022
3785,0
3786,1022
3787,0
3788,1022
3789,0
3790,1022
3791,1022
3792,0
3793,1022
3794,0
3795,1022
3796,0
3797,1022
3798,0
3799,1022
3800,0
3801,1022
3802,0
3803,1022
3804,0
3805,1022
3806,0
3807,1021
3808,0
3809,1022
3810,0
3811,1021
3812,0
3813,0
3814,1022
3815,0
3816,1022
3817,0
3818,1022
3819,0
3820,1022
3821,0
3822,1021
3823,0
3824,1021
3825,0
3826,1022
3827,0
3828,1022
3829,0
3830,1022
3831,0
3832,1022
3833,0
3834,1022
3835,1022
3836,0
3837,1022
3838,0
3839,1022
3840,0
3841,1022
3842,0
3843,1022
3844,0
3845,1021
3846,0
3847,1022
3848,0
3849,1022
3850,0
3851,1022
3852,0
3853,1022
3854,0
3855,1022
3856,0
3857,0
3858,1022
3859,0
3860,1022
3861,0
3862,1022
3863,0
3864,1022
3865,0
3866,1022
3867,0
3868,1021
3869,0
3870,1022
3871,0
3872,1022
3873,0
3874,1023
3875,0
3876,1022
3877,0
3878,1022
3879,1022
3880,0
3881,1022
3882,0
3883,1022
3884,0
3885,1022
3886,0
3887,1022
3888,0
3889,1022
3890,0
3891,1022
3892,0
3893,1022
3894,0
3895,1022
3896,0
3897,1022
3898,0
3899,1022
3900,1022
3901,0
3902,1022
3903,0
3904,1022
3905,0
3906,1022
3907,0
3908,1022
3909,0
3910,1022
3911,0
3912,1022
3913,0
3914,1022
3915,0
3916,1022
3917,0
3918,1021
3919,0
3920,1022
3921,0
3922,0
3923,1022
3924,0
3925,1022
3926,0
3927,1022
3928,0
3929,1022
3930,0
3931,1022
3932,0
3933,1022
3934,0
3935,1022
3936,0
3937,1022
3938,0
3939,1022
3940,0
3941,1021
3942,0
3943,1022
3944,1022
3945,0
3946,1022
3947,0
3948,1022
3949,0
3950,1022
3951,0
3952,1022
3953,0
3954,1022
3955,0
3956,1022
3957,0
3958,1022
3959,0
3960,1022
3961,0
3962,1021
3963,0
3964,1022
3965,0
3966,0
3967,1022
3968,0
3969,1022
3970,0
3971,1022
3972,0
3973,1022
3974,0
3975,1022
3976,0
3977,1022
3978,0
3979,1021
3980,0
3981,1022
3982,0
3983,1021
3984,0
3985,1022
3986,0
3987,1022
3988,1022
3989,0
3990,1022
3991,0
3992,1022
3993,0
3994,1021
3995,0
3996,1022
3997,0
3998,1022
3999,0
4000,1022
4001,0
4002,1022
4003,0
4004,1022
4005,0
4006,1022
4007,0
4008,1022
4009,0
4010,0
4011,1022
4012,0
4013,1022
4014,0
4015,1022
4016,0
4017,1022
4018,0
4019,1022
4020,0
4021,1022
4022,0
4023,1022
4024,0
4025,1022
4026,0
4027,1022
4028,0
4029,1021
4030,0
4031,0
4032,1021
4033,0
4034,1022
4035,0
4036,1022
4037,0
4038,1021
4039,0
4040,1022
4041,0
4042,1022
4043,0
4044,1022
4045,0
4046,1022
4047,0
4048,1021
4049,0
4050,1022
4051,0
4052,1021
4053,1022
4054,0
4055,1022
4056,0
4057,1022
4058,0
4059,1022
4060,0
4061,1022
4062,0
4063,1022
4064,0
4065,1022
4066,0
4067,1022
4068,0
4069,1022
4070,0
4071,1022
4072,0
4073,1022
4074,0
4075,0
4076,1022
4077,0
4078,1022
4079,0
4080,1021
4081,0
4082,1022
4083,0
4084,1022
4085,0
4086,1022
4087,0
4088,1022
4089,0
4090,1022
4091,0
4092,1022
4093,0
4094,1022
4095,0
4096,1021
4097,1021
4098,0
4099,1022
4100,0
4101,1022
4102,0
4103,1022
4104,0
4105,1022
4106,0
4107,1021
4108,0
4109,1022
4110,0
4111,1022
4112,0
4113,1022
4114,0
4115,1022
4116,0
4117,1022
4118,0
4119,0
4120,1022
4121,0
4122,1022
4123,0
4124,1022
4125,0
4126,1021
4127,0
4128,1021
4129,0
4130,1022
4131,0
4132,1022
4133,0
4134,1022
4135,0
4136,1022
4137,0
4138,1022
4139,0
4140,1022
4141,1022
4142,0
4143,1022
4144,0
4145,1022
4146,0
4147,1022
4148,0
4149,1022
4150,0
4151,1022
4152,0
4153,1022
4154,0
4155,1021
4156,0
4157,1022
4158,0
4159,1022
4160,0
4161,1022
4162,0
4163,0
4164,1022
4165,0
4166,1022
4167,0
4168,1022
4169,0
4170,1022
4171,0
4172,1022
4173,0
4174,1022
4175,0
4176,1022
4177,0
4178,1022
4179,0
4180,1023
4181,0
4182,1020
4183,0
4184,0
4185,1021
4186,0
4187,1022
4188,0
4189,1021
4190,0
4191,1022
4192,0
4193,1022
4194,0
4195,1022
4196,0
4197,1022
4198,0
4199,1022
4200,0
4201,1022
4202,0
4203,1022
4204,0
4205,1022
4206,1022
4207,0
4208,1022
4209,0
4210,1021
4211,0
4212,1022
4213,0
4214,1021
4215,0
4216,1022
4217,0
4218,1022
4219,0
4220,1022
4221,0
4222,1022
4223,0
4224,1022
4225,0
4226,1022
4227,0
4228,0
4229,1022
4230,0
4231,1022
4232,0
4233,1022
4234,0
4235,1022
4236,0
4237,1022
4238,0
4239,1022
4240,0
4241,1022
4242,0
4243,1022
4244,0
4245,1022
4246,0
4247,1022
4248,0
4249,1022
4250,1022
4251,0
4252,1021
4253,0
4254,1022
4255,0
4256,1022
4257,0
4258,1022
4259,0
4260,1022
4261,0
4262,1022
4263,0
4264,1022
4265,0
4266,1022
4267,0
4268,1022
4269,0
4270,1022
4271,0
4272,0
4273,1022
4274,0
4275,1022
4276,0
4277,1022
4278,0
4279,1022
4280,0
4281,1022
4282,0
4283,1021
4284,0
4285,1022
4286,0
4287,1022
4288,0
4289,1022
4290,0
4291,1022
4292,0
4293,1022
4294,1022
4295,0
4296,1022
4297,0
4298,1022
4299,0
4300,1021
4301,0
4302,1022
4303,0
4304,1022
4305,0
4306,1022
4307,0
4308,1022
4309,0
4310,1022
4311,0
4312,1022
4313,0
4314,1022
4315,1022
4316,0
4317,1022
4318,0
4319,1022
4320,0
4321,1022
4322,0
4323,1022
4324,0
4325,1022
4326,0
4327,1022
4328,0
4329,1022
4330,0
4331,1021
4332,0
4333,1022
4334,0
4335,1022
4336,0
4337,0
4338,1021
4339,0
4340,1022
4341,0
4342,1022
4343,0
4344,1022
4345,0
4346,1022
4347,0
4348,1022
4349,0
4350,1022
4351,0
4352,1022
4353,0
4354,1022
4355,0
4356,1022
4357,0
4358,1021
4359,1022
4360,0
4361,1021
4362,0
4363,1022
4364,0
4365,1022
4366,0
4367,1022
4368,0
4369,1022
4370,0
4371,1022
4372,0
4373,1022
4374,0
4375,1021
4376,0
4377,1022
4378,0
4379,1022
4380,0
4381,0
4382,1022
4383,0
4384,1022
4385,0
4386,1022
4387,0
4388,1022
4389,0
4390,1022
4391,0
4392,1022
4393,0
4394,1022
4395,0
4396,1021
4397,0
4398,1022
4399,0
4400,1022
4401,0
4402,1022
4403,1022
4404,0
4405,1022
4406,0
4407,1022
4408,0
4409,1022
4410,0
4411,1022
4412,0
4413,1021
4414,0
4415,1022
4416,0
4417,1022
4418,0
4419,1022
4420,0
4421,1022
4422,0
4423,1022
4424,1022
4425,0
4426,1022
4427,0
4428,1022
4429,0
4430,1022
4431,0
4432,1022
4433,0
4434,1022
4435,0
4436,1021
4437,0
4438,1022
4439,0
4440,1022
4441,0
4442,1022
4443,0
4444,1022
4445,0
4446,0
4447,1022
4448,0
4449,1022
4450,0
4451,1022
4452,0
4453,1022
4454,0
4455,1022
4456,0
4457,1022
4458,0
4459,1022
4460,0
4461,1021
4462,0
4463,1022
4464,0
4465,1022
4466,0
4467,1022
4468,1022
4469,0
4470,1021
4471,0
4472,1022
4473,0
4474,1022
4475,0
4476,1022
4477,0
4478,1022
4479,0
4480,1022
4481,0
4482,1021
4483,0
4484,1021
4485,0
4486,1022
4487,0
4488,1021
4489,0
4490,0
4491,1022
4492,0
4493,1022
4494,0
4495,1022
4496,0
4497,1022
4498,0
4499,1022
4500,0
4501,1022
4502,0
4503,1022
4504,0
4505,1023
4506,0
4507,1022
4508,0
4509,1021
4510,0
4511,1022
4512,1022
4513,0
4514,1022
4515,0
4516,1022
4517,0
4518,1022
4519,0
4520,1022
4521,0
4522,1022
4523,0
4524,1022
4525,0
4526,1022
4527,0
4528,1022
4529,0
4530,1022
4531,0
4532,1021
4533,0
4534,0
4535,1022
4536,0
4537,1022
4538,0
4539,1022
4540,0
4541,1022
4542,0
4543,1022
4544,0
4545,1022
4546,0
4547,1022
4548,0
4549,1022
4550,0
4551,1022
4552,0
4553,1022
4554,0
4555,0
4556,1022
4557,0
4558,1022
4559,0
4560,1022
4561,0
4562,1022
4563,0
4564,1022
4565,0
4566,1022
4567,0
4568,1022
4569,0
4570,1022
4571,0
4572,1022
4573,0
4574,1022
4575,0
4576,1022
4577,1022
4578,0
4579,1022
4580,0
4581,1022
4582,0
4583,1022
4584,0
4585,1021
4586,0
4587,1022
4588,0
4589,1021
4590,0
4591,1021
4592,0
4593,1022
4594,0
4595,1022
4596,0
4597,1022
4598,0
4599,0
4600,1022
4601,0
4602,1022
4603,0
4604,1021
4605,0
4606,1022
4607,0
4608,1021
4609,0
4610,1022
4611,0
4612,1022
4613,0
4614,1022
4615,0
4616,1022
4617,0
4618,1022
4619,0
4620,1022
4621,1021
4622,0
4623,1022
4624,0
4625,1022
4626,0
4627,1022
4628,0
4629,1022
4630,0
4631,1022
4632,0
4633,1022
4634,0
4635,1021
4636,0
4637,1022
4638,0
4639,1022
4640,0
4641,1022
4642,0
4643,0
4644,1022
4645,0
4646,1022
4647,0
4648,1022
4649,0
4650,1022
4651,0
4652,1021
4653,0
4654,1022
4655,0
4656,1022
4657,0
4658,1021
4659,0
4660,1021
4661,0
4662,1022
4663,0
4664,1021
4665,1022
4666,0
4667,1022
4668,0
4669,1021
4670,0
4671,1022
4672,0
4673,1022
4674,0
4675,1022
4676,0
4677,1022
4678,0
4679,1021
4680,0
4681,1022
4682,0
4683,1022
4684,0
4685,1022
4686,1021
4687,0
4688,1022
4689,0
4690,1022
4691,0
4692,1022
4693,0
4694,1022
4695,0
4696,1022
4697,0
4698,1022
4699,0
4700,1022
4701,0
4702,1022
4703,0
4704,1022
4705,0
4706,1022
4707,0
4708,0
4709,1021
4710,0
4711,1022
4712,0
4713,1022
4714,0
4715,1022
4716,0
4717,1022
4718,0
4719,1022
4720,0
4721,1022
4722,0
4723,1022
4724,0
4725,1022
4726,0
4727,1021
4728,0
4729,1022
4730,1022
4731,0
4732,1022
4733,0
4734,1022
4735,0
4736,1021
4737,0
4738,1022
4739,0
4740,1021
4741,0
4742,1022
4743,0
4744,1022
4745,0
4746,1021
4747,0
4748,1022
4749,0
4750,1022
4751,0
4752,0
4753,1022
4754,0
4755,1022
4756,0
4757,1022
4758,0
4759,1022
4760,0
4761,1022
4762,0
4763,1022
4764,0
4765,1022
4766,0
4767,1022
4768,0
4769,1022
4770,0
4771,1022
4772,0
4773,1022
4774,1022
4775,0
4776,1022
4777,0
4778,1022
4779,0
4780,1021
4781,0
4782,1022
4783,0
4784,1022
4785,0
4786,1021
4787,0
4788,1022
4789,0
4790,1022
4791,0
4792,1022
4793,0
4794,1022
4795,0
4796,0
4797,1022
4798,0
4799,1022
4800,0
4801,1022
4802,0
4803,1022
4804,0
4805,1022
4806,0
4807,1022
4808,0
4809,1022
4810,0
4811,1022
4812,0
4813,1022
4814,0
4815,1022
4816,0
4817,0
4818,1021
4819,0
4820,1021
4821,0
4822,1022
4823,0
4824,1022
4825,0
4826,1022
4827,0
4828,1022
4829,0
4830,1022
4831,0
4832,1022
4833,0
4834,1022
4835,0
4836,1022
4837,0
4838,1022
4839,1022
4840,0
4841,1022
4842,0
4843,1022
4844,0
4845,1022
4846,0
4847,1022
4848,0
4849,1022
4850,0
4851,1022
4852,0
4853,1021
4854,0
4855,1022
4856,0
4857,1022
4858,0
4859,1022
4860,0
4861,0
4862,1022
4863,0
4864,1022
4865,0
4866,1021
4867,0
4868,1021
4869,0
4870,1022
4871,0
4872,1021
4873,0
4874,1022
4875,0
4876,1021
4877,0
4878,1022
4879,0
4880,1022
4881,0
4882,1022
4883,1022
4884,0
4885,1022
4886,0
4887,1022
4888,0
4889,1022
4890,0
4891,1022
4892,0
4893,1022
4894,0
4895,1022
4896,0
4897,1022
4898,0
4899,1022
4900,0
4901,1022
4902,0
4903,1022
4904,0
4905,0
4906,1022
4907,0
4908,1022
4909,0
4910,1022
4911,0
4912,1022
4913,0
4914,1022
4915,0
4916,1022
4917,0
4918,1022
4919,0
4920,1022
4921,0
4922,1022
4923,0
4924,1022
4925,0
4926,1021
4927,1022
4928,0
4929,1022
4930,0
4931,1022
4932,0
4933,1022
4934,0
4935,1022
4936,0
4937,1022
4938,0
4939,1022
4940,0
4941,1022
4942,0
4943,1022
4944,0
4945,1021
4946,0
4947,1022
4948,1022
4949,0
4950,1022
4951,0
4952,1022
4953,0
4954,1022
4955,0
4956,1022
4957,0
4958,1022
4959,0
4960,1022
4961,0
4962,1022
4963,0
4964,1021
4965,0
4966,1022
4967,0
4968,1021
4969,0
4970,0
4971,1021
4972,0
4973,1022
4974,0
4975,1022
4976,0
4977,1022
4978,0
4979,1021
4980,0
4981,1022
4982,0
4983,1022
4984,0
4985,1021
4986,0
4987,1021
4988,0
4989,1022
4990,0
4991,1022
4992,1021
4993,0
4994,1022
4995,0
4996,1022
4997,0
4998,1022
4999,0
5000,1022
5001,0
5002,1022
5003,0
5004,1022
5005,0
5006,1021
5007,0
5008,1022
5009,0
5010,1022
5011,0
5012,1022
5013,0
5014,0
5015,1022
5016,0
5017,1021
5018,0
5019,1022
5020,0
5021,1022
5022,0
5023,1022
5024,0
5025,1022
5026,0
5027,1022
5028,0
5029,1022
5030,0
5031,1022
5032,0
5033,1022
5034,0
5035,1022
5036,1022
5037,0
5038,1022
5039,0
5040,1022
5041,0
5042,1022
5043,0
5044,1021
5045,0
5046,1022
5047,0
5048,1022
5049,0
5050,1022
5051,0
5052,1022
5053,0
5054,1022
5055,0
5056,1022
5057,0
5058,0
5059,1022
5060,0
5061,1022
5062,0
5063,1022
5064,0
5065,1023
5066,0
5067,1022
5068,0
5069,1022
5070,0
5071,1022
5072,0
5073,1022
5074,0
5075,1022
5076,0
5077,1022
5078,0
5079,0
5080,1022
5081,0
5082,1022
5083,0
5084,1022
5085,0
5086,1022
5087,0
5088,1022
5089,0
5090,1022
5091,0
5092,1022
5093,0
5094,1022
5095,0
5096,1021
5097,0
5098,1022
5099,0
5100,1022
5101,1021
5102,0
5103,1021
5104,0
5105,1022
5106,0
5107,1022
5108,0
5109,1022
5110,0
5111,1022
5112,0
5113,1022
5114,0
5115,1022
5116,0
5117,1022
5118,0
5119,1022
5120,0
5121,1021
5122,0
5123,0
5124,1022
5125,0
5126,1022
5127,0
5128,1022
5129,0
5130,1022
5131,0
5132,1022
5133,0
5134,1022
5135,0
5136,1022
5137,0
5138,1022
5139,0
5140,1022
5141,0
5142,1022
5143,0
5144,1022
5145,1022
5146,0
5147,1022
5148,0
5149,1022
5150,0
5151,1022
5152,0
5153,1022
5154,0
5155,1022
5156,0
5157,1022
5158,0
5159,1022
5160,0
5161,1022
5162,0
5163,1022
5164,0
5165,1021
5166,0
5167,0
5168,1022
5169,0
5170,1022
5171,0
5172,1021
5173,0
5174,1022
5175,0
5176,1022
5177,0
5178,1021
5179,0
5180,1022
5181,0
5182,1022
5183,0
5184,1022
5185,0
5186,1022
5187,0
5188,1021
5189,1022
5190,0
5191,1022
5192,0
5193,1022
5194,0
5195,1021
5196,0
5197,1022
5198,0
5199,1022
5200,0
5201,1022
5202,0
5203,1022
5204,0
5205,1022
5206,0
5207,1022
5208,0
5209,1022
5210,0
5211,0
5212,1022
5213,0
5214,1022
5215,0
5216,1022
5217,0
5218,1022
5219,0
5220,1022
5221,0
5222,1022
5223,0
5224,1022
5225,0
5226,1022
5227,0
5228,1022
5229,0
5230,1022
5231,0
5232,0
5233,1021
5234,0
5235,1022
5236,0
5237,1022
5238,0
5239,1022
5240,0
5241,1022
5242,0
5243,1022
5244,0
5245,1022
5246,0
5247,1021
5248,0
5249,1022
5250,0
5251,1021
5252,0
5253,1022
5254,1022
5255,0
5256,1022
5257,0
5258,1022
5259,0
5260,1022
5261,0
5262,1022
5263,0
5264,1021
5265,0
5266,1022
5267,0
5268,1022
5269,0
5270,1022
5271,0
5272,1022
5273,0
5274,1022
5275,0
5276,0
5277,1022
5278,0
5279,1022
5280,0
5281,1022
5282,0
5283,1022
5284,0
5285,1022
5286,0
5287,1022
5288,0
5289,1022
5290,0
5291,1021
5292,0
5293,1022
5294,0
5295,1022
5296,0
5297,1022
5298,1022
5299,0
5300,1022
5301,0
5302,1022
5303,0
5304,1022
5305,0
5306,1022
5307,0
5308,1022
5309,0
5310,1022
5311,0
5312,1022
5313,0
5314,1022
5315,0
5316,1022
5317,0
5318,1022
5319,0
5320,0
5321,1022
5322,0
5323,1022
5324,0
5325,1022
5326,0
5327,1022
5328,0
5329,1022
5330,0
5331,1022
5332,0
5333,1022
5334,0
5335,1022
5336,0
5337,1022
5338,0
5339,1022
5340,0
5341,1021
5342,1022
5343,0
5344,1022
5345,0
5346,1022
5347,0
5348,1022
5349,0
5350,1022
5351,0
5352,1022
5353,0
5354,1022
5355,0
5356,1022
5357,0
5358,1022
5359,0
5360,1022
5361,0
5362,1021
5363,1022
5364,0
5365,1022
5366,0
5367,1022
5368,0
5369,1022
5370,0
5371,1022
5372,0
5373,1022
5374,0
5375,1022
5376,0
5377,1022
5378,0
5379,1022
5380,0
5381,1022
5382,0
5383,1022
5384,0
5385,0
5386,1022
5387,0
5388,1022
5389,0
5390,1022
5391,0
5392,1022
5393,0
5394,1022
5395,0
5396,1022
5397,0
5398,1022
5399,0
5400,1021
5401,0
5402,1022
5403,0
5404,1022
5405,0
5406,1022
5407,1022
5408,0
5409,1022
5410,0
5411,1022
5412,0
5413,1022
5414,0
5415,1021
5416,0
5417,1022
5418,0
5419,1022
5420,0
5421,1022
5422,0
5423,1021
5424,0
5425,1022
5426,0
5427,1022
5428,0
5429,0
5430,1022
5431,0
5432,1022
5433,0
5434,1022
5435,0
5436,1022
5437,0
5438,1022
5439,0
5440,1021
5441,0
5442,1022
5443,0
5444,1022
5445,0
5446,1022
5447,0
5448,1022
5449,0
5450,1022
5451,1022
5452,0
5453,1022
5454,0
5455,1022
5456,0
5457,1022
5458,0
5459,1022
5460,0
5461,1022
5462,0
5463,1022
5464,0
5465,1022
5466,0
5467,1022
5468,0
5469,1022
5470,0
5471,1022
5472,0
5473,0
5474,1022
5475,0
5476,1022
5477,0
5478,1022
5479,0
5480,1022
5481,0
5482,1022
5483,0
5484,1022
5485,0
5486,1022
5487,0
5488,1021
5489,0
5490,1022
5491,0
5492,1022
5493,0
5494,0
5495,1022
5496,0
5497,1022
5498,0
5499,1021
5500,0
5501,1022
5502,0
5503,1022
5504,0
5505,1022
5506,0
5507,1022
5508,0
5509,1022
5510,0
5511,1022
5512,0
5513,1022
5514,0
5515,1022
5516,1022
5517,0
5518,1022
5519,0
5520,1022
5521,0
5522,1022
5523,0
5524,1022
5525,0
5526,1022
5527,0
5528,1022
5529,0
5530,1022
5531,0
5532,1022
5533,0
5534,1022
5535,0
5536,1022
5537,0
5538,0
5539,1022
5540,0
5541,1022
5542,0
5543,1022
5544,0
5545,1022
5546,0
5547,1022
5548,0
5549,1021
5550,0
5551,1022
5552,0
5553,1022
5554,0
5555,1022
5556,0
5557,1022
5558,0
5559,1022
5560,1022
5561,0
5562,1022
5563,0
5564,1022
5565,0
5566,1022
5567,0
5568,1021
5569,0
5570,1022
5571,0
5572,1021
5573,0
5574,1022
5575,0
5576,1022
5577,0
5578,1022
5579,0
5580,1022
5581,0
5582,0
5583,1022
5584,0
5585,1022
5586,0
5587,1022
5588,0
5589,1022
5590,0
5591,1022
5592,0
5593,1022
5594,0
5595,1022
5596,0
5597,1022
5598,0
5599,1022
5600,0
5601,1022
5602,0
5603,1022
5604,1021
5605,0
5606,1022
5607,0
5608,1022
5609,0
5610,1022
5611,0
5612,1022
5613,0
5614,1022
5615,0
5616,1022
5617,0
5618,1022
5619,0
5620,1022
5621,0
5622,1022
5623,0
5624,1022
5625,1021
5626,0
5627,1022
5628,0
5629,1022
5630,0
5631,1022
5632,0
5633,1022
5634,0
5635,1022
5636,0
5637,1022
5638,0
5639,1022
5640,0
5641,1022
5642,0
5643,1022
5644,0
5645,1022
5646,0
5647,0
5648,1022
5649,0
5650,1021
5651,0
5652,1022
5653,0
5654,1022
5655,0
5656,1022
5657,0
5658,1022
5659,0
5660,1022
5661,0
5662,1022
5663,0
5664,1022
5665,0
5666,1021
5667,0
5668,1022
5669,1022
5670,0
5671,1022
5672,0
5673,1022
5674,0
5675,1022
5676,0
5677,1022
5678,0
5679,1022
5680,0
5681,1022
5682,0
5683,1022
5684,0
5685,1022
5686,0
5687,1022
5688,0
5689,1022
5690,0
5691,0
5692,1022
5693,0
5694,1021
5695,0
5696,1022
5697,0
5698,1022
5699,0
5700,1022
5701,0
5702,1022
5703,0
5704,1022
5705,0
5706,1021
5707,0
5708,1022
5709,0
5710,1022
5711,0
5712,1021
5713,1022
5714,0
5715,1022
5716,0
5717,1022
5718,0
5719,1022
5720,0
5721,1021
5722,0
5723,1022
5724,0
5725,1022
5726,0
5727,1022
5728,0
5729,1022
5730,0
5731,1022
5732,0
5733,1021
5734,1022
5735,0
5736,1022
5737,0
5738,1022
5739,0
5740,1022
5741,0
5742,1022
5743,0
5744,1022
5745,0
5746,1022
5747,0
5748,1022
5749,0
5750,1022
5751,0
5752,1022
5753,0
5754,1022
5755,0
5756,0
5757,1022
5758,0
5759,1022
5760,0
5761,1021
5762,0
5763,1022
5764,0
5765,1022
5766,0
5767,1022
5768,0
5769,1022
5770,0
5771,1022
5772,0
5773,1022
5774,0
5775,1022
5776,0
5777,1022
5778,1022
5779,0
5780,1023
5781,0
5782,1022
5783,0
5784,1022
5785,0
5786,1022
5787,0
5788,1022
5789,0
5790,1022
5791,0
5792,1022
5793,0
5794,1021
5795,0
5796,1022
5797,0
5798,1022
5799,0
5800,0
5801,1022
5802,0
5803,1022
5804,0
5805,1022
5806,0
5807,1022
5808,0
5809,1022
5810,0
5811,1022
5812,0
5813,1022
5814,0
5815,1022
5816,0
5817,1022
5818,0
5819,1022
5820,0
5821,1022
5822,1021
5823,0
5824,1022
5825,0
5826,1022
5827,0
5828,1022
5829,0
5830,1021
5831,0
5832,1022
5833,0
5834,1022
5835,0
5836,1022
5837,0
5838,1022
5839,0
5840,1022
5841,0
5842,1022
5843,0
5844,0
5845,1022
5846,0
5847,1022
5848,0
5849,1022
5850,0
5851,1022
5852,0
5853,1022
5854,0
5855,1022
5856,0
5857,1022
5858,0
5859,1022
5860,0
5861,1022
5862,0
5863,1022
5864,0
5865,0
5866,1022
5867,0
5868,1022
5869,0
5870,1022
5871,0
5872,1022
5873,0
5874,1022
5875,0
5876,1022
5877,0
5878,1022
5879,0
5880,1022
5881,0
5882,1022
5883,0
5884,1022
5885,0
5886,1022
5887,1022
5888,0
5889,1021
5890,0
5891,1022
5892,0
5893,1022
5894,0
5895,1022
5896,0
5897,1022
5898,0
5899,1022
5900,0
5901,1022
5902,0
5903,1022
5904,0
5905,1022
5906,0
5907,1022
5908,0
5909,0
5910,1022
5911,0
5912,1022
5913,0
5914,1022
5915,0
5916,1022
5917,0
5918,1022
5919,0
5920,1022
5921,0
5922,1022
5923,0
5924,1022
5925,0
5926,1022
5927,0
5928,1022
5929,0
5930,1022
5931,1022
5932,0
5933,1022
5934,0
5935,1022
5936,0
5937,1022
5938,0
5939,1022
5940,0
5941,1022
5942,0
5943,1022
5944,0
5945,1022
5946,0
5947,1021
5948,0
5949,1022
5950,0
5951,1022
5952,0
5953,0
5954,1022
5955,0
5956,1021
5957,0
5958,1022
5959,0
5960,1022
5961,0
5962,1022
5963,0
5964,1022
5965,0
5966,1022
5967,0
5968,1022
5969,0
5970,1022
5971,0
5972,1022
5973,0
5974,1022
5975,1022
5976,0
5977,1022
5978,0
5979,1022
5980,0
5981,1022
5982,0
5983,1022
5984,0
5985,1022
5986,0
5987,1022
5988,0
5989,1022
5990,0
5991,1022
5992,0
5993,1021
5994,0
5995,1022
5996,1021
5997,0
5998,1023
5999,0
6000,1022
6001,0
6002,1022
6003,0
6004,1022
6005,0
6006,1022
6007,0
6008,1021
6009,0
6010,1022
6011,0
6012,1022
6013,0
6014,1022
6015,0
6016,1021
6017,0
6018,0
6019,1022
6020,0
6021,1022
6022,0
6023,1022
6024,0
6025,1022
6026,0
6027,1022
6028,0
6029,1021
6030,0
6031,1022
6032,0
6033,1022
6034,0
6035,1022
6036,0
6037,1022
6038,0
6039,1022
6040,1022
6041,0
6042,1022
6043,0
6044,1022
6045,0
6046,1022
6047,0
6048,1022
6049,0
6050,1022
6051,0
6052,1022
6053,0
6054,1021
6055,0
6056,1022
6057,0
6058,1022
6059,0
6060,1022
6061,0
6062,0
6063,1022
6064,0
6065,1022
6066,0
6067,1022
6068,0
6069,1022
6070,0
6071,1022
6072,0
6073,1022
6074,0
6075,1022
6076,0
6077,1021
6078,0
6079,1022
6080,0
6081,1021
6082,0
6083,1021
6084,1022
6085,0
6086,1022
6087,0
6088,1022
6089,0
6090,1021
6091,0
6092,1022
6093,0
6094,1022
6095,0
6096,1022
6097,0
6098,1022
6099,0
6100,1022
6101,0
6102,1022
6103,0
6104,1021
6105,0
6106,0
6107,1022
6108,0
6109,1022
6110,0
6111,1022
6112,0
6113,1022
6114,0
6115,1022
6116,0
6117,1022
6118,0
6119,1022
6120,0
6121,1022
6122,0
6123,1022
6124,0
6125,1022
6126,0
6127,0
6128,1022
6129,0
6130,1022
6131,0
6132,1022
6133,0
6134,1022
6135,0
6136,1022
6137,0
6138,1022
6139,0
6140,1022
6141,0
6142,1022
6143,0
6144,1022
6145,0
6146,1022
6147,0
6148,1022
6149,1022
6150,0
6151,1022
6152,0
6153,1021
6154,0
6155,1022
6156,0
6157,1022
6158,0
6159,1022
6160,0
6161,1022
6162,0
6163,1022
6164,0
6165,1022
6166,0
6167,1022
6168,0
6169,1021
6170,0
6171,0
6172,1021
6173,0
6174,1022
6175,0
6176,1022
6177,0
6178,1022
6179,0
6180,1022
6181,0
6182,1022
6183,0
6184,1021
6185,0
6186,1022
6187,0
6188,1021
6189,0
6190,1022
6191,0
6192,1022
6193,1022
6194,0
6195,1022
6196,0
6197,1022
6198,0
6199,1022
6200,0
6201,1021
6202,0
6203,1022
6204,0
6205,1022
6206,0
6207,1022
6208,0
6209,1022
6210,0
6211,1021
6212,0
6213,1022
6214,0
6215,0
6216,1022
6217,0
6218,1022
6219,0
6220,1022
6221,0
6222,1022
6223,0
6224,1022
6225,0
6226,1022
6227,0
6228,1022
6229,0
6230,1022
6231,0
6232,1022
6233,0
6234,1022
6235,0
6236,1021
6237,1022
6238,0
6239,1021
6240,0
6241,1022
6242,0
6243,1022
6244,0
6245,1022
6246,0
6247,1021
6248,0
6249,1021
6250,0
6251,1022
6252,0
6253,1022
6254,0
6255,1023
6256,0
6257,1022
6258,0
6259,0
6260,1022
6261,0
6262,1022
6263,0
6264,1022
6265,0
6266,1022
6267,0
6268,1022
6269,0
6270,1022
6271,0
6272,1022
6273,0
6274,1022
6275,0
6276,1021
6277,0
6278,1022
6279,0
6280,0
6281,1022
6282,0
6283,1022
6284,0
6285,1022
6286,0
6287,1022
6288,0
6289,1022
6290,0
6291,1022
6292,0
6293,1022
6294,0
6295,1022
6296,0
6297,1022
6298,0
6299,1022
6300,0
6301,1022
6302,1022
6303,0
6304,1022
6305,0
6306,1023
6307,0
6308,1022
6309,0
6310,1022
6311,0
6312,1022
6313,0
6314,1022
6315,0
6316,1021
6317,0
6318,1022
6319,0
6320,1022
6321,0
6322,1021
6323,0
6324,0
6325,1022
6326,0
6327,1022
6328,0
6329,1021
6330,0
6331,1022
6332,0
6333,1021
6334,0
6335,1022
6336,0
6337,1022
6338,0
6339,1022
6340,0
6341,1021
6342,0
6343,1022
6344,0
6345,1022
6346,1022
6347,0
6348,1022
6349,0
6350,1022
6351,0
6352,1022
6353,0
6354,1022
6355,0
6356,1022
6357,0
6358,1022
6359,0
6360,1022
6361,0
6362,1022
6363,0
6364,1022
6365,0
6366,1022
6367,0
6368,0
6369,1022
6370,0
6371,1022
6372,0
6373,1022
6374,0
6375,1022
6376,0
6377,1022
6378,0
6379,1022
6380,0
6381,1022
6382,0
6383,1022
6384,0
6385,1021
6386,0
6387,1022
6388,0
6389,1021
6390,1022
6391,0
6392,1021
6393,0
6394,1022
6395,0
6396,1022
6397,0
6398,1022
6399,0
6400,1022
6401,0
6402,1022
6403,0
6404,1022
6405,0
6406,1022
6407,0
6408,1022
6409,0
6410,1022
6411,1022
6412,0
6413,1021
6414,0
6415,1022
6416,0
6417,1022
6418,0
6419,1022
6420,0
6421,1022
6422,0
6423,1022
6424,0
6425,1022
6426,0
6427,1022
6428,0
6429,1022
6430,0
6431,1022
6432,0
6433,0
6434,1022
6435,0
6436,1022
6437,0
6438,1022
6439,0
6440,1021
6441,0
6442,1022
6443,0
6444,1021
6445,0
6446,1021
6447,0
6448,1022
6449,0
6450,1022
6451,0
6452,1022
6453,0
6454,1022
6455,1021
6456,0
6457,1022
6458,0
6459,1022
6460,0
6461,1022
6462,0
6463,1022
6464,0
6465,1022
6466,0
6467,1022
6468,0
6469,1022
6470,0
6471,1022
6472,0
6473,1022
6474,0
6475,1022
6476,0
6477,0
6478,1021
6479,0
6480,1022
6481,0
6482,1022
6483,0
6484,1022
6485,0
6486,1022
6487,0
6488,1022
6489,0
6490,1022
6491,0
6492,1021
6493,0
6494,1022
6495,0
6496,1022
6497,0
6498,1022
6499,1022
6500,0
6501,1021
6502,0
6503,1022
6504,0
6505,1021
6506,0
6507,1022
6508,0
6509,1022
6510,0
6511,1022
6512,0
6513,1022
6514,0
6515,1022
6516,0
6517,1022
6518,0
6519,1022
6520,1023
6521,0
6522,1022
6523,0
6524,1022
6525,0
6526,1022
6527,0
6528,1022
6529,0
6530,1022
6531,0
6532,1021
6533,0
6534,1022
6535,0
6536,1021
6537,0
6538,1022
6539,0
6540,1022
6541,0
6542,0
6543,1022
6544,0
6545,1022
6546,0
6547,1022
6548,0
6549,1022
6550,0
6551,1023
6552,0
6553,1022
6554,0
6555,1022
6556,0
6557,1022
6558,0
6559,1022
6560,0
6561,1022
6562,0
6563,1022
6564,1022
6565,0
6566,1022
6567,0
6568,1022
6569,0
6570,1022
6571,0
6572,1022
6573,0
6574,1022
6575,0
6576,1022
6577,0
6578,1022
6579,0
6580,1022
6581,0
6582,1022
6583,0
6584,1022
6585,0
6586,0
6587,1022
6588,0
6589,1022
6590,0
6591,1022
6592,0
6593,1022
6594,0
6595,1022
6596,0
6597,1022
6598,0
6599,1022
6600,0
6601,1022
6602,0
6603,1022
6604,0
6605,1022
6606,0
6607,1022
6608,1022
6609,0
6610,1022
6611,0
6612,1022
6613,0
6614,1022
6615,0
6616,1021
6617,0
6618,1022
6619,0
6620,1022
6621,0
6622,1022
6623,0
6624,1022
6625,0
6626,1022
6627,0
6628,1022
6629,0
6630,0
6631,1022
6632,0
6633,1022
6634,0
6635,1022
6636,0
6637,1021
6638,0
6639,1022
6640,0
6641,1022
6642,0
6643,1022
6644,0
6645,1022
6646,0
6647,1022
6648,0
6649,1022
6650,0
6651,0
6652,1022
6653,0
6654,1022
6655,0
6656,1022
6657,0
6658,1022
6659,0
6660,1022
6661,0
6662,1022
6663,0
6664,1022
6665,0
6666,1022
6667,0
6668,1022
6669,0
6670,1021
6671,0
6672,1022
6673,1022
6674,0
6675,1022
6676,0
6677,1022
6678,0
6679,1022
6680,0
6681,1022
6682,0
6683,1022
6684,0
6685,1022
6686,0
6687,1022
6688,0
6689,1022
6690,0
6691,1022
6692,0
6693,1021
6694,0
6695,0
6696,1022
6697,0
6698,1022
6699,0
6700,1022
6701,0
6702,1021
6703,0
6704,1022
6705,0
6706,1022
6707,0
6708,1021
6709,0
6710,1022
6711,0
6712,1021
6713,0
6714,1022
6715,0
6716,1021
6717,1022
6718,0
6719,1021
6720,0
6721,1022
6722,0
6723,1022
6724,0
6725,1022
6726,0
6727,1022
6728,0
6729,1022
6730,0
6731,1022
6732,0
6733,1022
6734,0
6735,1022
6736,0
6737,1022
6738,0
6739,0
6740,1022
6741,0
6742,1022
6743,0
6744,1022
6745,0
6746,1022
6747,0
6748,1022
6749,0
6750,1022
6751,0
6752,1022
6753,0
6754,1022
6755,0
6756,1022
6757,0
6758,1023
6759,0
6760,1021
6761,1022
6762,0
6763,1021
6764,0
6765,1022
6766,0
6767,1022
6768,0
6769,1021
6770,0
6771,1022
6772,0
6773,1022
6774,0
6775,1022
6776,0
6777,1022
6778,0
6779,1022
6780,0
6781,1022
6782,1022
6783,0
6784,1022
6785,0
6786,1021
6787,0
6788,1022
6789,0
6790,1021
6791,0
6792,1022
6793,0
6794,1021
6795,0
6796,1022
6797,0
6798,1022
6799,0
6800,1021
6801,0
6802,1022
6803,0
6804,0
6805,1022
6806,0
6807,1022
6808,0
6809,1021
6810,0
6811,1022
6812,0
6813,1022
6814,0
6815,1022
6816,0
6817,1022
6818,0
6819,1022
6820,0
6821,1022
6822,0
6823,1022
6824,0
6825,1022
6826,1022
6827,0
6828,1022
6829,0
6830,1022
6831,0
6832,1022
6833,0
6834,1022
6835,0
6836,1021
6837,0
6838,1022
6839,0
6840,1022
6841,0
6842,1022
6843,0
6844,1021
6845,0
6846,1022
6847,0
6848,0
6849,1022
6850,0
6851,1022
6852,0
6853,1022
6854,0
6855,1022
6856,0
6857,1022
6858,0
6859,1022
6860,0
6861,1022
6862,0
6863,1022
6864,0
6865,1021
6866,0
6867,1022
6868,0
6869,1021
6870,1022
6871,0
6872,1021
6873,0
6874,1022
6875,0
6876,1022
6877,0
6878,1021
6879,0
6880,1022
6881,0
6882,1022
6883,0
6884,1022
6885,0
6886,1022
6887,0
6888,1022
6889,0
6890,1022
6891,0
6892,0
6893,1022
6894,0
6895,1022
6896,0
6897,1022
6898,0
6899,1022
6900,0
6901,1022
6902,0
6903,1022
6904,0
6905,1022
6906,0
6907,1022
6908,0
6909,1021
6910,0
6911,1022
6912,0
6913,0
6914,1022
6915,0
6916,1022
6917,0
6918,1022
6919,0
6920,1022
6921,0
6922,1022
6923,0
6924,1022
6925,0
6926,1022
6927,0
6928,1022
6929,0
6930,1022
6931,0
6932,1022
6933,0
6934,1021
6935,1022
6936,0
6937,1021
6938,0
6939,1022
6940,0
6941,1021
6942,0
6943,1022
6944,0
6945,1022
6946,0
6947,1022
6948,0
6949,1022
6950,0
6951,1022
6952,0
6953,1022
6954,0
6955,1022
6956,0
6957,0
6958,1022
6959,0
6960,1022
6961,0
6962,1022
6963,0
6964,1021
6965,0
6966,1022
6967,0
6968,1022
6969,0
6970,1022
6971,0
6972,1022
6973,0
6974,1022
6975,0
6976,1022
6977,0
6978,1022
6979,1022
6980,0
6981,1022
6982,0
6983,1021
6984,0
6985,1022
6986,0
6987,1022
6988,0
6989,1022
6990,0
6991,1022
6992,0
6993,1022
6994,0
6995,1022
6996,0
6997,1021
6998,0
6999,1022
7000,0
7001,0
7002,1022
7003,0
7004,1022
7005,0
7006,1022
7007,0
7008,1021
7009,0
7010,1022
7011,0
7012,1022
7013,0
7014,1022
7015,0
7016,1022
7017,0
7018,1022
7019,0
7020,1022
7021,0
7022,1021
7023,1022
7024,0
7025,1022
7026,0
7027,1022
7028,0
7029,1022
7030,0
7031,1022
7032,0
7033,1022
7034,0
7035,1022
7036,0
7037,1022
7038,0
7039,1022
7040,0
7041,1022
7042,0
7043,1022
7044,1022
7045,0
7046,1022
7047,0
7048,1022
7049,0
7050,1022
7051,0
7052,1022
7053,0
7054,1022
7055,0
7056,1022
7057,0
7058,1022
7059,0
7060,1022
7061,0
7062,1022
7063,0
7064,1022
7065,0
7066,0
7067,1023
7068,0
7069,1022
7070,0
7071,1022
7072,0
7073,1022
7074,0
7075,1022
7076,0
7077,1023
7078,0
7079,1022
7080,0
7081,1022
7082,0
7083,1022
7084,0
7085,1022
7086,0
7087,1022
7088,1021
7089,0
7090,1022
7091,0
7092,1022
7093,0
7094,1022
7095,0
7096,1022
7097,0
7098,1022
7099,0
7100,1022
7101,0
7102,1022
7103,0
7104,1022
7105,0
7106,1022
7107,0
7108,1022
7109,0
7110,0
7111,1022
7112,0
7113,1022
7114,0
7115,1022
7116,0
7117,1022
7118,0
7119,1022
7120,0
7121,1022
7122,0
7123,1022
7124,0
7125,1022
7126,0
7127,1022
7128,0
7129,1022
7130,0
7131,1022
7132,1022
7133,0
7134,1022
7135,0
7136,1022
7137,0
7138,1022
7139,0
7140,1023
7141,0
7142,1022
7143,0
7144,1021
7145,0
7146,1022
7147,0
7148,1022
7149,0
7150,1022
7151,0
7152,1022
7153,0
7154,0
7155,1021
7156,0
7157,1022
7158,0
7159,1022
7160,0
7161,1022
7162,0
7163,1022
7164,0
7165,1021
7166,0
7167,1022
7168,0
7169,1022
7170,0
7171,1022
7172,0
7173,1022
7174,0
7175,0
7176,1021
7177,0
7178,1022
7179,0
7180,1021
7181,0
7182,1022
7183,0
7184,1022
7185,0
7186,1022
7187,0
7188,1022
7189,0
7190,1022
7191,0
7192,1022
7193,0
7194,1022
7195,0
7196,1022
7197,1022
7198,0
7199,1022
7200,0
7201,1022
7202,0
7203,1022
7204,0
7205,1022
7206,0
7207,1022
7208,0
7209,1022
7210,0
7211,1022
7212,0
7213,1022
7214,0
7215,1022
7216,0
7217,1022
7218,0
7219,0
7220,1022
7221,0
7222,1023
7223,0
7224,1022
7225,0
7226,1022
7227,0
7228,1022
7229,0
7230,1022
7231,0
7232,1022
7233,0
7234,1022
7235,0
7236,1021
7237,0
7238,1022
7239,0
7240,1022
7241,1022
7242,0
7243,1022
7244,0
7245,1022
7246,0
7247,1022
7248,0
7249,1023
7250,0
7251,1021
7252,0
7253,1021
7254,0
7255,1022
7256,0
7257,1022
7258,0
7259,1022
7260,0
7261,1022
7262,0
7263,0
7264,1022
7265,0
7266,1022
7267,0
7268,1022
7269,0
7270,1022
7271,0
7272,1022
7273,0
7274,1022
7275,0
7276,1022
7277,0
7278,1022
7279,0
7280,1021
7281,0
7282,1022
7283,0
7284,1022
7285,1022
7286,0
7287,1022
7288,0
7289,1023
7290,0
7291,1022
7292,0
7293,1021
7294,0
7295,1022
7296,0
7297,1022
7298,0
7299,1022
7300,0
7301,1022
7302,0
7303,1022
7304,0
7305,1022
7306,0
7307,0
7308,1021
7309,0
7310,1022
7311,0
7312,1022
7313,0
7314,1022
7315,0
7316,1022
7317,0
7318,1021
7319,0
7320,1022
7321,0
7322,1021
7323,0
7324,1022
7325,0
7326,1021
7327,0
7328,0
7329,1021
7330,0
7331,1022
7332,0
7333,1022
7334,0
7335,1022
7336,0
7337,1022
7338,0
7339,1022
7340,0
7341,1021
7342,0
7343,1022
7344,0
7345,1022
7346,0
7347,1022
7348,0
7349,1022
7350,1022
7351,0
7352,1022
7353,0
7354,1022
7355,0
7356,1022
7357,0
7358,1022
7359,0
7360,1022
7361,0
7362,1022
7363,0
7364,1022
7365,0
7366,1022
7367,0
7368,1022
7369,0
7370,1022
7371,0
7372,0
7373,1022
7374,0
7375,1022
7376,0
7377,1022
7378,0
7379,1022
7380,0
7381,1022
7382,0
7383,1022
7384,0
7385,1022
7386,0
7387,1021
7388,0
7389,1022
7390,0
7391,1022
7392,0
7393,1021
7394,1022
7395,0
7396,1021
7397,0
7398,1021
7399,0
7400,1022
7401,0
7402,1021
7403,0
7404,1022
7405,0
7406,1023
7407,0
7408,1022
7409,0
7410,1022
7411,0
7412,1022
7413,0
7414,1022
7415,0
7416,0
7417,1022
7418,0
7419,1022
7420,0
7421,1022
7422,0
7423,1022
7424,0
7425,1022
7426,0
7427,1022
7428,0
7429,1022
7430,0
7431,1022
7432,0
7433,1022
7434,0
7435,1021
7436,0
7437,1021
7438,1021
7439,0
7440,1022
7441,0
7442,1022
7443,0
7444,1021
7445,0
7446,1022
7447,0
7448,1021
7449,0
7450,1022
7451,0
7452,1022
7453,0
7454,1022
7455,0
7456,1022
7457,0
7458,1022
7459,1022
7460,0
7461,1022
7462,0
7463,1022
7464,0
7465,1022
7466,0
7467,1022
7468,0
7469,1022
7470,0
7471,1021
7472,0
7473,1021
7474,0
7475,1022
7476,0
7477,1022
7478,0
7479,1022
7480,0
7481,0
7482,1022
7483,0
7484,1022
7485,0
7486,1022
7487,0
7488,1022
7489,0
7490,1022
7491,0
7492,1022
7493,0
7494,1022
7495,0
7496,1022
7497,0
7498,1022
7499,0
7500,1022
7501,0
7502,1022
7503,1022
7504,0
7505,1022
7506,0
7507,1022
7508,0
7509,1022
7510,0
7511,1022
7512,0
7513,1022
7514,0
7515,1022
7516,0
7517,1021
7518,0
7519,1022
7520,0
7521,1022
7522,0
7523,1021
7524,0
7525,0
7526,1022
7527,0
7528,1022
7529,0
7530,1021
7531,0
7532,1022
7533,0
7534,1022
7535,0
7536,1022
7537,0
7538,1022
7539,0
7540,1022
7541,0
7542,1022
7543,0
7544,1022
7545,0
7546,1021
7547,1021
7548,0
7549,1022
7550,0
7551,1022
7552,0
7553,1021
7554,0
7555,1022
7556,0
7557,1022
7558,0
7559,1022
7560,0
7561,1022
7562,0
7563,1022
7564,0
7565,1022
7566,0
7567,1022
7568,1021
7569,0
7570,1022
7571,0
7572,1022
7573,0
7574,1022
7575,0
7576,1022
7577,0
7578,1022
7579,0
7580,1022
7581,0
7582,1022
7583,0
7584,1022
7585,0
7586,1022
7587,0
7588,1022
7589,0
7590,0
7591,1022
7592,0
7593,1022
7594,0
7595,1021
7596,0
7597,1021
7598,0
7599,1022
7600,0
7601,1022
7602,0
7603,1022
7604,0
7605,1021
7606,0
7607,1022
7608,0
7609,1022
7610,0
7611,1022
7612,1022
7613,0
7614,1022
7615,0
7616,1022
7617,0
7618,1021
7619,0
7620,1021
7621,0
7622,1021
7623,0
7624,1022
7625,0
7626,1021
7627,0
7628,1022
7629,0
7630,1021
7631,0
7632,1022
7633,0
7634,0
7635,1022
7636,0
7637,1022
7638,0
7639,1022
7640,0
7641,1022
7642,0
7643,1021
7644,0
7645,1022
7646,0
7647,1022
7648,0
7649,1022
7650,0
7651,1022
7652,0
7653,1022
7654,0
7655,1022
7656,1022
7657,0
7658,1022
7659,0
7660,1022
7661,0
7662,1022
7663,0
7664,1022
7665,0
7666,1022
7667,0
7668,1022
7669,0
7670,1022
7671,0
7672,1022
7673,0
7674,1022
7675,0
7676,1022
7677,0
7678,0
7679,1021
7680,0
7681,1022
7682,0
7683,1022
7684,0
7685,1020
7686,0
7687,1022
7688,0
7689,1022
7690,0
7691,1022
7692,0
7693,1022
7694,0
7695,1022
7696,0
7697,1022
7698,0
7699,0
7700,1022
7701,0
7702,1022
7703,0
7704,1022
7705,0
7706,1022
7707,0
7708,1022
7709,0
7710,1022
7711,0
7712,1022
7713,0
7714,1022
7715,0
7716,1022
7717,0
7718,1021
7719,0
7720,1022
7721,1022
7722,0
7723,1022
7724,0
7725,1022
7726,0
7727,1022
7728,0
7729,1022
7730,0
7731,1022
7732,0
7733,1022
7734,0
7735,1022
7736,0
7737,1022
7738,0
7739,1022
7740,0
7741,1022
7742,0
7743,0
7744,1022
7745,0
7746,1021
7747,0
7748,1022
7749,0
7750,1022
7751,0
7752,1021
7753,0
7754,1022
7755,0
7756,1022
7757,0
7758,1022
7759,0
7760,1022
7761,0
7762,1022
7763,0
7764,1022
7765,1022
7766,0
7767,1022
7768,0
7769,1022
7770,0
7771,1022
7772,0
7773,1021
7774,0
7775,1022
7776,0
7777,1022
7778,0
7779,1022
7780,0
7781,1022
7782,0
7783,1022
7784,0
7785,1022
7786,0
7787,0
7788,1022
7789,0
7790,1021
7791,0
7792,1022
7793,0
7794,1022
7795,0
7796,1022
7797,0
7798,1022
7799,0
7800,1022
7801,0
7802,1022
7803,0
7804,1022
7805,0
7806,1022
7807,0
7808,1022
7809,1022
7810,0
7811,1022
7812,0
7813,1022
7814,0
7815,1022
7816,0
7817,1022
7818,0
7819,1022
7820,0
7821,1022
7822,0
7823,1022
7824,0
7825,1022
7826,0
7827,1022
7828,0
7829,1022
7830,0
7831,0
7832,1022
7833,0
7834,1022
7835,0
7836,1022
7837,0
7838,1022
7839,0
7840,1022
7841,0
7842,1022
7843,0
7844,1022
7845,0
7846,1022
7847,0
7848,1022
7849,0
7850,1021
7851,0
7852,0
7853,1022
7854,0
7855,1022
7856,0
7857,1021
7858,0
7859,1022
7860,0
7861,1022
7862,0
7863,1022
7864,0
7865,1022
7866,0
7867,1022
7868,0
7869,1022
7870,0
7871,1022
7872,0
7873,1022
7874,1022
7875,0
7876,1022
7877,0
7878,1022
7879,0
7880,1022
7881,0
7882,1022
7883,0
7884,1022
7885,0
7886,1022
7887,0
7888,1022
7889,0
7890,1022
7891,0
7892,1022
7893,0
7894,1022
7895,0
7896,0
7897,1022
7898,0
7899,1022
7900,0
7901,1021
7902,0
7903,1021
7904,0
7905,1022
7906,0
7907,1022
7908,0
7909,1022
7910,0
7911,1022
7912,0
7913,1022
7914,0
7915,1022
7916,0
7917,1022
7918,1022
7919,0
7920,1021
7921,0
7922,1022
7923,0
7924,1022
7925,0
7926,1021
7927,0
7928,1022
7929,0
7930,1021
7931,0
7932,1022
7933,0
7934,1022
7935,0
7936,1022
7937,0
7938,1022
7939,0
7940,0
7941,1022
7942,0
7943,1022
7944,0
7945,1022
7946,0
7947,1022
7948,0
7949,1022
7950,0
7951,1022
7952,0
7953,1022
7954,0
7955,1022
7956,0
7957,1022
7958,0
7959,1022
7960,0
7961,0
7962,1022
7963,0
7964,1022
7965,0
7966,1022
7967,0
7968,1022
7969,0
7970,1022
7971,0
7972,1022
7973,0
7974,1022
7975,0
7976,1022
7977,0
7978,1022
7979,0
7980,1022
7981,0
7982,1022
7983,1022
7984,0
7985,1022
7986,0
7987,1022
7988,0
7989,1022
7990,0
7991,1022
7992,0
7993,1022
7994,0
7995,1022
7996,0
7997,1021
7998,0
7999,1021
8000,0
8001,1021
8002,0
8003,1022
8004,0
8005,0
8006,1022
8007,0
8008,1022
8009,0
8010,1022
8011,0
8012,1022
8013,0
8014,1022
8015,0
8016,1022
8017,0
8018,1022
8019,0
8020,1022
8021,0
8022,1022
8023,0
8024,1022
8025,0
8026,1022
8027,1022
8028,0
8029,1023
8030,0
8031,1022
8032,0
8033,1022
8034,0
8035,1022
8036,0
8037,1022
8038,0
8039,1022
8040,0
8041,1022
8042,0
8043,1022
8044,0
8045,1022
8046,0
8047,1022
8048,0
8049,0
8050,1022
8051,0
8052,1022
8053,0
8054,1022
8055,0
8056,1022
8057,0
8058,1022
8059,0
8060,1022
8061,0
8062,1022
8063,0
8064,1022
8065,0
8066,1022
8067,0
8068,1022
8069,0
8070,1022
8071,1021
8072,0
8073,1022
8074,0
8075,1021
8076,0
8077,1022
8078,0
8079,1021
8080,0
8081,1021
8082,0
8083,1022
8084,0
8085,1022
8086,0
8087,1022
8088,0
8089,1022
8090,0
8091,1022
8092,0
8093,0
8094,1022
8095,0
8096,1022
8097,0
8098,1022
8099,0
8100,1022
8101,0
8102,1022
8103,0
8104,1022
8105,0
8106,1022
8107,0
8108,1021
8109,0
8110,1022
8111,0
8112,1022
8113,0
8114,0
8115,1022
8116,0
8117,1022
8118,0
8119,1022
8120,0
8121,1022
8122,0
8123,1022
8124,0
8125,1022
8126,0
8127,1022
8128,0
8129,1021
8130,0
8131,1022
8132,0
8133,1021
8134,0
8135,1022
8136,1022
8137,0
8138,1022
8139,0
8140,1022
8141,0
8142,1022
8143,0
8144,1022
8145,0
8146,1022
8147,0
8148,1022
8149,0
8150,1022
8151,0
8152,1021
8153,0
8154,1022
8155,0
8156,1021
8157,0
8158,0
8159,1022
8160,0
8161,1022
8162,0
8163,1021
8164,0
8165,1022
8166,0
8167,1022
8168,0
8169,1022
8170,0
8171,1022
8172,0
8173,1022
8174,0
8175,1022
8176,0
8177,1022
8178,0
8179,1022
8180,1022
8181,0
8182,1022
8183,0
8184,1022
8185,0
8186,1022
8187,0
8188,1022
8189,0
8190,1022
8191,0
8192,1022
8193,0
8194,1022
8195,0
8196,1022
8197,0
8198,1022
8199,0
8200,1022
8201,0
8202,0
8203,1021
8204,0
8205,1023
8206,0
8207,1022
8208,0
8209,1022
8210,0
8211,1022
8212,0
8213,1021
8214,0
8215,1022
8216,0
8217,1022
8218,0
8219,1022
8220,0
8221,1022
8222,0
8223,1021
8224,1022
8225,0
8226,1022
8227,0
8228,1022
8229,0
8230,1022
8231,0
8232,1022
8233,0
8234,1021
8235,0
8236,1021
8237,0
8238,1022
8239,0
8240,1022
8241,0
8242,1021
8243,0
8244,1022
8245,1022
8246,0
8247,1022
8248,0
8249,1022
8250,0
8251,1022
8252,0
8253,1022
8254,0
8255,1022
8256,0
8257,1022
8258,0
8259,1022
8260,0
8261,1022
8262,0
8263,1022
8264,0
8265,1022
8266,0
8267,0
8268,1022
8269,0
8270,1022
8271,0
8272,1022
8273,0
8274,1022
8275,0
8276,1022
8277,0
8278,1021
8279,0
8280,1022
8281,0
8282,1021
8283,0
8284,1022
8285,0
8286,1022
8287,0
8288,1022
8289,1022
8290,0
8291,1022
8292,0
8293,1022
8294,0
8295,1022
8296,0
8297,1022
8298,0
8299,1022
8300,0
8301,1022
8302,0
8303,1021
8304,0
8305,1022
8306,0
8307,1021
8308,0
8309,1022
8310,0
8311,0
8312,1022
8313,0
8314,1022
8315,0
8316,1022
8317,0
8318,1022
8319,0
8320,1022
8321,0
8322,1021
8323,0
8324,1022
8325,0
8326,1022
8327,0
8328,1022
8329,0
8330,1022
8331,0
8332,1022
8333,1022
8334,0
8335,1022
8336,0
8337,1022
8338,0
8339,1022
8340,0
8341,1022
8342,0
8343,1022
8344,0
8345,1022
8346,0
8347,1022
8348,0
8349,1022
8350,0
8351,1021
8352,0
8353,1022
8354,1021
8355,0
8356,1022
8357,0
8358,1022
8359,0
8360,1022
8361,0
8362,1022
8363,0
8364,1022
8365,0
8366,1022
8367,0
8368,1022
8369,0
8370,1022
8371,0
8372,1022
8373,0
8374,1022
8375,0
8376,0
8377,1021
8378,0
8379,1022
8380,0
8381,1022
8382,0
8383,1021
8384,0
8385,1022
8386,0
8387,1022
8388,0
8389,1022
8390,0
8391,1022
8392,0
8393,1022
8394,0
8395,1022
8396,0
8397,1022
8398,1021
8399,0
8400,1022
8401,0
8402,1021
8403,0
8404,1022
8405,0
8406,1021
8407,0
8408,1022
8409,0
8410,1022
8411,0
8412,1022
8413,0
8414,1022
8415,0
8416,1022
8417,0
8418,1022
8419,0
8420,0
8421,1022
8422,0
8423,1022
8424,0
8425,1022
8426,0
8427,1022
8428,0
8429,1021
8430,0
8431,1022
8432,0
8433,1022
8434,0
8435,1021
8436,0
8437,1022
8438,0
8439,1022
8440,0
8441,1022
8442,1022
8443,0
8444,1022
8445,0
8446,1022
8447,0
8448,1022
8449,0
8450,1022
8451,0
8452,1022
8453,0
8454,1021
8455,0
8456,1022
8457,0
8458,1021
8459,0
8460,1022
8461,0
8462,1022
8463,0
8464,0
8465,1022
8466,0
8467,1022
8468,0
8469,1022
8470,0
8471,1022
8472,0
8473,1022
8474,0
8475,1022
8476,0
8477,1022
8478,0
8479,1022
8480,0
8481,1022
8482,0
8483,1022
8484,0
8485,0
8486,1022
8487,0
8488,1022
8489,0
8490,1022
8491,0
8492,1022
8493,0
8494,1022
8495,0
8496,1022
8497,0
8498,1022
8499,0
8500,1022
8501,0
8502,1022
8503,0
8504,1022
8505,0
8506,1022
8507,1022
8508,0
8509,1022
8510,0
8511,1022
8512,0
8513,1022
8514,0
8515,1022
8516,0
8517,1022
8518,0
8519,1022
8520,0
8521,1022
8522,0
8523,1022
8524,0
8525,1022
8526,0
8527,1022
8528,0
8529,0
8530,1022
8531,0
8532,1022
8533,0
8534,1022
8535,0
8536,1022
8537,0
8538,1022
8539,0
8540,1022
8541,0
8542,1022
8543,0
8544,1022
8545,0
8546,1022
8547,0
8548,1022
8549,0
8550,1022
8551,1022
8552,0
8553,1022
8554,0
8555,1022
8556,0
8557,1022
8558,0
8559,1022
8560,0
8561,1022
8562,0
8563,1022
8564,0
8565,1022
8566,0
8567,1022
8568,0
8569,1022
8570,0
8571,1022
8572,0
8573,0
8574,1022
8575,0
8576,1022
8577,0
8578,1022
8579,0
8580,1022
8581,0
8582,1022
8583,0
8584,1021
8585,0
8586,1022
8587,0
8588,1021
8589,0
8590,1022
8591,0
8592,1022
8593,0
8594,1022
8595,1022
8596,0
8597,1022
8598,0
8599,1022
8600,0
8601,1023
8602,0
8603,1022
8604,0
8605,1021
8606,0
8607,1021
8608,0
8609,1022
8610,0
8611,1021
8612,0
8613,1022
8614,0
8615,1021
8616,1022
8617,0
8618,1022
8619,0
8620,1021
8621,0
8622,1022
8623,0
8624,1022
8625,0
8626,1022
8627,0
8628,1022
8629,0
8630,1022
8631,0
8632,1022
8633,0
8634,1022
8635,0
8636,1022
8637,0
8638,0
8639,1022
8640,0
8641,1022
8642,0
8643,1022
8644,0
8645,1022
8646,0
8647,1022
8648,0
8649,1022
8650,0
8651,1022
8652,0
8653,1022
8654,0
8655,1022
8656,0
8657,1021
8658,0
8659,1022
8660,1022
8661,0
8662,1021
8663,0
8664,1022
8665,0
8666,1022
8667,0
8668,1022
8669,0
8670,1022
8671,0
8672,1022
8673,0
8674,1022
8675,0
8676,1022
8677,0
8678,1022
8679,0
8680,1022
8681,0
8682,0
8683,1021
8684,0
8685,1021
8686,0
8687,1022
8688,0
8689,1022
8690,0
8691,1022
8692,0
8693,1022
8694,0
8695,1022
8696,0
8697,1022
8698,0
8699,1022
8700,0
8701,1022
8702,0
8703,1022
8704,1021
8705,0
8706,1022
8707,0
8708,1022
8709,0
8710,1022
8711,0
8712,1022
8713,0
8714,1022
8715,0
8716,1022
8717,0
8718,1022
8719,0
8720,1022
8721,0
8722,1022
8723,0
8724,1022
8725,0
8726,0
8727,1021
8728,0
8729,1022
8730,0
8731,1022
8732,0
8733,1022
8734,0
8735,1022
8736,0
8737,1022
8738,0
8739,1022
8740,0
8741,1022
8742,0
8743,1022
8744,0
8745,1022
8746,0
8747,1022
8748,1022
8749,0
8750,1022
8751,0
8752,1022
8753,0
8754,1022
8755,0
8756,1022
8757,0
8758,1022
8759,0
8760,1022
8761,0
8762,1022
8763,0
8764,1022
8765,0
8766,1022
8767,0
8768,1022
8769,1022
8770,0
8771,1022
8772,0
8773,1022
8774,0
8775,1022
8776,0
8777,1022
8778,0
8779,1022
8780,0
8781,1022
8782,0
8783,1022
8784,0
8785,1022
8786,0
8787,1022
8788,0
8789,1022
8790,0
8791,0
8792,1022
8793,0
8794,1022
8795,0
8796,1022
8797,0
8798,1022
8799,0
8800,1022
8801,0
8802,1022
8803,0
8804,1022
8805,0
8806,1022
8807,0
8808,1022
8809,0
8810,1022
8811,0
8812,1022
8813,1022
8814,0
8815,1022
8816,0
8817,1022
8818,0
8819,1022
8820,0
8821,1022
8822,0
8823,1022
8824,0
8825,1022
8826,0
8827,1022
8828,0
8829,1022
8830,0
8831,1022
8832,0
8833,1022
8834,0
8835,0
8836,1022
8837,0
8838,1022
8839,0
8840,1022
8841,0
8842,1022
8843,0
8844,1022
8845,0
8846,1022
8847,0
8848,1022
8849,0
8850,1022
8851,0
8852,1022
8853,0
8854,1022
8855,0
8856,1022
8857,1021
8858,0
8859,1022
8860,0
8861,1022
8862,0
8863,1022
8864,0
8865,1022
8866,0
8867,1022
8868,0
8869,1021
8870,0
8871,1022
8872,0
8873,1022
8874,0
8875,1022
8876,0
8877,1022
8878,1022
8879,0
8880,1022
8881,0
8882,1022
8883,0
8884,1022
8885,0
8886,1022
8887,0
8888,1021
8889,0
8890,1022
8891,0
8892,1022
8893,0
8894,1022
8895,0
8896,1022
8897,0
8898,1022
8899,0
8900,0
8901,1022
8902,0
8903,1022
8904,0
8905,1021
8906,0
8907,1022
8908,0
8909,1022
8910,0
8911,1022
8912,0
8913,1022
8914,0
8915,1022
8916,0
8917,1022
8918,0
8919,1022
8920,0
8921,1022
8922,1022
8923,0
8924,1022
8925,0
8926,1022
8927,0
8928,1022
8929,0
8930,1022
8931,0
8932,1022
8933,0
8934,1022
8935,0
8936,1022
8937,0
8938,1022
8939,0
8940,1022
8941,0
8942,1021
8943,0
8944,0
8945,1022
8946,0
8947,1022
8948,0
8949,1022
8950,0
8951,1022
8952,0
8953,1022
8954,0
8955,1021
8956,0
8957,1022
8958,0
8959,1022
8960,0
8961,1021
8962,0
8963,1021
8964,0
8965,1021
8966,1022
8967,0
8968,1022
8969,0
8970,1022
8971,0
8972,1022
8973,0
8974,1022
8975,0
8976,1022
8977,0
8978,1022
8979,0
8980,1022
8981,0
8982,1022
8983,0
8984,1021
8985,0
8986,1022
8987,0
8988,0
8989,1022
8990,0
8991,1022
8992,0
8993,1022
8994,0
8995,1021
8996,0
8997,1022
8998,0
8999,1022
9000,0
9001,1022
9002,0
9003,1022
9004,0
9005,1021
9006,0
9007,1022
9008,0
9009,0
9010,1022
9011,0
9012,1022
9013,0
9014,1022
9015,0
9016,1022
9017,0
9018,1022
9019,0
9020,1022
9021,0
9022,1022
9023,0
9024,1022
9025,0
9026,1022
9027,0
9028,1022
9029,0
9030,1022
9031,1022
9032,0
9033,1022
9034,0
9035,1022
9036,0
9037,1022
9038,0
9039,1022
9040,0
9041,1022
9042,0
9043,1022
9044,0
9045,1022
9046,0
9047,1022
9048,0
9049,1022
9050,0
9051,1021
9052,0
9053,0
9054,1022
9055,0
9056,1022
9057,0
9058,1021
9059,0
9060,1022
9061,0
9062,1022
9063,0
9064,1022
9065,0
9066,1022
9067,0
9068,1022
9069,0
9070,1022
9071,0
9072,1022
9073,0
9074,1022
9075,1022
9076,0
9077,1022
9078,0
9079,1022
9080,0
9081,1022
9082,0
9083,1022
9084,0
9085,1022
9086,0
9087,1022
9088,0
9089,1022
9090,0
9091,1022
9092,0
9093,1022
9094,0
9095,1022
9096,0
9097,0
9098,1022
9099,0
9100,1022
9101,0
9102,1021
9103,0
9104,1022
9105,0
9106,1021
9107,0
9108,1022
9109,0
9110,1021
9111,0
9112,1022
9113,0
9114,1022
9115,0
9116,1021
9117,0
9118,1021
9119,1022
9120,0
9121,1022
9122,0
9123,1022
9124,0
9125,1022
9126,0
9127,1022
9128,0
9129,1022
9130,0
9131,1022
9132,0
9133,1022
9134,0
9135,1022
9136,0
9137,1022
9138,0
9139,1022
9140,0
9141,0
9142,1022
9143,0
9144,1022
9145,0
9146,1022
9147,0
9148,1022
9149,0
9150,1022
9151,0
9152,1021
9153,0
9154,1022
9155,0
9156,1023
9157,0
9158,1022
9159,0
9160,1022
9161,0
9162,0
9163,1022
9164,0
9165,1022
9166,0
9167,1022
9168,0
9169,1022
9170,0
9171,1022
9172,0
9173,1022
9174,0
9175,1022
9176,0
9177,1021
9178,0
9179,1022
9180,0
9181,1022
9182,0
9183,1022
9184,1022
9185,0
9186,1022
9187,0
9188,1023
9189,0
9190,1022
9191,0
9192,1022
9193,0
9194,1022
9195,0
9196,1022
9197,0
9198,1022
9199,0
9200,1022
9201,0
9202,1021
9203,0
9204,1022
9205,0
9206,0
9207,1022
9208,0
9209,1021
9210,0
9211,1022
9212,0
9213,1023
9214,0
9215,1021
9216,0
9217,1022
9218,0
9219,1022
9220,0
9221,1022
9222,0
9223,1022
9224,0
9225,1021
9226,0
9227,1022
9228,1022
9229,0
9230,1022
9231,0
9232,1022
9233,0
9234,1022
9235,0
9236,1022
9237,0
9238,1022
9239,0
9240,1022
9241,0
9242,1022
9243,0
9244,1022
9245,0
9246,1022
9247,0
9248,1022
9249,0
9250,0
9251,1022
9252,0
9253,1022
9254,0
9255,1021
9256,0
9257,1022
9258,0
9259,1022
9260,0
9261,1022
9262,0
9263,1022
9264,0
9265,1022
9266,0
9267,1022
9268,0
9269,1022
9270,0
9271,1022
9272,1022
9273,0
9274,1021
9275,0
9276,1022
9277,0
9278,1022
9279,0
9280,1021
9281,0
9282,1021
9283,0
9284,1022
9285,0
9286,1022
9287,0
9288,1022
9289,0
9290,1022
9291,0
9292,1021
9293,1022
9294,0
9295,1021
9296,0
9297,1021
9298,0
9299,1022
9300,0
9301,1022
9302,0
9303,1022
9304,0
9305,1022
9306,0
9307,1022
9308,0
9309,1022
9310,0
9311,1022
9312,0
9313,1022
9314,0
9315,0
9316,1022
9317,0
9318,1022
9319,0
9320,1022
9321,0
9322,1022
9323,0
9324,1022
9325,0
9326,1022
9327,0
9328,1022
9329,0
9330,1022
9331,0
9332,1022
9333,0
9334,1022
9335,0
9336,1022
9337,1022
9338,0
9339,1022
9340,0
9341,1022
9342,0
9343,1022
9344,0
9345,1022
9346,0
9347,1022
9348,0
9349,1022
9350,0
9351,1022
9352,0
9353,1023
9354,0
9355,1021
9356,0
9357,1022
9358,0
9359,0
9360,1022
9361,0
9362,1022
9363,0
9364,1022
9365,0
9366,1022
9367,0
9368,1022
9369,0
9370,1022
9371,0
9372,1022
9373,0
9374,1022
9375,0
9376,1021
9377,0
9378,1022
9379,0
9380,1022
9381,1022
9382,0
9383,1022
9384,0
9385,1022
9386,0
9387,1022
9388,0
9389,1022
9390,0
9391,1022
9392,0
9393,1022
9394,0
9395,1022
9396,0
9397,1022
9398,0
9399,1022
9400,0
9401,1022
9402,0
9403,0
9404,1022
9405,0
9406,1022
9407,0
9408,1022
9409,0
9410,1022
9411,0
9412,1022
9413,0
9414,1022
9415,0
9416,1022
9417,0
9418,1022
9419,0
9420,1022
9421,0
9422,1022
9423,0
9424,0
9425,1022
9426,0
9427,1021
9428,0
9429,1021
9430,0
9431,1021
9432,0
9433,1022
9434,0
9435,1022
9436,0
9437,1022
9438,0
9439,1022
9440,0
9441,1022
9442,0
9443,1022
9444,0
9445,1022
9446,1022
9447,0
9448,1022
9449,0
9450,1022
9451,0
9452,1021
9453,0
9454,1022
9455,0
9456,1022
9457,0
9458,1021
9459,0
9460,1022
9461,0
9462,1022
9463,0
9464,1022
9465,0
9466,1022
9467,0
9468,0
9469,1022
9470,0
9471,1022
9472,0
9473,1022
9474,0
9475,1022
9476,0
9477,1022
9478,0
9479,1022
9480,0
9481,1022
9482,0
9483,1022
9484,0
9485,1022
9486,0
9487,1022
9488,0
9489,1022
9490,1022
9491,0
9492,1021
9493,0
9494,1022
9495,0
9496,1022
9497,0
9498,1022
9499,0
9500,1022
9501,0
9502,1022
9503,0
9504,1021
9505,0
9506,1022
9507,0
9508,1022
9509,0
9510,1022
9511,0
9512,0
9513,1022
9514,0
9515,1022
9516,0
9517,1021
9518,0
9519,1022
9520,0
9521,1022
9522,0
9523,1022
9524,0
9525,1022
9526,0
9527,1022
9528,0
9529,1022
9530,0
9531,1022
9532,0
9533,1021
9534,1022
9535,0
9536,1022
9537,0
9538,1022
9539,0
9540,1022
9541,0
9542,1022
9543,0
9544,1022
9545,0
9546,1022
9547,0
9548,1022
9549,0
9550,1022
9551,0
9552,1022
9553,0
9554,1022
9555,1022
9556,0
9557,1022
9558,0
9559,1022
9560,0
9561,1022
9562,0
9563,1023
9564,0
9565,1022
9566,0
9567,1022
9568,0
9569,1022
9570,0
9571,1022
9572,0
9573,1022
9574,0
9575,1021
9576,0
9577,0
9578,1021
9579,0
9580,1022
9581,0
9582,1022
9583,0
9584,1022
9585,0
9586,1022
9587,0
9588,1023
9589,0
9590,1022
9591,0
9592,1021
9593,0
9594,1021
9595,0
9596,1021
9597,0
9598,1021
9599,1022
9600,0
9601,1022
9602,0
9603,1022
9604,0
9605,1022
9606,0
9607,1021
9608,0
9609,1022
9610,0
9611,1021
9612,0
9613,1022
9614,0
9615,1022
9616,0
9617,1022
9618,0
9619,1021
9620,0
9621,0
9622,1022
9623,0
9624,1022
9625,0
9626,1022
9627,0
9628,1022
9629,0
9630,1022
9631,0
9632,1022
9633,0
9634,1022
9635,0
9636,1022
9637,0
9638,1022
9639,0
9640,1022
9641,0
9642,1022
9643,1021
9644,0
9645,1021
9646,0
9647,1022
9648,0
9649,1022
9650,0
9651,1021
9652,0
9653,1022
9654,0
9655,1021
9656,0
9657,1022
9658,0
9659,1023
9660,0
9661,1022
9662,0
9663,1022
9664,1021
9665,0
9666,1022
9667,0
9668,1022
9669,0
9670,1022
9671,0
9672,1021
9673,0
9674,1022
9675,0
9676,1023
9677,0
9678,1022
9679,0
9680,1022
9681,0
9682,1022
9683,0
9684,1022
9685,0
9686,0
9687,1022
9688,0
9689,1022
9690,0
9691,1022
9692,0
9693,1022
9694,0
9695,1022
9696,0
9697,1022
9698,0
9699,1022
9700,0
9701,1022
9702,0
9703,1022
9704,0
9705,1021
9706,0
9707,1022
9708,1022
9709,0
9710,1022
9711,0
9712,1022
9713,0
9714,1022
9715,0
9716,1022
9717,0
9718,1022
9719,0
9720,1022
9721,0
9722,1022
9723,0
9724,1022
9725,0
9726,1021
9727,0
9728,1022
9729,0
9730,0
9731,1022
9732,0
9733,1022
9734,0
9735,1022
9736,0
9737,1022
9738,0
9739,1022
9740,0
9741,1021
9742,0
9743,1022
9744,0
9745,1022
9746,0
9747,1022
9748,0
9749,1021
9750,0
9751,1022
9752,1022
9753,0
9754,1022
9755,0
9756,1022
9757,0
9758,1022
9759,0
9760,1022
9761,0
9762,1022
9763,0
9764,1022
9765,0
9766,1022
9767,0
9768,1022
9769,0
9770,1022
9771,0
9772,1022
9773,0
9774,0
9775,1022
9776,0
9777,1022
9778,0
9779,1022
9780,0
9781,1022
9782,0
9783,1022
9784,0
9785,1022
9786,0
9787,1022
9788,0
9789,1022
9790,0
9791,1022
9792,0
9793,1022
9794,0
9795,0
9796,1022
9797,0
9798,1022
9799,0
9800,1022
9801,0
9802,1021
9803,0
9804,1022
9805,0
9806,1022
9807,0
9808,1022
9809,0
9810,1022
9811,0
9812,1022
9813,0
9814,1022
9815,0
9816,1022
9817,1022
9818,0
9819,1022
9820,0
9821,1022
9822,0
9823,1021
9824,0
9825,1022
9826,0
9827,1022
9828,0
9829,1021
9830,0
9831,1022
9832,0
9833,1022
9834,0
9835,1022
9836,0
9837,1022
9838,0
9839,0
9840,1022
9841,0
9842,1022
9843,0
9844,1022
9845,0
9846,1022
9847,0
9848,1022
9849,0
9850,1022
9851,0
9852,1022
9853,0
9854,1022
9855,0
9856,1022
9857,0
9858,1022
9859,0
9860,1022
9861,1022
9862,0
9863,1022
9864,0
9865,1022
9866,0
9867,1022
9868,0
9869,1022
9870,0
9871,1022
9872,0
9873,1022
9874,0
9875,1022
9876,0
9877,1022
9878,0
9879,1022
9880,0
9881,1022
9882,0
9883,0
9884,1022
9885,0
9886,1022
9887,0
9888,1022
9889,0
9890,1022
9891,0
9892,1022
9893,0
9894,1021
9895,0
9896,1021
9897,0
9898,1022
9899,0
9900,1021
9901,0
9902,1022
9903,0
9904,1022
9905,1022
9906,0
9907,1022
9908,0
9909,1022
9910,0
9911,1022
9912,0
9913,1022
9914,0
9915,1022
9916,0
9917,1022
9918,0
9919,1022
9920,0
9921,1022
9922,0
9923,1022
9924,0
9925,1022
9926,1021
9927,0
9928,1022
9929,0
9930,1022
9931,0
9932,1022
9933,0
9934,1022
9935,0
9936,1022
9937,0
9938,1022
9939,0
9940,1022
9941,0
9942,1022
9943,0
9944,1022
9945,0
9946,1022
9947,0
9948,0
9949,1022
9950,0
9951,1022
9952,0
9953,1021
9954,0
9955,1022
9956,0
9957,1022
9958,0
9959,1022
9960,0
9961,1022
9962,0
9963,1022
9964,0
9965,1022
9966,0
9967,1022
9968,0
9969,1022
9970,1022
9971,0
9972,1022
9973,0
9974,1021
9975,0
9976,1021
9977,0
9978,1022
9979,0
9980,1022
9981,0
9982,1022
9983,0
9984,1022
9985,0
9986,1022
9987,0
9988,1021
9989,0
9990,1022
9991,0
9992,0
9993,1022
9994,0
9995,1022
9996,0
9997,1022
9998,0
9999,1022
10000,0
