1,1022
2,0
3,1022
4,0
5,1022
6,0
7,1021
8,0
9,1022
10,0
11,1022
12,0
13,1022
14,0
15,1022
16,0
17,1022
18,0
19,1022
20,0
21,1022
22,0
23,1022
24,0
25,1022
26,0
27,1022
28,0
29,1022
30,0
31,1022
32,0
33,1022
34,0
35,1022
36,0
37,1022
38,0
39,1022
40,0
41,1022
42,0
43,1022
44,0
45,1022
46,0
47,1022
48,0
49,1022
50,0
51,1022
52,0
53,1022
54,0
55,1022
56,0
57,1022
58,0
59,1022
60,0
61,1022
62,0
63,1022
64,0
65,1022
66,0
67,1022
68,0
69,1022
70,0
71,1022
72,0
73,1022
74,0
75,1022
76,0
77,1022
78,0
79,1022
80,0
81,1022
82,0
83,1022
84,0
85,1021
86,0
87,1022
88,0
89,1022
90,0
91,1022
92,0
93,1022
94,0
95,1022
96,0
97,1022
98,0
99,1022
100,0
101,1022
102,0
103,1022
104,0
105,1022
106,0
107,1022
108,0
109,1022
110,0
111,1022
112,0
113,1022
114,0
115,1022
116,0
117,1022
118,0
119,1022
120,0
121,1022
122,0
123,1022
124,0
125,1022
126,0
127,1022
128,0
129,1022
130,0
131,1022
132,0
133,1022
134,0
135,1022
136,0
137,1022
138,0
139,1022
140,0
141,1023
142,0
143,1022
144,0
145,1022
146,0
147,1022
148,0
149,1022
150,0
151,1022
152,0
153,1022
154,0
155,1022
156,0
157,1021
158,0
159,1022
160,0
161,1022
162,0
163,1022
164,0
165,1022
166,0
167,1022
168,0
169,1022
170,0
171,1022
172,0
173,1022
174,0
175,1022
176,0
177,1022
178,0
179,1022
180,0
181,1021
182,0
183,1022
184,0
185,1021
186,0
187,1022
188,0
189,1021
190,0
191,1022
192,0
193,1022
194,0
195,1022
196,0
197,1022
198,0
199,1022
200,0
201,1022
202,0
203,1022
204,0
205,1022
206,0
207,1022
208,0
209,1022
210,0
211,1022
212,0
213,1022
214,0
215,1022
216,0
217,1022
218,0
219,1022
220,0
221,1022
222,0
223,1022
224,0
225,1022
226,0
227,1022
228,0
229,1022
230,0
231,1022
232,0
233,1022
234,0
235,1021
236,0
237,1021
238,0
239,1021
240,0
241,1021
242,0
243,1022
244,0
245,1022
246,0
247,1022
248,0
249,1022
250,0
251,1021
252,0
253,1022
254,0
255,1021
256,0
257,1022
258,0
259,1022
260,0
261,1022
262,0
263,1022
264,0
265,1022
266,0
267,1022
268,0
269,1022
270,0
271,1022
272,0
273,1022
274,0
275,1022
276,0
277,1022
278,0
279,1022
280,0
281,1022
282,0
283,1022
284,0
285,1022
286,0
287,1022
288,0
289,1022
290,0
291,1022
292,0
293,1022
294,0
295,1022
296,0
297,1022
298,0
299,1022
300,0
301,1022
302,0
303,1022
304,0
305,1022
306,0
307,1022
308,0
309,1021
310,0
311,1022
312,0
313,1021
314,0
315,1021
316,0
317,1023
318,0
319,1021
320,0
321,1022
322,0
323,1022
324,0
325,1022
326,0
327,1022
328,0
329,1022
330,0
331,1022
332,0
333,1022
334,0
335,1022
336,0
337,1022
338,0
339,1022
340,0
341,1022
342,0
343,1022
344,0
345,1022
346,0
347,1022
348,0
349,1022
350,0
351,1022
352,0
353,1022
354,0
355,1022
356,0
357,1022
358,0
359,1022
360,0
361,1022
362,0
363,1022
364,0
365,1022
366,0
367,1022
368,0
369,1022
370,0
371,1022
372,0
373,1022
374,0
375,1022
376,0
377,1022
378,0
379,1022
380,0
381,1022
382,0
383,1021
384,0
385,1022
386,0
387,1022
388,0
389,1021
390,0
391,1022
392,0
393,1021
394,0
395,1022
396,0
397,1022
398,0
399,1022
400,0
401,1022
402,0
403,1021
404,0
405,1022
406,0
407,1022
408,0
409,1022
410,0
411,1022
412,0
413,1022
414,0
415,1022
416,0
417,1022
418,0
419,1022
420,0
421,1022
422,0
423,1022
424,0
425,1022
426,0
427,1022
428,0
429,1022
430,0
431,1022
432,0
433,1022
434,0
435,1022
436,0
437,1022
438,0
439,1022
440,0
441,1022
442,0
443,1022
444,0
445,1022
446,0
447,1022
448,0
449,1022
450,0
451,1022
452,0
453,1022
454,0
455,1022
456,0
457,1022
458,0
459,1022
460,0
461,1022
462,0
463,1022
464,0
465,1021
466,0
467,1021
468,0
469,1021
470,0
471,1022
472,0
473,1022
474,0
475,1022
476,0
477,1023
478,0
479,1022
480,0
481,1022
482,0
483,1022
484,0
485,1022
486,0
487,1022
488,0
489,1022
490,0
491,1022
492,0
493,1022
494,0
495,1022
496,0
497,1022
498,0
499,1022
500,0
501,1022
502,0
503,1022
504,0
505,1022
506,0
507,1022
508,0
509,1022
510,0
511,1022
512,0
513,1021
514,0
515,1022
516,0
517,1022
518,0
519,1022
520,0
521,1020
522,0
523,1022
524,0
525,1022
526,0
527,1022
528,0
529,1022
530,0
531,1022
532,0
533,1022
534,0
535,1022
536,0
537,1021
538,0
539,1022
540,0
541,1021
542,0
543,1022
544,0
545,1022
546,0
547,1022
548,0
549,1022
550,0
551,1022
552,0
553,1022
554,0
555,1022
556,0
557,1022
558,0
559,1023
560,0
561,1022
562,0
563,1022
564,0
565,1022
566,0
567,1022
568,0
569,1022
570,0
571,1022
572,0
573,1022
574,0
575,1022
576,0
577,1022
578,0
579,1022
580,0
581,1022
582,0
583,1022
584,0
585,1022
586,0
587,1022
588,0
589,1022
590,0
591,1022
592,0
593,1022
594,0
595,1022
596,0
597,1022
598,0
599,1022
600,0
601,1022
602,0
603,1022
604,0
605,1022
606,0
607,1022
608,0
609,1022
610,0
611,1022
612,0
613,1022
614,0
615,1022
616,0
617,1021
618,0
619,1021
620,0
621,1022
622,0
623,1022
624,0
625,1023
626,0
627,1022
628,0
629,1022
630,0
631,1022
632,0
633,1022
634,0
635,1022
636,0
637,1022
638,0
639,1022
640,0
641,1022
642,0
643,1022
644,0
645,1022
646,0
647,1022
648,0
649,1022
650,0
651,1022
652,0
653,1022
654,0
655,1022
656,0
657,1022
658,0
659,1022
660,0
661,1021
662,0
663,1021
664,0
665,1022
666,0
667,1022
668,0
669,1022
670,0
671,1022
672,0
673,1022
674,0
675,1022
676,0
677,1022
678,0
679,1022
680,0
681,1021
682,0
683,1022
684,0
685,1022
686,0
687,1022
688,0
689,1022
690,0
691,1022
692,0
693,1022
694,0
695,1021
696,0
697,1021
698,0
699,1022
700,0
701,1022
702,0
703,1022
704,0
705,1022
706,0
707,1022
708,0
709,1022
710,0
711,1022
712,0
713,1022
714,0
715,1022
716,0
717,1022
718,0
719,1022
720,0
721,1022
722,0
723,1023
724,0
725,1022
726,0
727,1022
728,0
729,1022
730,0
731,1022
732,0
733,1022
734,0
735,1022
736,0
737,1022
738,0
739,1022
740,0
741,1022
742,0
743,1022
744,0
745,1022
746,0
747,1022
748,0
749,1022
750,0
751,1022
752,0
753,1022
754,0
755,1022
756,0
757,1022
758,0
759,1022
760,0
761,1022
762,0
763,1022
764,0
765,1022
766,0
767,1022
768,0
769,1022
770,0
771,1022
772,0
773,1022
774,0
775,1022
776,0
777,1021
778,0
779,1021
780,0
781,1022
782,0
783,1022
784,0
785,1022
786,0
787,1022
788,0
789,1022
790,0
791,1022
792,0
793,1022
794,0
795,1022
796,0
797,1022
798,0
799,1022
800,0
801,1022
802,0
803,1022
804,0
805,1022
806,0
807,1022
808,0
809,1022
810,0
811,1022
812,0
813,1022
814,0
815,1022
816,0
817,1022
818,0
819,1022
820,0
821,1022
822,0
823,1022
824,0
825,1022
826,0
827,1022
828,0
829,1022
830,0
831,1022
832,0
833,1022
834,0
835,1022
836,0
837,1022
838,0
839,1022
840,0
841,1021
842,0
843,1022
844,0
845,1022
846,0
847,1021
848,0
849,1022
850,0
851,1021
852,0
853,1022
854,0
855,1022
856,0
857,1022
858,0
859,1022
860,0
861,1022
862,0
863,1022
864,0
865,1022
866,0
867,1022
868,0
869,1022
870,0
871,1022
872,0
873,1022
874,0
875,1022
876,0
877,1022
878,0
879,1022
880,0
881,1022
882,0
883,1022
884,0
885,1022
886,0
887,1022
888,0
889,1022
890,0
891,1022
892,0
893,1022
894,0
895,1022
896,0
897,1022
898,0
899,1022
900,0
901,1022
902,0
903,1022
904,0
905,1022
906,0
907,1022
908,0
909,1023
910,0
911,1022
912,0
913,1022
914,0
915,1022
916,0
917,1022
918,0
919,1022
920,0
921,1021
922,0
923,1022
924,0
925,1021
926,0
927,1022
928,0
929,1022
930,0
931,1022
932,0
933,1022
934,0
935,1022
936,0
937,1022
938,0
939,1022
940,0
941,1022
942,0
943,1022
944,0
945,1022
946,0
947,1022
948,0
949,1022
950,0
951,1022
952,0
953,1022
954,0
955,1022
956,0
957,1022
958,0
959,1022
960,0
961,1022
962,0
963,1022
964,0
965,1022
966,0
967,1022
968,0
969,1022
970,0
971,1022
972,0
973,1022
974,0
975,1022
976,0
977,1022
978,0
979,1022
980,0
981,1022
982,0
983,1022
984,0
985,1022
986,0
987,1021
988,0
989,1022
990,0
991,1022
992,0
993,1022
994,0
995,1021
996,0
997,1023
998,0
999,1021
1000,0
1001,1022
1002,0
1003,1021
1004,0
1005,1022
1006,0
1007,1022
1008,0
1009,1022
1010,0
1011,1022
1012,0
1013,1022
1014,0
1015,1022
1016,0
1017,1022
1018,0
1019,1021
1020,0
1021,1022
1022,0
1023,1022
1024,0
1025,1022
1026,0
1027,1022
1028,0
1029,1022
1030,0
1031,1022
1032,0
1033,1022
1034,0
1035,1022
1036,0
1037,1022
1038,0
1039,1022
1040,0
1041,1022
1042,0
1043,1022
1044,0
1045,1022
1046,0
1047,1022
1048,0
1049,1022
1050,0
1051,1022
1052,0
1053,1022
1054,0
1055,1022
1056,0
1057,1022
1058,0
1059,1022
1060,0
1061,1022
1062,0
1063,1022
1064,0
1065,1022
1066,0
1067,1022
1068,0
1069,1022
1070,0
1071,1022
1072,0
1073,1022
1074,0
1075,1022
1076,0
1077,1021
1078,0
1079,1022
1080,0
1081,1022
1082,0
1083,1022
1084,0
1085,1022
1086,0
1087,1022
1088,0
1089,1022
1090,0
1091,1022
1092,0
1093,1022
1094,0
1095,1022
1096,0
1097,1022
1098,0
1099,1022
1100,0
1101,1022
1102,0
1103,1022
1104,0
1105,1022
1106,0
1107,1022
1108,0
1109,1022
1110,0
1111,1022
1112,0
1113,1022
1114,0
1115,1022
1116,0
1117,1022
1118,0
1119,1022
1120,0
1121,1021
1122,0
1123,1022
1124,0
1125,1022
1126,0
1127,1022
1128,0
1129,1022
1130,0
1131,1022
1132,0
1133,1022
1134,0
1135,1021
1136,0
1137,1022
1138,0
1139,1022
1140,0
1141,1022
1142,0
1143,1022
1144,0
1145,1022
1146,0
1147,1021
1148,0
1149,1021
1150,0
1151,1022
1152,0
1153,1022
1154,0
1155,1023
1156,0
1157,1022
1158,0
1159,1022
1160,0
1161,1022
1162,0
1163,1022
1164,0
1165,1022
1166,0
1167,1023
1168,0
1169,1022
1170,0
1171,1022
1172,0
1173,1022
1174,0
1175,1022
1176,0
1177,1021
1178,0
1179,1022
1180,0
1181,1022
1182,0
1183,1022
1184,0
1185,1022
1186,0
1187,1022
1188,0
1189,1022
1190,0
1191,1022
1192,0
1193,1022
1194,0
1195,1022
1196,0
1197,1023
1198,0
1199,1022
1200,0
1201,1022
1202,0
1203,1022
1204,0
1205,1022
1206,0
1207,1022
1208,0
1209,1022
1210,0
1211,1022
1212,0
1213,1022
1214,0
1215,1022
1216,0
1217,1022
1218,0
1219,1022
1220,0
1221,1023
1222,0
1223,1022
1224,0
1225,1021
1226,0
1227,1021
1228,0
1229,1021
1230,0
1231,1021
1232,0
1233,1021
1234,0
1235,1022
1236,0
1237,1022
1238,0
1239,1022
1240,0
1241,1022
1242,0
1243,1022
1244,0
1245,1022
1246,0
1247,1022
1248,0
1249,1022
1250,0
1251,1022
1252,0
1253,1021
1254,0
1255,1022
1256,0
1257,1022
1258,0
1259,1022
1260,0
1261,1022
1262,0
1263,1022
1264,0
1265,1022
1266,0
1267,1022
1268,0
1269,1022
1270,0
1271,1022
1272,0
1273,1022
1274,0
1275,1022
1276,0
1277,1022
1278,0
1279,1022
1280,0
1281,1022
1282,0
1283,1022
1284,0
1285,1022
1286,0
1287,1022
1288,0
1289,1022
1290,0
1291,1022
1292,0
1293,1022
1294,0
1295,1022
1296,0
1297,1022
1298,0
1299,1022
1300,0
1301,1021
1302,0
1303,1021
1304,0
1305,1022
1306,0
1307,1022
1308,0
1309,1022
1310,0
1311,1022
1312,0
1313,1022
1314,0
1315,1022
1316,0
1317,1022
1318,0
1319,1022
1320,0
1321,1022
1322,0
1323,1022
1324,0
1325,1021
1326,0
1327,1022
1328,0
1329,1021
1330,0
1331,1022
1332,0
1333,1022
1334,0
1335,1022
1336,0
1337,1022
1338,0
1339,1022
1340,0
1341,1022
1342,0
1343,1022
1344,0
1345,1022
1346,0
1347,1022
1348,0
1349,1022
1350,0
1351,1022
1352,0
1353,1022
1354,0
1355,1022
1356,0
1357,1022
1358,0
1359,1022
1360,0
1361,1022
1362,0
1363,1022
1364,0
1365,1022
1366,0
1367,1022
1368,0
1369,1022
1370,0
1371,1022
1372,0
1373,1022
1374,0
1375,1022
1376,0
1377,1022
1378,0
1379,1022
1380,0
1381,1022
1382,0
1383,1021
1384,0
1385,1022
1386,0
1387,1022
1388,0
1389,1022
1390,0
1391,1022
1392,0
1393,1022
1394,0
1395,1022
1396,0
1397,1022
1398,0
1399,1022
1400,0
1401,1022
1402,0
1403,1022
1404,0
1405,1022
1406,0
1407,1022
1408,0
1409,1023
1410,0
1411,1022
1412,0
1413,1022
1414,0
1415,1022
1416,0
1417,1022
1418,0
1419,1022
1420,0
1421,1022
1422,0
1423,1022
1424,0
1425,1022
1426,0
1427,1022
1428,0
1429,1022
1430,0
1431,1022
1432,0
1433,1022
1434,0
1435,1022
1436,0
1437,1022
1438,0
1439,1022
1440,0
1441,1022
1442,0
1443,1022
1444,0
1445,1022
1446,0
1447,1022
1448,0
1449,1022
1450,0
1451,1022
1452,0
1453,1022
1454,0
1455,1022
1456,0
1457,1022
1458,0
1459,1022
1460,0
1461,1022
1462,0
1463,1022
1464,0
1465,1022
1466,0
1467,1022
1468,0
1469,1022
1470,0
1471,1022
1472,0
1473,1022
1474,0
1475,1022
1476,0
1477,1022
1478,0
1479,1022
1480,0
1481,1022
1482,0
1483,1022
1484,0
1485,1022
1486,0
1487,1022
1488,0
1489,1022
1490,0
1491,1022
1492,0
1493,1022
1494,0
1495,1022
1496,0
1497,1022
1498,0
1499,1022
1500,0
1501,1022
1502,0
1503,1022
1504,0
1505,1022
1506,0
1507,1022
1508,0
1509,1022
1510,0
1511,1022
1512,0
1513,1022
1514,0
1515,1022
1516,0
1517,1022
1518,0
1519,1022
1520,0
1521,1022
1522,0
1523,1022
1524,0
1525,1022
1526,0
1527,1022
1528,0
1529,1022
1530,0
1531,1022
1532,0
1533,1022
1534,0
1535,1022
1536,0
1537,1023
1538,0
1539,1022
1540,0
1541,1022
1542,0
1543,1022
1544,0
1545,1022
1546,0
1547,1022
1548,0
1549,1022
1550,0
1551,1022
1552,0
1553,1022
1554,0
1555,1021
1556,0
1557,1022
1558,0
1559,1022
1560,0
1561,1022
1562,0
1563,1021
1564,0
1565,1022
1566,0
1567,1022
1568,0
1569,1022
1570,0
1571,1022
1572,0
1573,1022
1574,0
1575,1022
1576,0
1577,1022
1578,0
1579,1022
1580,0
1581,1022
1582,0
1583,1022
1584,0
1585,1022
1586,0
1587,1022
1588,0
1589,1022
1590,0
1591,1022
1592,0
1593,1022
1594,0
1595,1022
1596,0
1597,1022
1598,0
1599,1022
1600,0
1601,1022
1602,0
1603,1022
1604,0
1605,1022
1606,0
1607,1022
1608,0
1609,1021
1610,0
1611,1022
1612,0
1613,1022
1614,0
1615,1022
1616,0
1617,1022
1618,0
1619,1021
1620,0
1621,1022
1622,0
1623,1022
1624,0
1625,1022
1626,0
1627,1022
1628,0
1629,1022
1630,0
1631,1022
1632,0
1633,1022
1634,0
1635,1021
1636,0
1637,1022
1638,0
1639,1022
1640,0
1641,1022
1642,0
1643,1022
1644,0
1645,1022
1646,0
1647,1022
1648,0
1649,1022
1650,0
1651,1022
1652,0
1653,1022
1654,0
1655,1022
1656,0
1657,1022
1658,0
1659,1022
1660,0
1661,1022
1662,0
1663,1022
1664,0
1665,1023
1666,0
1667,1022
1668,0
1669,1022
1670,0
1671,1022
1672,0
1673,1022
1674,0
1675,1022
1676,0
1677,1022
1678,0
1679,1022
1680,0
1681,1022
1682,0
1683,1022
1684,0
1685,1022
1686,0
1687,1022
1688,0
1689,1022
1690,0
1691,1023
1692,0
1693,1022
1694,0
1695,1022
1696,0
1697,1022
1698,0
1699,1022
1700,0
1701,1022
1702,0
1703,1022
1704,0
1705,1022
1706,0
1707,1022
1708,0
1709,1021
1710,0
1711,1022
1712,0
1713,1022
1714,0
1715,1022
1716,0
1717,1022
1718,0
1719,1022
1720,0
1721,1022
1722,0
1723,1022
1724,0
1725,1022
1726,0
1727,1022
1728,0
1729,1022
1730,0
1731,1022
1732,0
1733,1022
1734,0
1735,1022
1736,0
1737,1022
1738,0
1739,1022
1740,0
1741,1022
1742,0
1743,1021
1744,0
1745,1022
1746,0
1747,1022
1748,0
1749,1021
1750,0
1751,1022
1752,0
1753,1021
1754,0
1755,1022
1756,0
1757,1022
1758,0
1759,1022
1760,0
1761,1022
1762,0
1763,1022
1764,0
1765,1022
1766,0
1767,1022
1768,0
1769,1022
1770,0
1771,1023
1772,0
1773,1022
1774,0
1775,1022
1776,0
1777,1022
1778,0
1779,1022
1780,0
1781,1022
1782,0
1783,1021
1784,0
1785,1022
1786,0
1787,1022
1788,0
1789,1022
1790,0
1791,1022
1792,0
1793,1021
1794,0
1795,1022
1796,0
1797,1022
1798,0
1799,1022
1800,0
1801,1022
1802,0
1803,1022
1804,0
1805,1022
1806,0
1807,1022
1808,0
1809,1022
1810,0
1811,1022
1812,0
1813,1022
1814,0
1815,1023
1816,0
1817,1022
1818,0
1819,1022
1820,0
1821,1022
1822,0
1823,1022
1824,0
1825,1022
1826,0
1827,1021
1828,0
1829,1022
1830,0
1831,1022
1832,0
1833,1022
1834,0
1835,1022
1836,0
1837,1022
1838,0
1839,1022
1840,0
1841,1022
1842,0
1843,1022
1844,0
1845,1021
1846,0
1847,1022
1848,0
1849,1021
1850,0
1851,1022
1852,0
1853,1022
1854,0
1855,1023
1856,0
1857,1022
1858,0
1859,1022
1860,0
1861,1022
1862,0
1863,1022
1864,0
1865,1022
1866,0
1867,1022
1868,0
1869,1022
1870,0
1871,1022
1872,0
1873,1022
1874,0
1875,1022
1876,0
1877,1022
1878,0
1879,1022
1880,0
1881,1022
1882,0
1883,1022
1884,0
1885,1022
1886,0
1887,1022
1888,0
1889,1022
1890,0
1891,1022
1892,0
1893,1022
1894,0
1895,1022
1896,0
1897,1022
1898,0
1899,1022
1900,0
1901,1022
1902,0
1903,1022
1904,0
1905,1022
1906,0
1907,1022
1908,0
1909,1022
1910,0
1911,1022
1912,0
1913,1022
1914,0
1915,1022
1916,0
1917,1022
1918,0
1919,1022
1920,0
1921,1022
1922,0
1923,1022
1924,0
1925,1022
1926,0
1927,1022
1928,0
1929,1022
1930,0
1931,1021
1932,0
1933,1022
1934,0
1935,1022
1936,0
1937,1022
1938,0
1939,1022
1940,0
1941,1022
1942,0
1943,1022
1944,0
1945,1022
1946,0
1947,1022
1948,0
1949,1022
1950,0
1951,1022
1952,0
1953,1022
1954,0
1955,1022
1956,0
1957,1022
1958,0
1959,1023
1960,0
1961,1022
1962,0
1963,1022
1964,0
1965,1022
1966,0
1967,1022
1968,0
1969,1022
1970,0
1971,1022
1972,0
1973,1022
1974,0
1975,1022
1976,0
1977,1022
1978,0
1979,1022
1980,0
1981,1022
1982,0
1983,1022
1984,0
1985,1022
1986,0
1987,1022
1988,0
1989,1023
1990,0
1991,1021
1992,0
1993,1022
1994,0
1995,1022
1996,0
1997,1022
1998,0
1999,1021
2000,0
2001,1022
2002,0
2003,1022
2004,0
2005,1022
2006,0
2007,1022
2008,0
2009,1022
2010,0
2011,1022
2012,0
2013,1022
2014,0
2015,1022
2016,0
2017,1022
2018,0
2019,1022
2020,0
2021,1022
2022,0
2023,1022
2024,0
2025,1022
2026,0
2027,1022
2028,0
2029,1022
2030,0
2031,1022
2032,0
2033,1022
2034,0
2035,1022
2036,0
2037,1022
2038,0
2039,1022
2040,0
2041,1021
2042,0
2043,1022
2044,0
2045,1022
2046,0
2047,1022
2048,0
2049,1022
2050,0
2051,1022
2052,0
2053,1022
2054,0
2055,1021
2056,0
2057,1021
2058,0
2059,1022
2060,0
2061,1022
2062,0
2063,1022
2064,0
2065,1023
2066,0
2067,1022
2068,0
2069,1021
2070,0
2071,1021
2072,0
2073,1022
2074,0
2075,1022
2076,0
2077,1021
2078,0
2079,1022
2080,0
2081,1022
2082,0
2083,1022
2084,0
2085,1022
2086,0
2087,1022
2088,0
2089,1022
2090,0
2091,1022
2092,0
2093,1022
2094,0
2095,1022
2096,0
2097,1021
2098,0
2099,1022
2100,0
2101,1021
2102,0
2103,1022
2104,0
2105,1022
2106,0
2107,1022
2108,0
2109,1022
2110,0
2111,1022
2112,0
2113,1022
2114,0
2115,1022
2116,0
2117,1022
2118,0
2119,1022
2120,0
2121,1022
2122,0
2123,1022
2124,0
2125,1022
2126,0
2127,1022
2128,0
2129,1021
2130,0
2131,1022
2132,0
2133,1022
2134,0
2135,1022
2136,0
2137,1023
2138,0
2139,1023
2140,0
2141,1021
2142,0
2143,1021
2144,0
2145,1022
2146,0
2147,1022
2148,0
2149,1022
2150,0
2151,1022
2152,0
2153,1022
2154,0
2155,1022
2156,0
2157,1022
2158,0
2159,1022
2160,0
2161,1022
2162,0
2163,1022
2164,0
2165,1022
2166,0
2167,1022
2168,0
2169,1022
2170,0
2171,1022
2172,0
2173,1022
2174,0
2175,1022
2176,0
2177,1022
2178,0
2179,1022
2180,0
2181,1022
2182,0
2183,1022
2184,0
2185,1022
2186,0
2187,1022
2188,0
2189,1022
2190,0
2191,1022
2192,0
2193,1022
2194,0
2195,1022
2196,0
2197,1022
2198,0
2199,1022
2200,0
2201,1022
2202,0
2203,1022
2204,0
2205,1022
2206,0
2207,1022
2208,0
2209,1022
2210,0
2211,1022
2212,0
2213,1022
2214,0
2215,1021
2216,0
2217,1021
2218,0
2219,1022
2220,0
2221,1022
2222,0
2223,1021
2224,0
2225,1022
2226,0
2227,1022
2228,0
2229,1022
2230,0
2231,1022
2232,0
2233,1022
2234,0
2235,1022
2236,0
2237,1022
2238,0
2239,1022
2240,0
2241,1022
2242,0
2243,1022
2244,0
2245,1022
2246,0
2247,1022
2248,0
2249,1022
2250,0
2251,1022
2252,0
2253,1022
2254,0
2255,1022
2256,0
2257,1022
2258,0
2259,1022
2260,0
2261,1022
2262,0
2263,1021
2264,0
2265,1022
2266,0
2267,1022
2268,0
2269,1022
2270,0
2271,1022
2272,0
2273,1022
2274,0
2275,1022
2276,0
2277,1022
2278,0
2279,1022
2280,0
2281,1022
2282,0
2283,1022
2284,0
2285,1022
2286,0
2287,1022
2288,0
2289,1023
2290,0
2291,1022
2292,0
2293,1021
2294,0
2295,1021
2296,0
2297,1021
2298,0
2299,1022
2300,0
2301,1022
2302,0
2303,1022
2304,0
2305,1022
2306,0
2307,1022
2308,0
2309,1022
2310,0
2311,1022
2312,0
2313,1022
2314,0
2315,1022
2316,0
2317,1022
2318,0
2319,1022
2320,0
2321,1022
2322,0
2323,1021
2324,0
2325,1022
2326,0
2327,1022
2328,0
2329,1022
2330,0
2331,1022
2332,0
2333,1022
2334,0
2335,1022
2336,0
2337,1022
2338,0
2339,1022
2340,0
2341,1021
2342,0
2343,1022
2344,0
2345,1022
2346,0
2347,1021
2348,0
2349,1022
2350,0
2351,1022
2352,0
2353,1022
2354,0
2355,1022
2356,0
2357,1022
2358,0
2359,1022
2360,0
2361,1022
2362,0
2363,1022
2364,0
2365,1021
2366,0
2367,1022
2368,0
2369,1022
2370,0
2371,1022
2372,0
2373,1022
2374,0
2375,1022
2376,0
2377,1022
2378,0
2379,1022
2380,0
2381,1022
2382,0
2383,1022
2384,0
2385,1022
2386,0
2387,1022
2388,0
2389,1022
2390,0
2391,1022
2392,0
2393,1022
2394,0
2395,1022
2396,0
2397,1022
2398,0
2399,1021
2400,0
2401,1022
2402,0
2403,1022
2404,0
2405,1022
2406,0
2407,1022
2408,0
2409,1022
2410,0
2411,1021
2412,0
2413,1022
2414,0
2415,1022
2416,0
2417,1022
2418,0
2419,1022
2420,0
2421,1022
2422,0
2423,1022
2424,0
2425,1022
2426,0
2427,1022
2428,0
2429,1022
2430,0
2431,1022
2432,0
2433,1022
2434,0
2435,1022
2436,0
2437,1022
2438,0
2439,1022
2440,0
2441,1022
2442,0
2443,1022
2444,0
2445,1022
2446,0
2447,1022
2448,0
2449,1021
2450,0
2451,1022
2452,0
2453,1021
2454,0
2455,1022
2456,0
2457,1022
2458,0
2459,1022
2460,0
2461,1022
2462,0
2463,1022
2464,0
2465,1022
2466,0
2467,1022
2468,0
2469,1022
2470,0
2471,1022
2472,0
2473,1022
2474,0
2475,1022
2476,0
2477,1021
2478,0
2479,1022
2480,0
2481,1022
2482,0
2483,1022
2484,0
2485,1022
2486,0
2487,1022
2488,0
2489,1022
2490,0
2491,1022
2492,0
2493,1022
2494,0
2495,1022
2496,0
2497,1022
2498,0
2499,1022
2500,0
2501,1022
2502,0
2503,1022
2504,0
2505,1022
2506,0
2507,1022
2508,0
2509,1022
2510,0
2511,1022
2512,0
2513,1022
2514,0
2515,1022
2516,0
2517,1022
2518,0
2519,1022
2520,0
2521,1022
2522,0
2523,1021
2524,0
2525,1022
2526,0
2527,1022
2528,0
2529,1022
2530,0
2531,1022
2532,0
2533,1022
2534,0
2535,1022
2536,0
2537,1022
2538,0
2539,1022
2540,0
2541,1022
2542,0
2543,1022
2544,0
2545,1022
2546,0
2547,1022
2548,0
2549,1022
2550,0
2551,1021
2552,0
2553,1021
2554,0
2555,1022
2556,0
2557,1021
2558,0
2559,1022
2560,0
2561,1022
2562,0
2563,1022
2564,0
2565,1022
2566,0
2567,1022
2568,0
2569,1022
2570,0
2571,1022
2572,0
2573,1022
2574,0
2575,1022
2576,0
2577,1022
2578,0
2579,1022
2580,0
2581,1022
2582,0
2583,1022
2584,0
2585,1022
2586,0
2587,1022
2588,0
2589,1022
2590,0
2591,1022
2592,0
2593,1023
2594,0
2595,1022
2596,0
2597,1021
2598,0
2599,1022
2600,0
2601,1022
2602,0
2603,1022
2604,0
2605,1022
2606,0
2607,1022
2608,0
2609,1022
2610,0
2611,1022
2612,0
2613,1022
2614,0
2615,1022
2616,0
2617,1022
2618,0
2619,1021
2620,0
2621,1022
2622,0
2623,1022
2624,0
2625,1022
2626,0
2627,1022
2628,0
2629,1022
2630,0
2631,1022
2632,0
2633,1022
2634,0
2635,1022
2636,0
2637,1022
2638,0
2639,1022
2640,0
2641,1022
2642,0
2643,1022
2644,0
2645,1022
2646,0
2647,1022
2648,0
2649,1022
2650,0
2651,1022
2652,0
2653,1022
2654,0
2655,1022
2656,0
2657,1022
2658,0
2659,1022
2660,0
2661,1022
2662,0
2663,1022
2664,0
2665,1022
2666,0
2667,1022
2668,0
2669,1022
2670,0
2671,1022
2672,0
2673,1021
2674,0
2675,1022
2676,0
2677,1021
2678,0
2679,1021
2680,0
2681,1021
2682,0
2683,1021
2684,0
2685,1022
2686,0
2687,1021
2688,0
2689,1022
2690,0
2691,1022
2692,0
2693,1021
2694,0
2695,1022
2696,0
2697,1022
2698,0
2699,1022
2700,0
2701,1022
2702,0
2703,1021
2704,0
2705,1022
2706,0
2707,1022
2708,0
2709,1022
2710,0
2711,1022
2712,0
2713,1022
2714,0
2715,1022
2716,0
2717,1022
2718,0
2719,1022
2720,0
2721,1022
2722,0
2723,1022
2724,0
2725,1022
2726,0
2727,1022
2728,0
2729,1022
2730,0
2731,1022
2732,0
2733,1022
2734,0
2735,1022
2736,0
2737,1022
2738,0
2739,1022
2740,0
2741,1022
2742,0
2743,1022
2744,0
2745,1022
2746,0
2747,1022
2748,0
2749,1022
2750,0
2751,1022
2752,0
2753,1022
2754,0
2755,1022
2756,0
2757,1021
2758,0
2759,1022
2760,0
2761,1021
2762,0
2763,1022
2764,0
2765,1022
2766,0
2767,1022
2768,0
2769,1022
2770,0
2771,1022
2772,0
2773,1022
2774,0
2775,1022
2776,0
2777,1022
2778,0
2779,1022
2780,0
2781,1021
2782,0
2783,1022
2784,0
2785,1022
2786,0
2787,1022
2788,0
2789,1022
2790,0
2791,1021
2792,0
2793,1022
2794,0
2795,1023
2796,0
2797,1022
2798,0
2799,1021
2800,0
2801,1022
2802,0
2803,1022
2804,0
2805,1022
2806,0
2807,1022
2808,0
2809,1022
2810,0
2811,1022
2812,0
2813,1022
2814,0
2815,1022
2816,0
2817,1022
2818,0
2819,1022
2820,0
2821,1022
2822,0
2823,1022
2824,0
2825,1021
2826,0
2827,1021
2828,0
2829,1021
2830,0
2831,1022
2832,0
2833,1021
2834,0
2835,1022
2836,0
2837,1022
2838,0
2839,1022
2840,0
2841,1022
2842,0
2843,1022
2844,0
2845,1022
2846,0
2847,1022
2848,0
2849,1022
2850,0
2851,1022
2852,0
2853,1022
2854,0
2855,1022
2856,0
2857,1022
2858,0
2859,1022
2860,0
2861,1022
2862,0
2863,1022
2864,0
2865,1021
2866,0
2867,1022
2868,0
2869,1022
2870,0
2871,1022
2872,0
2873,1022
2874,0
2875,1022
2876,0
2877,1022
2878,0
2879,1022
2880,0
2881,1022
2882,0
2883,1022
2884,0
2885,1022
2886,0
2887,1022
2888,0
2889,1022
2890,0
2891,1022
2892,0
2893,1022
2894,0
2895,1022
2896,0
2897,1022
2898,0
2899,1022
2900,0
2901,1021
2902,0
2903,1022
2904,0
2905,1022
2906,0
2907,1022
2908,0
2909,1022
2910,0
2911,1022
2912,0
2913,1021
2914,0
2915,1022
2916,0
2917,1022
2918,0
2919,1023
2920,0
2921,1021
2922,0
2923,1022
2924,0
2925,1022
2926,0
2927,1022
2928,0
2929,1022
2930,0
2931,1021
2932,0
2933,1021
2934,0
2935,1022
2936,0
2937,1022
2938,0
2939,1022
2940,0
2941,1022
2942,0
2943,1022
2944,0
2945,1022
2946,0
2947,1022
2948,0
2949,1022
2950,0
2951,1022
2952,0
2953,1022
2954,0
2955,1021
2956,0
2957,1022
2958,0
2959,1022
2960,0
2961,1022
2962,0
2963,1022
2964,0
2965,1022
2966,0
2967,1022
2968,0
2969,1022
2970,0
2971,1021
2972,0
2973,1022
2974,0
2975,1022
2976,0
2977,1022
2978,0
2979,1022
2980,0
2981,1022
2982,0
2983,1022
2984,0
2985,1022
2986,0
2987,1022
2988,0
2989,1022
2990,0
2991,1022
2992,0
2993,1022
2994,0
2995,1022
2996,0
2997,1022
2998,0
2999,1022
3000,0
3001,1022
3002,0
3003,1022
3004,0
3005,1022
3006,0
3007,1022
3008,0
3009,1021
3010,0
3011,1021
3012,0
3013,1022
3014,0
3015,1022
3016,0
3017,1022
3018,0
3019,1022
3020,0
3021,1022
3022,0
3023,1022
3024,0
3025,1022
3026,0
3027,1022
3028,0
3029,1022
3030,0
3031,1021
3032,0
3033,1021
3034,0
3035,1022
3036,0
3037,1022
3038,0
3039,1022
3040,0
3041,1022
3042,0
3043,1022
3044,0
3045,1021
3046,0
3047,1022
3048,0
3049,1022
3050,0
3051,1022
3052,0
3053,1022
3054,0
3055,1022
3056,0
3057,1022
3058,0
3059,1022
3060,0
3061,1022
3062,0
3063,1022
3064,0
3065,1022
3066,0
3067,1022
3068,0
3069,1022
3070,0
3071,1022
3072,0
3073,1022
3074,0
3075,1022
3076,0
3077,1022
3078,0
3079,1022
3080,0
3081,1022
3082,0
3083,1022
3084,0
3085,1022
3086,0
3087,1021
3088,0
3089,1022
3090,0
3091,1022
3092,0
3093,1022
3094,0
3095,1022
3096,0
3097,1022
3098,0
3099,1022
3100,0
3101,1022
3102,0
3103,1022
3104,0
3105,1022
3106,0
3107,1022
3108,0
3109,1022
3110,0
3111,1022
3112,0
3113,1022
3114,0
3115,1022
3116,0
3117,1022
3118,0
3119,1022
3120,0
3121,1022
3122,0
3123,1022
3124,0
3125,1022
3126,0
3127,1022
3128,0
3129,1022
3130,0
3131,1021
3132,0
3133,1022
3134,0
3135,1022
3136,0
3137,1021
3138,0
3139,1022
3140,0
3141,1022
3142,0
3143,1022
3144,0
3145,1022
3146,0
3147,1022
3148,0
3149,1022
3150,0
3151,1022
3152,0
3153,1022
3154,0
3155,1022
3156,0
3157,1022
3158,0
3159,1022
3160,0
3161,1022
3162,0
3163,1022
3164,0
3165,1021
3166,0
3167,1021
3168,0
3169,1022
3170,0
3171,1022
3172,0
3173,1022
3174,0
3175,1022
3176,0
3177,1022
3178,0
3179,1022
3180,0
3181,1022
3182,0
3183,1022
3184,0
3185,1022
3186,0
3187,1022
3188,0
3189,1022
3190,0
3191,1022
3192,0
3193,1022
3194,0
3195,1022
3196,0
3197,1022
3198,0
3199,1022
3200,0
3201,1022
3202,0
3203,1022
3204,0
3205,1022
3206,0
3207,1022
3208,0
3209,1022
3210,0
3211,1022
3212,0
3213,1022
3214,0
3215,1022
3216,0
3217,1022
3218,0
3219,1022
3220,0
3221,1022
3222,0
3223,1022
3224,0
3225,1022
3226,0
3227,1022
3228,0
3229,1022
3230,0
3231,1022
3232,0
3233,1022
3234,0
3235,1022
3236,0
3237,1022
3238,0
3239,1022
3240,0
3241,1022
3242,0
3243,1022
3244,0
3245,1022
3246,0
3247,1022
3248,0
3249,1022
3250,0
3251,1022
3252,0
3253,1022
3254,0
3255,1022
3256,0
3257,1022
3258,0
3259,1022
3260,0
3261,1022
3262,0
3263,1022
3264,0
3265,1022
3266,0
3267,1022
3268,0
3269,1022
3270,0
3271,1022
3272,0
3273,1022
3274,0
3275,1022
3276,0
3277,1022
3278,0
3279,1022
3280,0
3281,1022
3282,0
3283,1022
3284,0
3285,1022
3286,0
3287,1022
3288,0
3289,1022
3290,0
3291,1022
3292,0
3293,1022
3294,0
3295,1022
3296,0
3297,1021
3298,0
3299,1022
3300,0
3301,1022
3302,0
3303,1022
3304,0
3305,1022
3306,0
3307,1022
3308,0
3309,1022
3310,0
3311,1022
3312,0
3313,1022
3314,0
3315,1021
3316,0
3317,1021
3318,0
3319,1022
3320,0
3321,1022
3322,0
3323,1022
3324,0
3325,1022
3326,0
3327,1022
3328,0
3329,1022
3330,0
3331,1022
3332,0
3333,1022
3334,0
3335,1022
3336,0
3337,1022
3338,0
3339,1022
3340,0
3341,1022
3342,0
3343,1022
3344,0
3345,1022
3346,0
3347,1022
3348,0
3349,1022
3350,0
3351,1022
3352,0
3353,1022
3354,0
3355,1021
3356,0
3357,1022
3358,0
3359,1022
3360,0
3361,1022
3362,0
3363,1022
3364,0
3365,1021
3366,0
3367,1022
3368,0
3369,1022
3370,0
3371,1022
3372,0
3373,1022
3374,0
3375,1022
3376,0
3377,1022
3378,0
3379,1022
3380,0
3381,1021
3382,0
3383,1022
3384,0
3385,1022
3386,0
3387,1022
3388,0
3389,1021
3390,0
3391,1021
3392,0
3393,1021
3394,0
3395,1022
3396,0
3397,1022
3398,0
3399,1022
3400,0
3401,1022
3402,0
3403,1022
3404,0
3405,1022
3406,0
3407,1022
3408,0
3409,1022
3410,0
3411,1022
3412,0
3413,1022
3414,0
3415,1022
3416,0
3417,1022
3418,0
3419,1022
3420,0
3421,1022
3422,0
3423,1022
3424,0
3425,1022
3426,0
3427,1022
3428,0
3429,1022
3430,0
3431,1022
3432,0
3433,1022
3434,0
3435,1022
3436,0
3437,1022
3438,0
3439,1022
3440,0
3441,1021
3442,0
3443,1021
3444,0
3445,1021
3446,0
3447,1022
3448,0
3449,1022
3450,0
3451,1022
3452,0
3453,1022
3454,0
3455,1022
3456,0
3457,1022
3458,0
3459,1022
3460,0
3461,1022
3462,0
3463,1022
3464,0
3465,1022
3466,0
3467,1022
3468,0
3469,1022
3470,0
3471,1022
3472,0
3473,1022
3474,0
3475,1022
3476,0
3477,1022
3478,0
3479,1022
3480,0
3481,1021
3482,0
3483,1022
3484,0
3485,1022
3486,0
3487,1022
3488,0
3489,1022
3490,0
3491,1022
3492,0
3493,1022
3494,0
3495,1022
3496,0
3497,1022
3498,0
3499,1022
3500,0
3501,1022
3502,0
3503,1022
3504,0
3505,1022
3506,0
3507,1022
3508,0
3509,1022
3510,0
3511,1022
3512,0
3513,1022
3514,0
3515,1022
3516,0
3517,1022
3518,0
3519,1022
3520,0
3521,1021
3522,0
3523,1022
3524,0
3525,1022
3526,0
3527,1022
3528,0
3529,1022
3530,0
3531,1022
3532,0
3533,1022
3534,0
3535,1022
3536,0
3537,1022
3538,0
3539,1022
3540,0
3541,1022
3542,0
3543,1022
3544,0
3545,1022
3546,0
3547,1022
3548,0
3549,1022
3550,0
3551,1022
3552,0
3553,1022
3554,0
3555,1022
3556,0
3557,1022
3558,0
3559,1022
3560,0
3561,1022
3562,0
3563,1022
3564,0
3565,1022
3566,0
3567,1022
3568,0
3569,1022
3570,0
3571,1022
3572,0
3573,1022
3574,0
3575,1022
3576,0
3577,1022
3578,0
3579,1022
3580,0
3581,1022
3582,0
3583,1022
3584,0
3585,1022
3586,0
3587,1022
3588,0
3589,1021
3590,0
3591,1022
3592,0
3593,1021
3594,0
3595,1022
3596,0
3597,1022
3598,0
3599,1022
3600,0
3601,1022
3602,0
3603,1022
3604,0
3605,1022
3606,0
3607,1022
3608,0
3609,1022
3610,0
3611,1022
3612,0
3613,1021
3614,0
3615,1022
3616,0
3617,1021
3618,0
3619,1022
3620,0
3621,1022
3622,0
3623,1022
3624,0
3625,1022
3626,0
3627,1022
3628,0
3629,1022
3630,0
3631,1022
3632,0
3633,1022
3634,0
3635,1022
3636,0
3637,1022
3638,0
3639,1021
3640,0
3641,1022
3642,0
3643,1022
3644,0
3645,1022
3646,0
3647,1021
3648,0
3649,1022
3650,0
3651,1022
3652,0
3653,1022
3654,0
3655,1022
3656,0
3657,1022
3658,0
3659,1022
3660,0
3661,1022
3662,0
3663,1022
3664,0
3665,1022
3666,0
3667,1021
3668,0
3669,1022
3670,0
3671,1021
3672,0
3673,1021
3674,0
3675,1022
3676,0
3677,1022
3678,0
3679,1022
3680,0
3681,1022
3682,0
3683,1022
3684,0
3685,1022
3686,0
3687,1022
3688,0
3689,1022
3690,0
3691,1022
3692,0
3693,1021
3694,0
3695,1022
3696,0
3697,1021
3698,0
3699,1022
3700,0
3701,1022
3702,0
3703,1022
3704,0
3705,1022
3706,0
3707,1022
3708,0
3709,1022
3710,0
3711,1022
3712,0
3713,1022
3714,0
3715,1021
3716,0
3717,1022
3718,0
3719,1022
3720,0
3721,1022
3722,0
3723,1022
3724,0
3725,1022
3726,0
3727,1022
3728,0
3729,1022
3730,0
3731,1022
3732,0
3733,1022
3734,0
3735,1022
3736,0
3737,1022
3738,0
3739,1022
3740,0
3741,1022
3742,0
3743,1022
3744,0
3745,1022
3746,0
3747,1022
3748,0
3749,1022
3750,0
3751,1022
3752,0
3753,1022
3754,0
3755,1022
3756,0
3757,1022
3758,0
3759,1022
3760,0
3761,1022
3762,0
3763,1022
3764,0
3765,1022
3766,0
3767,1021
3768,0
3769,1022
3770,0
3771,1022
3772,0
3773,1022
3774,0
3775,1022
3776,0
3777,1022
3778,0
3779,1022
3780,0
3781,1022
3782,0
3783,1022
3784,0
3785,1022
3786,0
3787,1022
3788,0
3789,1022
3790,0
3791,1022
3792,0
3793,1022
3794,0
3795,1022
3796,0
3797,1022
3798,0
3799,1022
3800,0
3801,1022
3802,0
3803,1022
3804,0
3805,1022
3806,0
3807,1022
3808,0
3809,1022
3810,0
3811,1022
3812,0
3813,1021
3814,0
3815,1022
3816,0
3817,1022
3818,0
3819,1022
3820,0
3821,1022
3822,0
3823,1022
3824,0
3825,1022
3826,0
3827,1022
3828,0
3829,1022
3830,0
3831,1022
3832,0
3833,1022
3834,0
3835,1022
3836,0
3837,1022
3838,0
3839,1022
3840,0
3841,1021
3842,0
3843,1022
3844,0
3845,1021
3846,0
3847,1022
3848,0
3849,1022
3850,0
3851,1022
3852,0
3853,1022
3854,0
3855,1022
3856,0
3857,1022
3858,0
3859,1022
3860,0
3861,1022
3862,0
3863,1022
3864,0
3865,1022
3866,0
3867,1022
3868,0
3869,1022
3870,0
3871,1022
3872,0
3873,1022
3874,0
3875,1022
3876,0
3877,1022
3878,0
3879,1022
3880,0
3881,1022
3882,0
3883,1022
3884,0
3885,1022
3886,0
3887,1022
3888,0
3889,1022
3890,0
3891,1022
3892,0
3893,1021
3894,0
3895,1022
3896,0
3897,1022
3898,0
3899,1022
3900,0
3901,1022
3902,0
3903,1022
3904,0
3905,1022
3906,0
3907,1022
3908,0
3909,1022
3910,0
3911,1022
3912,0
3913,1022
3914,0
3915,1022
3916,0
3917,1022
3918,0
3919,1022
3920,0
3921,1022
3922,0
3923,1021
3924,0
3925,1022
3926,0
3927,1022
3928,0
3929,1022
3930,0
3931,1022
3932,0
3933,1022
3934,0
3935,1022
3936,0
3937,1022
3938,0
3939,1022
3940,0
3941,1022
3942,0
3943,1022
3944,0
3945,1022
3946,0
3947,1022
3948,0
3949,1022
3950,0
3951,1022
3952,0
3953,1022
3954,0
3955,1022
3956,0
3957,1022
3958,0
3959,1022
3960,0
3961,1022
3962,0
3963,1022
3964,0
3965,1022
3966,0
3967,1022
3968,0
3969,1022
3970,0
3971,1021
3972,0
3973,1022
3974,0
3975,1022
3976,0
3977,1022
3978,0
3979,1022
3980,0
3981,1022
3982,0
3983,1022
3984,0
3985,1022
3986,0
3987,1022
3988,0
3989,1022
3990,0
3991,1022
3992,0
3993,1022
3994,0
3995,1021
3996,0
3997,1021
3998,0
3999,1022
4000,0
4001,1022
4002,0
4003,1022
4004,0
4005,1022
4006,0
4007,1022
4008,0
4009,1022
4010,0
4011,1022
4012,0
4013,1022
4014,0
4015,1021
4016,0
4017,1022
4018,0
4019,1022
4020,0
4021,1022
4022,0
4023,1022
4024,0
4025,1022
4026,0
4027,1022
4028,0
4029,1022
4030,0
4031,1022
4032,0
4033,1022
4034,0
4035,1022
4036,0
4037,1022
4038,0
4039,1022
4040,0
4041,1022
4042,0
4043,1022
4044,0
4045,1022
4046,0
4047,1022
4048,0
4049,1022
4050,0
4051,1022
4052,0
4053,1022
4054,0
4055,1021
4056,0
4057,1022
4058,0
4059,1022
4060,0
4061,1021
4062,0
4063,1022
4064,0
4065,1022
4066,0
4067,1022
4068,0
4069,1022
4070,0
4071,1022
4072,0
4073,1023
4074,0
4075,1021
4076,0
4077,1022
4078,0
4079,1021
4080,0
4081,1022
4082,0
4083,1022
4084,0
4085,1022
4086,0
4087,1022
4088,0
4089,1022
4090,0
4091,1022
4092,0
4093,1022
4094,0
4095,1022
4096,0
4097,1022
4098,0
4099,1022
4100,0
4101,1022
4102,0
4103,1022
4104,0
4105,1022
4106,0
4107,1022
4108,0
4109,1022
4110,0
4111,1022
4112,0
4113,1022
4114,0
4115,1022
4116,0
4117,1022
4118,0
4119,1022
4120,0
4121,1022
4122,0
4123,1022
4124,0
4125,1021
4126,0
4127,1021
4128,0
4129,1021
4130,0
4131,1022
4132,0
4133,1023
4134,0
4135,1022
4136,0
4137,1022
4138,0
4139,1022
4140,0
4141,1022
4142,0
4143,1022
4144,0
4145,1022
4146,0
4147,1022
4148,0
4149,1022
4150,0
4151,1022
4152,0
4153,1022
4154,0
4155,1022
4156,0
4157,1022
4158,0
4159,1022
4160,0
4161,1022
4162,0
4163,1022
4164,0
4165,1022
4166,0
4167,1022
4168,0
4169,1022
4170,0
4171,1022
4172,0
4173,1022
4174,0
4175,1022
4176,0
4177,1022
4178,0
4179,1022
4180,0
4181,1022
4182,0
4183,1022
4184,0
4185,1022
4186,0
4187,1022
4188,0
4189,1022
4190,0
4191,1022
4192,0
4193,1022
4194,0
4195,1022
4196,0
4197,1022
4198,0
4199,1022
4200,0
4201,1022
4202,0
4203,1021
4204,0
4205,1021
4206,0
4207,1022
4208,0
4209,1022
4210,0
4211,1022
4212,0
4213,1022
4214,0
4215,1022
4216,0
4217,1022
4218,0
4219,1022
4220,0
4221,1022
4222,0
4223,1022
4224,0
4225,1022
4226,0
4227,1022
4228,0
4229,1022
4230,0
4231,1022
4232,0
4233,1022
4234,0
4235,1022
4236,0
4237,1021
4238,0
4239,1022
4240,0
4241,1023
4242,0
4243,1022
4244,0
4245,1022
4246,0
4247,1021
4248,0
4249,1022
4250,0
4251,1022
4252,0
4253,1022
4254,0
4255,1022
4256,0
4257,1022
4258,0
4259,1022
4260,0
4261,1022
4262,0
4263,1022
4264,0
4265,1022
4266,0
4267,1022
4268,0
4269,1022
4270,0
4271,1022
4272,0
4273,1022
4274,0
4275,1022
4276,0
4277,1022
4278,0
4279,1022
4280,0
4281,1021
4282,0
4283,1022
4284,0
4285,1022
4286,0
4287,1022
4288,0
4289,1022
4290,0
4291,1022
4292,0
4293,1022
4294,0
4295,1022
4296,0
4297,1021
4298,0
4299,1022
4300,0
4301,1022
4302,0
4303,1021
4304,0
4305,1021
4306,0
4307,1021
4308,0
4309,1022
4310,0
4311,1022
4312,0
4313,1022
4314,0
4315,1022
4316,0
4317,1022
4318,0
4319,1022
4320,0
4321,1022
4322,0
4323,1022
4324,0
4325,1022
4326,0
4327,1022
4328,0
4329,1022
4330,0
4331,1022
4332,0
4333,1022
4334,0
4335,1022
4336,0
4337,1022
4338,0
4339,1022
4340,0
4341,1022
4342,0
4343,1022
4344,0
4345,1021
4346,0
4347,1022
4348,0
4349,1022
4350,0
4351,1022
4352,0
4353,1022
4354,0
4355,1022
4356,0
4357,1023
4358,0
4359,1022
4360,0
4361,1022
4362,0
4363,1022
4364,0
4365,1022
4366,0
4367,1022
4368,0
4369,1022
4370,0
4371,1022
4372,0
4373,1022
4374,0
4375,1022
4376,0
4377,1022
4378,0
4379,1022
4380,0
4381,1022
4382,0
4383,1022
4384,0
4385,1022
4386,0
4387,1022
4388,0
4389,1022
4390,0
4391,1022
4392,0
4393,1022
4394,0
4395,1022
4396,0
4397,1022
4398,0
4399,1022
4400,0
4401,1022
4402,0
4403,1021
4404,0
4405,1022
4406,0
4407,1022
4408,0
4409,1023
4410,0
4411,1022
4412,0
4413,1022
4414,0
4415,1022
4416,0
4417,1022
4418,0
4419,1022
4420,0
4421,1022
4422,0
4423,1022
4424,0
4425,1022
4426,0
4427,1022
4428,0
4429,1022
4430,0
4431,1022
4432,0
4433,1022
4434,0
4435,1022
4436,0
4437,1022
4438,0
4439,1022
4440,0
4441,1022
4442,0
4443,1022
4444,0
4445,1022
4446,0
4447,1022
4448,0
4449,1022
4450,0
4451,1022
4452,0
4453,1022
4454,0
4455,1022
4456,0
4457,1023
4458,0
4459,1022
4460,0
4461,1022
4462,0
4463,1022
4464,0
4465,1022
4466,0
4467,1022
4468,0
4469,1022
4470,0
4471,1021
4472,0
4473,1022
4474,0
4475,1022
4476,0
4477,1022
4478,0
4479,1022
4480,0
4481,1022
4482,0
4483,1022
4484,0
4485,1022
4486,0
4487,1022
4488,0
4489,1022
4490,0
4491,1022
4492,0
4493,1022
4494,0
4495,1022
4496,0
4497,1022
4498,0
4499,1021
4500,0
4501,1022
4502,0
4503,1022
4504,0
4505,1022
4506,0
4507,1021
4508,0
4509,1022
4510,0
4511,1022
4512,0
4513,1022
4514,0
4515,1022
4516,0
4517,1022
4518,0
4519,1022
4520,0
4521,1022
4522,0
4523,1021
4524,0
4525,1022
4526,0
4527,1022
4528,0
4529,1021
4530,0
4531,1021
4532,0
4533,1022
4534,0
4535,1022
4536,0
4537,1022
4538,0
4539,1022
4540,0
4541,1022
4542,0
4543,1022
4544,0
4545,1022
4546,0
4547,1022
4548,0
4549,1022
4550,0
4551,1022
4552,0
4553,1021
4554,0
4555,1022
4556,0
4557,1022
4558,0
4559,1022
4560,0
4561,1022
4562,0
4563,1022
4564,0
4565,1022
4566,0
4567,1022
4568,0
4569,1022
4570,0
4571,1021
4572,0
4573,1022
4574,0
4575,1022
4576,0
4577,1021
4578,0
4579,1022
4580,0
4581,1022
4582,0
4583,1022
4584,0
4585,1021
4586,0
4587,1022
4588,0
4589,1022
4590,0
4591,1022
4592,0
4593,1022
4594,0
4595,1022
4596,0
4597,1022
4598,0
4599,1021
4600,0
4601,1021
4602,0
4603,1022
4604,0
4605,1021
4606,0
4607,1022
4608,0
4609,1021
4610,0
4611,1022
4612,0
4613,1022
4614,0
4615,1022
4616,0
4617,1022
4618,0
4619,1022
4620,0
4621,1022
4622,0
4623,1022
4624,0
4625,1022
4626,0
4627,1022
4628,0
4629,1022
4630,0
4631,1022
4632,0
4633,1022
4634,0
4635,1021
4636,0
4637,1022
4638,0
4639,1022
4640,0
4641,1022
4642,0
4643,1022
4644,0
4645,1022
4646,0
4647,1022
4648,0
4649,1021
4650,0
4651,1022
4652,0
4653,1022
4654,0
4655,1022
4656,0
4657,1022
4658,0
4659,1022
4660,0
4661,1021
4662,0
4663,1022
4664,0
4665,1022
4666,0
4667,1022
4668,0
4669,1022
4670,0
4671,1022
4672,0
4673,1022
4674,0
4675,1022
4676,0
4677,1022
4678,0
4679,1022
4680,0
4681,1022
4682,0
4683,1022
4684,0
4685,1022
4686,0
4687,1022
4688,0
4689,1022
4690,0
4691,1022
4692,0
4693,1022
4694,0
4695,1022
4696,0
4697,1022
4698,0
4699,1022
4700,0
4701,1022
4702,0
4703,1022
4704,0
4705,1022
4706,0
4707,1022
4708,0
4709,1022
4710,0
4711,1022
4712,0
4713,1022
4714,0
4715,1022
4716,0
4717,1022
4718,0
4719,1022
4720,0
4721,1022
4722,0
4723,1022
4724,0
4725,1022
4726,0
4727,1022
4728,0
4729,1022
4730,0
4731,1022
4732,0
4733,1022
4734,0
4735,1022
4736,0
4737,1022
4738,0
4739,1021
4740,0
4741,1021
4742,0
4743,1022
4744,0
4745,1021
4746,0
4747,1021
4748,0
4749,1022
4750,0
4751,1022
4752,0
4753,1022
4754,0
4755,1021
4756,0
4757,1022
4758,0
4759,1022
4760,0
4761,1022
4762,0
4763,1023
4764,0
4765,1021
4766,0
4767,1022
4768,0
4769,1022
4770,0
4771,1022
4772,0
4773,1022
4774,0
4775,1022
4776,0
4777,1022
4778,0
4779,1022
4780,0
4781,1022
4782,0
4783,1022
4784,0
4785,1022
4786,0
4787,1022
4788,0
4789,1022
4790,0
4791,1022
4792,0
4793,1022
4794,0
4795,1022
4796,0
4797,1022
4798,0
4799,1022
4800,0
4801,1021
4802,0
4803,1022
4804,0
4805,1022
4806,0
4807,1022
4808,0
4809,1022
4810,0
4811,1022
4812,0
4813,1021
4814,0
4815,1022
4816,0
4817,1022
4818,0
4819,1022
4820,0
4821,1022
4822,0
4823,1022
4824,0
4825,1022
4826,0
4827,1021
4828,0
4829,1022
4830,0
4831,1022
4832,0
4833,1022
4834,0
4835,1021
4836,0
4837,1023
4838,0
4839,1022
4840,0
4841,1022
4842,0
4843,1022
4844,0
4845,1022
4846,0
4847,1022
4848,0
4849,1022
4850,0
4851,1022
4852,0
4853,1022
4854,0
4855,1022
4856,0
4857,1022
4858,0
4859,1022
4860,0
4861,1022
4862,0
4863,1022
4864,0
4865,1022
4866,0
4867,1022
4868,0
4869,1022
4870,0
4871,1022
4872,0
4873,1022
4874,0
4875,1022
4876,0
4877,1022
4878,0
4879,1022
4880,0
4881,1022
4882,0
4883,1022
4884,0
4885,1022
4886,0
4887,1023
4888,0
4889,1022
4890,0
4891,1023
4892,0
4893,1022
4894,0
4895,1022
4896,0
4897,1022
4898,0
4899,1021
4900,0
4901,1022
4902,0
4903,1021
4904,0
4905,1022
4906,0
4907,1022
4908,0
4909,1022
4910,0
4911,1022
4912,0
4913,1020
4914,0
4915,1022
4916,0
4917,1022
4918,0
4919,1022
4920,0
4921,1022
4922,0
4923,1021
4924,0
4925,1022
4926,0
4927,1021
4928,0
4929,1022
4930,0
4931,1022
4932,0
4933,1022
4934,0
4935,1022
4936,0
4937,1022
4938,0
4939,1022
4940,0
4941,1022
4942,0
4943,1022
4944,0
4945,1022
4946,0
4947,1021
4948,0
4949,1022
4950,0
4951,1022
4952,0
4953,1022
4954,0
4955,1022
4956,0
4957,1022
4958,0
4959,1022
4960,0
4961,1022
4962,0
4963,1022
4964,0
4965,1022
4966,0
4967,1022
4968,0
4969,1022
4970,0
4971,1022
4972,0
4973,1022
4974,0
4975,1022
4976,0
4977,1022
4978,0
4979,1022
4980,0
4981,1021
4982,0
4983,1022
4984,0
4985,1022
4986,0
4987,1021
4988,0
4989,1022
4990,0
4991,1022
4992,0
4993,1022
4994,0
4995,1021
4996,0
4997,1022
4998,0
4999,1021
5000,0
5001,1022
5002,0
5003,1022
5004,0
5005,1022
5006,0
5007,1022
5008,0
5009,1022
5010,0
5011,1022
5012,0
5013,1022
5014,0
5015,1022
5016,0
5017,1022
5018,0
5019,1022
5020,0
5021,1022
5022,0
5023,1022
5024,0
5025,1022
5026,0
5027,1022
5028,0
5029,1022
5030,0
5031,1022
5032,0
5033,1022
5034,0
5035,1022
5036,0
5037,1022
5038,0
5039,1022
5040,0
5041,1022
5042,0
5043,1022
5044,0
5045,1022
5046,0
5047,1022
5048,0
5049,1022
5050,0
5051,1022
5052,0
5053,1022
5054,0
5055,1022
5056,0
5057,1022
5058,0
5059,1022
5060,0
5061,1022
5062,0
5063,1022
5064,0
5065,1022
5066,0
5067,1022
5068,0
5069,1022
5070,0
5071,1023
5072,0
5073,1022
5074,0
5075,1022
5076,0
5077,1022
5078,0
5079,1022
5080,0
5081,1022
5082,0
5083,1022
5084,0
5085,1022
5086,0
5087,1022
5088,0
5089,1022
5090,0
5091,1022
5092,0
5093,1022
5094,0
5095,1022
5096,0
5097,1022
5098,0
5099,1022
5100,0
5101,1022
5102,0
5103,1022
5104,0
5105,1022
5106,0
5107,1022
5108,0
5109,1022
5110,0
5111,1022
5112,0
5113,1022
5114,0
5115,1022
5116,0
5117,1022
5118,0
5119,1022
5120,0
5121,1022
5122,0
5123,1021
5124,0
5125,1022
5126,0
5127,1022
5128,0
5129,1022
5130,0
5131,1022
5132,0
5133,1022
5134,0
5135,1022
5136,0
5137,1022
5138,0
5139,1022
5140,0
5141,1022
5142,0
5143,1021
5144,0
5145,1021
5146,0
5147,1022
5148,0
5149,1022
5150,0
5151,1022
5152,0
5153,1021
5154,0
5155,1022
5156,0
5157,1022
5158,0
5159,1022
5160,0
5161,1022
5162,0
5163,1021
5164,0
5165,1022
5166,0
5167,1022
5168,0
5169,1022
5170,0
5171,1022
5172,0
5173,1022
5174,0
5175,1022
5176,0
5177,1022
5178,0
5179,1022
5180,0
5181,1022
5182,0
5183,1022
5184,0
5185,1021
5186,0
5187,1022
5188,0
5189,1022
5190,0
5191,1022
5192,0
5193,1022
5194,0
5195,1022
5196,0
5197,1022
5198,0
5199,1022
5200,0
5201,1021
5202,0
5203,1022
5204,0
5205,1021
5206,0
5207,1022
5208,0
5209,1022
5210,0
5211,1022
5212,0
5213,1021
5214,0
5215,1022
5216,0
5217,1022
5218,0
5219,1022
5220,0
5221,1022
5222,0
5223,1022
5224,0
5225,1022
5226,0
5227,1022
5228,0
5229,1022
5230,0
5231,1022
5232,0
5233,1022
5234,0
5235,1022
5236,0
5237,1022
5238,0
5239,1022
5240,0
5241,1022
5242,0
5243,1022
5244,0
5245,1021
5246,0
5247,1022
5248,0
5249,1021
5250,0
5251,1022
5252,0
5253,1022
5254,0
5255,1022
5256,0
5257,1022
5258,0
5259,1022
5260,0
5261,1022
5262,0
5263,1022
5264,0
5265,1022
5266,0
5267,1022
5268,0
5269,1022
5270,0
5271,1022
5272,0
5273,1021
5274,0
5275,1022
5276,0
5277,1022
5278,0
5279,1022
5280,0
5281,1022
5282,0
5283,1022
5284,0
5285,1021
5286,0
5287,1022
5288,0
5289,1022
5290,0
5291,1022
5292,0
5293,1022
5294,0
5295,1022
5296,0
5297,1022
5298,0
5299,1022
5300,0
5301,1022
5302,0
5303,1021
5304,0
5305,1022
5306,0
5307,1022
5308,0
5309,1022
5310,0
5311,1021
5312,0
5313,1022
5314,0
5315,1022
5316,0
5317,1022
5318,0
5319,1022
5320,0
5321,1022
5322,0
5323,1022
5324,0
5325,1022
5326,0
5327,1022
5328,0
5329,1022
5330,0
5331,1022
5332,0
5333,1022
5334,0
5335,1022
5336,0
5337,1022
5338,0
5339,1022
5340,0
5341,1022
5342,0
5343,1022
5344,0
5345,1022
5346,0
5347,1022
5348,0
5349,1022
5350,0
5351,1022
5352,0
5353,1022
5354,0
5355,1022
5356,0
5357,1022
5358,0
5359,1022
5360,0
5361,1022
5362,0
5363,1022
5364,0
5365,1022
5366,0
5367,1022
5368,0
5369,1022
5370,0
5371,1022
5372,0
5373,1021
5374,0
5375,1022
5376,0
5377,1022
5378,0
5379,1022
5380,0
5381,1022
5382,0
5383,1022
5384,0
5385,1022
5386,0
5387,1022
5388,0
5389,1022
5390,0
5391,1022
5392,0
5393,1022
5394,0
5395,1022
5396,0
5397,1022
5398,0
5399,1022
5400,0
5401,1022
5402,0
5403,1022
5404,0
5405,1022
5406,0
5407,1022
5408,0
5409,1022
5410,0
5411,1022
5412,0
5413,1022
5414,0
5415,1022
5416,0
5417,1022
5418,0
5419,1022
5420,0
5421,1020
5422,0
5423,1022
5424,0
5425,1022
5426,0
5427,1022
5428,0
5429,1022
5430,0
5431,1022
5432,0
5433,1022
5434,0
5435,1022
5436,0
5437,1022
5438,0
5439,1022
5440,0
5441,1022
5442,0
5443,1022
5444,0
5445,1022
5446,0
5447,1022
5448,0
5449,1022
5450,0
5451,1022
5452,0
5453,1022
5454,0
5455,1021
5456,0
5457,1022
5458,0
5459,1022
5460,0
5461,1022
5462,0
5463,1022
5464,0
5465,1021
5466,0
5467,1022
5468,0
5469,1022
5470,0
5471,1022
5472,0
5473,1022
5474,0
5475,1022
5476,0
5477,1021
5478,0
5479,1022
5480,0
5481,1022
5482,0
5483,1022
5484,0
5485,1021
5486,0
5487,1022
5488,0
5489,1021
5490,0
5491,1022
5492,0
5493,1022
5494,0
5495,1022
5496,0
5497,1022
5498,0
5499,1022
5500,0
5501,1022
5502,0
5503,1022
5504,0
5505,1022
5506,0
5507,1022
5508,0
5509,1022
5510,0
5511,1022
5512,0
5513,1022
5514,0
5515,1022
5516,0
5517,1021
5518,0
5519,1022
5520,0
5521,1022
5522,0
5523,1022
5524,0
5525,1022
5526,0
5527,1021
5528,0
5529,1022
5530,0
5531,1022
5532,0
5533,1022
5534,0
5535,1021
5536,0
5537,1022
5538,0
5539,1022
5540,0
5541,1022
5542,0
5543,1022
5544,0
5545,1022
5546,0
5547,1022
5548,0
5549,1022
5550,0
5551,1022
5552,0
5553,1022
5554,0
5555,1022
5556,0
5557,1022
5558,0
5559,1022
5560,0
5561,1022
5562,0
5563,1022
5564,0
5565,1022
5566,0
5567,1022
5568,0
5569,1022
5570,0
5571,1021
5572,0
5573,1022
5574,0
5575,1022
5576,0
5577,1022
5578,0
5579,1022
5580,0
5581,1022
5582,0
5583,1022
5584,0
5585,1021
5586,0
5587,1022
5588,0
5589,1022
5590,0
5591,1022
5592,0
5593,1022
5594,0
5595,1022
5596,0
5597,1022
5598,0
5599,1022
5600,0
5601,1022
5602,0
5603,1022
5604,0
5605,1021
5606,0
5607,1021
5608,0
5609,1022
5610,0
5611,1022
5612,0
5613,1022
5614,0
5615,1022
5616,0
5617,1022
5618,0
5619,1022
5620,0
5621,1022
5622,0
5623,1022
5624,0
5625,1022
5626,0
5627,1022
5628,0
5629,1022
5630,0
5631,1022
5632,0
5633,1022
5634,0
5635,1022
5636,0
5637,1021
5638,0
5639,1023
5640,0
5641,1022
5642,0
5643,1022
5644,0
5645,1022
5646,0
5647,1022
5648,0
5649,1022
5650,0
5651,1022
5652,0
5653,1021
5654,0
5655,1022
5656,0
5657,1022
5658,0
5659,1022
5660,0
5661,1022
5662,0
5663,1022
5664,0
5665,1022
5666,0
5667,1022
5668,0
5669,1022
5670,0
5671,1022
5672,0
5673,1022
5674,0
5675,1022
5676,0
5677,1022
5678,0
5679,1022
5680,0
5681,1021
5682,0
5683,1022
5684,0
5685,1022
5686,0
5687,1021
5688,0
5689,1022
5690,0
5691,1022
5692,0
5693,1022
5694,0
5695,1022
5696,0
5697,1022
5698,0
5699,1022
5700,0
5701,1022
5702,0
5703,1022
5704,0
5705,1022
5706,0
5707,1022
5708,0
5709,1022
5710,0
5711,1022
5712,0
5713,1022
5714,0
5715,1022
5716,0
5717,1022
5718,0
5719,1022
5720,0
5721,1022
5722,0
5723,1022
5724,0
5725,1022
5726,0
5727,1022
5728,0
5729,1022
5730,0
5731,1022
5732,0
5733,1022
5734,0
5735,1022
5736,0
5737,1021
5738,0
5739,1022
5740,0
5741,1022
5742,0
5743,1022
5744,0
5745,1022
5746,0
5747,1022
5748,0
5749,1022
5750,0
5751,1022
5752,0
5753,1022
5754,0
5755,1021
5756,0
5757,1022
5758,0
5759,1022
5760,0
5761,1021
5762,0
5763,1022
5764,0
5765,1022
5766,0
5767,1022
5768,0
5769,1021
5770,0
5771,1022
5772,0
5773,1022
5774,0
5775,1022
5776,0
5777,1022
5778,0
5779,1022
5780,0
5781,1022
5782,0
5783,1022
5784,0
5785,1022
5786,0
5787,1022
5788,0
5789,1022
5790,0
5791,1022
5792,0
5793,1022
5794,0
5795,1021
5796,0
5797,1022
5798,0
5799,1022
5800,0
5801,1022
5802,0
5803,1022
5804,0
5805,1022
5806,0
5807,1021
5808,0
5809,1022
5810,0
5811,1022
5812,0
5813,1022
5814,0
5815,1022
5816,0
5817,1022
5818,0
5819,1022
5820,0
5821,1022
5822,0
5823,1022
5824,0
5825,1022
5826,0
5827,1022
5828,0
5829,1022
5830,0
5831,1022
5832,0
5833,1021
5834,0
5835,1022
5836,0
5837,1021
5838,0
5839,1022
5840,0
5841,1022
5842,0
5843,1021
5844,0
5845,1022
5846,0
5847,1022
5848,0
5849,1022
5850,0
5851,1022
5852,0
5853,1022
5854,0
5855,1022
5856,0
5857,1022
5858,0
5859,1022
5860,0
5861,1022
5862,0
5863,1022
5864,0
5865,1022
5866,0
5867,1022
5868,0
5869,1022
5870,0
5871,1022
5872,0
5873,1022
5874,0
5875,1022
5876,0
5877,1022
5878,0
5879,1021
5880,0
5881,1022
5882,0
5883,1022
5884,0
5885,1022
5886,0
5887,1022
5888,0
5889,1022
5890,0
5891,1022
5892,0
5893,1022
5894,0
5895,1022
5896,0
5897,1022
5898,0
5899,1022
5900,0
5901,1023
5902,0
5903,1022
5904,0
5905,1022
5906,0
5907,1022
5908,0
5909,1022
5910,0
5911,1022
5912,0
5913,1022
5914,0
5915,1021
5916,0
5917,1022
5918,0
5919,1022
5920,0
5921,1022
5922,0
5923,1022
5924,0
5925,1022
5926,0
5927,1022
5928,0
5929,1022
5930,0
5931,1022
5932,0
5933,1022
5934,0
5935,1022
5936,0
5937,1022
5938,0
5939,1022
5940,0
5941,1022
5942,0
5943,1022
5944,0
5945,1022
5946,0
5947,1022
5948,0
5949,1022
5950,0
5951,1022
5952,0
5953,1022
5954,0
5955,1022
5956,0
5957,1022
5958,0
5959,1022
5960,0
5961,1022
5962,0
5963,1022
5964,0
5965,1022
5966,0
5967,1022
5968,0
5969,1022
5970,0
5971,1022
5972,0
5973,1023
5974,0
5975,1022
5976,0
5977,1022
5978,0
5979,1022
5980,0
5981,1022
5982,0
5983,1021
5984,0
5985,1021
5986,0
5987,1021
5988,0
5989,1022
5990,0
5991,1022
5992,0
5993,1022
5994,0
5995,1022
5996,0
5997,1022
5998,0
5999,1021
6000,0
6001,1022
6002,0
6003,1021
6004,0
6005,1022
6006,0
6007,1022
6008,0
6009,1022
6010,0
6011,1021
6012,0
6013,1022
6014,0
6015,1022
6016,0
6017,1022
6018,0
6019,1022
6020,0
6021,1021
6022,0
6023,1022
6024,0
6025,1022
6026,0
6027,1022
6028,0
6029,1022
6030,0
6031,1022
6032,0
6033,1022
6034,0
6035,1022
6036,0
6037,1022
6038,0
6039,1022
6040,0
6041,1022
6042,0
6043,1022
6044,0
6045,1022
6046,0
6047,1022
6048,0
6049,1022
6050,0
6051,1022
6052,0
6053,1022
6054,0
6055,1022
6056,0
6057,1021
6058,0
6059,1021
6060,0
6061,1022
6062,0
6063,1022
6064,0
6065,1021
6066,0
6067,1022
6068,0
6069,1022
6070,0
6071,1022
6072,0
6073,1022
6074,0
6075,1022
6076,0
6077,1021
6078,0
6079,1021
6080,0
6081,1022
6082,0
6083,1022
6084,0
6085,1022
6086,0
6087,1022
6088,0
6089,1022
6090,0
6091,1022
6092,0
6093,1022
6094,0
6095,1022
6096,0
6097,1021
6098,0
6099,1022
6100,0
6101,1022
6102,0
6103,1021
6104,0
6105,1022
6106,0
6107,1022
6108,0
6109,1022
6110,0
6111,1022
6112,0
6113,1022
6114,0
6115,1022
6116,0
6117,1022
6118,0
6119,1022
6120,0
6121,1022
6122,0
6123,1022
6124,0
6125,1022
6126,0
6127,1022
6128,0
6129,1022
6130,0
6131,1021
6132,0
6133,1022
6134,0
6135,1022
6136,0
6137,1022
6138,0
6139,1022
6140,0
6141,1021
6142,0
6143,1022
6144,0
6145,1022
6146,0
6147,1022
6148,0
6149,1022
6150,0
6151,1022
6152,0
6153,1022
6154,0
6155,1022
6156,0
6157,1022
6158,0
6159,1022
6160,0
6161,1022
6162,0
6163,1022
6164,0
6165,1022
6166,0
6167,1022
6168,0
6169,1022
6170,0
6171,1022
6172,0
6173,1022
6174,0
6175,1022
6176,0
6177,1022
6178,0
6179,1022
6180,0
6181,1021
6182,0
6183,1022
6184,0
6185,1022
6186,0
6187,1022
6188,0
6189,1022
6190,0
6191,1021
6192,0
6193,1022
6194,0
6195,1022
6196,0
6197,1022
6198,0
6199,1022
6200,0
6201,1022
6202,0
6203,1022
6204,0
6205,1022
6206,0
6207,1022
6208,0
6209,1022
6210,0
6211,1021
6212,0
6213,1022
6214,0
6215,1021
6216,0
6217,1021
6218,0
6219,1021
6220,0
6221,1021
6222,0
6223,1022
6224,0
6225,1022
6226,0
6227,1022
6228,0
6229,1022
6230,0
6231,1021
6232,0
6233,1022
6234,0
6235,1022
6236,0
6237,1022
6238,0
6239,1022
6240,0
6241,1022
6242,0
6243,1022
6244,0
6245,1022
6246,0
6247,1022
6248,0
6249,1022
6250,0
6251,1022
6252,0
6253,1022
6254,0
6255,1022
6256,0
6257,1022
6258,0
6259,1022
6260,0
6261,1022
6262,0
6263,1022
6264,0
6265,1022
6266,0
6267,1022
6268,0
6269,1022
6270,0
6271,1022
6272,0
6273,1022
6274,0
6275,1022
6276,0
6277,1022
6278,0
6279,1022
6280,0
6281,1022
6282,0
6283,1022
6284,0
6285,1022
6286,0
6287,1022
6288,0
6289,1022
6290,0
6291,1022
6292,0
6293,1021
6294,0
6295,1021
6296,0
6297,1022
6298,0
6299,1022
6300,0
6301,1022
6302,0
6303,1022
6304,0
6305,1022
6306,0
6307,1022
6308,0
6309,1022
6310,0
6311,1022
6312,0
6313,1022
6314,0
6315,1022
6316,0
6317,1022
6318,0
6319,1023
6320,0
6321,1022
6322,0
6323,1022
6324,0
6325,1022
6326,0
6327,1022
6328,0
6329,1022
6330,0
6331,1022
6332,0
6333,1022
6334,0
6335,1022
6336,0
6337,1022
6338,0
6339,1022
6340,0
6341,1022
6342,0
6343,1022
6344,0
6345,1022
6346,0
6347,1021
6348,0
6349,1022
6350,0
6351,1022
6352,0
6353,1022
6354,0
6355,1022
6356,0
6357,1021
6358,0
6359,1022
6360,0
6361,1022
6362,0
6363,1022
6364,0
6365,1021
6366,0
6367,1022
6368,0
6369,1021
6370,0
6371,1022
6372,0
6373,1022
6374,0
6375,1022
6376,0
6377,1022
6378,0
6379,1022
6380,0
6381,1022
6382,0
6383,1022
6384,0
6385,1022
6386,0
6387,1022
6388,0
6389,1022
6390,0
6391,1022
6392,0
6393,1022
6394,0
6395,1022
6396,0
6397,1022
6398,0
6399,1022
6400,0
6401,1022
6402,0
6403,1022
6404,0
6405,1022
6406,0
6407,1022
6408,0
6409,1022
6410,0
6411,1023
6412,0
6413,1021
6414,0
6415,1022
6416,0
6417,1022
6418,0
6419,1022
6420,0
6421,1022
6422,0
6423,1021
6424,0
6425,1022
6426,0
6427,1022
6428,0
6429,1022
6430,0
6431,1022
6432,0
6433,1021
6434,0
6435,1022
6436,0
6437,1022
6438,0
6439,1022
6440,0
6441,1022
6442,0
6443,1022
6444,0
6445,1022
6446,0
6447,1022
6448,0
6449,1022
6450,0
6451,1022
6452,0
6453,1022
6454,0
6455,1022
6456,0
6457,1022
6458,0
6459,1022
6460,0
6461,1022
6462,0
6463,1022
6464,0
6465,1022
6466,0
6467,1022
6468,0
6469,1022
6470,0
6471,1022
6472,0
6473,1022
6474,0
6475,1022
6476,0
6477,1022
6478,0
6479,1022
6480,0
6481,1022
6482,0
6483,1022
6484,0
6485,1022
6486,0
6487,1022
6488,0
6489,1022
6490,0
6491,1023
6492,0
6493,1021
6494,0
6495,1021
6496,0
6497,1021
6498,0
6499,1022
6500,0
6501,1022
6502,0
6503,1022
6504,0
6505,1022
6506,0
6507,1022
6508,0
6509,1022
6510,0
6511,1022
6512,0
6513,1022
6514,0
6515,1022
6516,0
6517,1022
6518,0
6519,1022
6520,0
6521,1022
6522,0
6523,1022
6524,0
6525,1023
6526,0
6527,1022
6528,0
6529,1022
6530,0
6531,1022
6532,0
6533,1022
6534,0
6535,1022
6536,0
6537,1022
6538,0
6539,1021
6540,0
6541,1022
6542,0
6543,1022
6544,0
6545,1022
6546,0
6547,1022
6548,0
6549,1022
6550,0
6551,1022
6552,0
6553,1022
6554,0
6555,1022
6556,0
6557,1022
6558,0
6559,1022
6560,0
6561,1022
6562,0
6563,1022
6564,0
6565,1023
6566,0
6567,1022
6568,0
6569,1021
6570,0
6571,1022
6572,0
6573,1022
6574,0
6575,1022
6576,0
6577,1022
6578,0
6579,1022
6580,0
6581,1022
6582,0
6583,1022
6584,0
6585,1022
6586,0
6587,1022
6588,0
6589,1022
6590,0
6591,1022
6592,0
6593,1022
6594,0
6595,1021
6596,0
6597,1022
6598,0
6599,1022
6600,0
6601,1022
6602,0
6603,1022
6604,0
6605,1022
6606,0
6607,1022
6608,0
6609,1022
6610,0
6611,1022
6612,0
6613,1022
6614,0
6615,1022
6616,0
6617,1021
6618,0
6619,1022
6620,0
6621,1022
6622,0
6623,1022
6624,0
6625,1022
6626,0
6627,1022
6628,0
6629,1022
6630,0
6631,1022
6632,0
6633,1022
6634,0
6635,1022
6636,0
6637,1022
6638,0
6639,1022
6640,0
6641,1022
6642,0
6643,1022
6644,0
6645,1022
6646,0
6647,1022
6648,0
6649,1022
6650,0
6651,1022
6652,0
6653,1022
6654,0
6655,1022
6656,0
6657,1022
6658,0
6659,1022
6660,0
6661,1022
6662,0
6663,1022
6664,0
6665,1022
6666,0
6667,1022
6668,0
6669,1022
6670,0
6671,1021
6672,0
6673,1022
6674,0
6675,1022
6676,0
6677,1022
6678,0
6679,1022
6680,0
6681,1022
6682,0
6683,1022
6684,0
6685,1022
6686,0
6687,1022
6688,0
6689,1022
6690,0
6691,1022
6692,0
6693,1022
6694,0
6695,1022
6696,0
6697,1021
6698,0
6699,1022
6700,0
6701,1022
6702,0
6703,1022
6704,0
6705,1022
6706,0
6707,1022
6708,0
6709,1022
6710,0
6711,1022
6712,0
6713,1022
6714,0
6715,1022
6716,0
6717,1021
6718,0
6719,1022
6720,0
6721,1022
6722,0
6723,1022
6724,0
6725,1021
6726,0
6727,1021
6728,0
6729,1022
6730,0
6731,1022
6732,0
6733,1022
6734,0
6735,1022
6736,0
6737,1022
6738,0
6739,1022
6740,0
6741,1022
6742,0
6743,1022
6744,0
6745,1022
6746,0
6747,1022
6748,0
6749,1021
6750,0
6751,1021
6752,0
6753,1022
6754,0
6755,1022
6756,0
6757,1022
6758,0
6759,1022
6760,0
6761,1022
6762,0
6763,1022
6764,0
6765,1022
6766,0
6767,1022
6768,0
6769,1022
6770,0
6771,1022
6772,0
6773,1022
6774,0
6775,1022
6776,0
6777,1022
6778,0
6779,1022
6780,0
6781,1022
6782,0
6783,1022
6784,0
6785,1022
6786,0
6787,1022
6788,0
6789,1022
6790,0
6791,1022
6792,0
6793,1022
6794,0
6795,1022
6796,0
6797,1022
6798,0
6799,1022
6800,0
6801,1022
6802,0
6803,1022
6804,0
6805,1021
6806,0
6807,1022
6808,0
6809,1022
6810,0
6811,1022
6812,0
6813,1022
6814,0
6815,1022
6816,0
6817,1022
6818,0
6819,1022
6820,0
6821,1022
6822,0
6823,1021
6824,0
6825,1022
6826,0
6827,1022
6828,0
6829,1022
6830,0
6831,1022
6832,0
6833,1022
6834,0
6835,1022
6836,0
6837,1022
6838,0
6839,1022
6840,0
6841,1022
6842,0
6843,1022
6844,0
6845,1022
6846,0
6847,1022
6848,0
6849,1022
6850,0
6851,1022
6852,0
6853,1022
6854,0
6855,1022
6856,0
6857,1022
6858,0
6859,1022
6860,0
6861,1022
6862,0
6863,1022
6864,0
6865,1022
6866,0
6867,1022
6868,0
6869,1022
6870,0
6871,1021
6872,0
6873,1022
6874,0
6875,1022
6876,0
6877,1022
6878,0
6879,1022
6880,0
6881,1021
6882,0
6883,1022
6884,0
6885,1022
6886,0
6887,1022
6888,0
6889,1022
6890,0
6891,1022
6892,0
6893,1022
6894,0
6895,1021
6896,0
6897,1022
6898,0
6899,1021
6900,0
6901,1022
6902,0
6903,1021
6904,0
6905,1021
6906,0
6907,1022
6908,0
6909,1022
6910,0
6911,1022
6912,0
6913,1022
6914,0
6915,1022
6916,0
6917,1021
6918,0
6919,1022
6920,0
6921,1022
6922,0
6923,1022
6924,0
6925,1022
6926,0
6927,1021
6928,0
6929,1022
6930,0
6931,1022
6932,0
6933,1022
6934,0
6935,1022
6936,0
6937,1022
6938,0
6939,1022
6940,0
6941,1022
6942,0
6943,1022
6944,0
6945,1022
6946,0
6947,1022
6948,0
6949,1022
6950,0
6951,1022
6952,0
6953,1022
6954,0
6955,1022
6956,0
6957,1022
6958,0
6959,1022
6960,0
6961,1022
6962,0
6963,1022
6964,0
6965,1022
6966,0
6967,1022
6968,0
6969,1022
6970,0
6971,1022
6972,0
6973,1022
6974,0
6975,1021
6976,0
6977,1022
6978,0
6979,1021
6980,0
6981,1021
6982,0
6983,1022
6984,0
6985,1022
6986,0
6987,1022
6988,0
6989,1022
6990,0
6991,1022
6992,0
6993,1022
6994,0
6995,1022
6996,0
6997,1022
6998,0
6999,1022
7000,0
7001,1022
7002,0
7003,1022
7004,0
7005,1022
7006,0
7007,1022
7008,0
7009,1022
7010,0
7011,1022
7012,0
7013,1022
7014,0
7015,1022
7016,0
7017,1022
7018,0
7019,1022
7020,0
7021,1022
7022,0
7023,1022
7024,0
7025,1022
7026,0
7027,1022
7028,0
7029,1022
7030,0
7031,1022
7032,0
7033,1022
7034,0
7035,1022
7036,0
7037,1022
7038,0
7039,1022
7040,0
7041,1022
7042,0
7043,1022
7044,0
7045,1022
7046,0
7047,1022
7048,0
7049,1022
7050,0
7051,1021
7052,0
7053,1021
7054,0
7055,1022
7056,0
7057,1021
7058,0
7059,1022
7060,0
7061,1022
7062,0
7063,1022
7064,0
7065,1022
7066,0
7067,1022
7068,0
7069,1022
7070,0
7071,1022
7072,0
7073,1022
7074,0
7075,1022
7076,0
7077,1022
7078,0
7079,1022
7080,0
7081,1022
7082,0
7083,1022
7084,0
7085,1022
7086,0
7087,1022
7088,0
7089,1022
7090,0
7091,1022
7092,0
7093,1022
7094,0
7095,1021
7096,0
7097,1021
7098,0
7099,1021
7100,0
7101,1022
7102,0
7103,1022
7104,0
7105,1022
7106,0
7107,1022
7108,0
7109,1022
7110,0
7111,1022
7112,0
7113,1022
7114,0
7115,1022
7116,0
7117,1022
7118,0
7119,1022
7120,0
7121,1022
7122,0
7123,1022
7124,0
7125,1022
7126,0
7127,1022
7128,0
7129,1022
7130,0
7131,1022
7132,0
7133,1021
7134,0
7135,1023
7136,0
7137,1021
7138,0
7139,1022
7140,0
7141,1022
7142,0
7143,1022
7144,0
7145,1022
7146,0
7147,1022
7148,0
7149,1022
7150,0
7151,1022
7152,0
7153,1022
7154,0
7155,1022
7156,0
7157,1022
7158,0
7159,1022
7160,0
7161,1022
7162,0
7163,1022
7164,0
7165,1022
7166,0
7167,1022
7168,0
7169,1022
7170,0
7171,1022
7172,0
7173,1022
7174,0
7175,1022
7176,0
7177,1022
7178,0
7179,1022
7180,0
7181,1022
7182,0
7183,1022
7184,0
7185,1022
7186,0
7187,1022
7188,0
7189,1022
7190,0
7191,1022
7192,0
7193,1022
7194,0
7195,1022
7196,0
7197,1022
7198,0
7199,1023
7200,0
7201,1022
7202,0
7203,1022
7204,0
7205,1022
7206,0
7207,1022
7208,0
7209,1022
7210,0
7211,1022
7212,0
7213,1022
7214,0
7215,1022
7216,0
7217,1022
7218,0
7219,1022
7220,0
7221,1022
7222,0
7223,1022
7224,0
7225,1022
7226,0
7227,1022
7228,0
7229,1022
7230,0
7231,1022
7232,0
7233,1022
7234,0
7235,1022
7236,0
7237,1022
7238,0
7239,1022
7240,0
7241,1022
7242,0
7243,1022
7244,0
7245,1022
7246,0
7247,1022
7248,0
7249,1022
7250,0
7251,1022
7252,0
7253,1022
7254,0
7255,1022
7256,0
7257,1021
7258,0
7259,1021
7260,0
7261,1022
7262,0
7263,1022
7264,0
7265,1022
7266,0
7267,1022
7268,0
7269,1022
7270,0
7271,1022
7272,0
7273,1022
7274,0
7275,1022
7276,0
7277,1021
7278,0
7279,1022
7280,0
7281,1021
7282,0
7283,1021
7284,0
7285,1022
7286,0
7287,1022
7288,0
7289,1022
7290,0
7291,1022
7292,0
7293,1022
7294,0
7295,1022
7296,0
7297,1022
7298,0
7299,1022
7300,0
7301,1022
7302,0
7303,1022
7304,0
7305,1022
7306,0
7307,1022
7308,0
7309,1022
7310,0
7311,1022
7312,0
7313,1022
7314,0
7315,1022
7316,0
7317,1021
7318,0
7319,1022
7320,0
7321,1022
7322,0
7323,1022
7324,0
7325,1022
7326,0
7327,1022
7328,0
7329,1022
7330,0
7331,1022
7332,0
7333,1022
7334,0
7335,1022
7336,0
7337,1022
7338,0
7339,1022
7340,0
7341,1022
7342,0
7343,1022
7344,0
7345,1022
7346,0
7347,1022
7348,0
7349,1022
7350,0
7351,1022
7352,0
7353,1022
7354,0
7355,1022
7356,0
7357,1022
7358,0
7359,1022
7360,0
7361,1022
7362,0
7363,1022
7364,0
7365,1022
7366,0
7367,1022
7368,0
7369,1022
7370,0
7371,1022
7372,0
7373,1022
7374,0
7375,1022
7376,0
7377,1022
7378,0
7379,1022
7380,0
7381,1022
7382,0
7383,1022
7384,0
7385,1022
7386,0
7387,1022
7388,0
7389,1022
7390,0
7391,1022
7392,0
7393,1022
7394,0
7395,1022
7396,0
7397,1022
7398,0
7399,1022
7400,0
7401,1022
7402,0
7403,1022
7404,0
7405,1022
7406,0
7407,1022
7408,0
7409,1022
7410,0
7411,1022
7412,0
7413,1022
7414,0
7415,1022
7416,0
7417,1022
7418,0
7419,1022
7420,0
7421,1022
7422,0
7423,1022
7424,0
7425,1022
7426,0
7427,1022
7428,0
7429,1022
7430,0
7431,1022
7432,0
7433,1023
7434,0
7435,1022
7436,0
7437,1022
7438,0
7439,1022
7440,0
7441,1022
7442,0
7443,1022
7444,0
7445,1022
7446,0
7447,1022
7448,0
7449,1022
7450,0
7451,1022
7452,0
7453,1022
7454,0
7455,1022
7456,0
7457,1022
7458,0
7459,1022
7460,0
7461,1022
7462,0
7463,1022
7464,0
7465,1022
7466,0
7467,1022
7468,0
7469,1022
7470,0
7471,1022
7472,0
7473,1022
7474,0
7475,1022
7476,0
7477,1022
7478,0
7479,1022
7480,0
7481,1022
7482,0
7483,1022
7484,0
7485,1022
7486,0
7487,1022
7488,0
7489,1022
7490,0
7491,1022
7492,0
7493,1022
7494,0
7495,1022
7496,0
7497,1022
7498,0
7499,1022
7500,0
7501,1022
7502,0
7503,1022
7504,0
7505,1022
7506,0
7507,1022
7508,0
7509,1022
7510,0
7511,1022
7512,0
7513,1022
7514,0
7515,1022
7516,0
7517,1022
7518,0
7519,1021
7520,0
7521,1022
7522,0
7523,1023
7524,0
7525,1022
7526,0
7527,1022
7528,0
7529,1022
7530,0
7531,1022
7532,0
7533,1022
7534,0
7535,1022
7536,0
7537,1022
7538,0
7539,1022
7540,0
7541,1022
7542,0
7543,1022
7544,0
7545,1022
7546,0
7547,1022
7548,0
7549,1022
7550,0
7551,1022
7552,0
7553,1022
7554,0
7555,1022
7556,0
7557,1022
7558,0
7559,1022
7560,0
7561,1022
7562,0
7563,1022
7564,0
7565,1022
7566,0
7567,1022
7568,0
7569,1021
7570,0
7571,1022
7572,0
7573,1022
7574,0
7575,1022
7576,0
7577,1022
7578,0
7579,1022
7580,0
7581,1022
7582,0
7583,1022
7584,0
7585,1022
7586,0
7587,1022
7588,0
7589,1022
7590,0
7591,1022
7592,0
7593,1021
7594,0
7595,1022
7596,0
7597,1022
7598,0
7599,1022
7600,0
7601,1022
7602,0
7603,1022
7604,0
7605,1022
7606,0
7607,1022
7608,0
7609,1022
7610,0
7611,1022
7612,0
7613,1022
7614,0
7615,1022
7616,0
7617,1022
7618,0
7619,1022
7620,0
7621,1022
7622,0
7623,1022
7624,0
7625,1022
7626,0
7627,1022
7628,0
7629,1022
7630,0
7631,1022
7632,0
7633,1022
7634,0
7635,1022
7636,0
7637,1022
7638,0
7639,1022
7640,0
7641,1021
7642,0
7643,1022
7644,0
7645,1022
7646,0
7647,1022
7648,0
7649,1022
7650,0
7651,1021
7652,0
7653,1022
7654,0
7655,1022
7656,0
7657,1022
7658,0
7659,1022
7660,0
7661,1021
7662,0
7663,1022
7664,0
7665,1022
7666,0
7667,1022
7668,0
7669,1022
7670,0
7671,1022
7672,0
7673,1022
7674,0
7675,1022
7676,0
7677,1022
7678,0
7679,1022
7680,0
7681,1022
7682,0
7683,1022
7684,0
7685,1022
7686,0
7687,1022
7688,0
7689,1022
7690,0
7691,1022
7692,0
7693,1022
7694,0
7695,1022
7696,0
7697,1022
7698,0
7699,1022
7700,0
7701,1022
7702,0
7703,1021
7704,0
7705,1022
7706,0
7707,1022
7708,0
7709,1022
7710,0
7711,1022
7712,0
7713,1022
7714,0
7715,1023
7716,0
7717,1022
7718,0
7719,1022
7720,0
7721,1021
7722,0
7723,1022
7724,0
7725,1022
7726,0
7727,1022
7728,0
7729,1021
7730,0
7731,1022
7732,0
7733,1022
7734,0
7735,1022
7736,0
7737,1022
7738,0
7739,1023
7740,0
7741,1022
7742,0
7743,1022
7744,0
7745,1021
7746,0
7747,1022
7748,0
7749,1022
7750,0
7751,1022
7752,0
7753,1021
7754,0
7755,1022
7756,0
7757,1022
7758,0
7759,1022
7760,0
7761,1022
7762,0
7763,1022
7764,0
7765,1021
7766,0
7767,1022
7768,0
7769,1022
7770,0
7771,1022
7772,0
7773,1022
7774,0
7775,1022
7776,0
7777,1022
7778,0
7779,1022
7780,0
7781,1022
7782,0
7783,1022
7784,0
7785,1022
7786,0
7787,1022
7788,0
7789,1022
7790,0
7791,1022
7792,0
7793,1022
7794,0
7795,1022
7796,0
7797,1022
7798,0
7799,1022
7800,0
7801,1021
7802,0
7803,1021
7804,0
7805,1021
7806,0
7807,1022
7808,0
7809,1021
7810,0
7811,1022
7812,0
7813,1022
7814,0
7815,1022
7816,0
7817,1022
7818,0
7819,1022
7820,0
7821,1022
7822,0
7823,1021
7824,0
7825,1022
7826,0
7827,1022
7828,0
7829,1022
7830,0
7831,1022
7832,0
7833,1022
7834,0
7835,1022
7836,0
7837,1022
7838,0
7839,1022
7840,0
7841,1022
7842,0
7843,1021
7844,0
7845,1022
7846,0
7847,1022
7848,0
7849,1022
7850,0
7851,1022
7852,0
7853,1022
7854,0
7855,1022
7856,0
7857,1022
7858,0
7859,1022
7860,0
7861,1022
7862,0
7863,1022
7864,0
7865,1022
7866,0
7867,1022
7868,0
7869,1022
7870,0
7871,1021
7872,0
7873,1022
7874,0
7875,1022
7876,0
7877,1022
7878,0
7879,1022
7880,0
7881,1022
7882,0
7883,1021
7884,0
7885,1022
7886,0
7887,1022
7888,0
7889,1022
7890,0
7891,1022
7892,0
7893,1022
7894,0
7895,1022
7896,0
7897,1022
7898,0
7899,1022
7900,0
7901,1022
7902,0
7903,1021
7904,0
7905,1022
7906,0
7907,1022
7908,0
7909,1022
7910,0
7911,1022
7912,0
7913,1021
7914,0
7915,1022
7916,0
7917,1022
7918,0
7919,1022
7920,0
7921,1022
7922,0
7923,1022
7924,0
7925,1022
7926,0
7927,1022
7928,0
7929,1022
7930,0
7931,1022
7932,0
7933,1022
7934,0
7935,1022
7936,0
7937,1022
7938,0
7939,1022
7940,0
7941,1022
7942,0
7943,1022
7944,0
7945,1022
7946,0
7947,1022
7948,0
7949,1022
7950,0
7951,1022
7952,0
7953,1022
7954,0
7955,1021
7956,0
7957,1022
7958,0
7959,1021
7960,0
7961,1022
7962,0
7963,1022
7964,0
7965,1022
7966,0
7967,1022
7968,0
7969,1022
7970,0
7971,1022
7972,0
7973,1022
7974,0
7975,1022
7976,0
7977,1021
7978,0
7979,1022
7980,0
7981,1022
7982,0
7983,1022
7984,0
7985,1022
7986,0
7987,1022
7988,0
7989,1022
7990,0
7991,1022
7992,0
7993,1022
7994,0
7995,1022
7996,0
7997,1021
7998,0
7999,1022
8000,0
8001,1022
8002,0
8003,1022
8004,0
8005,1022
8006,0
8007,1022
8008,0
8009,1021
8010,0
8011,1022
8012,0
8013,1022
8014,0
8015,1022
8016,0
8017,1022
8018,0
8019,1022
8020,0
8021,1022
8022,0
8023,1022
8024,0
8025,1022
8026,0
8027,1022
8028,0
8029,1022
8030,0
8031,1021
8032,0
8033,1022
8034,0
8035,1022
8036,0
8037,1022
8038,0
8039,1022
8040,0
8041,1022
8042,0
8043,1022
8044,0
8045,1021
8046,0
8047,1022
8048,0
8049,1022
8050,0
8051,1022
8052,0
8053,1022
8054,0
8055,1022
8056,0
8057,1022
8058,0
8059,1022
8060,0
8061,1022
8062,0
8063,1022
8064,0
8065,1022
8066,0
8067,1022
8068,0
8069,1022
8070,0
8071,1022
8072,0
8073,1022
8074,0
8075,1022
8076,0
8077,1022
8078,0
8079,1022
8080,0
8081,1021
8082,0
8083,1022
8084,0
8085,1022
8086,0
8087,1021
8088,0
8089,1022
8090,0
8091,1022
8092,0
8093,1021
8094,0
8095,1022
8096,0
8097,1022
8098,0
8099,1022
8100,0
8101,1022
8102,0
8103,1022
8104,0
8105,1022
8106,0
8107,1022
8108,0
8109,1022
8110,0
8111,1022
8112,0
8113,1022
8114,0
8115,1022
8116,0
8117,1022
8118,0
8119,1021
8120,0
8121,1022
8122,0
8123,1022
8124,0
8125,1021
8126,0
8127,1022
8128,0
8129,1022
8130,0
8131,1022
8132,0
8133,1022
8134,0
8135,1022
8136,0
8137,1022
8138,0
8139,1022
8140,0
8141,1022
8142,0
8143,1022
8144,0
8145,1022
8146,0
8147,1022
8148,0
8149,1021
8150,0
8151,1022
8152,0
8153,1022
8154,0
8155,1022
8156,0
8157,1022
8158,0
8159,1022
8160,0
8161,1022
8162,0
8163,1022
8164,0
8165,1022
8166,0
8167,1022
8168,0
8169,1022
8170,0
8171,1022
8172,0
8173,1022
8174,0
8175,1021
8176,0
8177,1022
8178,0
8179,1022
8180,0
8181,1022
8182,0
8183,1022
8184,0
8185,1022
8186,0
8187,1022
8188,0
8189,1022
8190,0
8191,1022
8192,0
8193,1022
8194,0
8195,1021
8196,0
8197,1022
8198,0
8199,1022
8200,0
8201,1022
8202,0
8203,1021
8204,0
8205,1022
8206,0
8207,1022
8208,0
8209,1022
8210,0
8211,1022
8212,0
8213,1022
8214,0
8215,1022
8216,0
8217,1022
8218,0
8219,1021
8220,0
8221,1022
8222,0
8223,1022
8224,0
8225,1022
8226,0
8227,1022
8228,0
8229,1022
8230,0
8231,1022
8232,0
8233,1022
8234,0
8235,1022
8236,0
8237,1022
8238,0
8239,1022
8240,0
8241,1022
8242,0
8243,1023
8244,0
8245,1021
8246,0
8247,1021
8248,0
8249,1022
8250,0
8251,1021
8252,0
8253,1021
8254,0
8255,1022
8256,0
8257,1022
8258,0
8259,1022
8260,0
8261,1022
8262,0
8263,1022
8264,0
8265,1021
8266,0
8267,1022
8268,0
8269,1022
8270,0
8271,1022
8272,0
8273,1022
8274,0
8275,1022
8276,0
8277,1022
8278,0
8279,1022
8280,0
8281,1022
8282,0
8283,1022
8284,0
8285,1022
8286,0
8287,1022
8288,0
8289,1022
8290,0
8291,1022
8292,0
8293,1022
8294,0
8295,1022
8296,0
8297,1022
8298,0
8299,1022
8300,0
8301,1022
8302,0
8303,1022
8304,0
8305,1022
8306,0
8307,1022
8308,0
8309,1022
8310,0
8311,1022
8312,0
8313,1021
8314,0
8315,1022
8316,0
8317,1022
8318,0
8319,1021
8320,0
8321,1022
8322,0
8323,1021
8324,0
8325,1022
8326,0
8327,1022
8328,0
8329,1021
8330,0
8331,1022
8332,0
8333,1021
8334,0
8335,1022
8336,0
8337,1022
8338,0
8339,1022
8340,0
8341,1022
8342,0
8343,1022
8344,0
8345,1022
8346,0
8347,1022
8348,0
8349,1022
8350,0
8351,1022
8352,0
8353,1022
8354,0
8355,1022
8356,0
8357,1022
8358,0
8359,1022
8360,0
8361,1022
8362,0
8363,1022
8364,0
8365,1022
8366,0
8367,1022
8368,0
8369,1022
8370,0
8371,1022
8372,0
8373,1022
8374,0
8375,1022
8376,0
8377,1022
8378,0
8379,1022
8380,0
8381,1022
8382,0
8383,1022
8384,0
8385,1022
8386,0
8387,1022
8388,0
8389,1022
8390,0
8391,1022
8392,0
8393,1022
8394,0
8395,1021
8396,0
8397,1022
8398,0
8399,1022
8400,0
8401,1022
8402,0
8403,1022
8404,0
8405,1022
8406,0
8407,1021
8408,0
8409,1021
8410,0
8411,1022
8412,0
8413,1022
8414,0
8415,1022
8416,0
8417,1022
8418,0
8419,1022
8420,0
8421,1022
8422,0
8423,1022
8424,0
8425,1022
8426,0
8427,1022
8428,0
8429,1022
8430,0
8431,1021
8432,0
8433,1022
8434,0
8435,1022
8436,0
8437,1022
8438,0
8439,1022
8440,0
8441,1023
8442,0
8443,1022
8444,0
8445,1022
8446,0
8447,1022
8448,0
8449,1023
8450,0
8451,1022
8452,0
8453,1022
8454,0
8455,1022
8456,0
8457,1023
8458,0
8459,1022
8460,0
8461,1022
8462,0
8463,1022
8464,0
8465,1022
8466,0
8467,1022
8468,0
8469,1022
8470,0
8471,1022
8472,0
8473,1022
8474,0
8475,1022
8476,0
8477,1022
8478,0
8479,1022
8480,0
8481,1021
8482,0
8483,1021
8484,0
8485,1022
8486,0
8487,1021
8488,0
8489,1021
8490,0
8491,1022
8492,0
8493,1022
8494,0
8495,1022
8496,0
8497,1022
8498,0
8499,1022
8500,0
8501,1022
8502,0
8503,1022
8504,0
8505,1022
8506,0
8507,1022
8508,0
8509,1023
8510,0
8511,1022
8512,0
8513,1022
8514,0
8515,1021
8516,0
8517,1022
8518,0
8519,1022
8520,0
8521,1021
8522,0
8523,1022
8524,0
8525,1022
8526,0
8527,1022
8528,0
8529,1022
8530,0
8531,1022
8532,0
8533,1022
8534,0
8535,1022
8536,0
8537,1022
8538,0
8539,1022
8540,0
8541,1022
8542,0
8543,1022
8544,0
8545,1022
8546,0
8547,1021
8548,0
8549,1022
8550,0
8551,1022
8552,0
8553,1022
8554,0
8555,1022
8556,0
8557,1022
8558,0
8559,1022
8560,0
8561,1022
8562,0
8563,1022
8564,0
8565,1022
8566,0
8567,1022
8568,0
8569,1022
8570,0
8571,1022
8572,0
8573,1022
8574,0
8575,1022
8576,0
8577,1021
8578,0
8579,1022
8580,0
8581,1022
8582,0
8583,1022
8584,0
8585,1022
8586,0
8587,1022
8588,0
8589,1022
8590,0
8591,1022
8592,0
8593,1022
8594,0
8595,1022
8596,0
8597,1022
8598,0
8599,1022
8600,0
8601,1022
8602,0
8603,1022
8604,0
8605,1021
8606,0
8607,1022
8608,0
8609,1022
8610,0
8611,1022
8612,0
8613,1022
8614,0
8615,1022
8616,0
8617,1022
8618,0
8619,1022
8620,0
8621,1022
8622,0
8623,1022
8624,0
8625,1022
8626,0
8627,1022
8628,0
8629,1022
8630,0
8631,1022
8632,0
8633,1022
8634,0
8635,1022
8636,0
8637,1022
8638,0
8639,1022
8640,0
8641,1022
8642,0
8643,1022
8644,0
8645,1022
8646,0
8647,1022
8648,0
8649,1022
8650,0
8651,1022
8652,0
8653,1022
8654,0
8655,1022
8656,0
8657,1022
8658,0
8659,1021
8660,0
8661,1022
8662,0
8663,1022
8664,0
8665,1022
8666,0
8667,1022
8668,0
8669,1022
8670,0
8671,1022
8672,0
8673,1023
8674,0
8675,1022
8676,0
8677,1022
8678,0
8679,1022
8680,0
8681,1022
8682,0
8683,1022
8684,0
8685,1022
8686,0
8687,1022
8688,0
8689,1022
8690,0
8691,1021
8692,0
8693,1022
8694,0
8695,1022
8696,0
8697,1022
8698,0
8699,1022
8700,0
8701,1022
8702,0
8703,1022
8704,0
8705,1022
8706,0
8707,1022
8708,0
8709,1021
8710,0
8711,1022
8712,0
8713,1022
8714,0
8715,1022
8716,0
8717,1022
8718,0
8719,1022
8720,0
8721,1021
8722,0
8723,1022
8724,0
8725,1022
8726,0
8727,1022
8728,0
8729,1022
8730,0
8731,1021
8732,0
8733,1022
8734,0
8735,1022
8736,0
8737,1022
8738,0
8739,1022
8740,0
8741,1022
8742,0
8743,1022
8744,0
8745,1022
8746,0
8747,1022
8748,0
8749,1022
8750,0
8751,1022
8752,0
8753,1022
8754,0
8755,1022
8756,0
8757,1022
8758,0
8759,1022
8760,0
8761,1022
8762,0
8763,1022
8764,0
8765,1022
8766,0
8767,1022
8768,0
8769,1022
8770,0
8771,1022
8772,0
8773,1022
8774,0
8775,1022
8776,0
8777,1022
8778,0
8779,1022
8780,0
8781,1021
8782,0
8783,1022
8784,0
8785,1022
8786,0
8787,1022
8788,0
8789,1022
8790,0
8791,1023
8792,0
8793,1022
8794,0
8795,1022
8796,0
8797,1022
8798,0
8799,1022
8800,0
8801,1022
8802,0
8803,1022
8804,0
8805,1022
8806,0
8807,1022
8808,0
8809,1022
8810,0
8811,1022
8812,0
8813,1021
8814,0
8815,1021
8816,0
8817,1021
8818,0
8819,1022
8820,0
8821,1022
8822,0
8823,1022
8824,0
8825,1022
8826,0
8827,1022
8828,0
8829,1022
8830,0
8831,1022
8832,0
8833,1022
8834,0
8835,1022
8836,0
8837,1022
8838,0
8839,1022
8840,0
8841,1022
8842,0
8843,1022
8844,0
8845,1022
8846,0
8847,1022
8848,0
8849,1022
8850,0
8851,1022
8852,0
8853,1022
8854,0
8855,1022
8856,0
8857,1022
8858,0
8859,1023
8860,0
8861,1022
8862,0
8863,1022
8864,0
8865,1021
8866,0
8867,1022
8868,0
8869,1022
8870,0
8871,1022
8872,0
8873,1022
8874,0
8875,1022
8876,0
8877,1022
8878,0
8879,1022
8880,0
8881,1021
8882,0
8883,1022
8884,0
8885,1021
8886,0
8887,1022
8888,0
8889,1022
8890,0
8891,1022
8892,0
8893,1022
8894,0
8895,1022
8896,0
8897,1022
8898,0
8899,1022
8900,0
8901,1022
8902,0
8903,1022
8904,0
8905,1022
8906,0
8907,1022
8908,0
8909,1022
8910,0
8911,1022
8912,0
8913,1022
8914,0
8915,1022
8916,0
8917,1022
8918,0
8919,1022
8920,0
8921,1022
8922,0
8923,1022
8924,0
8925,1022
8926,0
8927,1022
8928,0
8929,1022
8930,0
8931,1022
8932,0
8933,1022
8934,0
8935,1022
8936,0
8937,1022
8938,0
8939,1022
8940,0
8941,1022
8942,0
8943,1022
8944,0
8945,1020
8946,0
8947,1022
8948,0
8949,1022
8950,0
8951,1022
8952,0
8953,1022
8954,0
8955,1022
8956,0
8957,1022
8958,0
8959,1022
8960,0
8961,1022
8962,0
8963,1022
8964,0
8965,1021
8966,0
8967,1022
8968,0
8969,1021
8970,0
8971,1022
8972,0
8973,1023
8974,0
8975,1022
8976,0
8977,1022
8978,0
8979,1022
8980,0
8981,1022
8982,0
8983,1022
8984,0
8985,1022
8986,0
8987,1022
8988,0
8989,1022
8990,0
8991,1022
8992,0
8993,1022
8994,0
8995,1022
8996,0
8997,1022
8998,0
8999,1022
9000,0
9001,1022
9002,0
9003,1022
9004,0
9005,1022
9006,0
9007,1022
9008,0
9009,1022
9010,0
9011,1022
9012,0
9013,1022
9014,0
9015,1022
9016,0
9017,1022
9018,0
9019,1022
9020,0
9021,1022
9022,0
9023,1022
9024,0
9025,1022
9026,0
9027,1022
9028,0
9029,1022
9030,0
9031,1022
9032,0
9033,1022
9034,0
9035,1022
9036,0
9037,1021
9038,0
9039,1022
9040,0
9041,1022
9042,0
9043,1022
9044,0
9045,1022
9046,0
9047,1022
9048,0
9049,1022
9050,0
9051,1022
9052,0
9053,1022
9054,0
9055,1022
9056,0
9057,1022
9058,0
9059,1022
9060,0
9061,1022
9062,0
9063,1022
9064,0
9065,1022
9066,0
9067,1022
9068,0
9069,1022
9070,0
9071,1022
9072,0
9073,1022
9074,0
9075,1022
9076,0
9077,1022
9078,0
9079,1021
9080,0
9081,1022
9082,0
9083,1022
9084,0
9085,1022
9086,0
9087,1022
9088,0
9089,1022
9090,0
9091,1022
9092,0
9093,1022
9094,0
9095,1022
9096,0
9097,1022
9098,0
9099,1022
9100,0
9101,1022
9102,0
9103,1022
9104,0
9105,1022
9106,0
9107,1022
9108,0
9109,1022
9110,0
9111,1021
9112,0
9113,1022
9114,0
9115,1022
9116,0
9117,1022
9118,0
9119,1022
9120,0
9121,1022
9122,0
9123,1022
9124,0
9125,1022
9126,0
9127,1022
9128,0
9129,1022
9130,0
9131,1022
9132,0
9133,1022
9134,0
9135,1022
9136,0
9137,1020
9138,0
9139,1022
9140,0
9141,1022
9142,0
9143,1022
9144,0
9145,1022
9146,0
9147,1022
9148,0
9149,1022
9150,0
9151,1022
9152,0
9153,1022
9154,0
9155,1022
9156,0
9157,1022
9158,0
9159,1022
9160,0
9161,1022
9162,0
9163,1022
9164,0
9165,1022
9166,0
9167,1022
9168,0
9169,1022
9170,0
9171,1022
9172,0
9173,1022
9174,0
9175,1022
9176,0
9177,1022
9178,0
9179,1022
9180,0
9181,1022
9182,0
9183,1022
9184,0
9185,1021
9186,0
9187,1022
9188,0
9189,1021
9190,0
9191,1022
9192,0
9193,1022
9194,0
9195,1021
9196,0
9197,1022
9198,0
9199,1022
9200,0
9201,1022
9202,0
9203,1022
9204,0
9205,1022
9206,0
9207,1021
9208,0
9209,1022
9210,0
9211,1021
9212,0
9213,1021
9214,0
9215,1022
9216,0
9217,1022
9218,0
9219,1022
9220,0
9221,1022
9222,0
9223,1022
9224,0
9225,1022
9226,0
9227,1022
9228,0
9229,1022
9230,0
9231,1022
9232,0
9233,1022
9234,0
9235,1022
9236,0
9237,1022
9238,0
9239,1022
9240,0
9241,1022
9242,0
9243,1023
9244,0
9245,1022
9246,0
9247,1022
9248,0
9249,1021
9250,0
9251,1022
9252,0
9253,1022
9254,0
9255,1022
9256,0
9257,1022
9258,0
9259,1022
9260,0
9261,1022
9262,0
9263,1022
9264,0
9265,1021
9266,0
9267,1022
9268,0
9269,1021
9270,0
9271,1022
9272,0
9273,1021
9274,0
9275,1022
9276,0
9277,1022
9278,0
9279,1022
9280,0
9281,1022
9282,0
9283,1022
9284,0
9285,1022
9286,0
9287,1022
9288,0
9289,1022
9290,0
9291,1022
9292,0
9293,1022
9294,0
9295,1022
9296,0
9297,1022
9298,0
9299,1022
9300,0
9301,1021
9302,0
9303,1022
9304,0
9305,1021
9306,0
9307,1022
9308,0
9309,1022
9310,0
9311,1022
9312,0
9313,1022
9314,0
9315,1022
9316,0
9317,1022
9318,0
9319,1022
9320,0
9321,1022
9322,0
9323,1022
9324,0
9325,1022
9326,0
9327,1022
9328,0
9329,1022
9330,0
9331,1022
9332,0
9333,1022
9334,0
9335,1022
9336,0
9337,1022
9338,0
9339,1022
9340,0
9341,1023
9342,0
9343,1021
9344,0
9345,1021
9346,0
9347,1022
9348,0
9349,1022
9350,0
9351,1022
9352,0
9353,1021
9354,0
9355,1022
9356,0
9357,1022
9358,0
9359,1022
9360,0
9361,1022
9362,0
9363,1022
9364,0
9365,1022
9366,0
9367,1022
9368,0
9369,1022
9370,0
9371,1022
9372,0
9373,1022
9374,0
9375,1022
9376,0
9377,1022
9378,0
9379,1022
9380,0
9381,1022
9382,0
9383,1022
9384,0
9385,1022
9386,0
9387,1022
9388,0
9389,1022
9390,0
9391,1022
9392,0
9393,1022
9394,0
9395,1022
9396,0
9397,1022
9398,0
9399,1022
9400,0
9401,1022
9402,0
9403,1022
9404,0
9405,1022
9406,0
9407,1022
9408,0
9409,1022
9410,0
9411,1022
9412,0
9413,1021
9414,0
9415,1022
9416,0
9417,1021
9418,0
9419,1022
9420,0
9421,1021
9422,0
9423,1022
9424,0
9425,1022
9426,0
9427,1022
9428,0
9429,1022
9430,0
9431,1022
9432,0
9433,1022
9434,0
9435,1022
9436,0
9437,1022
9438,0
9439,1022
9440,0
9441,1022
9442,0
9443,1022
9444,0
9445,1022
9446,0
9447,1022
9448,0
9449,1022
9450,0
9451,1022
9452,0
9453,1022
9454,0
9455,1022
9456,0
9457,1022
9458,0
9459,1022
9460,0
9461,1022
9462,0
9463,1022
9464,0
9465,1022
9466,0
9467,1022
9468,0
9469,1022
9470,0
9471,1022
9472,0
9473,1022
9474,0
9475,1022
9476,0
9477,1022
9478,0
9479,1022
9480,0
9481,1022
9482,0
9483,1022
9484,0
9485,1022
9486,0
9487,1022
9488,0
9489,1022
9490,0
9491,1022
9492,0
9493,1022
9494,0
9495,1021
9496,0
9497,1021
9498,0
9499,1022
9500,0
9501,1021
9502,0
9503,1023
9504,0
9505,1022
9506,0
9507,1022
9508,0
9509,1022
9510,0
9511,1022
9512,0
9513,1022
9514,0
9515,1022
9516,0
9517,1022
9518,0
9519,1022
9520,0
9521,1022
9522,0
9523,1022
9524,0
9525,1022
9526,0
9527,1022
9528,0
9529,1022
9530,0
9531,1022
9532,0
9533,1022
9534,0
9535,1022
9536,0
9537,1022
9538,0
9539,1022
9540,0
9541,1022
9542,0
9543,1022
9544,0
9545,1022
9546,0
9547,1022
9548,0
9549,1022
9550,0
9551,1022
9552,0
9553,1022
9554,0
9555,1022
9556,0
9557,1022
9558,0
9559,1022
9560,0
9561,1022
9562,0
9563,1022
9564,0
9565,1022
9566,0
9567,1022
9568,0
9569,1023
9570,0
9571,1021
9572,0
9573,1021
9574,0
9575,1021
9576,0
9577,1021
9578,0
9579,1021
9580,0
9581,1022
9582,0
9583,1022
9584,0
9585,1022
9586,0
9587,1022
9588,0
9589,1022
9590,0
9591,1022
9592,0
9593,1022
9594,0
9595,1022
9596,0
9597,1022
9598,0
9599,1022
9600,0
9601,1022
9602,0
9603,1022
9604,0
9605,1022
9606,0
9607,1022
9608,0
9609,1022
9610,0
9611,1022
9612,0
9613,1022
9614,0
9615,1022
9616,0
9617,1023
9618,0
9619,1022
9620,0
9621,1022
9622,0
9623,1022
9624,0
9625,1021
9626,0
9627,1022
9628,0
9629,1022
9630,0
9631,1022
9632,0
9633,1022
9634,0
9635,1022
9636,0
9637,1022
9638,0
9639,1022
9640,0
9641,1022
9642,0
9643,1022
9644,0
9645,1022
9646,0
9647,1022
9648,0
9649,1023
9650,0
9651,1021
9652,0
9653,1022
9654,0
9655,1021
9656,0
9657,1022
9658,0
9659,1022
9660,0
9661,1022
9662,0
9663,1022
9664,0
9665,1022
9666,0
9667,1022
9668,0
9669,1022
9670,0
9671,1022
9672,0
9673,1022
9674,0
9675,1022
9676,0
9677,1022
9678,0
9679,1022
9680,0
9681,1022
9682,0
9683,1022
9684,0
9685,1022
9686,0
9687,1021
9688,0
9689,1022
9690,0
9691,1022
9692,0
9693,1022
9694,0
9695,1022
9696,0
9697,1022
9698,0
9699,1022
9700,0
9701,1022
9702,0
9703,1022
9704,0
9705,1022
9706,0
9707,1022
9708,0
9709,1022
9710,0
9711,1022
9712,0
9713,1022
9714,0
9715,1022
9716,0
9717,1022
9718,0
9719,1022
9720,0
9721,1022
9722,0
9723,1022
9724,0
9725,1022
9726,0
9727,1022
9728,0
9729,1021
9730,0
9731,1022
9732,0
9733,1022
9734,0
9735,1022
9736,0
9737,1022
9738,0
9739,1022
9740,0
9741,1022
9742,0
9743,1022
9744,0
9745,1022
9746,0
9747,1022
9748,0
9749,1022
9750,0
9751,1022
9752,0
9753,1022
9754,0
9755,1022
9756,0
9757,1022
9758,0
9759,1022
9760,0
9761,1022
9762,0
9763,1022
9764,0
9765,1022
9766,0
9767,1022
9768,0
9769,1023
9770,0
9771,1022
9772,0
9773,1022
9774,0
9775,1021
9776,0
9777,1022
9778,0
9779,1022
9780,0
9781,1022
9782,0
9783,1022
9784,0
9785,1022
9786,0
9787,1022
9788,0
9789,1022
9790,0
9791,1022
9792,0
9793,1022
9794,0
9795,1022
9796,0
9797,1022
9798,0
9799,1021
9800,0
9801,1022
9802,0
9803,1021
9804,0
9805,1022
9806,0
9807,1021
9808,0
9809,1022
9810,0
9811,1022
9812,0
9813,1022
9814,0
9815,1022
9816,0
9817,1023
9818,0
9819,1022
9820,0
9821,1021
9822,0
9823,1022
9824,0
9825,1022
9826,0
9827,1022
9828,0
9829,1022
9830,0
9831,1022
9832,0
9833,1022
9834,0
9835,1022
9836,0
9837,1022
9838,0
9839,1022
9840,0
9841,1022
9842,0
9843,1022
9844,0
9845,1021
9846,0
9847,1022
9848,0
9849,1022
9850,0
9851,1022
9852,0
9853,1022
9854,0
9855,1022
9856,0
9857,1022
9858,0
9859,1022
9860,0
9861,1022
9862,0
9863,1022
9864,0
9865,1022
9866,0
9867,1022
9868,0
9869,1022
9870,0
9871,1021
9872,0
9873,1023
9874,0
9875,1023
9876,0
9877,1021
9878,0
9879,1021
9880,0
9881,1022
9882,0
9883,1022
9884,0
9885,1022
9886,0
9887,1021
9888,0
9889,1022
9890,0
9891,1022
9892,0
9893,1022
9894,0
9895,1022
9896,0
9897,1022
9898,0
9899,1021
9900,0
9901,1022
9902,0
9903,1022
9904,0
9905,1022
9906,0
9907,1022
9908,0
9909,1022
9910,0
9911,1022
9912,0
9913,1022
9914,0
9915,1022
9916,0
9917,1022
9918,0
9919,1022
9920,0
9921,1022
9922,0
9923,1022
9924,0
9925,1022
9926,0
9927,1022
9928,0
9929,1022
9930,0
9931,1022
9932,0
9933,1022
9934,0
9935,1022
9936,0
9937,1022
9938,0
9939,1022
9940,0
9941,1022
9942,0
9943,1022
9944,0
9945,1022
9946,0
9947,1022
9948,0
9949,1022
9950,0
9951,1021
9952,0
9953,1022
9954,0
9955,1021
9956,0
9957,1022
9958,0
9959,1021
9960,0
9961,1022
9962,0
9963,1022
9964,0
9965,1022
9966,0
9967,1022
9968,0
9969,1022
9970,0
9971,1022
9972,0
9973,1022
9974,0
9975,1022
9976,0
9977,1022
9978,0
9979,1022
9980,0
9981,1021
9982,0
9983,1022
9984,0
9985,1022
9986,0
9987,1022
9988,0
9989,1022
9990,0
9991,1022
9992,0
9993,1022
9994,0
9995,1022
9996,0
9997,1022
9998,0
9999,1022
10000,0
