1,450
2,460
3,457
4,453
5,450
6,446
7,441
8,470
9,475
10,483
11,488
12,495
13,500
14,507
15,512
16,518
17,522
18,528
19,533
20,506
21,502
22,494
23,486
24,482
25,477
26,470
27,466
28,460
29,456
30,450
31,445
32,472
33,477
34,486
35,491
36,497
37,502
38,509
39,513
40,520
41,523
42,530
43,534
44,510
45,503
46,495
47,487
48,482
49,477
50,470
51,466
52,460
53,456
54,450
55,445
56,473
57,478
58,486
59,490
60,497
61,502
62,508
63,513
64,520
65,523
66,528
67,533
68,510
69,501
70,496
71,487
72,483
73,478
74,471
75,467
76,461
77,457
78,450
79,445
80,473
81,477
82,486
83,491
84,497
85,502
86,508
87,513
88,518
89,524
90,529
91,534
92,511
93,501
94,496
95,489
96,484
97,479
98,472
99,468
100,461
101,457
102,452
103,446
104,471
105,478
106,485
107,491
108,496
109,502
110,508
111,513
112,518
113,523
114,528
115,534
116,509
117,501
118,494
119,489
120,483
121,478
122,472
123,467
124,462
125,457
126,452
127,446
128,471
129,479
130,487
131,491
132,498
133,503
134,508
135,513
136,518
137,524
138,528
139,534
140,509
141,503
142,496
143,490
144,484
145,478
146,473
147,468
148,463
149,457
150,452
151,446
152,472
153,479
154,486
155,491
156,497
157,502
158,508
159,513
160,518
161,523
162,528
163,534
164,509
165,501
166,495
167,489
168,483
169,478
170,472
171,465
172,463
173,456
174,451
175,447
176,470
177,479
178,485
179,491
180,497
181,503
182,508
183,513
184,518
185,523
186,528
187,534
188,509
189,503
190,496
191,490
192,484
193,478
194,473
195,468
196,462
197,457
198,452
199,446
200,472
201,479
202,485
203,492
204,497
205,502
206,508
207,513
208,518
209,523
210,528
211,534
212,509
213,501
214,492
215,489
216,482
217,476
218,471
219,466
220,462
221,457
222,452
223,445
224,471
225,477
226,484
227,490
228,496
229,502
230,508
231,513
232,518
233,523
234,528
235,534
236,508
237,501
238,495
239,489
240,483
241,478
242,472
243,467
244,462
245,457
246,452
247,446
248,471
249,480
250,486
251,492
252,497
253,503
254,508
255,513
256,520
257,524
258,529
259,533
260,511
261,501
262,494
263,490
264,484
265,478
266,472
267,467
268,462
269,457
270,452
271,446
272,472
273,478
274,484
275,491
276,496
277,502
278,507
279,513
280,518
281,523
282,528
283,534
284,508
285,501
286,494
287,489
288,483
289,478
290,472
291,467
292,462
293,457
294,452
295,446
296,472
297,479
298,485
299,494
300,497
301,504
302,509
303,514
304,519
305,524
306,528
307,534
308,509
309,503
310,496
311,490
312,484
313,478
314,473
315,467
316,462
317,457
318,452
319,446
320,472
321,479
322,485
323,492
324,498
325,503
326,508
327,514
328,519
329,524
330,528
331,534
332,509
333,501
334,494
335,489
336,483
337,478
338,472
339,467
340,462
341,457
342,450
343,446
344,470
345,479
346,486
347,492
348,496
349,502
350,508
351,513
352,518
353,523
354,528
355,534
356,509
357,503
358,496
359,490
360,484
361,478
362,473
363,468
364,462
365,457
366,452
367,445
368,472
369,479
370,485
371,491
372,497
373,503
374,508
375,513
376,518
377,523
378,528
379,534
380,509
381,501
382,494
383,489
384,481
385,478
386,471
387,466
388,461
389,456
390,451
391,446
392,472
393,478
394,484
395,490
396,496
397,502
398,508
399,512
400,517
401,522
402,528
403,533
404,508
405,501
406,494
407,489
408,483
409,478
410,473
411,467
412,462
413,457
414,452
415,445
416,471
417,479
418,485
419,491
420,497
421,502
422,508
423,513
424,519
425,523
426,528
427,534
428,511
429,501
430,495
431,489
432,483
433,478
434,472
435,467
436,462
437,457
438,452
439,446
440,472
441,478
442,484
443,490
444,496
445,502
446,507
447,513
448,518
449,523
450,528
451,534
452,508
453,501
454,495
455,489
456,483
457,478
458,472
459,467
460,462
461,457
462,452
463,446
464,472
465,479
466,485
467,491
468,497
469,502
470,510
471,513
472,519
473,524
474,529
475,533
476,507
477,502
478,496
479,490
480,484
481,478
482,472
483,467
484,463
485,457
486,452
487,446
488,472
489,478
490,486
491,491
492,496
493,502
494,507
495,513
496,518
497,523
498,528
499,534
500,508
501,501
502,495
503,489
504,483
505,478
506,472
507,467
508,462
509,457
510,452
511,446
512,472
513,481
514,487
515,493
516,498
517,505
518,510
519,514
520,518
521,523
522,528
523,535
524,509
525,503
526,496
527,490
528,484
529,479
530,473
531,467
532,462
533,457
534,452
535,446
536,471
537,479
538,485
539,491
540,497
541,503
542,508
543,513
544,518
545,524
546,528
547,534
548,509
549,501
550,494
551,489
552,483
553,477
554,472
555,465
556,462
557,456
558,451
559,447
560,470
561,479
562,485
563,491
564,497
565,503
566,509
567,513
568,519
569,524
570,529
571,534
572,509
573,503
574,496
575,490
576,484
577,479
578,473
579,468
580,463
581,457
582,452
583,446
584,472
585,479
586,485
587,491
588,497
589,503
590,508
591,513
592,519
593,523
594,528
595,534
596,509
597,501
598,492
599,489
600,482
601,476
602,471
603,465
604,462
605,457
606,452
607,446
608,472
609,478
610,484
611,490
612,496
613,502
614,507
615,513
616,518
617,523
618,528
619,534
620,508
621,501
622,494
623,489
624,483
625,478
626,473
627,467
628,462
629,457
630,452
631,446
632,472
633,479
634,487
635,491
636,497
637,502
638,509
639,513
640,519
641,525
642,529
643,534
644,511
645,501
646,495
647,490
648,484
649,478
650,473
651,467
652,462
653,457
654,452
655,446
656,472
657,478
658,484
659,490
660,496
661,502
662,508
663,513
664,518
665,523
666,528
667,534
668,508
669,501
670,495
671,489
672,483
673,478
674,473
675,467
676,462
677,457
678,452
679,446
680,472
681,479
682,485
683,493
684,497
685,503
686,509
687,514
688,519
689,523
690,528
691,534
692,509
693,503
694,496
695,490
696,484
697,479
698,473
699,467
700,462
701,457
702,452
703,447
704,473
705,479
706,484
707,491
708,497
709,502
710,507
711,513
712,518
713,523
714,528
715,534
716,508
717,501
718,493
719,489
720,484
721,478
722,473
723,467
724,462
725,458
726,450
727,446
728,470
729,479
730,486
731,492
732,496
733,502
734,508
735,513
736,518
737,523
738,528
739,534
740,509
741,503
742,496
743,490
744,484
745,478
746,472
747,468
748,463
749,457
750,452
751,446
752,472
753,479
754,487
755,491
756,497
757,503
758,508
759,513
760,518
761,523
762,528
763,534
764,507
765,502
766,495
767,490
768,482
769,478
770,472
771,467
772,461
773,456
774,451
775,446
776,472
777,478
778,484
779,490
780,496
781,502
782,508
783,513
784,518
785,523
786,528
787,534
788,508
789,501
790,495
791,489
792,483
793,478
794,471
795,467
796,462
797,457
798,452
799,446
800,471
801,479
802,486
803,491
804,497
805,502
806,508
807,514
808,518
809,524
810,528
811,534
812,510
813,501
814,494
815,488
816,482
817,478
818,473
819,467
820,462
821,457
822,452
823,446
824,472
825,478
826,484
827,490
828,496
829,502
830,507
831,513
832,519
833,523
834,528
835,534
836,508
837,501
838,494
839,489
840,483
841,478
842,472
843,467
844,462
845,457
846,452
847,446
848,472
849,479
850,485
851,491
852,497
853,502
854,510
855,513
856,519
857,525
858,529
859,533
860,507
861,501
862,496
863,490
864,484
865,478
866,472
867,467
868,462
869,457
870,452
871,446
872,472
873,478
874,486
875,490
876,497
877,503
878,508
879,513
880,518
881,524
882,529
883,534
884,508
885,501
886,495
887,489
888,483
889,478
890,472
891,467
892,462
893,457
894,452
895,446
896,472
897,481
898,487
899,493
900,498
901,505
902,510
903,513
904,518
905,523
906,528
907,534
908,509
909,503
910,496
911,490
912,484
913,479
914,472
915,467
916,462
917,457
918,452
919,446
920,472
921,479
922,487
923,491
924,498
925,502
926,508
927,513
928,518
929,523
930,528
931,534
932,509
933,501
934,495
935,489
936,483
937,478
938,472
939,465
940,463
941,456
942,451
943,447
944,470
945,479
946,486
947,491
948,497
949,503
950,509
951,514
952,519
953,524
954,529
955,534
956,507
957,502
958,494
959,490
960,483
961,477
962,472
963,467
964,462
965,457
966,452
967,445
968,471
969,479
970,485
971,491
972,497
973,502
974,508
975,513
976,518
977,524
978,528
979,535
980,509
981,501
982,492
983,489
984,482
985,476
986,471
987,466
988,462
989,457
990,452
991,446
992,471
993,478
994,484
995,490
996,496
997,502
998,507
999,513
1000,518
1001,523
1002,528
1003,534
1004,508
1005,501
1006,495
1007,489
1008,482
1009,478
1010,473
1011,468
1012,462
1013,457
1014,452
1015,446
1016,470
1017,477
1018,484
1019,490
1020,496
1021,502
1022,507
1023,513
1024,520
1025,523
1026,529
1027,534
1028,507
1029,503
1030,496
1031,490
1032,484
1033,479
1034,473
1035,468
1036,463
1037,457
1038,452
1039,446
1040,473
1041,480
1042,487
1043,493
1044,498
1045,502
1046,508
1047,514
1048,518
1049,523
1050,528
1051,534
1052,510
1053,502
1054,496
1055,490
1056,484
1057,479
1058,473
1059,468
1060,463
1061,457
1062,452
1063,446
1064,470
1065,478
1066,484
1067,492
1068,497
1069,503
1070,507
1071,514
1072,518
1073,523
1074,528
1075,534
1076,509
1077,502
1078,495
1079,489
1080,484
1081,478
1082,473
1083,467
1084,462
1085,457
1086,452
1087,446
1088,471
1089,478
1090,485
1091,491
1092,497
1093,502
1094,508
1095,513
1096,518
1097,523
1098,528
1099,534
1100,510
1101,502
1102,496
1103,489
1104,483
1105,478
1106,473
1107,468
1108,463
1109,457
1110,451
1111,446
1112,473
1113,478
1114,486
1115,491
1116,497
1117,502
1118,507
1119,513
1120,518
1121,523
1122,528
1123,534
1124,507
1125,501
1126,495
1127,489
1128,483
1129,478
1130,473
1131,467
1132,462
1133,457
1134,452
1135,446
1136,470
1137,477
1138,484
1139,490
1140,496
1141,502
1142,507
1143,513
1144,518
1145,523
1146,528
1147,534
1148,508
1149,501
1150,494
1151,488
1152,482
1153,478
1154,471
1155,467
1156,461
1157,457
1158,452
1159,446
1160,471
1161,479
1162,485
1163,491
1164,497
1165,502
1166,508
1167,513
1168,518
1169,523
1170,528
1171,534
1172,509
1173,502
1174,495
1175,489
1176,484
1177,478
1178,473
1179,467
1180,462
1181,457
1182,452
1183,446
1184,470
1185,477
1186,484
1187,490
1188,496
1189,502
1190,508
1191,513
1192,518
1193,524
1194,528
1195,534
1196,507
1197,503
1198,495
1199,490
1200,483
1201,478
1202,473
1203,467
1204,462
1205,457
1206,452
1207,446
1208,471
1209,479
1210,485
1211,491
1212,497
1213,502
1214,508
1215,513
1216,518
1217,523
1218,528
1219,534
1220,510
1221,503
1222,496
1223,490
1224,484
1225,479
1226,473
1227,468
1228,463
1229,458
1230,452
1231,446
1232,470
1233,477
1234,484
1235,491
1236,496
1237,502
1238,508
1239,513
1240,519
1241,523
1242,529
1243,534
1244,507
1245,500
1246,494
1247,488
1248,482
1249,478
1250,473
1251,467
1252,462
1253,457
1254,452
1255,446
1256,471
1257,479
1258,485
1259,491
1260,497
1261,503
1262,508
1263,513
1264,518
1265,523
1266,528
1267,534
1268,508
1269,501
1270,494
1271,489
1272,482
1273,478
1274,473
1275,468
1276,463
1277,457
1278,452
1279,446
1280,475
1281,479
1282,484
1283,490
1284,496
1285,503
1286,507
1287,512
1288,518
1289,523
1290,528
1291,534
1292,509
1293,502
1294,495
1295,489
1296,484
1297,478
1298,473
1299,467
1300,462
1301,457
1302,452
1303,446
1304,470
1305,478
1306,484
1307,490
1308,496
1309,502
1310,508
1311,513
1312,518
1313,523
1314,528
1315,534
1316,510
1317,502
1318,495
1319,490
1320,484
1321,478
1322,473
1323,466
1324,463
1325,456
1326,452
1327,447
1328,470
1329,478
1330,484
1331,491
1332,496
1333,502
1334,507
1335,512
1336,518
1337,523
1338,528
1339,534
1340,509
1341,502
1342,495
1343,489
1344,484
1345,479
1346,473
1347,468
1348,463
1349,458
1350,452
1351,446
1352,470
1353,477
1354,484
1355,490
1356,496
1357,502
1358,508
1359,513
1360,518
1361,523
1362,528
1363,534
1364,510
1365,502
1366,495
1367,490
1368,483
1369,478
1370,472
1371,467
1372,462
1373,457
1374,452
1375,446
1376,471
1377,479
1378,485
1379,491
1380,497
1381,502
1382,508
1383,513
1384,518
1385,523
1386,528
1387,534
1388,508
1389,501
1390,495
1391,489
1392,482
1393,478
1394,473
1395,467
1396,462
1397,457
1398,452
1399,446
1400,470
1401,477
1402,484
1403,490
1404,496
1405,502
1406,508
1407,513
1408,520
1409,523
1410,529
1411,534
1412,507
1413,502
1414,496
1415,489
1416,484
1417,478
1418,473
1419,467
1420,462
1421,457
1422,452
1423,446
1424,473
1425,480
1426,487
1427,492
1428,498
1429,503
1430,508
1431,513
1432,519
1433,523
1434,528
1435,534
1436,509
1437,503
1438,496
1439,490
1440,484
1441,478
1442,473
1443,468
1444,463
1445,457
1446,452
1447,446
1448,470
1449,478
1450,484
1451,492
1452,496
1453,504
1454,507
1455,514
1456,518
1457,523
1458,528
1459,534
1460,509
1461,502
1462,495
1463,489
1464,484
1465,478
1466,473
1467,467
1468,462
1469,457
1470,452
1471,446
1472,473
1473,480
1474,487
1475,492
1476,498
1477,503
1478,508
1479,513
1480,519
1481,523
1482,528
1483,534
1484,510
1485,502
1486,496
1487,490
1488,484
1489,479
1490,473
1491,468
1492,462
1493,457
1494,451
1495,446
1496,473
1497,478
1498,486
1499,491
1500,496
1501,502
1502,508
1503,513
1504,518
1505,523
1506,528
1507,534
1508,507
1509,502
1510,495
1511,489
1512,483
1513,478
1514,472
1515,467
1516,462
1517,457
1518,452
1519,445
1520,472
1521,479
1522,486
1523,492
1524,498
1525,502
1526,508
1527,513
1528,518
1529,523
1530,529
1531,534
1532,509
1533,501
1534,496
1535,489
1536,481
1537,478
1538,472
1539,467
1540,462
1541,457
1542,452
1543,446
1544,471
1545,479
1546,485
1547,491
1548,497
1549,502
1550,507
1551,513
1552,518
1553,523
1554,528
1555,534
1556,509
1557,502
1558,495
1559,489
1560,484
1561,478
1562,473
1563,467
1564,462
1565,457
1566,452
1567,446
1568,469
1569,477
1570,484
1571,490
1572,496
1573,502
1574,507
1575,513
1576,518
1577,524
1578,528
1579,534
1580,507
1581,503
1582,494
1583,490
1584,483
1585,478
1586,473
1587,467
1588,462
1589,457
1590,452
1591,446
1592,473
1593,480
1594,485
1595,491
1596,497
1597,502
1598,508
1599,513
1600,518
1601,523
1602,528
1603,534
1604,510
1605,502
1606,496
1607,490
1608,484
1609,479
1610,473
1611,468
1612,463
1613,457
1614,452
1615,446
1616,470
1617,478
1618,484
1619,490
1620,496
1621,502
1622,509
1623,513
1624,519
1625,523
1626,529
1627,534
1628,509
1629,502
1630,495
1631,489
1632,484
1633,478
1634,472
1635,467
1636,462
1637,457
1638,452
1639,446
1640,471
1641,479
1642,485
1643,491
1644,496
1645,502
1646,508
1647,513
1648,518
1649,523
1650,528
1651,534
1652,510
1653,502
1654,496
1655,490
1656,484
1657,479
1658,474
1659,468
1660,463
1661,458
1662,452
1663,446
1664,474
1665,478
1666,485
1667,490
1668,497
1669,502
1670,507
1671,512
1672,518
1673,523
1674,528
1675,534
1676,509
1677,502
1678,495
1679,489
1680,484
1681,478
1682,473
1683,467
1684,462
1685,457
1686,452
1687,446
1688,470
1689,478
1690,484
1691,491
1692,496
1693,502
1694,508
1695,513
1696,518
1697,523
1698,528
1699,534
1700,510
1701,502
1702,496
1703,489
1704,484
1705,478
1706,473
1707,467
1708,463
1709,456
1710,452
1711,447
1712,470
1713,478
1714,484
1715,490
1716,496
1717,502
1718,507
1719,512
1720,518
1721,523
1722,528
1723,534
1724,507
1725,500
1726,494
1727,488
1728,482
1729,478
1730,472
1731,467
1732,462
1733,457
1734,452
1735,446
1736,470
1737,478
1738,484
1739,490
1740,497
1741,502
1742,507
1743,513
1744,518
1745,523
1746,528
1747,534
1748,510
1749,502
1750,494
1751,489
1752,483
1753,477
1754,473
1755,467
1756,462
1757,457
1758,452
1759,446
1760,474
1761,481
1762,487
1763,492
1764,497
1765,503
1766,508
1767,513
1768,518
1769,523
1770,528
1771,534
1772,509
1773,501
1774,495
1775,489
1776,483
1777,478
1778,473
1779,468
1780,462
1781,457
1782,452
1783,446
1784,470
1785,477
1786,484
1787,490
1788,496
1789,502
1790,507
1791,513
1792,520
1793,523
1794,529
1795,534
1796,507
1797,503
1798,496
1799,490
1800,484
1801,478
1802,473
1803,467
1804,462
1805,457
1806,452
1807,446
1808,473
1809,480
1810,487
1811,492
1812,498
1813,503
1814,508
1815,514
1816,519
1817,523
1818,528
1819,534
1820,511
1821,503
1822,496
1823,490
1824,484
1825,479
1826,473
1827,468
1828,463
1829,457
1830,452
1831,446
1832,470
1833,478
1834,484
1835,492
1836,497
1837,504
1838,507
1839,514
1840,518
1841,523
1842,528
1843,534
1844,509
1845,502
1846,495
1847,489
1848,484
1849,478
1850,473
1851,467
1852,462
1853,457
1854,452
1855,446
1856,471
1857,479
1858,485
1859,491
1860,496
1861,502
1862,508
1863,513
1864,518
1865,523
1866,528
1867,534
1868,508
1869,501
1870,494
1871,488
1872,482
1873,478
1874,473
1875,467
1876,462
1877,457
1878,451
1879,446
1880,473
1881,478
1882,485
1883,490
1884,496
1885,502
1886,507
1887,513
1888,518
1889,523
1890,528
1891,534
1892,507
1893,501
1894,495
1895,489
1896,484
1897,478
1898,472
1899,467
1900,462
1901,457
1902,452
1903,445
1904,471
1905,478
1906,484
1907,491
1908,496
1909,502
1910,508
1911,513
1912,518
1913,523
1914,528
1915,534
1916,509
1917,502
1918,496
1919,489
1920,481
1921,478
1922,472
1923,467
1924,462
1925,457
1926,452
1927,446
1928,471
1929,479
1930,485
1931,491
1932,497
1933,502
1934,508
1935,513
1936,518
1937,523
1938,528
1939,534
1940,509
1941,502
1942,495
1943,489
1944,484
1945,478
1946,473
1947,468
1948,463
1949,457
1950,452
1951,446
1952,472
1953,479
1954,485
1955,491
1956,498
1957,502
1958,508
1959,513
1960,518
1961,523
1962,528
1963,534
1964,507
1965,503
1966,495
1967,490
1968,483
1969,479
1970,473
1971,468
1972,462
1973,458
1974,453
1975,446
1976,471
1977,479
1978,485
1979,491
1980,497
1981,502
1982,508
1983,513
1984,518
1985,523
1986,528
1987,534
1988,510
1989,503
1990,496
1991,490
1992,484
1993,479
1994,473
1995,468
1996,462
1997,457
1998,452
1999,446
2000,472
2001,479
2002,486
2003,492
2004,498
2005,502
2006,509
2007,513
2008,519
2009,523
2010,529
2011,534
2012,507
2013,500
2014,494
2015,488
2016,482
2017,478
2018,472
2019,467
2020,462
2021,457
2022,452
2023,446
2024,471
2025,479
2026,485
2027,491
2028,497
2029,502
2030,508
2031,513
2032,518
2033,523
2034,528
2035,534
2036,508
2037,501
2038,496
2039,490
2040,484
2041,478
2042,473
2043,468
2044,463
2045,458
2046,453
2047,446
2048,475
2049,479
2050,485
2051,491
2052,497
2053,502
2054,507
2055,513
2056,518
2057,523
2058,528
2059,534
2060,509
2061,502
2062,495
2063,489
2064,484
2065,478
2066,473
2067,467
2068,462
2069,457
2070,452
2071,446
2072,470
2073,478
2074,484
2075,491
2076,496
2077,502
2078,507
2079,513
2080,518
2081,523
2082,528
2083,534
2084,510
2085,502
2086,496
2087,490
2088,484
2089,478
2090,473
2091,467
2092,463
2093,456
2094,452
2095,447
2096,470
2097,478
2098,484
2099,490
2100,496
2101,502
2102,507
2103,513
2104,518
2105,523
2106,528
2107,534
2108,510
2109,502
2110,495
2111,489
2112,484
2113,478
2114,473
2115,467
2116,462
2117,457
2118,452
2119,445
2120,470
2121,478
2122,484
2123,491
2124,497
2125,502
2126,508
2127,513
2128,518
2129,524
2130,528
2131,534
2132,510
2133,502
2134,494
2135,490
2136,483
2137,478
2138,471
2139,467
2140,462
2141,458
2142,452
2143,446
2144,471
2145,479
2146,485
2147,491
2148,497
2149,502
2150,507
2151,513
2152,518
2153,523
2154,528
2155,534
2156,509
2157,503
2158,496
2159,490
2160,484
2161,479
2162,473
2163,468
2164,462
2165,457
2166,452
2167,446
2168,470
2169,477
2170,484
2171,490
2172,496
2173,502
2174,507
2175,513
2176,521
2177,523
2178,529
2179,534
2180,507
2181,502
2182,496
2183,490
2184,484
2185,478
2186,473
2187,467
2188,462
2189,457
2190,452
2191,446
2192,473
2193,480
2194,487
2195,492
2196,499
2197,503
2198,508
2199,513
2200,519
2201,524
2202,529
2203,534
2204,511
2205,503
2206,496
2207,490
2208,484
2209,479
2210,473
2211,468
2212,463
2213,458
2214,452
2215,446
2216,470
2217,478
2218,484
2219,491
2220,497
2221,503
2222,507
2223,514
2224,518
2225,523
2226,528
2227,535
2228,508
2229,501
2230,494
2231,488
2232,482
2233,478
2234,472
2235,467
2236,462
2237,457
2238,452
2239,446
2240,473
2241,480
2242,486
2243,492
2244,498
2245,503
2246,508
2247,513
2248,518
2249,523
2250,528
2251,534
2252,510
2253,502
2254,496
2255,490
2256,484
2257,478
2258,473
2259,468
2260,463
2261,458
2262,451
2263,446
2264,474
2265,478
2266,485
2267,490
2268,496
2269,502
2270,507
2271,513
2272,518
2273,523
2274,528
2275,534
2276,507
2277,501
2278,495
2279,489
2280,484
2281,478
2282,473
2283,467
2284,462
2285,457
2286,452
2287,445
2288,470
2289,477
2290,484
2291,490
2292,496
2293,502
2294,508
2295,513
2296,518
2297,523
2298,528
2299,534
2300,509
2301,502
2302,496
2303,489
2304,483
2305,478
2306,472
2307,468
2308,462
2309,458
2310,452
2311,446
2312,472
2313,479
2314,485
2315,491
2316,497
2317,502
2318,508
2319,513
2320,518
2321,523
2322,528
2323,534
2324,509
2325,502
2326,495
2327,489
2328,484
2329,478
2330,473
2331,467
2332,462
2333,457
2334,452
2335,446
2336,471
2337,479
2338,485
2339,492
2340,498
2341,502
2342,508
2343,513
2344,518
2345,523
2346,528
2347,534
2348,507
2349,503
2350,494
2351,489
2352,483
2353,478
2354,473
2355,467
2356,462
2357,457
2358,452
2359,446
2360,473
2361,480
2362,485
2363,491
2364,497
2365,502
2366,508
2367,513
2368,518
2369,523
2370,528
2371,534
2372,508
2373,501
2374,495
2375,489
2376,483
2377,478
2378,473
2379,468
2380,462
2381,457
2382,452
2383,446
2384,471
2385,479
2386,485
2387,491
2388,498
2389,502
2390,509
2391,513
2392,519
2393,523
2394,529
2395,534
2396,507
2397,502
2398,495
2399,489
2400,483
2401,478
2402,472
2403,467
2404,462
2405,457
2406,452
2407,446
2408,471
2409,479
2410,485
2411,491
2412,497
2413,502
2414,508
2415,513
2416,518
2417,523
2418,528
2419,534
2420,508
2421,501
2422,495
2423,489
2424,482
2425,478
2426,473
2427,468
2428,463
2429,457
2430,452
2431,446
2432,475
2433,479
2434,484
2435,491
2436,496
2437,503
2438,508
2439,513
2440,518
2441,523
2442,528
2443,534
2444,509
2445,502
2446,495
2447,489
2448,484
2449,478
2450,473
2451,467
2452,462
2453,457
2454,452
2455,446
2456,470
2457,478
2458,484
2459,491
2460,497
2461,502
2462,507
2463,513
2464,518
2465,523
2466,528
2467,534
2468,510
2469,502
2470,495
2471,489
2472,484
2473,478
2474,473
2475,467
2476,463
2477,456
2478,452
2479,448
2480,470
2481,478
2482,485
2483,491
2484,496
2485,502
2486,508
2487,513
2488,518
2489,523
2490,528
2491,534
2492,507
2493,500
2494,494
2495,488
2496,482
2497,478
2498,472
2499,467
2500,462
2501,457
2502,452
2503,446
2504,470
2505,477
2506,484
2507,490
2508,496
2509,502
2510,507
2511,513
2512,518
2513,523
2514,528
2515,534
2516,508
2517,502
2518,493
2519,489
2520,483
2521,477
2522,473
2523,467
2524,462
2525,458
2526,452
2527,446
2528,473
2529,480
2530,487
2531,492
2532,498
2533,502
2534,508
2535,513
2536,518
2537,523
2538,528
2539,534
2540,508
2541,503
2542,496
2543,490
2544,484
2545,478
2546,473
2547,468
2548,463
2549,457
2550,452
2551,445
2552,472
2553,477
2554,484
2555,490
2556,496
2557,502
2558,508
2559,513
2560,520
2561,524
2562,528
2563,533
2564,511
2565,501
2566,496
2567,490
2568,484
2569,478
2570,473
2571,468
2572,462
2573,457
2574,452
2575,446
2576,473
2577,480
2578,487
2579,492
2580,499
2581,503
2582,508
2583,513
2584,518
2585,523
2586,528
2587,535
2588,510
2589,503
2590,496
2591,490
2592,484
2593,479
2594,473
2595,468
2596,463
2597,458
2598,452
2599,446
2600,470
2601,478
2602,484
2603,491
2604,496
2605,503
2606,507
2607,514
2608,518
2609,523
2610,528
2611,534
2612,509
2613,502
2614,495
2615,489
2616,483
2617,478
2618,473
2619,467
2620,462
2621,457
2622,452
2623,446
2624,471
2625,479
2626,485
2627,491
2628,497
2629,503
2630,508
2631,513
2632,518
2633,523
2634,528
2635,534
2636,510
2637,502
2638,496
2639,490
2640,484
2641,479
2642,473
2643,468
2644,463
2645,458
2646,452
2647,446
2648,474
2649,478
2650,486
2651,490
2652,496
2653,502
2654,507
2655,512
2656,518
2657,523
2658,528
2659,534
2660,507
2661,501
2662,495
2663,489
2664,484
2665,478
2666,472
2667,467
2668,462
2669,457
2670,452
2671,446
2672,470
2673,477
2674,485
2675,491
2676,496
2677,502
2678,507
2679,513
2680,518
2681,523
2682,528
2683,534
2684,508
2685,501
2686,495
2687,488
2688,482
2689,478
2690,471
2691,467
2692,461
2693,457
2694,452
2695,446
2696,471
2697,479
2698,485
2699,491
2700,496
2701,502
2702,507
2703,513
2704,518
2705,523
2706,528
2707,534
2708,507
2709,500
2710,494
2711,488
2712,482
2713,478
2714,473
2715,467
2716,463
2717,457
2718,452
2719,445
2720,471
2721,479
2722,485
2723,491
2724,497
2725,502
2726,507
2727,513
2728,518
2729,523
2730,528
2731,534
2732,507
2733,502
2734,494
2735,489
2736,482
2737,478
2738,473
2739,467
2740,462
2741,458
2742,452
2743,446
2744,471
2745,479
2746,485
2747,491
2748,497
2749,502
2750,508
2751,513
2752,518
2753,523
2754,528
2755,534
2756,510
2757,503
2758,496
2759,490
2760,484
2761,479
2762,473
2763,468
2764,463
2765,457
2766,452
2767,446
2768,470
2769,477
2770,484
2771,490
2772,496
2773,502
2774,509
2775,513
2776,520
2777,523
2778,529
2779,534
2780,507
2781,500
2782,494
2783,488
2784,482
2785,477
2786,472
2787,467
2788,462
2789,457
2790,452
2791,446
2792,473
2793,480
2794,486
2795,493
2796,498
2797,503
2798,509
2799,514
2800,519
2801,523
2802,528
2803,534
2804,508
2805,501
2806,494
2807,488
2808,482
2809,478
2810,473
2811,468
2812,463
2813,457
2814,452
2815,446
2816,475
2817,479
2818,484
2819,492
2820,496
2821,503
2822,507
2823,513
2824,518
2825,523
2826,528
2827,535
2828,509
2829,502
2830,495
2831,489
2832,484
2833,478
2834,472
2835,467
2836,462
2837,457
2838,452
2839,446
2840,470
2841,478
2842,484
2843,491
2844,496
2845,502
2846,507
2847,513
2848,518
2849,523
2850,528
2851,534
2852,508
2853,501
2854,494
2855,488
2856,482
2857,478
2858,473
2859,466
2860,462
2861,456
2862,452
2863,447
2864,470
2865,478
2866,484
2867,490
2868,496
2869,501
2870,507
2871,513
2872,518
2873,523
2874,528
2875,534
2876,507
2877,500
2878,495
2879,490
2880,484
2881,478
2882,473
2883,467
2884,462
2885,457
2886,452
2887,445
2888,470
2889,478
2890,484
2891,491
2892,496
2893,502
2894,507
2895,513
2896,518
2897,523
2898,528
2899,534
2900,510
2901,502
2902,495
2903,489
2904,483
2905,478
2906,472
2907,467
2908,462
2909,457
2910,452
2911,446
2912,473
2913,480
2914,486
2915,493
2916,497
2917,503
2918,508
2919,513
2920,518
2921,523
2922,528
2923,534
2924,509
2925,503
2926,496
2927,490
2928,484
2929,479
2930,473
2931,468
2932,463
2933,457
2934,452
2935,446
2936,471
2937,477
2938,484
2939,490
2940,496
2941,502
2942,507
2943,513
2944,520
2945,523
2946,529
2947,534
2948,507
2949,503
2950,496
2951,490
2952,484
2953,479
2954,473
2955,468
2956,462
2957,458
2958,452
2959,446
2960,473
2961,480
2962,487
2963,493
2964,499
2965,503
2966,508
2967,513
2968,518
2969,523
2970,528
2971,534
2972,508
2973,503
2974,496
2975,490
2976,484
2977,479
2978,473
2979,468
2980,463
2981,458
2982,452
2983,446
2984,472
2985,479
2986,485
2987,492
2988,496
2989,504
2990,508
2991,514
2992,518
2993,523
2994,528
2995,534
2996,507
2997,502
2998,495
2999,489
3000,483
3001,478
3002,472
3003,467
3004,462
3005,457
3006,452
3007,446
3008,473
3009,480
3010,485
3011,491
3012,497
3013,502
3014,508
3015,513
3016,518
3017,523
3018,528
3019,534
3020,508
3021,502
3022,496
3023,490
3024,484
3025,479
3026,473
3027,468
3028,463
3029,458
3030,450
3031,446
3032,473
3033,478
3034,485
3035,490
3036,496
3037,502
3038,507
3039,513
3040,518
3041,523
3042,528
3043,534
3044,507
3045,502
3046,495
3047,489
3048,483
3049,478
3050,473
3051,467
3052,462
3053,457
3054,452
3055,446
3056,472
3057,478
3058,484
3059,490
3060,496
3061,502
3062,508
3063,513
3064,518
3065,523
3066,528
3067,534
3068,508
3069,502
3070,496
3071,490
3072,482
3073,478
3074,472
3075,468
3076,461
3077,457
3078,452
3079,446
3080,471
3081,479
3082,485
3083,491
3084,496
3085,502
3086,507
3087,513
3088,518
3089,523
3090,528
3091,534
3092,507
3093,500
3094,494
3095,488
3096,482
3097,478
3098,472
3099,467
3100,462
3101,457
3102,452
3103,445
3104,472
3105,479
3106,484
3107,491
3108,496
3109,502
3110,508
3111,513
3112,518
3113,523
3114,528
3115,534
3116,507
3117,502
3118,494
3119,490
3120,483
3121,478
3122,473
3123,467
3124,463
3125,457
3126,452
3127,446
3128,474
3129,479
3130,485
3131,491
3132,497
3133,502
3134,508
3135,513
3136,518
3137,523
3138,528
3139,534
3140,509
3141,501
3142,495
3143,489
3144,483
3145,478
3146,473
3147,467
3148,462
3149,457
3150,452
3151,445
3152,472
3153,478
3154,484
3155,490
3156,496
3157,502
3158,510
3159,513
3160,519
3161,523
3162,529
3163,534
3164,507
3165,501
3166,495
3167,489
3168,483
3169,478
3170,472
3171,467
3172,462
3173,457
3174,452
3175,446
3176,473
3177,479
3178,485
3179,491
3180,497
3181,502
3182,508
3183,513
3184,518
3185,523
3186,528
3187,534
3188,508
3189,503
3190,496
3191,490
3192,484
3193,479
3194,473
3195,468
3196,463
3197,458
3198,452
3199,446
3200,472
3201,478
3202,485
3203,490
3204,497
3205,502
3206,507
3207,512
3208,518
3209,523
3210,528
3211,534
3212,509
3213,502
3214,495
3215,489
3216,483
3217,478
3218,472
3219,467
3220,462
3221,457
3222,452
3223,446
3224,470
3225,478
3226,484
3227,491
3228,496
3229,502
3230,508
3231,513
3232,518
3233,523
3234,528
3235,534
3236,510
3237,502
3238,496
3239,490
3240,484
3241,478
3242,473
3243,467
3244,463
3245,456
3246,452
3247,447
3248,470
3249,478
3250,484
3251,490
3252,496
3253,502
3254,507
3255,513
3256,518
3257,523
3258,528
3259,534
3260,509
3261,502
3262,496
3263,490
3264,484
3265,479
3266,473
3267,468
3268,462
3269,457
3270,452
3271,445
3272,470
3273,477
3274,484
3275,490
3276,496
3277,502
3278,507
3279,513
3280,518
3281,523
3282,528
3283,534
3284,510
3285,502
3286,495
3287,489
3288,483
3289,478
3290,472
3291,468
3292,463
3293,457
3294,452
3295,446
3296,471
3297,479
3298,485
3299,491
3300,497
3301,502
3302,508
3303,513
3304,518
3305,523
3306,528
3307,534
3308,508
3309,503
3310,496
3311,490
3312,484
3313,478
3314,473
3315,468
3316,462
3317,457
3318,452
3319,445
3320,472
3321,479
3322,484
3323,490
3324,496
3325,502
3326,507
3327,513
3328,520
3329,523
3330,529
3331,534
3332,507
3333,502
3334,495
3335,489
3336,484
3337,478
3338,473
3339,467
3340,463
3341,458
3342,452
3343,446
3344,473
3345,481
3346,487
3347,493
3348,499
3349,503
3350,508
3351,513
3352,518
3353,523
3354,528
3355,534
3356,508
3357,503
3358,496
3359,490
3360,484
3361,479
3362,473
3363,468
3364,463
3365,457
3366,452
3367,446
3368,470
3369,477
3370,484
3371,492
3372,497
3373,503
3374,508
3375,514
3376,518
3377,523
3378,528
3379,534
3380,507
3381,500
3382,494
3383,488
3384,482
3385,478
3386,472
3387,467
3388,462
3389,457
3390,452
3391,446
3392,473
3393,480
3394,486
3395,492
3396,498
3397,503
3398,508
3399,513
3400,518
3401,523
3402,528
3403,534
3404,508
3405,501
3406,495
3407,489
3408,482
3409,478
3410,473
3411,467
3412,463
3413,457
3414,451
3415,446
3416,473
3417,477
3418,485
3419,490
3420,496
3421,501
3422,507
3423,513
3424,518
3425,524
3426,528
3427,534
3428,507
3429,502
3430,495
3431,490
3432,484
3433,478
3434,472
3435,467
3436,462
3437,457
3438,452
3439,445
3440,472
3441,479
3442,485
3443,492
3444,498
3445,502
3446,508
3447,513
3448,519
3449,523
3450,528
3451,534
3452,508
3453,501
3454,496
3455,489
3456,482
3457,478
3458,472
3459,468
3460,462
3461,457
3462,452
3463,446
3464,471
3465,479
3466,485
3467,491
3468,496
3469,502
3470,507
3471,513
3472,518
3473,523
3474,528
3475,534
3476,507
3477,500
3478,494
3479,489
3480,484
3481,478
3482,473
3483,467
3484,462
3485,457
3486,452
3487,445
3488,471
3489,479
3490,484
3491,490
3492,496
3493,502
3494,507
3495,513
3496,518
3497,523
3498,528
3499,534
3500,507
3501,502
3502,494
3503,490
3504,483
3505,478
3506,473
3507,468
3508,463
3509,457
3510,452
3511,446
3512,473
3513,479
3514,485
3515,491
3516,497
3517,502
3518,507
3519,513
3520,518
3521,523
3522,528
3523,534
3524,509
3525,501
3526,495
3527,489
3528,483
3529,478
3530,473
3531,467
3532,462
3533,457
3534,452
3535,446
3536,472
3537,479
3538,484
3539,490
3540,496
3541,502
3542,508
3543,513
3544,519
3545,523
3546,529
3547,534
3548,507
3549,500
3550,495
3551,489
3552,483
3553,478
3554,472
3555,467
3556,462
3557,457
3558,452
3559,446
3560,473
3561,480
3562,487
3563,492
3564,497
3565,503
3566,508
3567,513
3568,518
3569,523
3570,528
3571,534
3572,508
3573,502
3574,496
3575,490
3576,484
3577,478
3578,473
3579,468
3580,463
3581,458
3582,452
3583,446
3584,475
3585,479
3586,485
3587,491
3588,497
3589,503
3590,508
3591,513
3592,518
3593,523
3594,528
3595,534
3596,507
3597,500
3598,494
3599,489
3600,483
3601,478
3602,472
3603,467
3604,462
3605,457
3606,452
3607,446
3608,470
3609,478
3610,484
3611,490
3612,496
3613,502
3614,507
3615,513
3616,518
3617,523
3618,528
3619,534
3620,510
3621,502
3622,496
3623,490
3624,484
3625,478
3626,473
3627,467
3628,463
3629,457
3630,452
3631,447
3632,470
3633,478
3634,484
3635,490
3636,496
3637,502
3638,507
3639,513
3640,518
3641,523
3642,528
3643,534
3644,507
3645,500
3646,495
3647,489
3648,483
3649,478
3650,472
3651,467
3652,462
3653,457
3654,452
3655,445
3656,470
3657,477
3658,484
3659,491
3660,496
3661,502
3662,508
3663,513
3664,519
3665,523
3666,529
3667,534
3668,508
3669,501
3670,496
3671,488
3672,483
3673,477
3674,473
3675,466
3676,462
3677,458
3678,452
3679,446
3680,473
3681,480
3682,486
3683,493
3684,497
3685,503
3686,508
3687,513
3688,518
3689,523
3690,528
3691,534
3692,509
3693,503
3694,496
3695,490
3696,484
3697,479
3698,473
3699,468
3700,462
3701,457
3702,452
3703,446
3704,471
3705,477
3706,484
3707,490
3708,496
3709,502
3710,508
3711,513
3712,521
3713,523
3714,529
3715,534
3716,507
3717,502
3718,496
3719,489
3720,484
3721,478
3722,473
3723,467
3724,462
3725,457
3726,452
3727,446
3728,474
3729,480
3730,487
3731,493
3732,497
3733,503
3734,508
3735,513
3736,518
3737,523
3738,528
3739,534
3740,508
3741,503
3742,496
3743,490
3744,484
3745,479
3746,474
3747,468
3748,463
3749,457
3750,452
3751,446
3752,471
3753,478
3754,484
3755,492
3756,497
3757,503
3758,508
3759,514
3760,518
3761,523
3762,528
3763,534
3764,507
3765,500
3766,495
3767,489
3768,483
3769,478
3770,472
3771,467
3772,462
3773,457
3774,452
3775,446
3776,473
3777,479
3778,485
3779,491
3780,497
3781,502
3782,508
3783,513
3784,518
3785,523
3786,528
3787,534
3788,508
3789,502
3790,496
3791,490
3792,484
3793,479
3794,473
3795,468
3796,463
3797,458
3798,450
3799,446
3800,474
3801,478
3802,485
3803,490
3804,496
3805,502
3806,507
3807,513
3808,518
3809,523
3810,528
3811,534
3812,507
3813,501
3814,495
3815,489
3816,483
3817,478
3818,473
3819,468
3820,463
3821,457
3822,452
3823,446
3824,472
3825,478
3826,485
3827,491
3828,496
3829,502
3830,507
3831,513
3832,518
3833,523
3834,528
3835,533
3836,508
3837,503
3838,495
3839,489
3840,481
3841,478
3842,472
3843,468
3844,462
3845,457
3846,452
3847,446
3848,471
3849,479
3850,485
3851,491
3852,496
3853,502
3854,507
3855,513
3856,518
3857,523
3858,528
3859,534
3860,507
3861,500
3862,494
3863,488
3864,482
3865,478
3866,472
3867,467
3868,462
3869,457
3870,452
3871,445
3872,471
3873,479
3874,484
3875,490
3876,496
3877,502
3878,507
3879,513
3880,518
3881,523
3882,528
3883,534
3884,507
3885,502
3886,494
3887,489
3888,482
3889,478
3890,473
3891,468
3892,463
3893,457
3894,452
3895,446
3896,473
3897,479
3898,486
3899,492
3900,497
3901,502
3902,508
3903,513
3904,518
3905,523
3906,528
3907,534
3908,508
3909,501
3910,495
3911,489
3912,484
3913,478
3914,473
3915,468
3916,462
3917,457
3918,452
3919,446
3920,472
3921,479
3922,486
3923,491
3924,498
3925,502
3926,510
3927,513
3928,519
3929,523
3930,529
3931,534
3932,507
3933,501
3934,495
3935,489
3936,483
3937,478
3938,472
3939,467
3940,462
3941,457
3942,452
3943,446
3944,473
3945,479
3946,485
3947,491
3948,497
3949,502
3950,508
3951,513
3952,518
3953,523
3954,528
3955,534
3956,508
3957,502
3958,496
3959,490
3960,484
3961,478
3962,473
3963,468
3964,463
3965,457
3966,452
3967,446
3968,475
3969,479
3970,484
3971,491
3972,497
3973,503
3974,508
3975,513
3976,519
3977,524
3978,529
3979,534
3980,507
3981,502
3982,495
3983,489
3984,483
3985,478
3986,472
3987,467
3988,462
3989,457
3990,452
3991,446
3992,472
3993,478
3994,484
3995,491
3996,496
3997,502
3998,507
3999,513
4000,518
4001,523
4002,528
4003,534
4004,510
4005,502
4006,496
4007,490
4008,484
4009,479
4010,473
4011,467
4012,463
4013,457
4014,452
4015,448
4016,470
4017,478
4018,484
4019,490
4020,496
4021,502
4022,507
4023,512
4024,518
4025,523
4026,528
4027,534
4028,507
4029,500
4030,494
4031,489
4032,483
4033,478
4034,472
4035,467
4036,462
4037,457
4038,452
4039,445
4040,471
4041,479
4042,485
4043,492
4044,498
4045,502
4046,508
4047,513
4048,518
4049,523
4050,528
4051,534
4052,508
4053,501
4054,496
4055,488
4056,484
4057,477
4058,472
4059,466
4060,463
4061,458
4062,452
4063,446
4064,473
4065,480
4066,486
4067,492
4068,497
4069,503
4070,508
4071,513
4072,518
4073,523
4074,528
4075,534
4076,509
4077,503
4078,496
4079,490
4080,484
4081,479
4082,473
4083,467
4084,462
4085,457
4086,452
4087,446
4088,472
4089,477
4090,484
4091,490
4092,496
4093,502
4094,508
4095,513
4096,520
4097,523
4098,529
4099,534
4100,507
4101,502
4102,496
4103,489
4104,484
4105,478
4106,473
4107,468
4108,462
4109,457
4110,452
4111,446
4112,473
4113,480
4114,487
4115,492
4116,498
4117,502
4118,508
4119,513
4120,518
4121,523
4122,528
4123,534
4124,510
4125,503
4126,496
4127,490
4128,484
4129,479
4130,473
4131,468
4132,463
4133,458
4134,452
4135,446
4136,470
4137,477
4138,485
4139,492
4140,496
4141,503
4142,508
4143,514
4144,519
4145,523
4146,528
4147,534
4148,508
4149,500
4150,494
4151,488
4152,482
4153,478
4154,472
4155,467
4156,462
4157,457
4158,452
4159,446
4160,474
4161,480
4162,487
4163,493
4164,498
4165,503
4166,508
4167,513
4168,518
4169,523
4170,528
4171,534
4172,510
4173,503
4174,496
4175,490
4176,484
4177,479
4178,473
4179,468
4180,463
4181,458
4182,451
4183,446
4184,474
4185,478
4186,485
4187,490
4188,496
4189,502
4190,507
4191,513
4192,518
4193,524
4194,528
4195,534
4196,507
4197,501
4198,495
4199,489
4200,483
4201,478
4202,472
4203,467
4204,462
4205,457
4206,452
4207,446
4208,470
4209,478
4210,485
4211,491
4212,496
4213,502
4214,508
4215,513
4216,518
4217,523
4218,528
4219,533
4220,508
4221,501
4222,494
4223,488
4224,482
4225,478
4226,472
4227,468
4228,462
4229,457
4230,452
4231,446
4232,471
4233,478
4234,485
4235,491
4236,496
4237,502
4238,508
4239,513
4240,518
4241,523
4242,528
4243,534
4244,509
4245,502
4246,495
4247,489
4248,484
4249,478
4250,473
4251,467
4252,462
4253,457
4254,452
4255,445
4256,470
4257,478
4258,484
4259,490
4260,496
4261,502
4262,507
4263,513
4264,518
4265,523
4266,528
4267,534
4268,507
4269,502
4270,494
4271,489
4272,483
4273,478
4274,473
4275,468
4276,463
4277,458
4278,452
4279,446
4280,473
4281,480
4282,485
4283,491
4284,497
4285,502
4286,508
4287,513
4288,518
4289,524
4290,528
4291,534
4292,509
4293,501
4294,495
4295,489
4296,483
4297,478
4298,473
4299,467
4300,462
4301,457
4302,452
4303,445
4304,471
4305,479
4306,484
4307,490
4308,497
4309,502
4310,509
4311,513
4312,519
4313,523
4314,529
4315,534
4316,507
4317,501
4318,495
4319,489
4320,483
4321,477
4322,472
4323,467
4324,462
4325,457
4326,452
4327,446
4328,471
4329,479
4330,485
4331,491
4332,497
4333,502
4334,507
4335,513
4336,518
4337,523
4338,528
4339,534
4340,508
4341,501
4342,495
4343,489
4344,483
4345,478
4346,473
4347,467
4348,463
4349,457
4350,452
4351,446
4352,475
4353,479
4354,484
4355,491
4356,496
4357,503
4358,508
4359,513
4360,518
4361,524
4362,528
4363,534
4364,507
4365,500
4366,494
4367,490
4368,484
4369,478
4370,473
4371,467
4372,462
4373,457
4374,452
4375,446
4376,472
4377,479
4378,484
4379,491
4380,496
4381,502
4382,508
4383,513
4384,518
4385,523
4386,528
4387,534
4388,509
4389,501
4390,495
4391,489
4392,483
4393,478
4394,473
4395,465
4396,463
4397,457
4398,452
4399,447
4400,470
4401,477
4402,484
4403,490
4404,496
4405,501
4406,507
4407,512
4408,518
4409,523
4410,528
4411,534
4412,507
4413,500
4414,494
4415,488
4416,482
4417,477
4418,472
4419,467
4420,462
4421,457
4422,452
4423,446
4424,470
4425,477
4426,484
4427,490
4428,496
4429,502
4430,507
4431,513
4432,518
4433,523
4434,528
4435,534
4436,508
4437,501
4438,496
4439,488
4440,483
4441,477
4442,473
4443,467
4444,463
4445,458
4446,453
4447,447
4448,473
4449,480
4450,486
4451,492
4452,498
4453,502
4454,507
4455,513
4456,518
4457,523
4458,528
4459,534
4460,508
4461,503
4462,496
4463,490
4464,484
4465,478
4466,473
4467,468
4468,462
4469,457
4470,452
4471,446
4472,471
4473,478
4474,484
4475,490
4476,496
4477,502
4478,508
4479,513
4480,520
4481,523
4482,529
4483,534
4484,507
4485,502
4486,495
4487,490
4488,484
4489,478
4490,473
4491,468
4492,463
4493,457
4494,452
4495,446
4496,473
4497,480
4498,487
4499,492
4500,498
4501,502
4502,508
4503,513
4504,518
4505,523
4506,528
4507,534
4508,509
4509,501
4510,495
4511,489
4512,482
4513,478
4514,473
4515,467
4516,462
4517,457
4518,452
4519,446
4520,470
4521,477
4522,485
4523,491
4524,497
4525,503
4526,508
4527,514
4528,519
4529,523
4530,528
4531,534
4532,507
4533,500
4534,495
4535,489
4536,483
4537,478
4538,472
4539,467
4540,462
4541,457
4542,452
4543,446
4544,473
4545,479
4546,485
4547,491
4548,497
4549,502
4550,508
4551,513
4552,518
4553,523
4554,528
4555,534
4556,508
4557,501
4558,496
4559,490
4560,484
4561,479
4562,473
4563,468
4564,463
4565,458
4566,451
4567,446
4568,473
4569,478
4570,486
4571,490
4572,496
4573,502
4574,507
4575,513
4576,518
4577,523
4578,528
4579,534
4580,507
4581,502
4582,495
4583,489
4584,483
4585,478
4586,472
4587,467
4588,462
4589,457
4590,452
4591,446
4592,472
4593,478
4594,484
4595,491
4596,496
4597,502
4598,508
4599,513
4600,518
4601,524
4602,528
4603,534
4604,508
4605,502
4606,496
4607,489
4608,482
4609,478
4610,472
4611,468
4612,461
4613,458
4614,452
4615,446
4616,471
4617,478
4618,485
4619,491
4620,496
4621,502
4622,507
4623,513
4624,518
4625,523
4626,528
4627,535
4628,508
4629,500
4630,494
4631,489
4632,483
4633,478
4634,472
4635,467
4636,462
4637,457
4638,452
4639,445
4640,471
4641,479
4642,486
4643,492
4644,498
4645,502
4646,508
4647,513
4648,518
4649,523
4650,528
4651,534
4652,507
4653,502
4654,494
4655,489
4656,483
4657,478
4658,473
4659,468
4660,463
4661,458
4662,452
4663,446
4664,473
4665,480
4666,485
4667,491
4668,496
4669,502
4670,507
4671,513
4672,518
4673,523
4674,528
4675,534
4676,509
4677,501
4678,495
4679,489
4680,483
4681,479
4682,473
4683,468
4684,462
4685,457
4686,452
4687,446
4688,471
4689,479
4690,485
4691,491
4692,498
4693,502
4694,509
4695,513
4696,519
4697,523
4698,529
4699,534
4700,507
4701,501
4702,495
4703,489
4704,483
4705,478
4706,472
4707,467
4708,462
4709,457
4710,452
4711,446
4712,473
4713,479
4714,485
4715,491
4716,497
4717,502
4718,507
4719,513
4720,518
4721,523
4722,528
4723,534
4724,508
4725,501
4726,496
4727,490
4728,484
4729,479
4730,474
4731,468
4732,463
4733,457
4734,452
4735,446
4736,472
4737,477
4738,485
4739,490
4740,497
4741,503
4742,508
4743,513
4744,518
4745,523
4746,528
4747,534
4748,507
4749,501
4750,495
4751,489
4752,483
4753,478
4754,473
4755,467
4756,462
4757,457
4758,452
4759,446
4760,472
4761,478
4762,485
4763,491
4764,496
4765,502
4766,508
4767,513
4768,518
4769,523
4770,528
4771,533
4772,508
4773,502
4774,496
4775,490
4776,484
4777,479
4778,473
4779,466
4780,463
4781,457
4782,452
4783,447
4784,470
4785,477
4786,484
4787,490
4788,496
4789,502
4790,507
4791,513
4792,518
4793,523
4794,528
4795,534
4796,507
4797,501
4798,495
4799,489
4800,483
4801,478
4802,472
4803,467
4804,462
4805,457
4806,452
4807,445
4808,470
4809,478
4810,484
4811,491
4812,496
4813,502
4814,508
4815,513
4816,518
4817,523
4818,528
4819,534
4820,510
4821,502
4822,494
4823,489
4824,483
4825,478
4826,472
4827,468
4828,463
4829,458
4830,452
4831,446
4832,473
4833,480
4834,486
4835,492
4836,498
4837,503
4838,508
4839,513
4840,518
4841,524
4842,528
4843,534
4844,509
4845,503
4846,496
4847,490
4848,484
4849,478
4850,473
4851,468
4852,462
4853,457
4854,452
4855,446
4856,472
4857,479
4858,484
4859,490
4860,496
4861,502
4862,507
4863,513
4864,520
4865,523
4866,529
4867,534
4868,507
4869,502
4870,496
4871,489
4872,484
4873,478
4874,473
4875,468
4876,463
4877,457
4878,452
4879,446
4880,473
4881,480
4882,487
4883,492
4884,498
4885,502
4886,508
4887,513
4888,518
4889,523
4890,528
4891,534
4892,509
4893,503
4894,496
4895,490
4896,484
4897,479
4898,474
4899,468
4900,463
4901,457
4902,452
4903,446
4904,472
4905,479
4906,484
4907,492
4908,497
4909,503
4910,508
4911,514
4912,519
4913,523
4914,529
4915,534
4916,507
4917,500
4918,495
4919,489
4920,483
4921,478
4922,472
4923,467
4924,462
4925,457
4926,452
4927,446
4928,473
4929,479
4930,485
4931,491
4932,497
4933,502
4934,508
4935,513
4936,518
4937,523
4938,528
4939,534
4940,509
4941,502
4942,496
4943,490
4944,484
4945,479
4946,473
4947,468
4948,463
4949,458
4950,450
4951,448
4952,474
4953,479
4954,486
4955,491
4956,497
4957,502
4958,508
4959,513
4960,518
4961,524
4962,528
4963,534
4964,507
4965,502
4966,495
4967,489
4968,483
4969,478
4970,472
4971,467
4972,462
4973,457
4974,452
4975,446
4976,472
4977,478
4978,484
4979,491
4980,496
4981,502
4982,507
4983,513
4984,518
4985,523
4986,528
4987,534
4988,509
4989,502
4990,496
4991,490
4992,482
4993,479
4994,472
4995,468
4996,462
4997,458
4998,452
4999,446
5000,473
5001,480
5002,486
5003,492
5004,498
5005,502
5006,508
5007,513
5008,518
5009,523
5010,528
5011,534
5012,507
5013,502
5014,495
5015,489
5016,484
5017,478
5018,472
5019,467
5020,462
5021,457
5022,452
5023,446
5024,472
5025,478
5026,484
5027,491
5028,496
5029,502
5030,507
5031,513
5032,518
5033,523
5034,528
5035,534
5036,510
5037,501
5038,495
5039,488
5040,483
5041,478
5042,473
5043,467
5044,462
5045,457
5046,452
5047,446
5048,473
5049,479
5050,485
5051,491
5052,497
5053,502
5054,507
5055,513
5056,518
5057,523
5058,528
5059,534
5060,509
5061,503
5062,496
5063,490
5064,484
5065,479
5066,473
5067,468
5068,463
5069,458
5070,452
5071,446
5072,472
5073,478
5074,485
5075,491
5076,497
5077,502
5078,510
5079,513
5080,519
5081,523
5082,529
5083,534
5084,507
5085,501
5086,495
5087,489
5088,483
5089,477
5090,472
5091,467
5092,462
5093,457
5094,452
5095,446
5096,474
5097,479
5098,485
5099,491
5100,497
5101,503
5102,508
5103,513
5104,518
5105,523
5106,528
5107,534
5108,508
5109,502
5110,496
5111,490
5112,484
5113,478
5114,473
5115,468
5116,463
5117,458
5118,452
5119,446
5120,472
5121,478
5122,486
5123,490
5124,497
5125,502
5126,507
5127,513
5128,518
5129,523
5130,528
5131,534
5132,509
5133,502
5134,495
5135,489
5136,483
5137,478
5138,472
5139,467
5140,462
5141,457
5142,452
5143,446
5144,470
5145,478
5146,485
5147,491
5148,497
5149,502
5150,508
5151,513
5152,518
5153,523
5154,528
5155,533
5156,510
5157,502
5158,496
5159,490
5160,484
5161,478
5162,473
5163,467
5164,463
5165,456
5166,452
5167,447
5168,470
5169,478
5170,484
5171,490
5172,496
5173,501
5174,507
5175,513
5176,518
5177,523
5178,528
5179,534
5180,507
5181,500
5182,494
5183,488
5184,482
5185,477
5186,472
5187,467
5188,462
5189,457
5190,452
5191,445
5192,470
5193,477
5194,484
5195,490
5196,496
5197,502
5198,507
5199,513
5200,518
5201,523
5202,528
5203,534
5204,510
5205,503
5206,494
5207,490
5208,483
5209,479
5210,472
5211,468
5212,463
5213,458
5214,452
5215,446
5216,471
5217,478
5218,485
5219,491
5220,496
5221,502
5222,508
5223,513
5224,518
5225,523
5226,528
5227,534
5228,509
5229,503
5230,496
5231,490
5232,484
5233,479
5234,473
5235,468
5236,462
5237,457
5238,452
5239,445
5240,471
5241,479
5242,486
5243,492
5244,498
5245,503
5246,508
5247,513
5248,520
5249,523
5250,530
5251,534
5252,507
5253,502
5254,496
5255,489
5256,484
5257,478
5258,473
5259,468
5260,463
5261,457
5262,452
5263,446
5264,473
5265,480
5266,486
5267,492
5268,498
5269,503
5270,508
5271,513
5272,518
5273,523
5274,528
5275,534
5276,509
5277,501
5278,496
5279,490
5280,484
5281,479
5282,473
5283,468
5284,462
5285,457
5286,452
5287,446
5288,470
5289,478
5290,484
5291,491
5292,497
5293,503
5294,508
5295,514
5296,518
5297,523
5298,528
5299,534
5300,509
5301,502
5302,495
5303,489
5304,483
5305,478
5306,472
5307,467
5308,462
5309,457
5310,452
5311,446
5312,473
5313,480
5314,486
5315,492
5316,498
5317,503
5318,508
5319,513
5320,518
5321,523
5322,528
5323,534
5324,508
5325,501
5326,495
5327,489
5328,483
5329,478
5330,473
5331,468
5332,462
5333,457
5334,451
5335,446
5336,473
5337,477
5338,485
5339,490
5340,496
5341,502
5342,507
5343,513
5344,518
5345,523
5346,528
5347,534
5348,507
5349,501
5350,495
5351,489
5352,483
5353,477
5354,472
5355,467
5356,462
5357,457
5358,452
5359,446
5360,472
5361,479
5362,486
5363,492
5364,498
5365,503
5366,508
5367,513
5368,518
5369,523
5370,528
5371,534
5372,508
5373,502
5374,496
5375,490
5376,482
5377,479
5378,472
5379,468
5380,462
5381,458
5382,452
5383,446
5384,471
5385,478
5386,485
5387,491
5388,496
5389,502
5390,507
5391,513
5392,518
5393,523
5394,528
5395,534
5396,507
5397,500
5398,494
5399,489
5400,484
5401,478
5402,472
5403,467
5404,462
5405,457
5406,452
5407,445
5408,472
5409,479
5410,484
5411,491
5412,496
5413,502
5414,508
5415,513
5416,518
5417,523
5418,528
5419,534
5420,507
5421,502
5422,494
5423,489
5424,483
5425,478
5426,473
5427,468
5428,463
5429,458
5430,452
5431,446
5432,473
5433,479
5434,485
5435,491
5436,497
5437,502
5438,507
5439,513
5440,518
5441,523
5442,528
5443,534
5444,510
5445,503
5446,496
5447,490
5448,484
5449,479
5450,473
5451,468
5452,462
5453,457
5454,452
5455,446
5456,470
5457,477
5458,484
5459,490
5460,496
5461,502
5462,509
5463,513
5464,519
5465,523
5466,529
5467,534
5468,507
5469,500
5470,493
5471,489
5472,483
5473,478
5474,472
5475,467
5476,462
5477,457
5478,452
5479,446
5480,473
5481,480
5482,486
5483,492
5484,497
5485,503
5486,508
5487,513
5488,518
5489,523
5490,528
5491,534
5492,508
5493,503
5494,496
5495,490
5496,484
5497,478
5498,473
5499,468
5500,463
5501,457
5502,452
5503,446
5504,475
5505,479
5506,485
5507,492
5508,497
5509,503
5510,508
5511,514
5512,519
5513,523
5514,528
5515,534
5516,507
5517,502
5518,495
5519,489
5520,483
5521,478
5522,472
5523,467
5524,462
5525,457
5526,452
5527,446
5528,472
5529,478
5530,484
5531,491
5532,496
5533,502
5534,507
5535,513
5536,518
5537,523
5538,528
5539,534
5540,508
5541,501
5542,496
5543,490
5544,484
5545,479
5546,473
5547,466
5548,463
5549,456
5550,452
5551,447
5552,470
5553,477
5554,484
5555,490
5556,496
5557,502
5558,507
5559,513
5560,518
5561,523
5562,528
5563,534
5564,507
5565,501
5566,495
5567,489
5568,483
5569,478
5570,472
5571,467
5572,462
5573,457
5574,452
5575,446
5576,472
5577,478
5578,484
5579,491
5580,496
5581,502
5582,507
5583,513
5584,518
5585,524
5586,528
5587,534
5588,508
5589,503
5590,493
5591,490
5592,483
5593,477
5594,473
5595,467
5596,463
5597,458
5598,452
5599,446
5600,473
5601,480
5602,486
5603,492
5604,497
5605,503
5606,508
5607,513
5608,518
5609,523
5610,528
5611,534
5612,509
5613,503
5614,496
5615,490
5616,484
5617,478
5618,473
5619,467
5620,462
5621,457
5622,452
5623,446
5624,472
5625,478
5626,484
5627,491
5628,497
5629,502
5630,508
5631,513
5632,520
5633,523
5634,529
5635,534
5636,506
5637,502
5638,496
5639,489
5640,484
5641,478
5642,473
5643,468
5644,463
5645,457
5646,452
5647,446
5648,473
5649,480
5650,486
5651,492
5652,498
5653,502
5654,508
5655,513
5656,518
5657,523
5658,528
5659,534
5660,509
5661,503
5662,496
5663,490
5664,484
5665,479
5666,473
5667,468
5668,462
5669,457
5670,452
5671,446
5672,472
5673,479
5674,484
5675,492
5676,497
5677,504
5678,508
5679,514
5680,518
5681,523
5682,528
5683,534
5684,507
5685,500
5686,494
5687,488
5688,482
5689,478
5690,472
5691,467
5692,462
5693,457
5694,452
5695,446
5696,473
5697,479
5698,485
5699,491
5700,497
5701,502
5702,508
5703,513
5704,518
5705,523
5706,528
5707,534
5708,508
5709,502
5710,496
5711,490
5712,484
5713,480
5714,473
5715,468
5716,462
5717,457
5718,450
5719,448
5720,474
5721,479
5722,486
5723,491
5724,497
5725,502
5726,508
5727,513
5728,518
5729,523
5730,528
5731,534
5732,507
5733,501
5734,495
5735,489
5736,483
5737,478
5738,472
5739,467
5740,462
5741,458
5742,452
5743,446
5744,472
5745,478
5746,484
5747,491
5748,497
5749,502
5750,507
5751,513
5752,518
5753,523
5754,528
5755,533
5756,508
5757,502
5758,496
5759,489
5760,481
5761,479
5762,472
5763,468
5764,462
5765,458
5766,452
5767,446
5768,471
5769,478
5770,485
5771,491
5772,496
5773,502
5774,507
5775,513
5776,518
5777,523
5778,528
5779,535
5780,507
5781,500
5782,494
5783,488
5784,482
5785,477
5786,472
5787,467
5788,462
5789,457
5790,452
5791,446
5792,471
5793,479
5794,484
5795,491
5796,496
5797,502
5798,508
5799,513
5800,518
5801,523
5802,528
5803,534
5804,506
5805,502
5806,494
5807,489
5808,483
5809,478
5810,473
5811,468
5812,463
5813,458
5814,452
5815,446
5816,473
5817,479
5818,485
5819,491
5820,496
5821,503
5822,508
5823,513
5824,518
5825,524
5826,529
5827,534
5828,509
5829,501
5830,495
5831,490
5832,485
5833,478
5834,473
5835,467
5836,463
5837,457
5838,452
5839,446
5840,472
5841,479
5842,484
5843,491
5844,496
5845,502
5846,509
5847,513
5848,520
5849,523
5850,529
5851,534
5852,507
5853,501
5854,495
5855,489
5856,483
5857,477
5858,472
5859,467
5860,462
5861,457
5862,452
5863,446
5864,473
5865,479
5866,485
5867,491
5868,497
5869,502
5870,507
5871,513
5872,518
5873,523
5874,528
5875,534
5876,508
5877,503
5878,496
5879,490
5880,484
5881,479
5882,473
5883,468
5884,462
5885,457
5886,452
5887,446
5888,474
5889,479
5890,484
5891,491
5892,496
5893,503
5894,508
5895,513
5896,518
5897,524
5898,528
5899,534
5900,507
5901,502
5902,495
5903,489
5904,483
5905,478
5906,472
5907,467
5908,462
5909,457
5910,452
5911,446
5912,472
5913,478
5914,484
5915,491
5916,496
5917,502
5918,508
5919,512
5920,518
5921,523
5922,528
5923,534
5924,509
5925,501
5926,495
5927,488
5928,483
5929,478
5930,473
5931,465
5932,462
5933,456
5934,452
5935,447
5936,470
5937,478
5938,484
5939,490
5940,496
5941,502
5942,507
5943,513
5944,518
5945,523
5946,528
5947,534
5948,507
5949,501
5950,495
5951,489
5952,483
5953,478
5954,472
5955,467
5956,462
5957,457
5958,452
5959,446
5960,472
5961,478
5962,484
5963,491
5964,496
5965,502
5966,507
5967,513
5968,518
5969,523
5970,528
5971,534
5972,508
5973,502
5974,493
5975,490
5976,483
5977,477
5978,473
5979,467
5980,462
5981,458
5982,452
5983,446
5984,473
5985,479
5986,485
5987,491
5988,497
5989,502
5990,507
5991,513
5992,518
5993,523
5994,528
5995,534
5996,509
5997,503
5998,496
5999,490
6000,484
6001,478
6002,473
6003,467
6004,462
6005,457
6006,452
6007,446
6008,472
6009,478
6010,484
6011,491
6012,496
6013,502
6014,507
6015,513
6016,520
6017,523
6018,529
6019,534
6020,507
6021,502
6022,496
6023,489
6024,484
6025,478
6026,473
6027,468
6028,463
6029,458
6030,452
6031,446
6032,474
6033,479
6034,485
6035,491
6036,497
6037,502
6038,508
6039,513
6040,518
6041,523
6042,528
6043,534
6044,509
6045,503
6046,496
6047,490
6048,484
6049,479
6050,473
6051,467
6052,463
6053,457
6054,452
6055,446
6056,471
6057,478
6058,484
6059,493
6060,497
6061,503
6062,508
6063,514
6064,518
6065,523
6066,528
6067,534
6068,507
6069,501
6070,495
6071,489
6072,483
6073,477
6074,472
6075,467
6076,462
6077,457
6078,452
6079,446
6080,474
6081,479
6082,485
6083,491
6084,497
6085,502
6086,508
6087,513
6088,518
6089,523
6090,528
6091,534
6092,508
6093,502
6094,497
6095,490
6096,484
6097,478
6098,473
6099,468
6100,463
6101,457
6102,450
6103,446
6104,474
6105,477
6106,485
6107,490
6108,496
6109,502
6110,508
6111,513
6112,518
6113,523
6114,528
6115,534
6116,507
6117,501
6118,495
6119,489
6120,483
6121,477
6122,472
6123,467
6124,462
6125,457
6126,452
6127,446
6128,472
6129,478
6130,485
6131,491
6132,497
6133,502
6134,508
6135,513
6136,518
6137,523
6138,528
6139,534
6140,508
6141,502
6142,496
6143,490
6144,482
6145,478
6146,472
6147,468
6148,462
6149,457
6150,452
6151,446
6152,473
6153,480
6154,486
6155,492
6156,497
6157,502
6158,508
6159,513
6160,518
6161,523
6162,528
6163,535
6164,507
6165,501
6166,494
6167,489
6168,483
6169,478
6170,472
6171,467
6172,462
6173,457
6174,452
6175,446
6176,472
6177,479
6178,484
6179,490
6180,496
6181,502
6182,508
6183,513
6184,518
6185,523
6186,528
6187,534
6188,507
6189,502
6190,494
6191,489
6192,483
6193,478
6194,473
6195,468
6196,463
6197,457
6198,453
6199,446
6200,473
6201,479
6202,485
6203,491
6204,496
6205,502
6206,507
6207,513
6208,518
6209,523
6210,528
6211,534
6212,509
6213,503
6214,496
6215,490
6216,485
6217,478
6218,473
6219,468
6220,462
6221,457
6222,452
6223,445
6224,471
6225,478
6226,484
6227,491
6228,496
6229,502
6230,510
6231,513
6232,519
6233,523
6234,529
6235,534
6236,507
6237,501
6238,495
6239,489
6240,483
6241,477
6242,472
6243,467
6244,462
6245,457
6246,452
6247,446
6248,473
6249,480
6250,486
6251,492
6252,497
6253,502
6254,508
6255,513
6256,518
6257,523
6258,528
6259,534
6260,508
6261,503
6262,496
6263,490
6264,484
6265,479
6266,473
6267,468
6268,462
6269,457
6270,452
6271,446
6272,472
6273,478
6274,485
6275,490
6276,497
6277,503
6278,507
6279,513
6280,518
6281,523
6282,528
6283,534
6284,507
6285,500
6286,495
6287,489
6288,483
6289,478
6290,473
6291,467
6292,463
6293,458
6294,452
6295,446
6296,472
6297,478
6298,485
6299,491
6300,496
6301,502
6302,507
6303,512
6304,518
6305,523
6306,528
6307,533
6308,508
6309,502
6310,496
6311,490
6312,484
6313,478
6314,473
6315,466
6316,463
6317,457
6318,452
6319,447
6320,470
6321,478
6322,484
6323,490
6324,496
6325,502
6326,507
6327,513
6328,518
6329,523
6330,528
6331,534
6332,507
6333,501
6334,495
6335,489
6336,483
6337,478
6338,472
6339,467
6340,462
6341,457
6342,452
6343,446
6344,472
6345,478
6346,484
6347,491
6348,497
6349,502
6350,507
6351,513
6352,518
6353,523
6354,528
6355,533
6356,508
6357,502
6358,493
6359,489
6360,483
6361,477
6362,473
6363,467
6364,463
6365,458
6366,452
6367,446
6368,473
6369,479
6370,486
6371,491
6372,497
6373,502
6374,508
6375,513
6376,518
6377,523
6378,528
6379,534
6380,508
6381,502
6382,496
6383,490
6384,484
6385,478
6386,473
6387,467
6388,462
6389,458
6390,452
6391,446
6392,472
6393,478
6394,485
6395,491
6396,497
6397,502
6398,508
6399,513
6400,520
6401,523
6402,529
6403,534
6404,507
6405,502
6406,496
6407,490
6408,484
6409,478
6410,473
6411,468
6412,463
6413,458
6414,452
6415,446
6416,473
6417,480
6418,487
6419,492
6420,498
6421,502
6422,508
6423,513
6424,518
6425,523
6426,528
6427,534
6428,511
6429,503
6430,497
6431,490
6432,484
6433,479
6434,473
6435,468
6436,462
6437,457
6438,452
6439,446
6440,470
6441,478
6442,484
6443,492
6444,496
6445,503
6446,508
6447,514
6448,518
6449,523
6450,529
6451,534
6452,509
6453,502
6454,495
6455,489
6456,484
6457,478
6458,473
6459,467
6460,463
6461,457
6462,452
6463,446
6464,472
6465,479
6466,485
6467,491
6468,497
6469,502
6470,507
6471,513
6472,518
6473,523
6474,528
6475,534
6476,510
6477,503
6478,496
6479,490
6480,484
6481,479
6482,473
6483,468
6484,463
6485,457
6486,452
6487,446
6488,473
6489,477
6490,485
6491,490
6492,496
6493,502
6494,507
6495,513
6496,518
6497,523
6498,528
6499,534
6500,507
6501,501
6502,495
6503,489
6504,483
6505,478
6506,472
6507,467
6508,462
6509,457
6510,452
6511,446
6512,472
6513,479
6514,486
6515,492
6516,498
6517,502
6518,508
6519,513
6520,518
6521,523
6522,528
6523,534
6524,508
6525,501
6526,496
6527,490
6528,482
6529,479
6530,472
6531,468
6532,461
6533,457
6534,452
6535,446
6536,471
6537,478
6538,485
6539,491
6540,497
6541,502
6542,507
6543,513
6544,518
6545,524
6546,528
6547,534
6548,507
6549,500
6550,494
6551,489
6552,483
6553,478
6554,472
6555,467
6556,462
6557,457
6558,452
6559,446
6560,472
6561,480
6562,486
6563,492
6564,498
6565,502
6566,508
6567,513
6568,518
6569,523
6570,528
6571,534
6572,507
6573,502
6574,494
6575,490
6576,483
6577,478
6578,473
6579,468
6580,463
6581,457
6582,452
6583,446
6584,473
6585,480
6586,485
6587,491
6588,496
6589,502
6590,507
6591,513
6592,518
6593,523
6594,528
6595,534
6596,509
6597,501
6598,495
6599,489
6600,482
6601,478
6602,472
6603,467
6604,462
6605,457
6606,452
6607,445
6608,471
6609,479
6610,485
6611,492
6612,498
6613,503
6614,509
6615,514
6616,519
6617,523
6618,529
6619,534
6620,507
6621,500
6622,495
6623,489
6624,483
6625,478
6626,472
6627,467
6628,462
6629,457
6630,452
6631,446
6632,473
6633,479
6634,485
6635,491
6636,497
6637,502
6638,507
6639,513
6640,518
6641,523
6642,528
6643,534
6644,509
6645,501
6646,495
6647,489
6648,482
6649,478
6650,473
6651,467
6652,462
6653,457
6654,452
6655,445
6656,474
6657,479
6658,484
6659,492
6660,497
6661,503
6662,508
6663,513
6664,518
6665,523
6666,528
6667,534
6668,507
6669,500
6670,494
6671,489
6672,483
6673,478
6674,472
6675,467
6676,462
6677,457
6678,452
6679,446
6680,470
6681,478
6682,484
6683,490
6684,496
6685,502
6686,508
6687,513
6688,518
6689,523
6690,528
6691,534
6692,508
6693,501
6694,495
6695,489
6696,483
6697,478
6698,473
6699,466
6700,462
6701,456
6702,452
6703,447
6704,470
6705,477
6706,484
6707,490
6708,496
6709,502
6710,507
6711,513
6712,518
6713,523
6714,528
6715,534
6716,507
6717,501
6718,495
6719,489
6720,483
6721,478
6722,472
6723,467
6724,462
6725,457
6726,452
6727,446
6728,470
6729,478
6730,484
6731,491
6732,496
6733,502
6734,507
6735,513
6736,518
6737,523
6738,528
6739,533
6740,508
6741,501
6742,496
6743,489
6744,484
6745,477
6746,473
6747,467
6748,462
6749,456
6750,452
6751,446
6752,473
6753,480
6754,486
6755,492
6756,498
6757,502
6758,508
6759,513
6760,518
6761,523
6762,528
6763,534
6764,509
6765,503
6766,496
6767,490
6768,484
6769,479
6770,473
6771,468
6772,463
6773,457
6774,452
6775,446
6776,472
6777,478
6778,484
6779,491
6780,496
6781,502
6782,508
6783,513
6784,520
6785,523
6786,529
6787,534
6788,507
6789,502
6790,496
6791,489
6792,484
6793,478
6794,473
6795,468
6796,463
6797,457
6798,452
6799,446
6800,474
6801,480
6802,486
6803,492
6804,498
6805,502
6806,508
6807,513
6808,518
6809,523
6810,528
6811,534
6812,509
6813,503
6814,496
6815,490
6816,484
6817,478
6818,473
6819,468
6820,462
6821,457
6822,452
6823,446
6824,472
6825,479
6826,486
6827,492
6828,497
6829,503
6830,508
6831,514
6832,518
6833,523
6834,528
6835,534
6836,507
6837,501
6838,495
6839,489
6840,483
6841,478
6842,472
6843,467
6844,462
6845,458
6846,452
6847,446
6848,473
6849,479
6850,486
6851,492
6852,497
6853,502
6854,508
6855,513
6856,518
6857,523
6858,528
6859,534
6860,508
6861,503
6862,496
6863,490
6864,484
6865,479
6866,473
6867,468
6868,462
6869,457
6870,450
6871,448
6872,474
6873,479
6874,486
6875,491
6876,497
6877,503
6878,508
6879,513
6880,518
6881,524
6882,528
6883,534
6884,507
6885,501
6886,495
6887,489
6888,483
6889,478
6890,472
6891,467
6892,462
6893,457
6894,452
6895,446
6896,472
6897,478
6898,484
6899,491
6900,496
6901,502
6902,507
6903,513
6904,518
6905,523
6906,528
6907,534
6908,508
6909,502
6910,496
6911,490
6912,482
6913,478
6914,472
6915,468
6916,462
6917,457
6918,452
6919,446
6920,473
6921,480
6922,486
6923,492
6924,498
6925,503
6926,508
6927,514
6928,519
6929,523
6930,528
6931,534
6932,507
6933,502
6934,496
6935,489
6936,483
6937,478
6938,472
6939,467
6940,462
6941,457
6942,452
6943,446
6944,472
6945,479
6946,484
6947,491
6948,496
6949,502
6950,507
6951,513
6952,518
6953,523
6954,528
6955,534
6956,510
6957,501
6958,496
6959,488
6960,483
6961,478
6962,473
6963,467
6964,462
6965,457
6966,452
6967,446
6968,473
6969,479
6970,485
6971,491
6972,496
6973,502
6974,507
6975,513
6976,518
6977,523
6978,528
6979,534
6980,509
6981,501
6982,496
6983,490
6984,484
6985,478
6986,473
6987,467
6988,462
6989,457
6990,452
6991,446
6992,472
6993,478
6994,484
6995,490
6996,497
6997,502
6998,510
6999,513
7000,519
7001,523
7002,529
7003,534
7004,507
7005,501
7006,495
7007,489
7008,483
7009,478
7010,473
7011,468
7012,463
7013,457
7014,452
7015,446
7016,473
7017,479
7018,485
7019,491
7020,497
7021,503
7022,508
7023,513
7024,518
7025,523
7026,528
7027,534
7028,509
7029,503
7030,496
7031,490
7032,484
7033,478
7034,473
7035,467
7036,462
7037,457
7038,452
7039,446
7040,472
7041,478
7042,486
7043,490
7044,497
7045,503
7046,508
7047,513
7048,518
7049,523
7050,528
7051,534
7052,507
7053,501
7054,495
7055,489
7056,483
7057,478
7058,472
7059,467
7060,462
7061,457
7062,452
7063,446
7064,472
7065,478
7066,484
7067,490
7068,496
7069,502
7070,507
7071,512
7072,518
7073,523
7074,528
7075,534
7076,508
7077,503
7078,496
7079,490
7080,484
7081,479
7082,474
7083,465
7084,463
7085,456
7086,452
7087,447
7088,470
7089,478
7090,484
7091,490
7092,496
7093,502
7094,507
7095,513
7096,518
7097,523
7098,528
7099,534
7100,507
7101,501
7102,495
7103,489
7104,483
7105,478
7106,472
7107,467
7108,462
7109,457
7110,452
7111,446
7112,472
7113,478
7114,484
7115,491
7116,496
7117,502
7118,507
7119,512
7120,518
7121,523
7122,528
7123,534
7124,508
7125,502
7126,493
7127,490
7128,483
7129,477
7130,473
7131,467
7132,462
7133,457
7134,452
7135,446
7136,473
7137,478
7138,485
7139,491
7140,496
7141,502
7142,507
7143,513
7144,518
7145,523
7146,528
7147,534
7148,508
7149,502
7150,496
7151,490
7152,484
7153,478
7154,473
7155,467
7156,462
7157,457
7158,452
7159,446
7160,472
7161,478
7162,485
7163,491
7164,497
7165,502
7166,508
7167,513
7168,520
7169,523
7170,529
7171,533
7172,506
7173,502
7174,496
7175,490
7176,484
7177,478
7178,473
7179,468
7180,463
7181,458
7182,452
7183,447
7184,474
7185,479
7186,485
7187,491
7188,497
7189,502
7190,507
7191,513
7192,518
7193,523
7194,528
7195,534
7196,509
7197,503
7198,496
7199,490
7200,484
7201,478
7202,473
7203,467
7204,462
7205,457
7206,452
7207,446
7208,470
7209,477
7210,484
7211,492
7212,497
7213,503
7214,508
7215,514
7216,518
7217,523
7218,528
7219,534
7220,507
7221,500
7222,494
7223,488
7224,482
7225,478
7226,472
7227,467
7228,462
7229,457
7230,452
7231,446
7232,473
7233,479
7234,485
7235,491
7236,497
7237,503
7238,508
7239,513
7240,518
7241,524
7242,528
7243,534
7244,509
7245,501
7246,496
7247,490
7248,484
7249,479
7250,473
7251,468
7252,462
7253,457
7254,450
7255,447
7256,474
7257,478
7258,486
7259,491
7260,497
7261,502
7262,508
7263,513
7264,518
7265,523
7266,528
7267,534
7268,508
7269,501
7270,495
7271,489
7272,483
7273,478
7274,472
7275,467
7276,462
7277,457
7278,452
7279,446
7280,472
7281,478
7282,485
7283,491
7284,496
7285,502
7286,507
7287,513
7288,518
7289,523
7290,528
7291,534
7292,508
7293,502
7294,496
7295,490
7296,482
7297,479
7298,472
7299,468
7300,462
7301,457
7302,452
7303,446
7304,473
7305,479
7306,485
7307,491
7308,497
7309,502
7310,508
7311,513
7312,518
7313,524
7314,528
7315,534
7316,507
7317,502
7318,495
7319,489
7320,484
7321,478
7322,473
7323,467
7324,462
7325,457
7326,452
7327,446
7328,472
7329,478
7330,484
7331,491
7332,496
7333,502
7334,507
7335,513
7336,518
7337,523
7338,528
7339,534
7340,510
7341,501
7342,496
7343,489
7344,483
7345,478
7346,473
7347,468
7348,462
7349,457
7350,452
7351,446
7352,473
7353,479
7354,485
7355,491
7356,497
7357,502
7358,507
7359,513
7360,519
7361,523
7362,528
7363,534
7364,509
7365,501
7366,495
7367,489
7368,482
7369,478
7370,472
7371,467
7372,462
7373,457
7374,452
7375,446
7376,472
7377,478
7378,484
7379,491
7380,496
7381,502
7382,510
7383,513
7384,519
7385,523
7386,529
7387,533
7388,507
7389,501
7390,495
7391,489
7392,483
7393,478
7394,473
7395,467
7396,463
7397,458
7398,452
7399,446
7400,473
7401,479
7402,485
7403,491
7404,497
7405,502
7406,507
7407,513
7408,518
7409,523
7410,528
7411,534
7412,509
7413,503
7414,496
7415,490
7416,484
7417,478
7418,473
7419,467
7420,462
7421,457
7422,452
7423,446
7424,472
7425,478
7426,486
7427,490
7428,498
7429,503
7430,508
7431,513
7432,518
7433,523
7434,528
7435,534
7436,507
7437,501
7438,495
7439,489
7440,483
7441,477
7442,472
7443,467
7444,462
7445,457
7446,452
7447,446
7448,472
7449,478
7450,484
7451,490
7452,496
7453,502
7454,507
7455,512
7456,518
7457,523
7458,528
7459,534
7460,508
7461,502
7462,496
7463,490
7464,484
7465,478
7466,473
7467,466
7468,463
7469,456
7470,452
7471,447
7472,470
7473,478
7474,484
7475,490
7476,497
7477,502
7478,507
7479,513
7480,518
7481,523
7482,528
7483,534
7484,507
7485,501
7486,495
7487,489
7488,483
7489,478
7490,472
7491,467
7492,462
7493,457
7494,452
7495,446
7496,472
7497,478
7498,484
7499,491
7500,496
7501,502
7502,507
7503,512
7504,518
7505,523
7506,528
7507,534
7508,508
7509,502
7510,493
7511,490
7512,483
7513,477
7514,473
7515,467
7516,463
7517,457
7518,452
7519,446
7520,473
7521,479
7522,485
7523,491
7524,496
7525,502
7526,508
7527,513
7528,518
7529,523
7530,528
7531,534
7532,509
7533,503
7534,496
7535,490
7536,484
7537,478
7538,472
7539,467
7540,462
7541,457
7542,452
7543,446
7544,472
7545,478
7546,485
7547,491
7548,497
7549,503
7550,508
7551,513
7552,520
7553,523
7554,529
7555,534
7556,510
7557,501
7558,496
7559,490
7560,484
7561,479
7562,473
7563,468
7564,462
7565,458
7566,452
7567,446
7568,473
7569,479
7570,485
7571,491
7572,497
7573,503
7574,508
7575,513
7576,518
7577,523
7578,528
7579,535
7580,509
7581,502
7582,496
7583,490
7584,484
7585,478
7586,473
7587,467
7588,462
7589,457
7590,452
7591,446
7592,472
7593,478
7594,484
7595,493
7596,497
7597,504
7598,508
7599,514
7600,519
7601,523
7602,528
7603,534
7604,507
7605,501
7606,495
7607,489
7608,483
7609,478
7610,472
7611,467
7612,462
7613,457
7614,452
7615,446
7616,473
7617,479
7618,485
7619,491
7620,496
7621,502
7622,507
7623,513
7624,518
7625,523
7626,528
7627,534
7628,508
7629,503
7630,496
7631,490
7632,485
7633,479
7634,473
7635,468
7636,462
7637,457
7638,450
7639,446
7640,470
7641,479
7642,484
7643,492
7644,496
7645,502
7646,508
7647,513
7648,518
7649,523
7650,528
7651,534
7652,507
7653,501
7654,494
7655,489
7656,483
7657,478
7658,472
7659,467
7660,462
7661,457
7662,452
7663,446
7664,472
7665,478
7666,485
7667,491
7668,496
7669,502
7670,507
7671,513
7672,518
7673,523
7674,528
7675,534
7676,508
7677,502
7678,496
7679,490
7680,482
7681,478
7682,472
7683,468
7684,461
7685,457
7686,452
7687,446
7688,471
7689,478
7690,485
7691,491
7692,496
7693,502
7694,508
7695,513
7696,518
7697,523
7698,528
7699,534
7700,508
7701,500
7702,494
7703,489
7704,483
7705,478
7706,473
7707,468
7708,462
7709,457
7710,452
7711,446
7712,472
7713,479
7714,485
7715,491
7716,497
7717,502
7718,507
7719,513
7720,518
7721,523
7722,528
7723,534
7724,507
7725,502
7726,494
7727,490
7728,483
7729,478
7730,473
7731,468
7732,462
7733,457
7734,452
7735,446
7736,474
7737,479
7738,485
7739,491
7740,496
7741,502
7742,507
7743,513
7744,518
7745,523
7746,528
7747,534
7748,509
7749,501
7750,496
7751,490
7752,484
7753,478
7754,473
7755,467
7756,462
7757,457
7758,452
7759,446
7760,472
7761,478
7762,484
7763,491
7764,496
7765,502
7766,510
7767,513
7768,519
7769,523
7770,529
7771,534
7772,507
7773,501
7774,495
7775,489
7776,483
7777,478
7778,472
7779,467
7780,463
7781,457
7782,452
7783,446
7784,473
7785,479
7786,485
7787,491
7788,497
7789,502
7790,508
7791,513
7792,518
7793,523
7794,528
7795,534
7796,509
7797,503
7798,496
7799,490
7800,484
7801,478
7802,473
7803,467
7804,462
7805,457
7806,452
7807,446
7808,472
7809,478
7810,486
7811,490
7812,498
7813,504
7814,508
7815,513
7816,518
7817,523
7818,528
7819,534
7820,507
7821,501
7822,495
7823,489
7824,483
7825,478
7826,472
7827,467
7828,462
7829,457
7830,452
7831,446
7832,472
7833,478
7834,484
7835,490
7836,496
7837,502
7838,507
7839,512
7840,518
7841,523
7842,528
7843,534
7844,508
7845,501
7846,496
7847,490
7848,484
7849,478
7850,473
7851,466
7852,462
7853,456
7854,452
7855,447
7856,470
7857,477
7858,484
7859,490
7860,496
7861,502
7862,507
7863,513
7864,518
7865,524
7866,529
7867,534
7868,507
7869,501
7870,495
7871,489
7872,483
7873,478
7874,472
7875,467
7876,462
7877,457
7878,452
7879,446
7880,472
7881,478
7882,484
7883,491
7884,496
7885,502
7886,507
7887,512
7888,518
7889,523
7890,528
7891,534
7892,509
7893,502
7894,493
7895,490
7896,483
7897,477
7898,473
7899,467
7900,462
7901,457
7902,452
7903,446
7904,473
7905,479
7906,485
7907,491
7908,497
7909,503
7910,508
7911,513
7912,518
7913,523
7914,528
7915,534
7916,508
7917,502
7918,496
7919,490
7920,484
7921,478
7922,473
7923,467
7924,462
7925,457
7926,452
7927,446
7928,472
7929,478
7930,485
7931,491
7932,496
7933,502
7934,507
7935,513
7936,520
7937,523
7938,529
7939,533
7940,510
7941,501
7942,496
7943,490
7944,484
7945,479
7946,473
7947,468
7948,463
7949,458
7950,452
7951,448
7952,473
7953,479
7954,484
7955,490
7956,496
7957,502
7958,507
7959,513
7960,518
7961,523
7962,528
7963,534
7964,509
7965,503
7966,496
7967,490
7968,484
7969,478
7970,473
7971,467
7972,462
7973,457
7974,452
7975,446
7976,472
7977,478
7978,485
7979,493
7980,496
7981,503
7982,508
7983,514
7984,519
7985,523
7986,528
7987,534
7988,507
7989,501
7990,495
7991,489
7992,483
7993,478
7994,471
7995,468
7996,462
7997,457
7998,452
7999,446
8000,473
8001,480
8002,486
8003,492
8004,498
8005,502
8006,508
8007,513
8008,518
8009,523
8010,528
8011,534
8012,509
8013,501
8014,495
8015,489
8016,482
8017,478
8018,473
8019,468
8020,462
8021,457
8022,451
8023,445
8024,473
8025,478
8026,485
8027,491
8028,496
8029,502
8030,508
8031,513
8032,519
8033,523
8034,528
8035,534
8036,507
8037,501
8038,495
8039,489
8040,483
8041,478
8042,472
8043,467
8044,462
8045,457
8046,452
8047,446
8048,472
8049,480
8050,486
8051,492
8052,497
8053,502
8054,507
8055,513
8056,518
8057,523
8058,528
8059,534
8060,508
8061,502
8062,496
8063,490
8064,482
8065,478
8066,472
8067,468
8068,461
8069,457
8070,452
8071,446
8072,473
8073,479
8074,485
8075,491
8076,497
8077,502
8078,508
8079,513
8080,518
8081,523
8082,528
8083,534
8084,507
8085,500
8086,494
8087,489
8088,483
8089,477
8090,472
8091,467
8092,462
8093,457
8094,452
8095,446
8096,472
8097,479
8098,485
8099,491
8100,497
8101,502
8102,508
8103,513
8104,518
8105,523
8106,528
8107,533
8108,506
8109,502
8110,494
8111,490
8112,483
8113,478
8114,473
8115,468
8116,463
8117,457
8118,453
8119,446
8120,473
8121,479
8122,485
8123,491
8124,497
8125,502
8126,508
8127,513
8128,518
8129,523
8130,528
8131,534
8132,509
8133,503
8134,496
8135,490
8136,484
8137,478
8138,473
8139,467
8140,462
8141,457
8142,452
8143,446
8144,472
8145,478
8146,484
8147,491
8148,496
8149,502
8150,510
8151,513
8152,519
8153,523
8154,529
8155,533
8156,506
8157,501
8158,495
8159,489
8160,483
8161,478
8162,472
8163,467
8164,462
8165,457
8166,452
8167,446
8168,473
8169,478
8170,485
8171,491
8172,496
8173,502
8174,507
8175,513
8176,518
8177,523
8178,528
8179,534
8180,508
8181,503
8182,496
8183,490
8184,484
8185,478
8186,473
8187,467
8188,462
8189,457
8190,452
8191,445
8192,471
8193,478
8194,486
8195,491
8196,497
8197,502
8198,507
8199,513
8200,518
8201,523
8202,528
8203,534
8204,509
8205,501
8206,495
8207,489
8208,483
8209,478
8210,473
8211,467
8212,462
8213,457
8214,452
8215,446
8216,470
8217,478
8218,484
8219,490
8220,496
8221,502
8222,507
8223,512
8224,518
8225,523
8226,528
8227,534
8228,510
8229,503
8230,496
8231,490
8232,484
8233,478
8234,473
8235,466
8236,462
8237,456
8238,452
8239,447
8240,470
8241,478
8242,484
8243,490
8244,496
8245,502
8246,507
8247,513
8248,518
8249,523
8250,528
8251,534
8252,507
8253,500
8254,493
8255,488
8256,481
8257,478
8258,472
8259,467
8260,462
8261,457
8262,452
8263,446
8264,470
8265,478
8266,484
8267,490
8268,496
8269,502
8270,507
8271,512
8272,518
8273,523
8274,528
8275,533
8276,508
8277,501
8278,496
8279,489
8280,484
8281,477
8282,473
8283,467
8284,462
8285,456
8286,451
8287,448
8288,474
8289,480
8290,486
8291,492
8292,497
8293,503
8294,508
8295,513
8296,518
8297,523
8298,528
8299,534
8300,509
8301,502
8302,496
8303,490
8304,484
8305,478
8306,473
8307,467
8308,462
8309,457
8310,452
8311,446
8312,472
8313,478
8314,485
8315,491
8316,497
8317,502
8318,507
8319,513
8320,520
8321,523
8322,529
8323,534
8324,507
8325,502
8326,495
8327,490
8328,484
8329,479
8330,473
8331,468
8332,463
8333,458
8334,452
8335,446
8336,473
8337,480
8338,486
8339,492
8340,498
8341,502
8342,508
8343,513
8344,518
8345,523
8346,528
8347,534
8348,509
8349,501
8350,495
8351,489
8352,482
8353,478
8354,472
8355,467
8356,462
8357,457
8358,452
8359,446
8360,470
8361,478
8362,484
8363,492
8364,497
8365,503
8366,508
8367,514
8368,518
8369,523
8370,528
8371,534
8372,507
8373,500
8374,494
8375,488
8376,482
8377,478
8378,473
8379,467
8380,462
8381,457
8382,452
8383,446
8384,473
8385,479
8386,485
8387,491
8388,496
8389,502
8390,507
8391,513
8392,518
8393,523
8394,528
8395,534
8396,509
8397,501
8398,495
8399,489
8400,483
8401,478
8402,473
8403,467
8404,462
8405,457
8406,451
8407,446
8408,473
8409,478
8410,486
8411,490
8412,496
8413,502
8414,508
8415,513
8416,518
8417,523
8418,528
8419,534
8420,506
8421,501
8422,494
8423,488
8424,483
8425,478
8426,472
8427,467
8428,462
8429,457
8430,452
8431,446
8432,472
8433,479
8434,486
8435,492
8436,498
8437,502
8438,507
8439,513
8440,518
8441,523
8442,528
8443,534
8444,509
8445,501
8446,496
8447,490
8448,482
8449,479
8450,472
8451,468
8452,461
8453,457
8454,452
8455,445
8456,471
8457,478
8458,485
8459,491
8460,496
8461,502
8462,508
8463,513
8464,518
8465,523
8466,528
8467,534
8468,507
8469,500
8470,494
8471,489
8472,483
8473,478
8474,472
8475,467
8476,462
8477,457
8478,452
8479,446
8480,472
8481,479
8482,486
8483,492
8484,498
8485,502
8486,507
8487,513
8488,518
8489,523
8490,528
8491,534
8492,507
8493,502
8494,494
8495,490
8496,483
8497,479
8498,473
8499,468
8500,463
8501,457
8502,452
8503,446
8504,473
8505,480
8506,485
8507,491
8508,496
8509,502
8510,508
8511,513
8512,518
8513,523
8514,528
8515,534
8516,509
8517,501
8518,495
8519,489
8520,482
8521,478
8522,472
8523,467
8524,462
8525,457
8526,452
8527,446
8528,470
8529,477
8530,484
8531,490
8532,496
8533,502
8534,510
8535,513
8536,519
8537,523
8538,529
8539,533
8540,507
8541,500
8542,495
8543,489
8544,484
8545,478
8546,473
8547,468
8548,463
8549,458
8550,452
8551,446
8552,473
8553,479
8554,485
8555,491
8556,496
8557,502
8558,507
8559,513
8560,518
8561,523
8562,528
8563,534
8564,509
8565,501
8566,495
8567,489
8568,483
8569,478
8570,472
8571,467
8572,462
8573,457
8574,452
8575,445
8576,474
8577,479
8578,484
8579,492
8580,497
8581,504
8582,508
8583,513
8584,518
8585,523
8586,528
8587,534
8588,507
8589,500
8590,495
8591,489
8592,483
8593,478
8594,473
8595,467
8596,462
8597,457
8598,452
8599,446
8600,472
8601,479
8602,484
8603,490
8604,496
8605,502
8606,507
8607,512
8608,517
8609,523
8610,528
8611,534
8612,508
8613,503
8614,496
8615,490
8616,484
8617,479
8618,473
8619,465
8620,463
8621,456
8622,452
8623,447
8624,470
8625,478
8626,484
8627,490
8628,497
8629,502
8630,508
8631,513
8632,518
8633,523
8634,528
8635,534
8636,507
8637,501
8638,495
8639,489
8640,483
8641,477
8642,472
8643,467
8644,462
8645,457
8646,452
8647,446
8648,470
8649,478
8650,484
8651,490
8652,496
8653,502
8654,507
8655,512
8656,518
8657,523
8658,528
8659,534
8660,508
8661,501
8662,496
8663,489
8664,484
8665,477
8666,473
8667,466
8668,462
8669,457
8670,452
8671,445
8672,473
8673,478
8674,485
8675,491
8676,496
8677,502
8678,508
8679,513
8680,518
8681,523
8682,528
8683,534
8684,509
8685,502
8686,496
8687,489
8688,484
8689,478
8690,473
8691,468
8692,462
8693,458
8694,452
8695,446
8696,472
8697,478
8698,485
8699,491
8700,496
8701,502
8702,508
8703,513
8704,520
8705,523
8706,528
8707,534
8708,507
8709,502
8710,496
8711,490
8712,484
8713,479
8714,473
8715,468
8716,463
8717,458
8718,452
8719,446
8720,474
8721,480
8722,487
8723,493
8724,499
8725,502
8726,508
8727,513
8728,518
8729,524
8730,528
8731,534
8732,509
8733,503
8734,496
8735,490
8736,484
8737,478
8738,473
8739,467
8740,462
8741,457
8742,452
8743,446
8744,472
8745,479
8746,484
8747,492
8748,497
8749,504
8750,508
8751,514
8752,518
8753,523
8754,528
8755,534
8756,507
8757,501
8758,495
8759,489
8760,483
8761,478
8762,472
8763,467
8764,462
8765,457
8766,452
8767,446
8768,473
8769,479
8770,485
8771,491
8772,497
8773,502
8774,507
8775,513
8776,518
8777,524
8778,528
8779,534
8780,509
8781,503
8782,496
8783,490
8784,484
8785,478
8786,473
8787,467
8788,462
8789,457
8790,450
8791,447
8792,471
8793,480
8794,486
8795,492
8796,497
8797,502
8798,508
8799,513
8800,518
8801,523
8802,528
8803,534
8804,507
8805,501
8806,495
8807,489
8808,483
8809,478
8810,472
8811,467
8812,462
8813,457
8814,452
8815,446
8816,472
8817,479
8818,486
8819,491
8820,498
8821,502
8822,507
8823,513
8824,518
8825,523
8826,528
8827,534
8828,508
8829,501
8830,496
8831,490
8832,482
8833,479
8834,472
8835,468
8836,461
8837,457
8838,452
8839,446
8840,471
8841,478
8842,485
8843,491
8844,496
8845,502
8846,508
8847,513
8848,518
8849,524
8850,528
8851,534
8852,507
8853,500
8854,494
8855,489
8856,483
8857,478
8858,472
8859,467
8860,462
8861,457
8862,452
8863,446
8864,472
8865,479
8866,484
8867,491
8868,497
8869,502
8870,507
8871,512
8872,518
8873,523
8874,528
8875,534
8876,507
8877,502
8878,495
8879,490
8880,483
8881,478
8882,473
8883,468
8884,462
8885,457
8886,452
8887,446
8888,473
8889,478
8890,485
8891,491
8892,497
8893,502
8894,508
8895,513
8896,518
8897,523
8898,528
8899,534
8900,509
8901,503
8902,496
8903,490
8904,484
8905,478
8906,473
8907,467
8908,462
8909,457
8910,452
8911,446
8912,472
8913,478
8914,485
8915,491
8916,496
8917,502
8918,510
8919,512
8920,519
8921,523
8922,529
8923,533
8924,507
8925,502
8926,495
8927,489
8928,483
8929,478
8930,473
8931,468
8932,463
8933,458
8934,452
8935,446
8936,473
8937,479
8938,485
8939,491
8940,497
8941,502
8942,507
8943,513
8944,518
8945,523
8946,529
8947,534
8948,508
8949,503
8950,496
8951,490
8952,484
8953,478
8954,473
8955,467
8956,462
8957,457
8958,452
8959,446
8960,472
8961,478
8962,486
8963,491
8964,498
8965,502
8966,507
8967,513
8968,518
8969,523
8970,528
8971,534
8972,509
8973,501
8974,495
8975,489
8976,483
8977,478
8978,473
8979,467
8980,462
8981,457
8982,452
8983,446
8984,470
8985,477
8986,484
8987,490
8988,496
8989,502
8990,507
8991,512
8992,518
8993,523
8994,528
8995,534
8996,509
8997,501
8998,495
8999,489
9000,482
9001,478
9002,473
9003,466
9004,462
9005,456
9006,452
9007,447
9008,470
9009,478
9010,485
9011,491
9012,497
9013,502
9014,508
9015,513
9016,518
9017,523
9018,528
9019,534
9020,507
9021,501
9022,495
9023,489
9024,483
9025,478
9026,472
9027,467
9028,463
9029,457
9030,452
9031,446
9032,472
9033,478
9034,484
9035,490
9036,496
9037,502
9038,507
9039,512
9040,518
9041,523
9042,528
9043,534
9044,509
9045,501
9046,496
9047,489
9048,484
9049,477
9050,473
9051,466
9052,462
9053,457
9054,452
9055,446
9056,473
9057,480
9058,486
9059,492
9060,496
9061,502
9062,508
9063,513
9064,518
9065,523
9066,528
9067,534
9068,508
9069,502
9070,496
9071,489
9072,484
9073,478
9074,472
9075,467
9076,462
9077,457
9078,452
9079,446
9080,472
9081,478
9082,485
9083,491
9084,497
9085,502
9086,507
9087,513
9088,520
9089,523
9090,529
9091,534
9092,507
9093,503
9094,496
9095,490
9096,484
9097,479
9098,473
9099,468
9100,463
9101,457
9102,452
9103,446
9104,473
9105,479
9106,485
9107,491
9108,497
9109,502
9110,508
9111,513
9112,518
9113,523
9114,528
9115,535
9116,509
9117,502
9118,496
9119,490
9120,484
9121,478
9122,473
9123,467
9124,462
9125,457
9126,452
9127,446
9128,472
9129,478
9130,484
9131,493
9132,496
9133,503
9134,508
9135,514
9136,518
9137,523
9138,528
9139,533
9140,507
9141,501
9142,495
9143,489
9144,483
9145,478
9146,473
9147,467
9148,462
9149,457
9150,452
9151,446
9152,473
9153,479
9154,485
9155,491
9156,496
9157,502
9158,507
9159,513
9160,518
9161,523
9162,528
9163,534
9164,509
9165,503
9166,496
9167,490
9168,484
9169,479
9170,473
9171,467
9172,462
9173,457
9174,450
9175,446
9176,470
9177,479
9178,484
9179,492
9180,496
9181,502
9182,507
9183,513
9184,518
9185,523
9186,528
9187,534
9188,507
9189,501
9190,495
9191,489
9192,483
9193,478
9194,472
9195,467
9196,463
9197,457
9198,452
9199,446
9200,472
9201,478
9202,484
9203,490
9204,496
9205,502
9206,507
9207,512
9208,518
9209,523
9210,528
9211,534
9212,509
9213,502
9214,496
9215,490
9216,482
9217,478
9218,472
9219,468
9220,461
9221,457
9222,452
9223,446
9224,471
9225,478
9226,485
9227,491
9228,497
9229,502
9230,508
9231,513
9232,518
9233,523
9234,528
9235,534
9236,507
9237,500
9238,495
9239,489
9240,483
9241,478
9242,473
9243,468
9244,462
9245,457
9246,452
9247,446
9248,472
9249,479
9250,485
9251,491
9252,496
9253,502
9254,507
9255,512
9256,518
9257,523
9258,528
9259,533
9260,507
9261,502
9262,495
9263,490
9264,483
9265,478
9266,473
9267,468
9268,462
9269,457
9270,452
9271,446
9272,473
9273,479
9274,485
9275,491
9276,496
9277,502
9278,508
9279,513
9280,518
9281,523
9282,528
9283,534
9284,510
9285,503
9286,496
9287,490
9288,484
9289,478
9290,472
9291,467
9292,462
9293,457
9294,452
9295,446
9296,472
9297,479
9298,485
9299,491
9300,496
9301,502
9302,509
9303,513
9304,519
9305,523
9306,529
9307,534
9308,507
9309,501
9310,495
9311,489
9312,483
9313,478
9314,472
9315,468
9316,463
9317,457
9318,452
9319,446
9320,473
9321,479
9322,485
9323,491
9324,497
9325,502
9326,508
9327,513
9328,518
9329,524
9330,528
9331,534
9332,509
9333,503
9334,496
9335,490
9336,484
9337,478
9338,473
9339,467
9340,462
9341,457
9342,452
9343,446
9344,472
9345,478
9346,486
9347,491
9348,498
9349,504
9350,508
9351,513
9352,518
9353,523
9354,528
9355,534
9356,507
9357,501
9358,495
9359,489
9360,483
9361,478
9362,472
9363,467
9364,462
9365,457
9366,452
9367,446
9368,472
9369,478
9370,484
9371,490
9372,496
9373,502
9374,507
9375,512
9376,518
9377,523
9378,528
9379,534
9380,508
9381,503
9382,496
9383,490
9384,484
9385,478
9386,473
9387,465
9388,462
9389,456
9390,452
9391,446
9392,469
9393,477
9394,484
9395,490
9396,496
9397,502
9398,508
9399,513
9400,518
9401,523
9402,528
9403,534
9404,507
9405,501
9406,495
9407,489
9408,483
9409,478
9410,472
9411,467
9412,462
9413,457
9414,452
9415,446
9416,472
9417,478
9418,485
9419,490
9420,496
9421,502
9422,507
9423,512
9424,518
9425,523
9426,528
9427,534
9428,509
9429,502
9430,494
9431,490
9432,483
9433,478
9434,473
9435,467
9436,462
9437,457
9438,452
9439,446
9440,473
9441,479
9442,485
9443,491
9444,497
9445,502
9446,508
9447,513
9448,518
9449,523
9450,528
9451,534
9452,509
9453,502
9454,496
9455,489
9456,484
9457,478
9458,473
9459,467
9460,462
9461,457
9462,452
9463,446
9464,472
9465,478
9466,485
9467,491
9468,496
9469,502
9470,507
9471,513
9472,520
9473,523
9474,530
9475,534
9476,510
9477,501
9478,496
9479,490
9480,484
9481,478
9482,473
9483,468
9484,463
9485,457
9486,452
9487,446
9488,473
9489,479
9490,486
9491,491
9492,497
9493,503
9494,508
9495,513
9496,518
9497,523
9498,528
9499,534
9500,508
9501,503
9502,496
9503,490
9504,484
9505,478
9506,473
9507,467
9508,462
9509,457
9510,452
9511,446
9512,472
9513,478
9514,485
9515,493
9516,497
9517,503
9518,508
9519,514
9520,519
9521,523
9522,528
9523,534
9524,507
9525,501
9526,495
9527,489
9528,483
9529,478
9530,472
9531,467
9532,462
9533,457
9534,452
9535,446
9536,473
9537,479
9538,485
9539,491
9540,497
9541,502
9542,507
9543,513
9544,518
9545,523
9546,528
9547,534
9548,508
9549,503
9550,496
9551,490
9552,484
9553,478
9554,473
9555,467
9556,462
9557,457
9558,450
9559,446
9560,470
9561,479
9562,484
9563,492
9564,497
9565,502
9566,508
9567,513
9568,518
9569,523
9570,528
9571,534
9572,507
9573,501
9574,495
9575,489
9576,483
9577,478
9578,473
9579,467
9580,462
9581,458
9582,452
9583,446
9584,472
9585,478
9586,484
9587,490
9588,496
9589,502
9590,507
9591,512
9592,518
9593,523
9594,528
9595,534
9596,509
9597,502
9598,496
9599,490
9600,482
9601,479
9602,472
9603,467
9604,461
9605,457
9606,452
9607,445
9608,471
9609,478
9610,485
9611,491
9612,496
9613,502
9614,508
9615,513
9616,518
9617,523
9618,528
9619,534
9620,507
9621,500
9622,494
9623,488
9624,481
9625,477
9626,472
9627,467
9628,462
9629,457
9630,452
9631,446
9632,472
9633,479
9634,485
9635,490
9636,496
9637,502
9638,507
9639,513
9640,518
9641,523
9642,528
9643,534
9644,507
9645,503
9646,495
9647,490
9648,483
9649,479
9650,473
9651,468
9652,463
9653,457
9654,452
9655,446
9656,473
9657,478
9658,485
9659,491
9660,497
9661,502
9662,508
9663,514
9664,518
9665,523
9666,528
9667,534
9668,509
9669,501
9670,496
9671,489
9672,484
9673,478
9674,473
9675,467
9676,462
9677,457
9678,452
9679,447
9680,472
9681,479
9682,485
9683,491
9684,496
9685,502
9686,508
9687,513
9688,519
9689,523
9690,529
9691,534
9692,507
9693,501
9694,495
9695,489
9696,483
9697,478
9698,473
9699,467
9700,462
9701,457
9702,452
9703,446
9704,473
9705,479
9706,485
9707,491
9708,496
9709,502
9710,507
9711,513
9712,518
9713,523
9714,528
9715,534
9716,509
9717,502
9718,496
9719,490
9720,484
9721,478
9722,473
9723,468
9724,462
9725,458
9726,452
9727,446
9728,472
9729,478
9730,486
9731,491
9732,497
9733,503
9734,508
9735,513
9736,518
9737,523
9738,528
9739,534
9740,507
9741,501
9742,495
9743,489
9744,483
9745,478
9746,473
9747,467
9748,463
9749,457
9750,452
9751,446
9752,472
9753,478
9754,484
9755,490
9756,496
9757,501
9758,507
9759,512
9760,518
9761,523
9762,528
9763,534
9764,508
9765,501
9766,495
9767,489
9768,482
9769,479
9770,472
9771,465
9772,462
9773,456
9774,452
9775,447
9776,470
9777,478
9778,484
9779,490
9780,496
9781,502
9782,508
9783,513
9784,518
9785,523
9786,528
9787,534
9788,507
9789,501
9790,495
9791,489
9792,483
9793,478
9794,472
9795,467
9796,462
9797,458
9798,452
9799,446
9800,472
9801,479
9802,484
9803,491
9804,496
9805,502
9806,507
9807,513
9808,518
9809,523
9810,528
9811,534
9812,508
9813,503
9814,493
9815,490
9816,483
9817,477
9818,473
9819,467
9820,462
9821,457
9822,452
9823,446
9824,473
9825,478
9826,485
9827,491
9828,497
9829,502
9830,508
9831,513
9832,518
9833,523
9834,528
9835,534
9836,508
9837,502
9838,495
9839,489
9840,484
9841,478
9842,473
9843,467
9844,462
9845,457
9846,452
9847,446
9848,472
9849,478
9850,484
9851,491
9852,496
9853,502
9854,507
9855,513
9856,520
9857,523
9858,529
9859,533
9860,507
9861,502
9862,496
9863,490
9864,484
9865,479
9866,473
9867,468
9868,462
9869,457
9870,452
9871,446
9872,473
9873,479
9874,485
9875,491
9876,497
9877,503
9878,508
9879,513
9880,518
9881,524
9882,529
9883,534
9884,509
9885,503
9886,496
9887,490
9888,484
9889,478
9890,472
9891,467
9892,463
9893,457
9894,452
9895,446
9896,472
9897,478
9898,485
9899,493
9900,496
9901,503
9902,507
9903,514
9904,518
9905,523
9906,528
9907,534
9908,507
9909,501
9910,495
9911,489
9912,483
9913,478
9914,471
9915,467
9916,462
9917,457
9918,452
9919,446
9920,473
9921,479
9922,485
9923,491
9924,496
9925,502
9926,507
9927,513
9928,518
9929,523
9930,528
9931,534
9932,509
9933,503
9934,496
9935,490
9936,484
9937,478
9938,473
9939,467
9940,462
9941,457
9942,450
9943,448
9944,471
9945,480
9946,485
9947,493
9948,497
9949,502
9950,508
9951,513
9952,518
9953,523
9954,528
9955,534
9956,507
9957,501
9958,495
9959,489
9960,483
9961,478
9962,472
9963,468
9964,463
9965,458
9966,452
9967,446
9968,472
9969,478
9970,484
9971,490
9972,496
9973,501
9974,507
9975,512
9976,518
9977,523
9978,528
9979,534
9980,509
9981,502
9982,496
9983,490
9984,482
9985,478
9986,472
9987,467
9988,461
9989,457
9990,452
9991,445
9992,473
9993,479
9994,485
9995,491
9996,497
9997,502
9998,508
9999,513
10000,518
