1,329
2,314
3,469
4,586
5,676
6,518
7,397
8,308
9,413
10,543
11,644
12,592
13,455
14,351
15,344
16,492
17,604
18,690
19,516
20,398
21,308
22,431
23,557
24,655
25,584
26,450
27,348
28,359
29,503
30,613
31,668
32,508
33,392
34,304
35,442
36,566
37,662
38,573
39,442
40,341
41,371
42,512
43,621
44,653
45,499
46,384
47,298
48,452
49,573
50,667
51,563
52,434
53,335
54,383
55,521
56,627
57,639
58,489
59,377
60,292
61,462
62,581
63,673
64,552
65,426
66,329
67,394
68,529
69,633
70,625
71,480
72,370
73,284
74,471
75,588
76,679
77,542
78,418
79,324
80,406
81,539
82,640
83,614
84,472
85,364
86,326
87,482
88,596
89,685
90,532
91,409
92,317
93,417
94,546
95,646
96,602
97,463
98,357
99,341
100,491
101,604
102,690
103,522
104,402
105,312
106,427
107,555
108,653
109,591
110,454
111,351
112,354
113,500
114,611
115,696
116,512
117,394
118,306
119,437
120,562
121,659
122,580
123,446
124,345
125,365
126,509
127,618
128,660
129,503
130,388
131,301
132,448
133,570
134,665
135,567
136,436
137,337
138,377
139,517
140,624
141,645
142,493
143,380
144,295
145,457
146,578
147,671
148,557
149,428
150,331
151,389
152,526
153,631
154,632
155,483
156,372
157,287
158,468
159,586
160,677
161,548
162,421
163,326
164,401
165,535
166,638
167,621
168,475
169,367
170,320
171,477
172,592
173,682
174,535
175,413
176,319
177,411
178,543
179,644
180,607
181,466
182,359
183,334
184,486
185,600
186,688
187,525
188,404
189,313
190,421
191,551
192,650
193,595
194,457
195,353
196,347
197,495
198,607
199,693
200,517
201,399
202,309
203,433
204,560
205,657
206,584
207,449
208,346
209,361
210,505
211,615
212,664
213,507
214,390
215,303
216,443
217,567
218,662
219,575
220,442
221,341
222,373
223,514
224,622
225,653
226,498
227,384
228,298
229,454
230,576
231,669
232,563
233,433
234,335
235,385
236,523
237,629
238,639
239,488
240,377
241,292
242,463
243,582
244,674
245,553
246,425
247,329
248,396
249,531
250,635
251,625
252,478
253,369
254,315
255,473
256,590
257,680
258,541
259,417
260,323
261,406
262,539
263,641
264,612
265,470
266,363
267,327
268,482
269,597
270,685
271,530
272,408
273,316
274,416
275,546
276,647
277,600
278,461
279,356
280,341
281,491
282,604
283,691
284,521
285,402
286,311
287,429
288,556
289,654
290,590
291,453
292,350
293,356
294,501
295,612
296,696
297,510
298,393
299,305
300,439
301,563
302,660
303,578
304,445
305,344
306,368
307,510
308,619
309,659
310,502
311,387
312,301
313,450
314,572
315,666
316,568
317,437
318,338
319,380
320,519
321,625
322,645
323,493
324,380
325,294
326,459
327,579
328,672
329,557
330,428
331,331
332,391
333,528
334,632
335,632
336,483
337,372
338,286
339,468
340,586
341,677
342,546
343,419
344,326
345,401
346,535
347,639
348,619
349,475
350,366
351,323
352,479
353,594
354,684
355,536
356,412
357,319
358,413
359,544
360,645
361,607
362,466
363,359
364,336
365,488
366,601
367,689
368,525
369,404
370,313
371,424
372,552
373,651
374,595
375,457
376,353
377,349
378,496
379,608
380,694
381,514
382,397
383,307
384,436
385,560
386,657
387,583
388,447
389,346
390,362
391,506
392,615
393,666
394,506
395,390
396,303
397,445
398,568
399,664
400,573
401,441
402,340
403,374
404,515
405,622
406,651
407,496
408,383
409,297
410,455
411,576
412,670
413,561
414,432
415,334
416,386
417,524
418,629
419,637
420,487
421,376
422,289
423,464
424,582
425,675
426,550
427,423
428,328
429,397
430,533
431,635
432,625
433,479
434,369
435,315
436,475
437,591
438,681
439,540
440,416
441,322
442,407
443,540
444,641
445,612
446,469
447,362
448,330
449,484
450,598
451,686
452,530
453,408
454,316
455,419
456,549
457,648
458,600
459,461
460,356
461,344
462,493
463,606
464,692
465,519
466,400
467,310
468,427
469,555
470,654
471,587
472,451
473,348
474,356
475,501
476,611
477,696
478,510
479,393
480,305
481,440
482,564
483,660
484,577
485,443
486,343
487,369
488,511
489,620
490,657
491,500
492,386
493,299
494,451
495,573
496,667
497,566
498,436
499,337
500,381
501,520
502,626
503,643
504,491
505,379
506,294
507,459
508,579
509,672
510,555
511,427
512,331
513,393
514,528
515,633
516,629
517,483
518,372
519,287
520,469
521,587
522,678
523,544
524,418
525,324
526,402
527,536
528,638
529,616
530,472
531,365
532,322
533,479
534,594
535,683
536,533
537,410
538,318
539,413
540,544
541,645
542,604
543,464
544,358
545,337
546,488
547,602
548,689
549,524
550,404
551,312
552,424
553,553
554,651
555,592
556,456
557,351
558,351
559,497
560,609
561,694
562,514
563,396
564,307
565,435
566,560
567,657
568,581
569,446
570,345
571,362
572,506
573,615
574,662
575,504
576,388
577,301
578,445
579,568
580,664
581,571
582,438
583,339
584,374
585,515
586,622
587,647
588,494
589,381
590,295
591,455
592,576
593,669
594,560
595,430
596,333
597,386
598,525
599,629
600,636
601,486
602,375
603,288
604,466
605,584
606,676
607,549
608,423
609,327
610,399
611,533
612,636
613,624
614,478
615,369
616,317
617,476
618,592
619,681
620,539
621,415
622,321
623,408
624,540
625,642
626,610
627,468
628,362
629,332
630,485
631,599
632,687
633,529
634,408
635,316
636,421
637,550
638,650
639,599
640,458
641,355
642,346
643,493
644,605
645,692
646,519
647,400
648,310
649,431
650,558
651,655
652,587
653,451
654,348
655,358
656,503
657,613
658,668
659,509
660,393
661,304
662,442
663,566
664,662
665,576
666,443
667,342
668,371
669,512
670,620
671,656
672,499
673,385
674,299
675,452
676,573
677,668
678,565
679,435
680,336
681,382
682,521
683,627
684,640
685,490
686,377
687,293
688,461
689,580
690,673
691,555
692,427
693,331
694,394
695,530
696,634
697,630
698,482
699,372
700,286
701,471
702,588
703,679
704,542
705,417
706,323
707,403
708,537
709,639
710,615
711,472
712,364
713,324
714,480
715,595
716,684
717,533
718,411
719,318
720,415
721,545
722,646
723,603
724,463
725,357
726,341
727,489
728,603
729,690
730,523
731,403
732,312
733,425
734,553
735,652
736,591
737,454
738,350
739,351
740,498
741,609
742,694
743,514
744,396
745,307
746,437
747,562
748,659
749,583
750,448
751,347
752,366
753,509
754,618
755,663
756,504
757,389
758,301
759,447
760,570
761,665
762,570
763,438
764,339
765,377
766,517
767,624
768,645
769,493
770,381
771,295
772,457
773,577
774,670
775,558
776,429
777,332
778,387
779,525
780,630
781,633
782,485
783,374
784,288
785,467
786,585
787,676
788,548
789,422
790,326
791,399
792,533
793,636
794,622
795,476
796,368
797,320
798,477
799,592
800,682
801,538
802,414
803,321
804,411
805,543
806,643
807,610
808,467
809,361
810,334
811,486
812,599
813,688
814,527
815,407
816,314
817,421
818,550
819,649
820,596
821,458
822,353
823,345
824,494
825,606
826,692
827,518
828,399
829,310
830,433
831,560
832,656
833,587
834,451
835,348
836,360
837,504
838,614
839,666
840,507
841,391
842,303
843,442
844,566
845,662
846,574
847,441
848,341
849,371
850,512
851,620
852,652
853,497
854,385
855,297
856,453
857,574
858,668
859,563
860,433
861,335
862,383
863,521
864,627
865,639
866,489
867,377
868,292
869,463
870,582
871,674
872,553
873,426
874,329
875,395
876,530
877,635
878,628
879,481
880,371
881,285
882,471
883,588
884,680
885,541
886,417
887,322
888,404
889,538
890,640
891,613
892,471
893,364
894,325
895,480
896,596
897,684
898,532
899,409
900,318
901,416
902,546
903,646
904,601
905,462
906,356
907,339
908,490
909,603
910,690
911,522
912,403
913,312
914,428
915,555
916,653
917,591
918,455
919,351
920,354
921,500
922,611
923,696
924,511
925,394
926,305
927,437
928,562
929,659
930,580
931,446
932,345
933,366
934,509
935,618
936,659
937,502
938,387
939,300
940,448
941,570
942,665
943,568
944,438
945,339
946,379
947,518
948,625
949,647
950,494
951,381
952,295
953,459
954,578
955,672
956,558
957,429
958,332
959,390
960,526
961,630
962,632
963,483
964,373
965,288
966,469
967,586
968,677
969,547
970,421
971,326
972,401
973,535
974,638
975,620
976,475
977,367
978,321
979,478
980,593
981,683
982,535
983,414
984,320
985,412
986,543
987,644
988,608
989,466
990,360
991,335
992,487
993,601
994,688
995,527
996,406
997,314
998,422
999,551
1000,650
1001,596
1002,456
1003,353
1004,346
1005,496
1006,607
1007,693
1008,516
1009,399
1010,308
1011,433
1012,559
1013,657
1014,585
1015,448
1016,347
1017,360
1018,505
1019,615
1020,666
1021,506
1022,390
1023,302
1024,444
1025,567
1026,663
1027,574
1028,442
1029,341
1030,372
1031,515
1032,622
1033,653
1034,498
1035,384
1036,297
1037,454
1038,574
1039,669
1040,563
1041,433
1042,335
1043,384
1044,523
1045,628
1046,639
1047,487
1048,377
1049,290
1050,463
1051,583
1052,674
1053,552
1054,424
1055,328
1056,394
1057,531
1058,634
1059,626
1060,479
1061,370
1062,314
1063,473
1064,590
1065,680
1066,542
1067,416
1068,322
1069,406
1070,539
1071,641
1072,612
1073,470
1074,362
1075,327
1076,483
1077,597
1078,686
1079,531
1080,408
1081,317
1082,417
1083,548
1084,648
1085,600
1086,462
1087,355
1088,341
1089,492
1090,604
1091,691
1092,522
1093,401
1094,311
1095,428
1096,556
1097,653
1098,590
1099,452
1100,350
1101,353
1102,501
1103,610
1104,696
1105,511
1106,393
1107,305
1108,438
1109,564
1110,661
1111,578
1112,445
1113,344
1114,368
1115,511
1116,619
1117,659
1118,501
1119,386
1120,299
1121,449
1122,571
1123,666
1124,567
1125,436
1126,337
1127,378
1128,519
1129,625
1130,645
1131,492
1132,379
1133,295
1134,459
1135,579
1136,672
1137,557
1138,427
1139,331
1140,390
1141,527
1142,631
1143,632
1144,483
1145,373
1146,287
1147,469
1148,587
1149,678
1150,547
1151,420
1152,325
1153,401
1154,535
1155,638
1156,618
1157,473
1158,365
1159,321
1160,479
1161,593
1162,683
1163,536
1164,412
1165,320
1166,413
1167,544
1168,645
1169,606
1170,466
1171,358
1172,335
1173,488
1174,601
1175,689
1176,526
1177,404
1178,314
1179,424
1180,553
1181,651
1182,595
1183,456
1184,353
1185,349
1186,497
1187,608
1188,694
1189,516
1190,397
1191,308
1192,433
1193,561
1194,658
1195,584
1196,449
1197,347
1198,363
1199,507
1200,615
1201,666
1202,505
1203,390
1204,302
1205,443
1206,568
1207,662
1208,572
1209,439
1210,339
1211,373
1212,515
1213,622
1214,651
1215,496
1216,383
1217,297
1218,454
1219,576
1220,669
1221,561
1222,431
1223,334
1224,385
1225,524
1226,628
1227,638
1228,487
1229,376
1230,290
1231,465
1232,584
1233,674
1234,551
1235,423
1236,328
1237,396
1238,531
1239,635
1240,623
1241,477
1242,368
1243,317
1244,474
1245,591
1246,681
1247,541
1248,415
1249,323
1250,408
1251,541
1252,642
1253,612
1254,468
1255,361
1256,329
1257,484
1258,597
1259,686
1260,530
1261,408
1262,317
1263,418
1264,549
1265,649
1266,601
1267,461
1268,356
1269,343
1270,494
1271,606
1272,692
1273,519
1274,400
1275,310
1276,429
1277,557
1278,655
1279,589
1280,451
1281,349
1282,356
1283,501
1284,612
1285,696
1286,509
1287,393
1288,304
1289,440
1290,564
1291,660
1292,576
1293,444
1294,343
1295,368
1296,511
1297,619
1298,658
1299,500
1300,387
1301,299
1302,451
1303,572
1304,667
1305,565
1306,436
1307,336
1308,379
1309,519
1310,625
1311,643
1312,490
1313,379
1314,293
1315,459
1316,580
1317,672
1318,555
1319,426
1320,331
1321,391
1322,528
1323,633
1324,631
1325,483
1326,372
1327,286
1328,470
1329,588
1330,678
1331,545
1332,419
1333,325
1334,402
1335,537
1336,639
1337,618
1338,472
1339,365
1340,322
1341,480
1342,594
1343,684
1344,535
1345,411
1346,319
1347,414
1348,546
1349,645
1350,606
1351,464
1352,359
1353,337
1354,489
1355,601
1356,690
1357,524
1358,403
1359,313
1360,423
1361,552
1362,650
1363,593
1364,455
1365,352
1366,352
1367,498
1368,609
1369,694
1370,513
1371,396
1372,306
1373,434
1374,561
1375,657
1376,582
1377,447
1378,346
1379,363
1380,507
1381,616
1382,664
1383,504
1384,390
1385,301
1386,445
1387,569
1388,664
1389,571
1390,438
1391,339
1392,374
1393,516
1394,623
1395,649
1396,495
1397,382
1398,296
1399,455
1400,577
1401,670
1402,560
1403,430
1404,332
1405,386
1406,524
1407,630
1408,634
1409,486
1410,375
1411,289
1412,465
1413,584
1414,675
1415,550
1416,422
1417,328
1418,398
1419,533
1420,636
1421,623
1422,476
1423,367
1424,317
1425,476
1426,591
1427,681
1428,539
1429,414
1430,322
1431,409
1432,542
1433,643
1434,611
1435,468
1436,361
1437,330
1438,485
1439,599
1440,687
1441,528
1442,407
1443,315
1444,419
1445,549
1446,648
1447,599
1448,459
1449,355
1450,344
1451,494
1452,606
1453,692
1454,518
1455,400
1456,310
1457,430
1458,557
1459,655
1460,589
1461,452
1462,350
1463,358
1464,504
1465,613
1466,668
1467,510
1468,392
1469,304
1470,441
1471,566
1472,662
1473,576
1474,443
1475,342
1476,369
1477,512
1478,620
1479,656
1480,499
1481,386
1482,298
1483,451
1484,573
1485,667
1486,565
1487,433
1488,335
1489,381
1490,521
1491,627
1492,642
1493,490
1494,377
1495,292
1496,461
1497,581
1498,673
1499,553
1500,426
1501,330
1502,393
1503,529
1504,633
1505,629
1506,480
1507,371
1508,286
1509,472
1510,589
1511,679
1512,544
1513,418
1514,324
1515,403
1516,538
1517,640
1518,616
1519,471
1520,364
1521,323
1522,480
1523,595
1524,685
1525,533
1526,410
1527,318
1528,415
1529,546
1530,646
1531,604
1532,463
1533,357
1534,338
1535,490
1536,603
1537,690
1538,523
1539,403
1540,313
1541,426
1542,554
1543,653
1544,593
1545,455
1546,352
1547,352
1548,499
1549,609
1550,695
1551,513
1552,395
1553,306
1554,436
1555,562
1556,659
1557,581
1558,446
1559,344
1560,364
1561,508
1562,617
1563,663
1564,503
1565,389
1566,301
1567,447
1568,570
1569,664
1570,570
1571,437
1572,338
1573,376
1574,517
1575,624
1576,648
1577,494
1578,381
1579,296
1580,457
1581,578
1582,670
1583,558
1584,431
1585,332
1586,387
1587,526
1588,631
1589,635
1590,485
1591,374
1592,288
1593,467
1594,586
1595,677
1596,549
1597,422
1598,327
1599,399
1600,534
1601,636
1602,622
1603,475
1604,367
1605,317
1606,476
1607,591
1608,682
1609,537
1610,414
1611,320
1612,411
1613,542
1614,644
1615,608
1616,468
1617,361
1618,333
1619,484
1620,599
1621,687
1622,525
1623,405
1624,314
1625,420
1626,549
1627,649
1628,598
1629,458
1630,354
1631,345
1632,495
1633,606
1634,692
1635,518
1636,398
1637,308
1638,431
1639,558
1640,656
1641,586
1642,449
1643,348
1644,359
1645,504
1646,614
1647,666
1648,509
1649,391
1650,304
1651,442
1652,567
1653,662
1654,575
1655,441
1656,341
1657,370
1658,513
1659,620
1660,654
1661,498
1662,385
1663,298
1664,453
1665,574
1666,668
1667,565
1668,434
1669,335
1670,382
1671,522
1672,627
1673,640
1674,488
1675,378
1676,292
1677,462
1678,582
1679,674
1680,553
1681,425
1682,329
1683,392
1684,529
1685,632
1686,626
1687,478
1688,370
1689,311
1690,471
1691,589
1692,679
1693,543
1694,417
1695,324
1696,405
1697,539
1698,640
1699,615
1700,471
1701,364
1702,326
1703,482
1704,596
1705,685
1706,532
1707,409
1708,317
1709,416
1710,546
1711,646
1712,602
1713,462
1714,357
1715,340
1716,492
1717,603
1718,691
1719,521
1720,401
1721,312
1722,426
1723,554
1724,653
1725,592
1726,453
1727,350
1728,353
1729,500
1730,611
1731,696
1732,513
1733,395
1734,306
1735,437
1736,563
1737,659
1738,580
1739,444
1740,343
1741,365
1742,509
1743,618
1744,661
1745,502
1746,388
1747,301
1748,447
1749,571
1750,665
1751,568
1752,437
1753,338
1754,378
1755,517
1756,624
1757,646
1758,493
1759,380
1760,294
1761,457
1762,578
1763,671
1764,559
1765,430
1766,333
1767,389
1768,527
1769,631
1770,633
1771,483
1772,373
1773,288
1774,468
1775,586
1776,677
1777,548
1778,421
1779,327
1780,400
1781,535
1782,638
1783,621
1784,475
1785,366
1786,319
1787,478
1788,593
1789,683
1790,537
1791,412
1792,320
1793,411
1794,543
1795,643
1796,607
1797,466
1798,360
1799,334
1800,487
1801,600
1802,688
1803,527
1804,405
1805,314
1806,421
1807,551
1808,650
1809,595
1810,457
1811,354
1812,347
1813,496
1814,607
1815,693
1816,516
1817,399
1818,308
1819,432
1820,559
1821,657
1822,585
1823,449
1824,346
1825,359
1826,505
1827,613
1828,664
1829,507
1830,391
1831,303
1832,443
1833,568
1834,663
1835,573
1836,441
1837,341
1838,373
1839,513
1840,620
1841,652
1842,496
1843,384
1844,297
1845,453
1846,575
1847,669
1848,565
1849,434
1850,335
1851,385
1852,524
1853,629
1854,639
1855,488
1856,376
1857,290
1858,464
1859,582
1860,675
1861,552
1862,424
1863,329
1864,395
1865,532
1866,635
1867,626
1868,479
1869,369
1870,311
1871,473
1872,590
1873,680
1874,541
1875,416
1876,322
1877,406
1878,539
1879,641
1880,612
1881,471
1882,364
1883,329
1884,482
1885,597
1886,686
1887,531
1888,408
1889,317
1890,417
1891,548
1892,648
1893,602
1894,461
1895,356
1896,342
1897,492
1898,605
1899,692
1900,521
1901,401
1902,311
1903,428
1904,557
1905,654
1906,591
1907,453
1908,350
1909,354
1910,502
1911,612
1912,697
1913,511
1914,394
1915,305
1916,438
1917,564
1918,660
1919,578
1920,444
1921,343
1922,366
1923,509
1924,618
1925,657
1926,501
1927,387
1928,300
1929,448
1930,571
1931,665
1932,567
1933,436
1934,338
1935,378
1936,519
1937,625
1938,645
1939,491
1940,380
1941,294
1942,459
1943,579
1944,672
1945,557
1946,428
1947,332
1948,390
1949,528
1950,632
1951,632
1952,482
1953,373
1954,286
1955,468
1956,587
1957,678
1958,546
1959,420
1960,325
1961,402
1962,536
1963,639
1964,620
1965,475
1966,367
1967,323
1968,479
1969,593
1970,683
1971,536
1972,411
1973,319
1974,412
1975,544
1976,645
1977,607
1978,465
1979,359
1980,336
1981,489
1982,602
1983,689
1984,526
1985,404
1986,313
1987,422
1988,552
1989,651
1990,594
1991,456
1992,352
1993,348
1994,497
1995,608
1996,694
1997,515
1998,397
1999,308
2000,434
2001,560
2002,656
2003,584
2004,447
2005,346
2006,363
2007,506
2008,614
2009,664
2010,505
2011,390
2012,302
2013,444
2014,568
2015,664
2016,573
2017,440
2018,340
2019,373
2020,514
2021,622
2022,651
2023,496
2024,382
2025,296
2026,454
2027,576
2028,669
2029,561
2030,431
2031,334
2032,384
2033,523
2034,629
2035,637
2036,486
2037,375
2038,289
2039,464
2040,583
2041,675
2042,551
2043,423
2044,328
2045,395
2046,531
2047,635
2048,623
2049,477
2050,368
2051,317
2052,475
2053,591
2054,681
2055,540
2056,415
2057,322
2058,407
2059,540
2060,641
2061,612
2062,469
2063,362
2064,329
2065,484
2066,597
2067,687
2068,530
2069,407
2070,316
2071,418
2072,549
2073,648
2074,600
2075,460
2076,355
2077,343
2078,493
2079,605
2080,692
2081,520
2082,400
2083,311
2084,429
2085,557
2086,654
2087,589
2088,451
2089,349
2090,355
2091,502
2092,612
2093,672
2094,510
2095,393
2096,305
2097,441
2098,564
2099,661
2100,578
2101,443
2102,343
2103,368
2104,511
2105,619
2106,657
2107,500
2108,386
2109,299
2110,450
2111,573
2112,667
2113,567
2114,435
2115,338
2116,380
2117,520
2118,626
2119,644
2120,490
2121,379
2122,293
2123,460
2124,580
2125,672
2126,556
2127,427
2128,331
2129,391
2130,529
2131,633
2132,631
2133,482
2134,371
2135,286
2136,470
2137,588
2138,677
2139,544
2140,418
2141,324
2142,402
2143,537
2144,639
2145,618
2146,472
2147,365
2148,322
2149,480
2150,594
2151,684
2152,534
2153,411
2154,318
2155,413
2156,545
2157,645
2158,606
2159,464
2160,358
2161,337
2162,489
2163,601
2164,690
2165,525
2166,404
2167,313
2168,423
2169,552
2170,651
2171,593
2172,454
2173,351
2174,349
2175,498
2176,609
2177,694
2178,514
2179,396
2180,307
2181,435
2182,561
2183,658
2184,582
2185,447
2186,345
2187,362
2188,507
2189,615
2190,664
2191,504
2192,388
2193,302
2194,446
2195,569
2196,664
2197,572
2198,438
2199,339
2200,375
2201,516
2202,623
2203,649
2204,494
2205,382
2206,295
2207,455
2208,576
2209,669
2210,561
2211,430
2212,333
2213,386
2214,525
2215,630
2216,636
2217,486
2218,376
2219,289
2220,466
2221,584
2222,675
2223,549
2224,423
2225,327
2226,397
2227,533
2228,636
2229,623
2230,477
2231,368
2232,317
2233,476
2234,592
2235,681
2236,540
2237,414
2238,320
2239,407
2240,541
2241,641
2242,611
2243,467
2244,362
2245,330
2246,485
2247,598
2248,687
2249,528
2250,408
2251,315
2252,419
2253,549
2254,649
2255,599
2256,459
2257,355
2258,344
2259,494
2260,605
2261,692
2262,517
2263,399
2264,310
2265,430
2266,557
2267,654
2268,587
2269,450
2270,348
2271,356
2272,503
2273,612
2274,668
2275,510
2276,393
2277,304
2278,441
2279,566
2280,662
2281,576
2282,442
2283,343
2284,369
2285,512
2286,620
2287,656
2288,498
2289,385
2290,298
2291,450
2292,573
2293,667
2294,565
2295,434
2296,336
2297,381
2298,521
2299,627
2300,642
2301,490
2302,378
2303,292
2304,462
2305,581
2306,673
2307,553
2308,427
2309,330
2310,392
2311,529
2312,633
2313,629
2314,480
2315,371
2316,285
2317,471
2318,588
2319,679
2320,543
2321,417
2322,324
2323,403
2324,537
2325,640
2326,616
2327,472
2328,364
2329,324
2330,481
2331,595
2332,685
2333,534
2334,410
2335,318
2336,415
2337,546
2338,646
2339,604
2340,463
2341,358
2342,337
2343,489
2344,602
2345,690
2346,522
2347,402
2348,312
2349,426
2350,553
2351,651
2352,591
2353,454
2354,350
2355,351
2356,499
2357,610
2358,695
2359,512
2360,395
2361,306
2362,436
2363,562
2364,659
2365,581
2366,446
2367,345
2368,364
2369,508
2370,617
2371,663
2372,503
2373,388
2374,301
2375,446
2376,570
2377,665
2378,570
2379,438
2380,339
2381,376
2382,518
2383,624
2384,648
2385,493
2386,380
2387,295
2388,457
2389,577
2390,670
2391,558
2392,431
2393,333
2394,389
2395,525
2396,631
2397,634
2398,484
2399,374
2400,288
2401,466
2402,585
2403,676
2404,549
2405,421
2406,326
2407,398
2408,534
2409,636
2410,622
2411,476
2412,367
2413,320
2414,476
2415,593
2416,682
2417,538
2418,414
2419,321
2420,409
2421,542
2422,644
2423,609
2424,467
2425,361
2426,332
2427,486
2428,600
2429,688
2430,528
2431,406
2432,315
2433,421
2434,550
2435,649
2436,596
2437,458
2438,353
2439,345
2440,495
2441,606
2442,693
2443,518
2444,399
2445,309
2446,431
2447,558
2448,656
2449,586
2450,449
2451,348
2452,358
2453,504
2454,614
2455,668
2456,507
2457,391
2458,303
2459,441
2460,567
2461,663
2462,575
2463,441
2464,341
2465,371
2466,513
2467,621
2468,654
2469,497
2470,384
2471,298
2472,451
2473,574
2474,668
2475,563
2476,434
2477,336
2478,384
2479,521
2480,627
2481,640
2482,489
2483,378
2484,292
2485,463
2486,582
2487,674
2488,553
2489,425
2490,329
2491,394
2492,530
2493,634
2494,628
2495,480
2496,370
2497,312
2498,473
2499,589
2500,680
2501,542
2502,417
2503,323
2504,404
2505,539
2506,641
2507,615
2508,470
2509,363
2510,326
2511,482
2512,597
2513,685
2514,533
2515,410
2516,317
2517,416
2518,546
2519,646
2520,601
2521,463
2522,357
2523,341
2524,491
2525,604
2526,691
2527,522
2528,402
2529,312
2530,427
2531,556
2532,654
2533,592
2534,455
2535,351
2536,353
2537,501
2538,611
2539,696
2540,512
2541,394
2542,306
2543,437
2544,563
2545,659
2546,580
2547,445
2548,344
2549,364
2550,509
2551,617
2552,660
2553,501
2554,386
2555,299
2556,447
2557,570
2558,665
2559,569
2560,437
2561,338
2562,377
2563,517
2564,624
2565,645
2566,493
2567,381
2568,295
2569,458
2570,578
2571,671
2572,558
2573,428
2574,332
2575,388
2576,527
2577,631
2578,633
2579,484
2580,374
2581,288
2582,467
2583,586
2584,676
2585,547
2586,420
2587,326
2588,399
2589,534
2590,636
2591,620
2592,474
2593,367
2594,319
2595,478
2596,593
2597,683
2598,537
2599,413
2600,321
2601,411
2602,544
2603,645
2604,608
2605,467
2606,360
2607,335
2608,487
2609,600
2610,688
2611,527
2612,405
2613,315
2614,422
2615,552
2616,651
2617,597
2618,457
2619,353
2620,347
2621,496
2622,607
2623,694
2624,516
2625,398
2626,308
2627,432
2628,560
2629,656
2630,586
2631,450
2632,348
2633,360
2634,506
2635,614
2636,664
2637,507
2638,390
2639,302
2640,443
2641,567
2642,662
2643,574
2644,441
2645,341
2646,375
2647,515
2648,622
2649,653
2650,498
2651,384
2652,297
2653,452
2654,575
2655,668
2656,564
2657,433
2658,336
2659,384
2660,523
2661,629
2662,639
2663,488
2664,377
2665,290
2666,463
2667,583
2668,674
2669,552
2670,424
2671,328
2672,395
2673,531
2674,635
2675,626
2676,478
2677,369
2678,312
2679,474
2680,590
2681,680
2682,542
2683,416
2684,323
2685,406
2686,540
2687,641
2688,612
2689,469
2690,362
2691,327
2692,482
2693,597
2694,686
2695,531
2696,408
2697,318
2698,417
2699,548
2700,648
2701,602
2702,461
2703,356
2704,341
2705,492
2706,604
2707,691
2708,520
2709,402
2710,310
2711,428
2712,556
2713,654
2714,591
2715,453
2716,350
2717,355
2718,502
2719,612
2720,697
2721,511
2722,394
2723,305
2724,438
2725,564
2726,659
2727,579
2728,444
2729,344
2730,367
2731,511
2732,618
2733,658
2734,501
2735,386
2736,300
2737,448
2738,572
2739,666
2740,568
2741,435
2742,337
2743,378
2744,519
2745,625
2746,645
2747,492
2748,379
2749,294
2750,460
2751,579
2752,672
2753,557
2754,427
2755,331
2756,389
2757,527
2758,631
2759,631
2760,482
2761,373
2762,287
2763,468
2764,587
2765,678
2766,546
2767,420
2768,325
2769,401
2770,536
2771,639
2772,619
2773,473
2774,366
2775,322
2776,479
2777,593
2778,683
2779,535
2780,412
2781,319
2782,412
2783,544
2784,645
2785,607
2786,464
2787,358
2788,335
2789,488
2790,601
2791,689
2792,526
2793,404
2794,313
2795,422
2796,552
2797,651
2798,595
2799,456
2800,352
2801,348
2802,497
2803,608
2804,694
2805,514
2806,396
2807,307
2808,433
2809,560
2810,657
2811,584
2812,448
2813,347
2814,362
2815,507
2816,616
2817,666
2818,506
2819,390
2820,302
2821,445
2822,568
2823,663
2824,572
2825,439
2826,340
2827,373
2828,515
2829,622
2830,651
2831,497
2832,383
2833,297
2834,454
2835,576
2836,669
2837,561
2838,431
2839,333
2840,384
2841,523
2842,628
2843,637
2844,487
2845,376
2846,290
2847,465
2848,584
2849,675
2850,551
2851,424
2852,328
2853,395
2854,531
2855,635
2856,624
2857,477
2858,368
2859,317
2860,472
2861,589
2862,680
2863,539
2864,416
2865,321
2866,407
2867,541
2868,642
2869,612
2870,468
2871,361
2872,329
2873,484
2874,598
2875,687
2876,530
2877,408
2878,316
2879,418
2880,549
2881,648
2882,600
2883,460
2884,356
2885,343
2886,493
2887,605
2888,692
2889,520
2890,400
2891,311
2892,430
2893,556
2894,655
2895,589
2896,451
2897,350
2898,356
2899,502
2900,612
2901,671
2902,510
2903,393
2904,304
2905,440
2906,564
2907,660
2908,577
2909,443
2910,343
2911,368
2912,512
2913,620
2914,657
2915,500
2916,386
2917,299
2918,450
2919,573
2920,667
2921,566
2922,435
2923,336
2924,379
2925,520
2926,626
2927,643
2928,491
2929,380
2930,294
2931,461
2932,580
2933,673
2934,556
2935,426
2936,330
2937,391
2938,528
2939,633
2940,630
2941,481
2942,371
2943,286
2944,470
2945,587
2946,678
2947,544
2948,420
2949,325
2950,402
2951,537
2952,639
2953,617
2954,472
2955,364
2956,322
2957,480
2958,595
2959,684
2960,535
2961,411
2962,319
2963,413
2964,545
2965,645
2966,605
2967,464
2968,358
2969,337
2970,489
2971,602
2972,689
2973,524
2974,403
2975,312
2976,424
2977,553
2978,652
2979,594
2980,455
2981,352
2982,350
2983,498
2984,609
2985,694
2986,513
2987,396
2988,307
2989,435
2990,560
2991,657
2992,582
2993,447
2994,346
2995,363
2996,508
2997,617
2998,665
2999,504
3000,389
3001,301
3002,445
3003,569
3004,664
3005,571
3006,438
3007,339
3008,374
3009,516
3010,623
3011,649
3012,495
3013,382
3014,296
3015,455
3016,577
3017,670
3018,560
3019,430
3020,333
3021,386
3022,524
3023,629
3024,636
3025,485
3026,375
3027,288
3028,466
3029,584
3030,675
3031,549
3032,423
3033,328
3034,397
3035,531
3036,635
3037,622
3038,476
3039,367
3040,316
3041,475
3042,591
3043,681
3044,539
3045,415
3046,321
3047,409
3048,542
3049,643
3050,611
3051,468
3052,361
3053,330
3054,485
3055,599
3056,687
3057,529
3058,406
3059,315
3060,419
3061,549
3062,649
3063,599
3064,459
3065,354
3066,343
3067,493
3068,606
3069,691
3070,517
3071,398
3072,309
3073,429
3074,556
3075,654
3076,586
3077,450
3078,348
3079,357
3080,503
3081,613
3082,668
3083,510
3084,392
3085,304
3086,441
3087,566
3088,661
3089,576
3090,442
3091,341
3092,369
3093,512
3094,620
3095,656
3096,499
3097,385
3098,298
3099,451
3100,573
3101,667
3102,565
3103,433
3104,335
3105,381
3106,521
3107,627
3108,642
3109,490
3110,378
3111,292
3112,462
3113,581
3114,674
3115,552
3116,426
3117,331
3118,394
3119,529
3120,633
3121,629
3122,480
3123,371
3124,285
3125,471
3126,588
3127,679
3128,544
3129,419
3130,324
3131,404
3132,538
3133,640
3134,616
3135,472
3136,364
3137,324
3138,481
3139,595
3140,685
3141,533
3142,410
3143,318
3144,414
3145,546
3146,646
3147,604
3148,463
3149,358
3150,339
3151,490
3152,603
3153,690
3154,522
3155,402
3156,312
3157,425
3158,553
3159,652
3160,591
3161,455
3162,353
3163,353
3164,499
3165,610
3166,696
3167,513
3168,395
3169,306
3170,435
3171,561
3172,658
3173,581
3174,445
3175,344
3176,363
3177,508
3178,617
3179,663
3180,503
3181,388
3182,301
3183,446
3184,570
3185,665
3186,570
3187,437
3188,338
3189,375
3190,517
3191,624
3192,648
3193,494
3194,381
3195,296
3196,456
3197,578
3198,671
3199,561
3200,431
3201,333
3202,388
3203,525
3204,630
3205,634
3206,485
3207,375
3208,288
3209,466
3210,586
3211,676
3212,549
3213,422
3214,327
3215,398
3216,534
3217,636
3218,622
3219,475
3220,367
3221,317
3222,476
3223,592
3224,682
3225,537
3226,414
3227,320
3228,410
3229,542
3230,644
3231,610
3232,467
3233,361
3234,332
3235,486
3236,599
3237,688
3238,528
3239,405
3240,315
3241,420
3242,550
3243,650
3244,598
3245,459
3246,355
3247,347
3248,495
3249,606
3250,693
3251,518
3252,398
3253,309
3254,431
3255,559
3256,656
3257,586
3258,449
3259,348
3260,358
3261,504
3262,614
3263,668
3264,507
3265,392
3266,303
3267,442
3268,567
3269,661
3270,575
3271,441
3272,341
3273,369
3274,512
3275,620
3276,654
3277,497
3278,385
3279,298
3280,452
3281,574
3282,668
3283,564
3284,433
3285,336
3286,385
3287,522
3288,628
3289,641
3290,489
3291,378
3292,292
3293,462
3294,582
3295,674
3296,553
3297,425
3298,330
3299,394
3300,529
3301,634
3302,627
3303,479
3304,369
3305,285
3306,472
3307,589
3308,680
3309,543
3310,417
3311,323
3312,405
3313,539
3314,641
3315,615
3316,471
3317,364
3318,326
3319,482
3320,597
3321,685
3322,532
3323,409
3324,317
3325,415
3326,547
3327,647
3328,602
3329,462
3330,357
3331,340
3332,490
3333,603
3334,691
3335,522
3336,401
3337,311
3338,425
3339,554
3340,652
3341,591
3342,453
3343,350
3344,353
3345,500
3346,611
3347,695
3348,512
3349,394
3350,306
3351,437
3352,563
3353,659
3354,580
3355,445
3356,343
3357,365
3358,509
3359,618
3360,661
3361,502
3362,388
3363,301
3364,448
3365,571
3366,665
3367,569
3368,437
3369,338
3370,377
3371,518
3372,624
3373,645
3374,492
3375,380
3376,295
3377,457
3378,578
3379,671
3380,558
3381,428
3382,332
3383,389
3384,526
3385,631
3386,633
3387,483
3388,373
3389,287
3390,468
3391,586
3392,677
3393,547
3394,421
3395,326
3396,400
3397,535
3398,638
3399,620
3400,475
3401,366
3402,319
3403,478
3404,593
3405,683
3406,537
3407,412
3408,319
3409,411
3410,543
3411,644
3412,608
3413,466
3414,360
3415,335
3416,486
3417,600
3418,688
3419,525
3420,405
3421,313
3422,420
3423,551
3424,650
3425,596
3426,457
3427,353
3428,347
3429,496
3430,608
3431,693
3432,516
3433,398
3434,308
3435,432
3436,560
3437,657
3438,585
3439,448
3440,346
3441,359
3442,505
3443,615
3444,666
3445,507
3446,390
3447,303
3448,443
3449,567
3450,663
3451,574
3452,440
3453,340
3454,371
3455,514
3456,621
3457,653
3458,498
3459,384
3460,298
3461,455
3462,575
3463,669
3464,565
3465,434
3466,336
3467,384
3468,524
3469,629
3470,639
3471,488
3472,376
3473,290
3474,464
3475,583
3476,675
3477,553
3478,425
3479,329
3480,394
3481,531
3482,635
3483,626
3484,478
3485,369
3486,313
3487,473
3488,590
3489,680
3490,541
3491,416
3492,322
3493,406
3494,540
3495,641
3496,614
3497,470
3498,363
3499,329
3500,482
3501,596
3502,686
3503,530
3504,409
3505,316
3506,417
3507,548
3508,648
3509,602
3510,461
3511,356
3512,341
3513,493
3514,605
3515,691
3516,521
3517,401
3518,311
3519,428
3520,556
3521,654
3522,591
3523,453
3524,350
3525,354
3526,501
3527,612
3528,696
3529,512
3530,394
3531,305
3532,438
3533,564
3534,660
3535,579
3536,444
3537,343
3538,366
3539,510
3540,618
3541,659
3542,502
3543,387
3544,300
3545,450
3546,571
3547,666
3548,568
3549,436
3550,337
3551,379
3552,519
3553,625
3554,645
3555,491
3556,379
3557,294
3558,459
3559,579
3560,672
3561,557
3562,428
3563,331
3564,390
3565,528
3566,632
3567,632
3568,483
3569,372
3570,286
3571,469
3572,587
3573,678
3574,546
3575,419
3576,325
3577,401
3578,536
3579,638
3580,619
3581,474
3582,366
3583,320
3584,479
3585,594
3586,683
3587,534
3588,412
3589,319
3590,412
3591,544
3592,644
3593,607
3594,465
3595,359
3596,336
3597,488
3598,602
3599,689
3600,526
3601,404
3602,314
3603,423
3604,553
3605,651
3606,595
3607,456
3608,353
3609,348
3610,497
3611,609
3612,694
3613,515
3614,397
3615,308
3616,434
3617,561
3618,657
3619,583
3620,447
3621,346
3622,361
3623,506
3624,615
3625,666
3626,505
3627,389
3628,302
3629,445
3630,567
3631,663
3632,571
3633,440
3634,340
3635,373
3636,515
3637,622
3638,651
3639,495
3640,382
3641,296
3642,454
3643,576
3644,669
3645,561
3646,431
3647,334
3648,385
3649,524
3650,629
3651,637
3652,486
3653,376
3654,289
3655,465
3656,583
3657,675
3658,551
3659,423
3660,328
3661,395
3662,531
3663,635
3664,624
3665,477
3666,368
3667,315
3668,474
3669,591
3670,680
3671,539
3672,416
3673,322
3674,408
3675,539
3676,642
3677,612
3678,469
3679,362
3680,329
3681,484
3682,598
3683,687
3684,530
3685,408
3686,316
3687,417
3688,548
3689,648
3690,600
3691,460
3692,355
3693,343
3694,493
3695,605
3696,692
3697,519
3698,400
3699,311
3700,430
3701,557
3702,655
3703,588
3704,451
3705,348
3706,355
3707,502
3708,612
3709,672
3710,509
3711,393
3712,305
3713,441
3714,565
3715,661
3716,576
3717,444
3718,343
3719,368
3720,511
3721,619
3722,657
3723,500
3724,385
3725,299
3726,449
3727,571
3728,667
3729,566
3730,435
3731,336
3732,380
3733,520
3734,626
3735,644
3736,490
3737,378
3738,293
3739,460
3740,580
3741,673
3742,556
3743,427
3744,330
3745,392
3746,528
3747,633
3748,630
3749,482
3750,372
3751,286
3752,471
3753,588
3754,678
3755,544
3756,419
3757,325
3758,403
3759,536
3760,639
3761,618
3762,473
3763,366
3764,323
3765,480
3766,595
3767,685
3768,535
3769,411
3770,318
3771,413
3772,545
3773,645
3774,606
3775,464
3776,358
3777,337
3778,489
3779,602
3780,690
3781,525
3782,403
3783,313
3784,424
3785,553
3786,652
3787,594
3788,455
3789,351
3790,349
3791,497
3792,609
3793,694
3794,514
3795,396
3796,307
3797,435
3798,561
3799,657
3800,582
3801,448
3802,346
3803,364
3804,507
3805,616
3806,664
3807,504
3808,389
3809,301
3810,445
3811,569
3812,664
3813,572
3814,439
3815,339
3816,375
3817,516
3818,623
3819,650
3820,495
3821,381
3822,295
3823,455
3824,577
3825,670
3826,561
3827,430
3828,333
3829,386
3830,525
3831,630
3832,636
3833,486
3834,375
3835,289
3836,466
3837,584
3838,676
3839,550
3840,422
3841,327
3842,397
3843,532
3844,635
3845,622
3846,477
3847,368
3848,319
3849,475
3850,592
3851,682
3852,539
3853,414
3854,321
3855,408
3856,541
3857,643
3858,611
3859,468
3860,361
3861,331
3862,485
3863,599
3864,687
3865,529
3866,407
3867,316
3868,420
3869,550
3870,649
3871,599
3872,459
3873,355
3874,344
3875,494
3876,606
3877,692
3878,518
3879,399
3880,310
3881,431
3882,558
3883,656
3884,586
3885,451
3886,348
3887,358
3888,502
3889,613
3890,670
3891,508
3892,392
3893,304
3894,440
3895,565
3896,661
3897,576
3898,442
3899,342
3900,369
3901,512
3902,620
3903,656
3904,498
3905,384
3906,298
3907,450
3908,574
3909,667
3910,565
3911,434
3912,336
3913,382
3914,521
3915,627
3916,642
3917,490
3918,379
3919,292
3920,462
3921,581
3922,674
3923,554
3924,426
3925,330
3926,393
3927,528
3928,632
3929,627
3930,481
3931,371
3932,285
3933,471
3934,588
3935,679
3936,543
3937,418
3938,323
3939,403
3940,537
3941,640
3942,616
3943,472
3944,364
3945,324
3946,481
3947,596
3948,685
3949,534
3950,410
3951,318
3952,415
3953,546
3954,646
3955,604
3956,463
3957,357
3958,338
3959,490
3960,603
3961,690
3962,522
3963,403
3964,312
3965,425
3966,554
3967,652
3968,591
3969,455
3970,351
3971,352
3972,498
3973,610
3974,695
3975,512
3976,395
3977,306
3978,436
3979,562
3980,659
3981,581
3982,446
3983,345
3984,364
3985,508
3986,617
3987,662
3988,502
3989,388
3990,300
3991,446
3992,570
3993,665
3994,570
3995,438
3996,339
3997,375
3998,517
3999,624
4000,648
4001,494
4002,381
4003,295
4004,456
4005,577
4006,671
4007,560
4008,430
4009,333
4010,389
4011,526
4012,630
4013,633
4014,486
4015,375
4016,289
4017,467
4018,585
4019,676
4020,548
4021,421
4022,326
4023,399
4024,534
4025,637
4026,622
4027,476
4028,367
4029,319
4030,477
4031,593
4032,682
4033,538
4034,414
4035,321
4036,410
4037,542
4038,644
4039,609
4040,467
4041,360
4042,332
4043,486
4044,599
4045,688
4046,528
4047,406
4048,315
4049,421
4050,551
4051,650
4052,598
4053,458
4054,354
4055,347
4056,494
4057,606
4058,692
4059,518
4060,398
4061,309
4062,432
4063,559
4064,656
4065,586
4066,450
4067,348
4068,359
4069,504
4070,614
4071,668
4072,507
4073,391
4074,303
4075,441
4076,566
4077,663
4078,575
4079,442
4080,342
4081,371
4082,514
4083,621
4084,654
4085,497
4086,384
4087,297
4088,451
4089,574
4090,668
4091,564
4092,433
4093,335
4094,382
4095,522
4096,627
4097,640
4098,490
4099,378
4100,292
4101,461
4102,581
4103,673
4104,553
4105,424
4106,329
4107,393
4108,530
4109,633
4110,627
4111,481
4112,370
4113,286
4114,473
4115,590
4116,680
4117,543
4118,417
4119,323
4120,405
4121,539
4122,640
4123,615
4124,470
4125,363
4126,326
4127,482
4128,596
4129,685
4130,531
4131,411
4132,317
4133,416
4134,547
4135,647
4136,603
4137,462
4138,357
4139,342
4140,491
4141,603
4142,690
4143,522
4144,403
4145,311
4146,427
4147,555
4148,653
4149,592
4150,454
4151,351
4152,353
4153,499
4154,611
4155,696
4156,512
4157,394
4158,306
4159,437
4160,563
4161,659
4162,580
4163,445
4164,345
4165,365
4166,509
4167,617
4168,661
4169,502
4170,387
4171,300
4172,447
4173,570
4174,665
4175,569
4176,437
4177,338
4178,377
4179,518
4180,624
4181,646
4182,494
4183,381
4184,295
4185,459
4186,579
4187,671
4188,558
4189,428
4190,332
4191,388
4192,526
4193,630
4194,633
4195,484
4196,373
4197,288
4198,467
4199,586
4200,677
4201,547
4202,420
4203,326
4204,399
4205,534
4206,637
4207,620
4208,474
4209,367
4210,319
4211,477
4212,593
4213,683
4214,537
4215,413
4216,320
4217,411
4218,543
4219,644
4220,608
4221,465
4222,359
4223,334
4224,487
4225,600
4226,688
4227,527
4228,406
4229,315
4230,422
4231,552
4232,651
4233,597
4234,458
4235,354
4236,347
4237,497
4238,607
4239,693
4240,516
4241,398
4242,308
4243,432
4244,560
4245,656
4246,587
4247,450
4248,348
4249,360
4250,506
4251,615
4252,666
4253,507
4254,390
4255,302
4256,443
4257,567
4258,662
4259,574
4260,440
4261,341
4262,372
4263,514
4264,622
4265,653
4266,497
4267,383
4268,297
4269,453
4270,574
4271,668
4272,561
4273,433
4274,334
4275,383
4276,523
4277,628
4278,639
4279,487
4280,376
4281,290
4282,464
4283,583
4284,674
4285,552
4286,424
4287,328
4288,394
4289,530
4290,634
4291,626
4292,478
4293,369
4294,313
4295,473
4296,590
4297,680
4298,542
4299,416
4300,322
4301,406
4302,539
4303,641
4304,614
4305,469
4306,362
4307,326
4308,482
4309,597
4310,685
4311,530
4312,409
4313,317
4314,419
4315,547
4316,648
4317,601
4318,461
4319,356
4320,341
4321,492
4322,604
4323,691
4324,520
4325,401
4326,311
4327,429
4328,556
4329,654
4330,590
4331,452
4332,350
4333,354
4334,502
4335,611
4336,696
4337,510
4338,393
4339,305
4340,438
4341,564
4342,660
4343,579
4344,444
4345,343
4346,367
4347,510
4348,619
4349,659
4350,501
4351,387
4352,300
4353,448
4354,571
4355,665
4356,566
4357,436
4358,337
4359,378
4360,519
4361,624
4362,645
4363,492
4364,380
4365,294
4366,460
4367,579
4368,672
4369,557
4370,427
4371,330
4372,390
4373,527
4374,632
4375,632
4376,483
4377,373
4378,287
4379,470
4380,587
4381,678
4382,547
4383,420
4384,325
4385,401
4386,536
4387,639
4388,619
4389,474
4390,366
4391,320
4392,479
4393,594
4394,684
4395,535
4396,413
4397,320
4398,414
4399,544
4400,644
4401,607
4402,464
4403,359
4404,335
4405,488
4406,600
4407,689
4408,526
4409,404
4410,313
4411,422
4412,552
4413,651
4414,595
4415,456
4416,352
4417,349
4418,497
4419,608
4420,694
4421,515
4422,396
4423,307
4424,433
4425,560
4426,657
4427,585
4428,449
4429,347
4430,362
4431,507
4432,616
4433,666
4434,505
4435,390
4436,302
4437,444
4438,567
4439,663
4440,571
4441,440
4442,340
4443,374
4444,515
4445,622
4446,651
4447,496
4448,383
4449,297
4450,454
4451,576
4452,670
4453,561
4454,431
4455,333
4456,385
4457,524
4458,629
4459,637
4460,487
4461,376
4462,290
4463,465
4464,583
4465,675
4466,551
4467,423
4468,328
4469,395
4470,531
4471,634
4472,624
4473,477
4474,368
4475,315
4476,474
4477,591
4478,681
4479,540
4480,416
4481,322
4482,407
4483,540
4484,641
4485,611
4486,468
4487,362
4488,329
4489,484
4490,597
4491,686
4492,530
4493,408
4494,317
4495,419
4496,549
4497,648
4498,601
4499,460
4500,356
4501,343
4502,493
4503,605
4504,692
4505,520
4506,400
4507,310
4508,430
4509,557
4510,655
4511,589
4512,452
4513,349
4514,355
4515,502
4516,612
4517,671
4518,510
4519,392
4520,304
4521,439
4522,564
4523,661
4524,577
4525,443
4526,343
4527,369
4528,510
4529,619
4530,658
4531,500
4532,386
4533,299
4534,450
4535,573
4536,667
4537,566
4538,435
4539,336
4540,380
4541,520
4542,626
4543,643
4544,491
4545,379
4546,294
4547,461
4548,580
4549,672
4550,556
4551,427
4552,330
4553,391
4554,529
4555,633
4556,630
4557,482
4558,372
4559,286
4560,470
4561,588
4562,679
4563,545
4564,419
4565,325
4566,405
4567,537
4568,638
4569,616
4570,473
4571,365
4572,322
4573,480
4574,595
4575,684
4576,535
4577,411
4578,319
4579,413
4580,544
4581,646
4582,606
4583,464
4584,359
4585,337
4586,489
4587,602
4588,690
4589,524
4590,403
4591,312
4592,424
4593,553
4594,652
4595,594
4596,455
4597,352
4598,350
4599,498
4600,609
4601,694
4602,513
4603,395
4604,306
4605,434
4606,561
4607,658
4608,581
4609,447
4610,345
4611,363
4612,507
4613,616
4614,665
4615,504
4616,389
4617,302
4618,445
4619,569
4620,664
4621,571
4622,438
4623,338
4624,374
4625,516
4626,623
4627,649
4628,495
4629,382
4630,296
4631,455
4632,577
4633,670
4634,560
4635,430
4636,333
4637,386
4638,525
4639,630
4640,636
4641,485
4642,375
4643,288
4644,465
4645,584
4646,676
4647,550
4648,422
4649,328
4650,396
4651,532
4652,635
4653,621
4654,476
4655,368
4656,316
4657,475
4658,591
4659,681
4660,539
4661,414
4662,321
4663,409
4664,542
4665,643
4666,611
4667,468
4668,361
4669,331
4670,485
4671,599
4672,687
4673,529
4674,406
4675,315
4676,419
4677,550
4678,649
4679,599
4680,459
4681,355
4682,344
4683,494
4684,606
4685,692
4686,518
4687,399
4688,309
4689,430
4690,557
4691,655
4692,588
4693,451
4694,349
4695,359
4696,502
4697,613
4698,672
4699,510
4700,392
4701,304
4702,441
4703,566
4704,661
4705,576
4706,442
4707,341
4708,369
4709,512
4710,620
4711,656
4712,499
4713,386
4714,299
4715,451
4716,574
4717,668
4718,565
4719,434
4720,336
4721,380
4722,520
4723,627
4724,641
4725,489
4726,377
4727,292
4728,462
4729,581
4730,673
4731,554
4732,426
4733,330
4734,392
4735,529
4736,633
4737,627
4738,481
4739,371
4740,285
4741,470
4742,588
4743,679
4744,544
4745,418
4746,324
4747,404
4748,538
4749,640
4750,617
4751,473
4752,364
4753,324
4754,481
4755,596
4756,684
4757,533
4758,410
4759,317
4760,414
4761,546
4762,646
4763,604
4764,463
4765,358
4766,339
4767,490
4768,603
4769,690
4770,522
4771,402
4772,312
4773,425
4774,554
4775,652
4776,593
4777,454
4778,351
4779,353
4780,498
4781,609
4782,694
4783,514
4784,396
4785,306
4786,436
4787,562
4788,659
4789,581
4790,446
4791,344
4792,364
4793,508
4794,617
4795,662
4796,504
4797,388
4798,301
4799,446
4800,570
4801,665
4802,570
4803,437
4804,339
4805,375
4806,517
4807,623
4808,648
4809,494
4810,382
4811,296
4812,456
4813,578
4814,671
4815,560
4816,431
4817,334
4818,388
4819,526
4820,631
4821,635
4822,486
4823,374
4824,288
4825,465
4826,584
4827,675
4828,548
4829,421
4830,326
4831,399
4832,534
4833,637
4834,622
4835,475
4836,367
4837,317
4838,476
4839,592
4840,682
4841,538
4842,414
4843,320
4844,410
4845,543
4846,643
4847,610
4848,467
4849,361
4850,333
4851,486
4852,600
4853,688
4854,528
4855,405
4856,314
4857,420
4858,551
4859,649
4860,598
4861,458
4862,354
4863,346
4864,495
4865,607
4866,693
4867,517
4868,399
4869,309
4870,431
4871,559
4872,657
4873,586
4874,450
4875,347
4876,358
4877,504
4878,614
4879,666
4880,508
4881,391
4882,304
4883,442
4884,566
4885,661
4886,575
4887,441
4888,340
4889,370
4890,513
4891,621
4892,654
4893,498
4894,384
4895,298
4896,452
4897,574
4898,668
4899,564
4900,433
4901,335
4902,382
4903,522
4904,627
4905,640
4906,488
4907,376
4908,292
4909,462
4910,581
4911,673
4912,553
4913,425
4914,329
4915,394
4916,531
4917,634
4918,627
4919,479
4920,370
4921,311
4922,472
4923,589
4924,679
4925,543
4926,417
4927,323
4928,404
4929,538
4930,640
4931,615
4932,471
4933,363
4934,326
4935,482
4936,597
4937,685
4938,532
4939,409
4940,317
4941,416
4942,547
4943,647
4944,603
4945,462
4946,357
4947,340
4948,491
4949,604
4950,690
4951,522
4952,402
4953,312
4954,426
4955,554
4956,653
4957,591
4958,454
4959,350
4960,353
4961,501
4962,611
4963,696
4964,512
4965,395
4966,306
4967,437
4968,563
4969,659
4970,580
4971,444
4972,343
4973,365
4974,509
4975,618
4976,661
4977,502
4978,387
4979,300
4980,448
4981,571
4982,665
4983,569
4984,437
4985,338
4986,377
4987,518
4988,624
4989,646
4990,493
4991,380
4992,295
4993,457
4994,578
4995,670
4996,558
4997,431
4998,332
4999,390
5000,527
5001,632
5002,633
5003,483
5004,373
5005,287
5006,468
5007,586
5008,677
5009,548
5010,421
5011,326
5012,400
5013,535
5014,638
5015,621
5016,475
5017,367
5018,319
5019,478
5020,593
5021,683
5022,537
5023,412
5024,319
5025,411
5026,543
5027,644
5028,608
5029,466
5030,360
5031,333
5032,487
5033,601
5034,688
5035,525
5036,405
5037,314
5038,422
5039,550
5040,649
5041,596
5042,457
5043,353
5044,347
5045,496
5046,608
5047,693
5048,516
5049,398
5050,308
5051,433
5052,560
5053,657
5054,585
5055,449
5056,346
5057,360
5058,505
5059,615
5060,666
5061,506
5062,391
5063,303
5064,443
5065,568
5066,663
5067,575
5068,440
5069,340
5070,372
5071,514
5072,621
5073,652
5074,496
5075,383
5076,297
5077,453
5078,574
5079,668
5080,561
5081,434
5082,335
5083,385
5084,523
5085,628
5086,639
5087,487
5088,376
5089,290
5090,464
5091,582
5092,674
5093,552
5094,424
5095,329
5096,394
5097,530
5098,634
5099,626
5100,480
5101,369
5102,313
5103,474
5104,590
5105,680
5106,541
5107,416
5108,322
5109,406
5110,540
5111,642
5112,614
5113,471
5114,363
5115,328
5116,483
5117,598
5118,686
5119,531
5120,408
5121,316
5122,416
5123,547
5124,647
5125,600
5126,461
5127,357
5128,341
5129,492
5130,604
5131,691
5132,521
5133,401
5134,312
5135,428
5136,555
5137,653
5138,590
5139,452
5140,350
5141,354
5142,501
5143,611
5144,696
5145,512
5146,394
5147,306
5148,439
5149,564
5150,659
5151,578
5152,444
5153,343
5154,366
5155,510
5156,618
5157,659
5158,501
5159,387
5160,299
5161,449
5162,572
5163,667
5164,568
5165,437
5166,338
5167,380
5168,518
5169,625
5170,645
5171,491
5172,379
5173,294
5174,459
5175,579
5176,672
5177,557
5178,428
5179,332
5180,390
5181,528
5182,632
5183,632
5184,483
5185,373
5186,286
5187,468
5188,587
5189,677
5190,546
5191,420
5192,325
5193,401
5194,536
5195,639
5196,619
5197,474
5198,366
5199,321
5200,479
5201,593
5202,683
5203,536
5204,411
5205,319
5206,414
5207,544
5208,645
5209,607
5210,466
5211,360
5212,335
5213,488
5214,601
5215,689
5216,526
5217,405
5218,314
5219,422
5220,552
5221,651
5222,595
5223,456
5224,352
5225,348
5226,497
5227,607
5228,694
5229,516
5230,397
5231,308
5232,434
5233,560
5234,657
5235,584
5236,448
5237,347
5238,361
5239,505
5240,615
5241,666
5242,505
5243,389
5244,302
5245,444
5246,568
5247,663
5248,571
5249,440
5250,340
5251,373
5252,514
5253,622
5254,651
5255,495
5256,382
5257,297
5258,454
5259,576
5260,669
5261,562
5262,432
5263,334
5264,385
5265,524
5266,628
5267,637
5268,487
5269,376
5270,289
5271,465
5272,583
5273,675
5274,551
5275,423
5276,328
5277,395
5278,531
5279,634
5280,624
5281,477
5282,369
5283,317
5284,473
5285,590
5286,680
5287,540
5288,415
5289,322
5290,407
5291,540
5292,641
5293,611
5294,470
5295,363
5296,331
5297,483
5298,598
5299,687
5300,530
5301,408
5302,317
5303,418
5304,549
5305,648
5306,600
5307,460
5308,355
5309,342
5310,493
5311,605
5312,692
5313,519
5314,400
5315,311
5316,430
5317,557
5318,654
5319,589
5320,451
5321,350
5322,355
5323,502
5324,612
5325,671
5326,509
5327,393
5328,304
5329,440
5330,565
5331,661
5332,578
5333,443
5334,343
5335,369
5336,510
5337,619
5338,656
5339,501
5340,385
5341,299
5342,449
5343,572
5344,666
5345,566
5346,435
5347,336
5348,380
5349,520
5350,626
5351,643
5352,490
5353,378
5354,293
5355,460
5356,580
5357,672
5358,555
5359,426
5360,330
5361,391
5362,528
5363,633
5364,630
5365,482
5366,372
5367,286
5368,471
5369,588
5370,678
5371,545
5372,418
5373,324
5374,402
5375,537
5376,639
5377,616
5378,474
5379,366
5380,325
5381,480
5382,595
5383,684
5384,535
5385,411
5386,319
5387,413
5388,545
5389,645
5390,605
5391,464
5392,358
5393,336
5394,489
5395,602
5396,689
5397,525
5398,403
5399,313
5400,425
5401,553
5402,652
5403,594
5404,455
5405,351
5406,350
5407,498
5408,609
5409,694
5410,514
5411,396
5412,307
5413,435
5414,561
5415,658
5416,583
5417,447
5418,345
5419,364
5420,506
5421,616
5422,663
5423,505
5424,389
5425,302
5426,445
5427,570
5428,664
5429,571
5430,439
5431,339
5432,375
5433,516
5434,623
5435,649
5436,495
5437,381
5438,295
5439,455
5440,577
5441,670
5442,560
5443,430
5444,334
5445,385
5446,524
5447,629
5448,636
5449,486
5450,376
5451,288
5452,466
5453,584
5454,676
5455,549
5456,422
5457,327
5458,396
5459,532
5460,635
5461,622
5462,477
5463,368
5464,317
5465,474
5466,590
5467,681
5468,539
5469,414
5470,320
5471,408
5472,541
5473,642
5474,611
5475,467
5476,361
5477,330
5478,485
5479,599
5480,687
5481,529
5482,407
5483,315
5484,419
5485,549
5486,649
5487,599
5488,458
5489,354
5490,344
5491,494
5492,606
5493,692
5494,518
5495,399
5496,310
5497,430
5498,558
5499,656
5500,588
5501,451
5502,349
5503,357
5504,504
5505,614
5506,671
5507,509
5508,392
5509,304
5510,440
5511,566
5512,661
5513,576
5514,442
5515,342
5516,369
5517,512
5518,620
5519,656
5520,498
5521,384
5522,298
5523,450
5524,573
5525,667
5526,565
5527,434
5528,336
5529,381
5530,521
5531,627
5532,642
5533,490
5534,378
5535,292
5536,462
5537,581
5538,673
5539,554
5540,425
5541,329
5542,391
5543,529
5544,633
5545,628
5546,480
5547,371
5548,286
5549,469
5550,587
5551,678
5552,542
5553,417
5554,323
5555,403
5556,537
5557,639
5558,617
5559,472
5560,364
5561,325
5562,481
5563,596
5564,685
5565,534
5566,410
5567,318
5568,415
5569,546
5570,646
5571,604
5572,462
5573,357
5574,338
5575,490
5576,603
5577,690
5578,523
5579,403
5580,313
5581,425
5582,555
5583,653
5584,592
5585,454
5586,351
5587,351
5588,499
5589,610
5590,694
5591,514
5592,396
5593,307
5594,437
5595,561
5596,659
5597,581
5598,446
5599,345
5600,364
5601,508
5602,617
5603,662
5604,504
5605,388
5606,300
5607,446
5608,570
5609,665
5610,570
5611,438
5612,339
5613,376
5614,517
5615,624
5616,649
5617,494
5618,381
5619,295
5620,456
5621,577
5622,670
5623,560
5624,430
5625,333
5626,388
5627,526
5628,631
5629,635
5630,485
5631,374
5632,288
5633,467
5634,585
5635,676
5636,547
5637,421
5638,326
5639,399
5640,534
5641,637
5642,622
5643,476
5644,367
5645,319
5646,477
5647,593
5648,682
5649,539
5650,414
5651,320
5652,409
5653,542
5654,643
5655,609
5656,466
5657,360
5658,332
5659,486
5660,600
5661,688
5662,528
5663,406
5664,315
5665,421
5666,551
5667,650
5668,597
5669,458
5670,353
5671,345
5672,495
5673,607
5674,692
5675,517
5676,399
5677,309
5678,432
5679,558
5680,655
5681,588
5682,451
5683,348
5684,359
5685,505
5686,614
5687,668
5688,507
5689,391
5690,303
5691,441
5692,566
5693,662
5694,575
5695,442
5696,342
5697,371
5698,514
5699,621
5700,654
5701,498
5702,384
5703,298
5704,452
5705,574
5706,668
5707,564
5708,433
5709,335
5710,382
5711,522
5712,627
5713,640
5714,488
5715,377
5716,292
5717,463
5718,581
5719,674
5720,553
5721,426
5722,329
5723,394
5724,529
5725,633
5726,627
5727,479
5728,370
5729,312
5730,472
5731,589
5732,679
5733,543
5734,417
5735,323
5736,405
5737,539
5738,641
5739,615
5740,471
5741,364
5742,326
5743,482
5744,597
5745,685
5746,533
5747,410
5748,317
5749,416
5750,547
5751,647
5752,603
5753,461
5754,356
5755,338
5756,490
5757,603
5758,690
5759,521
5760,402
5761,311
5762,428
5763,555
5764,653
5765,590
5766,454
5767,350
5768,353
5769,500
5770,610
5771,695
5772,511
5773,394
5774,305
5775,437
5776,563
5777,659
5778,580
5779,445
5780,344
5781,365
5782,509
5783,618
5784,661
5785,502
5786,387
5787,300
5788,447
5789,571
5790,665
5791,569
5792,436
5793,337
5794,378
5795,518
5796,624
5797,647
5798,493
5799,380
5800,295
5801,457
5802,579
5803,671
5804,556
5805,429
5806,332
5807,389
5808,526
5809,631
5810,633
5811,484
5812,374
5813,288
5814,469
5815,587
5816,677
5817,548
5818,421
5819,326
5820,400
5821,536
5822,638
5823,620
5824,475
5825,366
5826,319
5827,478
5828,593
5829,683
5830,537
5831,413
5832,320
5833,411
5834,543
5835,644
5836,608
5837,465
5838,359
5839,333
5840,487
5841,600
5842,688
5843,527
5844,405
5845,314
5846,423
5847,551
5848,650
5849,595
5850,459
5851,354
5852,347
5853,496
5854,608
5855,693
5856,516
5857,397
5858,308
5859,431
5860,558
5861,656
5862,585
5863,449
5864,347
5865,360
5866,505
5867,615
5868,666
5869,506
5870,390
5871,302
5872,443
5873,567
5874,663
5875,574
5876,440
5877,340
5878,372
5879,514
5880,622
5881,653
5882,497
5883,383
5884,297
5885,453
5886,575
5887,669
5888,562
5889,432
5890,335
5891,385
5892,522
5893,628
5894,639
5895,488
5896,377
5897,291
5898,465
5899,583
5900,675
5901,552
5902,424
5903,328
5904,393
5905,530
5906,634
5907,625
5908,478
5909,369
5910,313
5911,473
5912,590
5913,680
5914,541
5915,416
5916,322
5917,406
5918,540
5919,641
5920,613
5921,469
5922,362
5923,327
5924,483
5925,596
5926,686
5927,531
5928,409
5929,317
5930,417
5931,548
5932,647
5933,601
5934,462
5935,357
5936,343
5937,492
5938,604
5939,691
5940,520
5941,400
5942,310
5943,427
5944,556
5945,654
5946,590
5947,452
5948,350
5949,354
5950,501
5951,612
5952,696
5953,510
5954,393
5955,305
5956,438
5957,564
5958,660
5959,579
5960,444
5961,343
5962,366
5963,509
5964,618
5965,659
5966,501
5967,386
5968,299
5969,448
5970,572
5971,666
5972,567
5973,435
5974,337
5975,380
5976,518
5977,624
5978,644
5979,493
5980,380
5981,294
5982,460
5983,579
5984,672
5985,557
5986,428
5987,330
5988,389
5989,527
5990,632
5991,631
5992,482
5993,372
5994,286
5995,469
5996,587
5997,678
5998,546
5999,420
6000,325
6001,401
6002,536
6003,639
6004,619
6005,473
6006,365
6007,320
6008,478
6009,594
6010,683
6011,536
6012,412
6013,320
6014,412
6015,544
6016,645
6017,607
6018,466
6019,359
6020,336
6021,487
6022,601
6023,689
6024,525
6025,404
6026,313
6027,423
6028,552
6029,651
6030,595
6031,458
6032,352
6033,349
6034,497
6035,608
6036,694
6037,514
6038,396
6039,307
6040,433
6041,560
6042,657
6043,585
6044,448
6045,347
6046,362
6047,507
6048,616
6049,666
6050,506
6051,390
6052,303
6053,444
6054,569
6055,664
6056,572
6057,440
6058,340
6059,374
6060,514
6061,621
6062,650
6063,497
6064,384
6065,297
6066,453
6067,575
6068,669
6069,561
6070,430
6071,333
6072,384
6073,523
6074,629
6075,637
6076,487
6077,375
6078,289
6079,465
6080,584
6081,675
6082,551
6083,423
6084,328
6085,395
6086,531
6087,635
6088,624
6089,477
6090,368
6091,315
6092,474
6093,590
6094,680
6095,540
6096,415
6097,322
6098,407
6099,541
6100,642
6101,612
6102,469
6103,362
6104,330
6105,483
6106,597
6107,686
6108,530
6109,408
6110,316
6111,418
6112,549
6113,648
6114,600
6115,460
6116,355
6117,343
6118,493
6119,605
6120,692
6121,519
6122,399
6123,309
6124,429
6125,556
6126,654
6127,589
6128,452
6129,349
6130,356
6131,503
6132,613
6133,672
6134,510
6135,393
6136,305
6137,439
6138,565
6139,661
6140,577
6141,443
6142,342
6143,368
6144,511
6145,619
6146,656
6147,500
6148,387
6149,300
6150,450
6151,573
6152,667
6153,566
6154,434
6155,336
6156,379
6157,520
6158,626
6159,643
6160,491
6161,380
6162,294
6163,461
6164,580
6165,673
6166,556
6167,427
6168,330
6169,390
6170,528
6171,632
6172,630
6173,481
6174,371
6175,285
6176,470
6177,587
6178,678
6179,545
6180,419
6181,324
6182,402
6183,537
6184,639
6185,618
6186,472
6187,364
6188,324
6189,480
6190,594
6191,684
6192,534
6193,411
6194,318
6195,414
6196,545
6197,646
6198,606
6199,464
6200,358
6201,337
6202,489
6203,602
6204,690
6205,524
6206,403
6207,312
6208,424
6209,553
6210,652
6211,594
6212,456
6213,352
6214,350
6215,499
6216,610
6217,695
6218,514
6219,396
6220,307
6221,434
6222,561
6223,658
6224,582
6225,446
6226,345
6227,362
6228,507
6229,616
6230,662
6231,505
6232,390
6233,302
6234,446
6235,568
6236,664
6237,571
6238,438
6239,339
6240,374
6241,516
6242,623
6243,650
6244,496
6245,382
6246,296
6247,456
6248,577
6249,670
6250,561
6251,430
6252,333
6253,386
6254,525
6255,630
6256,636
6257,485
6258,374
6259,288
6260,466
6261,584
6262,676
6263,550
6264,422
6265,327
6266,398
6267,533
6268,636
6269,623
6270,476
6271,367
6272,316
6273,474
6274,590
6275,680
6276,538
6277,415
6278,321
6279,408
6280,541
6281,643
6282,611
6283,468
6284,361
6285,331
6286,485
6287,599
6288,688
6289,529
6290,407
6291,315
6292,418
6293,549
6294,649
6295,599
6296,459
6297,354
6298,344
6299,494
6300,606
6301,692
6302,518
6303,399
6304,309
6305,430
6306,557
6307,655
6308,587
6309,450
6310,348
6311,357
6312,503
6313,613
6314,670
6315,509
6316,393
6317,305
6318,442
6319,565
6320,661
6321,576
6322,442
6323,341
6324,369
6325,512
6326,620
6327,656
6328,499
6329,385
6330,299
6331,451
6332,574
6333,667
6334,565
6335,434
6336,335
6337,381
6338,521
6339,627
6340,642
6341,489
6342,378
6343,292
6344,462
6345,581
6346,673
6347,555
6348,426
6349,329
6350,392
6351,529
6352,633
6353,628
6354,480
6355,370
6356,284
6357,471
6358,587
6359,678
6360,543
6361,419
6362,324
6363,405
6364,538
6365,640
6366,617
6367,472
6368,364
6369,324
6370,481
6371,596
6372,685
6373,533
6374,410
6375,318
6376,414
6377,545
6378,646
6379,604
6380,464
6381,357
6382,338
6383,490
6384,603
6385,690
6386,522
6387,402
6388,311
6389,424
6390,553
6391,652
6392,592
6393,454
6394,351
6395,351
6396,499
6397,610
6398,695
6399,513
6400,396
6401,306
6402,436
6403,561
6404,658
6405,580
6406,446
6407,345
6408,363
6409,508
6410,616
6411,662
6412,503
6413,389
6414,301
6415,446
6416,570
6417,664
6418,570
6419,437
6420,339
6421,376
6422,517
6423,623
6424,648
6425,493
6426,382
6427,295
6428,456
6429,578
6430,670
6431,561
6432,431
6433,334
6434,388
6435,526
6436,630
6437,635
6438,484
6439,374
6440,288
6441,466
6442,585
6443,677
6444,549
6445,423
6446,327
6447,400
6448,534
6449,636
6450,622
6451,475
6452,367
6453,319
6454,476
6455,592
6456,682
6457,538
6458,413
6459,321
6460,410
6461,542
6462,643
6463,610
6464,467
6465,361
6466,333
6467,486
6468,599
6469,688
6470,528
6471,405
6472,315
6473,420
6474,550
6475,650
6476,597
6477,458
6478,354
6479,345
6480,495
6481,606
6482,692
6483,518
6484,398
6485,309
6486,433
6487,559
6488,655
6489,585
6490,449
6491,347
6492,358
6493,504
6494,614
6495,668
6496,507
6497,392
6498,303
6499,442
6500,567
6501,662
6502,575
6503,441
6504,340
6505,370
6506,513
6507,620
6508,654
6509,498
6510,384
6511,298
6512,452
6513,574
6514,668
6515,564
6516,433
6517,335
6518,382
6519,522
6520,627
6521,640
6522,488
6523,377
6524,292
6525,463
6526,582
6527,674
6528,551
6529,425
6530,329
6531,394
6532,530
6533,633
6534,627
6535,479
6536,370
6537,311
6538,472
6539,589
6540,679
6541,542
6542,417
6543,323
6544,405
6545,539
6546,641
6547,615
6548,471
6549,363
6550,327
6551,482
6552,596
6553,685
6554,533
6555,409
6556,317
6557,416
6558,547
6559,647
6560,603
6561,462
6562,358
6563,340
6564,491
6565,603
6566,691
6567,522
6568,402
6569,312
6570,426
6571,555
6572,652
6573,590
6574,454
6575,351
6576,354
6577,500
6578,611
6579,695
6580,512
6581,395
6582,306
6583,436
6584,562
6585,659
6586,579
6587,444
6588,343
6589,365
6590,509
6591,617
6592,660
6593,502
6594,387
6595,300
6596,447
6597,571
6598,665
6599,569
6600,437
6601,338
6602,377
6603,518
6604,624
6605,646
6606,492
6607,380
6608,294
6609,457
6610,578
6611,671
6612,558
6613,429
6614,332
6615,390
6616,526
6617,631
6618,632
6619,484
6620,373
6621,287
6622,468
6623,586
6624,677
6625,547
6626,420
6627,326
6628,400
6629,535
6630,638
6631,621
6632,475
6633,367
6634,320
6635,478
6636,593
6637,683
6638,537
6639,412
6640,319
6641,411
6642,543
6643,644
6644,608
6645,466
6646,360
6647,334
6648,487
6649,601
6650,689
6651,527
6652,405
6653,313
6654,421
6655,552
6656,651
6657,596
6658,458
6659,354
6660,348
6661,497
6662,608
6663,693
6664,516
6665,398
6666,308
6667,433
6668,559
6669,657
6670,585
6671,449
6672,346
6673,360
6674,505
6675,615
6676,666
6677,506
6678,391
6679,303
6680,443
6681,568
6682,663
6683,574
6684,441
6685,341
6686,371
6687,514
6688,621
6689,652
6690,496
6691,384
6692,297
6693,453
6694,575
6695,668
6696,563
6697,432
6698,335
6699,385
6700,522
6701,627
6702,637
6703,488
6704,377
6705,290
6706,464
6707,582
6708,674
6709,553
6710,424
6711,328
6712,394
6713,530
6714,634
6715,626
6716,478
6717,369
6718,313
6719,473
6720,590
6721,680
6722,541
6723,416
6724,323
6725,406
6726,539
6727,641
6728,614
6729,470
6730,363
6731,328
6732,483
6733,597
6734,686
6735,531
6736,408
6737,317
6738,417
6739,548
6740,648
6741,601
6742,462
6743,356
6744,343
6745,492
6746,604
6747,691
6748,520
6749,401
6750,311
6751,428
6752,556
6753,654
6754,590
6755,452
6756,349
6757,354
6758,501
6759,611
6760,696
6761,511
6762,394
6763,305
6764,438
6765,564
6766,660
6767,579
6768,444
6769,344
6770,366
6771,510
6772,618
6773,659
6774,501
6775,386
6776,299
6777,448
6778,572
6779,666
6780,568
6781,436
6782,337
6783,379
6784,519
6785,625
6786,643
6787,491
6788,380
6789,295
6790,458
6791,578
6792,671
6793,558
6794,429
6795,332
6796,391
6797,528
6798,632
6799,632
6800,483
6801,374
6802,287
6803,468
6804,587
6805,678
6806,546
6807,420
6808,325
6809,401
6810,536
6811,639
6812,619
6813,474
6814,366
6815,321
6816,479
6817,594
6818,683
6819,536
6820,411
6821,319
6822,412
6823,544
6824,645
6825,607
6826,465
6827,359
6828,337
6829,487
6830,600
6831,688
6832,525
6833,405
6834,314
6835,423
6836,552
6837,651
6838,595
6839,456
6840,352
6841,348
6842,497
6843,608
6844,694
6845,515
6846,397
6847,308
6848,434
6849,561
6850,657
6851,584
6852,448
6853,346
6854,361
6855,506
6856,615
6857,666
6858,505
6859,389
6860,302
6861,444
6862,568
6863,663
6864,573
6865,440
6866,340
6867,374
6868,515
6869,622
6870,649
6871,497
6872,383
6873,297
6874,455
6875,575
6876,669
6877,562
6878,432
6879,334
6880,385
6881,524
6882,629
6883,638
6884,488
6885,376
6886,289
6887,465
6888,584
6889,675
6890,551
6891,423
6892,327
6893,395
6894,532
6895,635
6896,624
6897,477
6898,368
6899,315
6900,474
6901,591
6902,681
6903,540
6904,415
6905,321
6906,407
6907,540
6908,642
6909,612
6910,469
6911,362
6912,331
6913,484
6914,598
6915,686
6916,529
6917,409
6918,316
6919,418
6920,549
6921,648
6922,600
6923,460
6924,355
6925,342
6926,493
6927,605
6928,692
6929,519
6930,400
6931,310
6932,429
6933,557
6934,654
6935,588
6936,451
6937,348
6938,355
6939,502
6940,612
6941,671
6942,509
6943,393
6944,304
6945,440
6946,565
6947,661
6948,578
6949,443
6950,343
6951,368
6952,512
6953,619
6954,657
6955,500
6956,386
6957,299
6958,450
6959,572
6960,666
6961,567
6962,435
6963,337
6964,380
6965,521
6966,626
6967,643
6968,491
6969,378
6970,294
6971,461
6972,580
6973,673
6974,555
6975,426
6976,330
6977,391
6978,528
6979,633
6980,630
6981,482
6982,372
6983,286
6984,470
6985,588
6986,678
6987,545
6988,418
6989,324
6990,402
6991,537
6992,639
6993,618
6994,473
6995,365
6996,322
6997,479
6998,594
6999,683
7000,534
7001,412
7002,319
7003,414
7004,545
7005,645
7006,606
7007,463
7008,358
7009,336
7010,489
7011,602
7012,689
7013,525
7014,404
7015,313
7016,424
7017,553
7018,652
7019,594
7020,456
7021,351
7022,350
7023,498
7024,609
7025,694
7026,514
7027,396
7028,307
7029,435
7030,561
7031,658
7032,583
7033,447
7034,346
7035,362
7036,507
7037,616
7038,665
7039,504
7040,388
7041,301
7042,446
7043,570
7044,663
7045,570
7046,439
7047,340
7048,375
7049,517
7050,623
7051,649
7052,495
7053,382
7054,296
7055,455
7056,577
7057,670
7058,560
7059,430
7060,333
7061,386
7062,525
7063,630
7064,636
7065,486
7066,375
7067,289
7068,466
7069,584
7070,676
7071,550
7072,422
7073,327
7074,397
7075,533
7076,636
7077,623
7078,477
7079,368
7080,318
7081,476
7082,592
7083,682
7084,538
7085,415
7086,321
7087,409
7088,540
7089,643
7090,610
7091,467
7092,361
7093,330
7094,485
7095,599
7096,687
7097,529
7098,407
7099,315
7100,419
7101,549
7102,649
7103,599
7104,458
7105,354
7106,344
7107,494
7108,606
7109,692
7110,518
7111,399
7112,310
7113,430
7114,558
7115,655
7116,588
7117,451
7118,348
7119,357
7120,503
7121,613
7122,670
7123,508
7124,392
7125,304
7126,442
7127,565
7128,661
7129,575
7130,443
7131,343
7132,369
7133,512
7134,620
7135,656
7136,498
7137,385
7138,298
7139,450
7140,572
7141,667
7142,565
7143,434
7144,336
7145,381
7146,521
7147,627
7148,642
7149,490
7150,378
7151,292
7152,462
7153,581
7154,673
7155,554
7156,427
7157,330
7158,391
7159,528
7160,633
7161,628
7162,480
7163,371
7164,285
7165,471
7166,588
7167,679
7168,541
7169,417
7170,324
7171,404
7172,537
7173,639
7174,616
7175,471
7176,364
7177,324
7178,481
7179,596
7180,684
7181,534
7182,411
7183,318
7184,415
7185,546
7186,646
7187,604
7188,463
7189,357
7190,338
7191,490
7192,603
7193,690
7194,523
7195,403
7196,312
7197,425
7198,554
7199,652
7200,592
7201,454
7202,352
7203,350
7204,499
7205,608
7206,694
7207,512
7208,395
7209,306
7210,435
7211,562
7212,658
7213,580
7214,447
7215,345
7216,365
7217,507
7218,617
7219,662
7220,503
7221,388
7222,301
7223,446
7224,570
7225,665
7226,570
7227,438
7228,338
7229,376
7230,517
7231,624
7232,648
7233,494
7234,381
7235,295
7236,456
7237,578
7238,671
7239,560
7240,430
7241,333
7242,388
7243,526
7244,631
7245,635
7246,485
7247,374
7248,288
7249,467
7250,585
7251,676
7252,548
7253,421
7254,327
7255,399
7256,533
7257,636
7258,620
7259,476
7260,367
7261,318
7262,477
7263,593
7264,682
7265,539
7266,414
7267,320
7268,410
7269,542
7270,643
7271,609
7272,466
7273,360
7274,332
7275,486
7276,600
7277,688
7278,528
7279,406
7280,315
7281,421
7282,551
7283,650
7284,598
7285,458
7286,354
7287,345
7288,495
7289,607
7290,693
7291,517
7292,398
7293,309
7294,431
7295,559
7296,656
7297,588
7298,452
7299,349
7300,360
7301,504
7302,614
7303,668
7304,507
7305,391
7306,303
7307,441
7308,566
7309,662
7310,575
7311,442
7312,341
7313,370
7314,513
7315,621
7316,654
7317,498
7318,384
7319,298
7320,452
7321,574
7322,668
7323,564
7324,433
7325,335
7326,382
7327,522
7328,627
7329,640
7330,489
7331,377
7332,292
7333,463
7334,582
7335,674
7336,553
7337,424
7338,328
7339,394
7340,529
7341,633
7342,626
7343,481
7344,371
7345,312
7346,473
7347,589
7348,680
7349,543
7350,417
7351,323
7352,405
7353,539
7354,641
7355,615
7356,470
7357,363
7358,326
7359,482
7360,597
7361,686
7362,533
7363,410
7364,318
7365,416
7366,547
7367,647
7368,603
7369,462
7370,356
7371,339
7372,491
7373,603
7374,691
7375,521
7376,402
7377,311
7378,426
7379,555
7380,653
7381,591
7382,454
7383,351
7384,354
7385,499
7386,610
7387,695
7388,511
7389,394
7390,306
7391,437
7392,563
7393,659
7394,580
7395,445
7396,344
7397,365
7398,510
7399,618
7400,661
7401,502
7402,387
7403,300
7404,447
7405,571
7406,665
7407,568
7408,436
7409,337
7410,376
7411,517
7412,624
7413,646
7414,492
7415,380
7416,295
7417,458
7418,578
7419,671
7420,558
7421,428
7422,331
7423,388
7424,526
7425,631
7426,632
7427,485
7428,374
7429,288
7430,468
7431,586
7432,677
7433,548
7434,421
7435,325
7436,400
7437,535
7438,638
7439,620
7440,474
7441,366
7442,319
7443,478
7444,594
7445,683
7446,537
7447,413
7448,320
7449,411
7450,543
7451,644
7452,608
7453,465
7454,359
7455,333
7456,487
7457,600
7458,688
7459,527
7460,405
7461,314
7462,422
7463,552
7464,650
7465,596
7466,457
7467,353
7468,349
7469,495
7470,607
7471,693
7472,517
7473,397
7474,308
7475,432
7476,560
7477,657
7478,585
7479,449
7480,347
7481,360
7482,506
7483,615
7484,666
7485,506
7486,390
7487,302
7488,443
7489,567
7490,663
7491,574
7492,440
7493,340
7494,372
7495,514
7496,622
7497,653
7498,497
7499,383
7500,297
7501,453
7502,575
7503,669
7504,564
7505,432
7506,334
7507,384
7508,523
7509,629
7510,636
7511,488
7512,378
7513,292
7514,463
7515,582
7516,674
7517,552
7518,425
7519,328
7520,393
7521,530
7522,634
7523,625
7524,479
7525,369
7526,315
7527,472
7528,590
7529,680
7530,541
7531,416
7532,322
7533,406
7534,540
7535,641
7536,613
7537,469
7538,362
7539,327
7540,483
7541,597
7542,686
7543,531
7544,408
7545,317
7546,417
7547,548
7548,648
7549,602
7550,461
7551,356
7552,345
7553,492
7554,604
7555,691
7556,521
7557,401
7558,310
7559,428
7560,556
7561,654
7562,590
7563,452
7564,350
7565,354
7566,501
7567,611
7568,696
7569,510
7570,393
7571,305
7572,438
7573,564
7574,660
7575,578
7576,444
7577,343
7578,366
7579,510
7580,618
7581,660
7582,501
7583,387
7584,300
7585,449
7586,572
7587,666
7588,568
7589,435
7590,336
7591,378
7592,519
7593,625
7594,645
7595,492
7596,380
7597,295
7598,460
7599,579
7600,671
7601,557
7602,428
7603,331
7604,390
7605,528
7606,632
7607,631
7608,483
7609,372
7610,287
7611,470
7612,587
7613,678
7614,546
7615,420
7616,325
7617,401
7618,536
7619,638
7620,618
7621,473
7622,365
7623,320
7624,479
7625,594
7626,683
7627,536
7628,412
7629,319
7630,412
7631,544
7632,645
7633,607
7634,465
7635,359
7636,335
7637,488
7638,600
7639,688
7640,524
7641,405
7642,314
7643,424
7644,552
7645,651
7646,595
7647,456
7648,352
7649,349
7650,497
7651,608
7652,694
7653,515
7654,396
7655,307
7656,433
7657,560
7658,657
7659,584
7660,449
7661,346
7662,362
7663,506
7664,615
7665,666
7666,505
7667,390
7668,302
7669,444
7670,568
7671,663
7672,572
7673,439
7674,339
7675,373
7676,515
7677,622
7678,651
7679,496
7680,383
7681,297
7682,454
7683,575
7684,669
7685,562
7686,432
7687,334
7688,385
7689,524
7690,628
7691,637
7692,487
7693,376
7694,289
7695,465
7696,584
7697,675
7698,551
7699,423
7700,328
7701,396
7702,532
7703,636
7704,624
7705,477
7706,368
7707,315
7708,474
7709,591
7710,681
7711,541
7712,416
7713,322
7714,408
7715,541
7716,642
7717,613
7718,469
7719,362
7720,328
7721,483
7722,598
7723,686
7724,528
7725,408
7726,316
7727,419
7728,547
7729,648
7730,600
7731,460
7732,355
7733,343
7734,493
7735,605
7736,692
7737,519
7738,400
7739,310
7740,429
7741,557
7742,654
7743,589
7744,452
7745,349
7746,356
7747,502
7748,613
7749,672
7750,510
7751,393
7752,304
7753,439
7754,565
7755,661
7756,577
7757,443
7758,342
7759,368
7760,511
7761,619
7762,657
7763,500
7764,386
7765,300
7766,451
7767,572
7768,666
7769,565
7770,435
7771,337
7772,379
7773,520
7774,626
7775,643
7776,490
7777,378
7778,294
7779,461
7780,580
7781,672
7782,556
7783,427
7784,331
7785,391
7786,528
7787,632
7788,630
7789,481
7790,371
7791,286
7792,470
7793,587
7794,678
7795,545
7796,419
7797,325
7798,403
7799,537
7800,639
7801,618
7802,472
7803,364
7804,322
7805,480
7806,595
7807,684
7808,533
7809,411
7810,319
7811,414
7812,544
7813,645
7814,606
7815,464
7816,358
7817,337
7818,489
7819,602
7820,690
7821,525
7822,403
7823,312
7824,423
7825,553
7826,651
7827,594
7828,455
7829,352
7830,350
7831,498
7832,609
7833,694
7834,514
7835,396
7836,307
7837,435
7838,561
7839,658
7840,582
7841,447
7842,345
7843,362
7844,508
7845,616
7846,664
7847,505
7848,389
7849,301
7850,445
7851,569
7852,663
7853,570
7854,439
7855,339
7856,375
7857,516
7858,623
7859,649
7860,495
7861,382
7862,296
7863,455
7864,577
7865,670
7866,561
7867,431
7868,333
7869,386
7870,525
7871,630
7872,636
7873,485
7874,374
7875,288
7876,466
7877,584
7878,676
7879,550
7880,422
7881,327
7882,398
7883,533
7884,636
7885,623
7886,476
7887,367
7888,317
7889,475
7890,592
7891,681
7892,539
7893,414
7894,322
7895,410
7896,541
7897,642
7898,610
7899,469
7900,361
7901,331
7902,485
7903,599
7904,687
7905,529
7906,406
7907,315
7908,419
7909,549
7910,649
7911,599
7912,460
7913,354
7914,344
7915,494
7916,606
7917,692
7918,518
7919,399
7920,309
7921,430
7922,558
7923,655
7924,587
7925,451
7926,348
7927,356
7928,503
7929,613
7930,669
7931,508
7932,392
7933,304
7934,441
7935,566
7936,661
7937,575
7938,443
7939,343
7940,370
7941,511
7942,620
7943,656
7944,499
7945,385
7946,299
7947,451
7948,574
7949,667
7950,566
7951,435
7952,336
7953,381
7954,521
7955,627
7956,642
7957,489
7958,378
7959,292
7960,462
7961,581
7962,673
7963,554
7964,426
7965,330
7966,392
7967,529
7968,633
7969,628
7970,480
7971,370
7972,285
7973,471
7974,588
7975,679
7976,544
7977,418
7978,324
7979,405
7980,537
7981,639
7982,615
7983,473
7984,365
7985,324
7986,481
7987,596
7988,685
7989,533
7990,410
7991,317
7992,414
7993,546
7994,646
7995,604
7996,464
7997,358
7998,338
7999,491
8000,603
8001,690
8002,523
8003,403
8004,312
8005,425
8006,554
8007,653
8008,592
8009,454
8010,351
8011,351
8012,499
8013,610
8014,695
8015,513
8016,395
8017,307
8018,436
8019,562
8020,659
8021,581
8022,447
8023,345
8024,365
8025,509
8026,616
8027,661
8028,503
8029,388
8030,301
8031,446
8032,570
8033,664
8034,570
8035,437
8036,338
8037,376
8038,517
8039,623
8040,648
8041,493
8042,381
8043,295
8044,456
8045,577
8046,670
8047,560
8048,430
8049,333
8050,388
8051,526
8052,631
8053,635
8054,484
8055,374
8056,288
8057,467
8058,585
8059,676
8060,549
8061,422
8062,327
8063,398
8064,534
8065,636
8066,620
8067,477
8068,368
8069,319
8070,476
8071,592
8072,682
8073,538
8074,413
8075,320
8076,410
8077,542
8078,644
8079,609
8080,467
8081,361
8082,332
8083,486
8084,599
8085,688
8086,527
8087,406
8088,314
8089,420
8090,550
8091,650
8092,598
8093,458
8094,354
8095,346
8096,495
8097,606
8098,693
8099,517
8100,399
8101,309
8102,431
8103,559
8104,656
8105,588
8106,450
8107,348
8108,360
8109,504
8110,614
8111,668
8112,509
8113,392
8114,304
8115,442
8116,567
8117,662
8118,575
8119,441
8120,341
8121,370
8122,513
8123,620
8124,654
8125,497
8126,384
8127,298
8128,452
8129,574
8130,668
8131,564
8132,433
8133,335
8134,382
8135,521
8136,627
8137,640
8138,488
8139,376
8140,292
8141,462
8142,582
8143,674
8144,553
8145,425
8146,329
8147,394
8148,531
8149,634
8150,626
8151,481
8152,370
8153,285
8154,471
8155,588
8156,680
8157,542
8158,417
8159,323
8160,405
8161,539
8162,641
8163,615
8164,472
8165,364
8166,326
8167,482
8168,597
8169,685
8170,532
8171,409
8172,317
8173,415
8174,547
8175,647
8176,603
8177,463
8178,357
8179,340
8180,491
8181,604
8182,691
8183,522
8184,402
8185,311
8186,427
8187,555
8188,653
8189,591
8190,453
8191,350
8192,354
8193,500
8194,611
8195,695
8196,512
8197,394
8198,306
8199,437
8200,563
8201,659
8202,580
8203,445
8204,344
8205,365
8206,509
8207,617
8208,660
8209,502
8210,388
8211,300
8212,448
8213,571
8214,665
8215,569
8216,437
8217,339
8218,377
8219,518
8220,624
8221,646
8222,492
8223,380
8224,295
8225,457
8226,578
8227,671
8228,558
8229,429
8230,333
8231,389
8232,527
8233,631
8234,633
8235,484
8236,373
8237,288
8238,466
8239,584
8240,676
8241,547
8242,420
8243,326
8244,400
8245,535
8246,638
8247,620
8248,474
8249,367
8250,319
8251,478
8252,593
8253,683
8254,537
8255,412
8256,319
8257,411
8258,543
8259,644
8260,608
8261,466
8262,360
8263,335
8264,487
8265,600
8266,688
8267,527
8268,405
8269,314
8270,422
8271,552
8272,650
8273,596
8274,457
8275,353
8276,347
8277,496
8278,608
8279,694
8280,517
8281,399
8282,309
8283,434
8284,559
8285,657
8286,585
8287,448
8288,346
8289,359
8290,505
8291,614
8292,664
8293,508
8294,391
8295,303
8296,443
8297,568
8298,663
8299,574
8300,441
8301,340
8302,372
8303,514
8304,622
8305,653
8306,496
8307,383
8308,297
8309,453
8310,575
8311,669
8312,564
8313,433
8314,335
8315,384
8316,524
8317,629
8318,639
8319,488
8320,376
8321,290
8322,464
8323,583
8324,675
8325,552
8326,424
8327,329
8328,395
8329,531
8330,634
8331,626
8332,479
8333,370
8334,314
8335,474
8336,590
8337,680
8338,541
8339,416
8340,323
8341,405
8342,539
8343,641
8344,613
8345,470
8346,363
8347,328
8348,483
8349,597
8350,686
8351,531
8352,408
8353,317
8354,417
8355,548
8356,648
8357,602
8358,461
8359,356
8360,341
8361,492
8362,604
8363,691
8364,520
8365,401
8366,311
8367,429
8368,555
8369,654
8370,590
8371,452
8372,349
8373,354
8374,501
8375,611
8376,696
8377,510
8378,394
8379,305
8380,439
8381,564
8382,660
8383,579
8384,444
8385,343
8386,366
8387,510
8388,618
8389,659
8390,500
8391,386
8392,300
8393,448
8394,572
8395,666
8396,567
8397,436
8398,337
8399,379
8400,519
8401,624
8402,645
8403,492
8404,379
8405,294
8406,458
8407,578
8408,671
8409,556
8410,428
8411,332
8412,390
8413,528
8414,632
8415,632
8416,483
8417,373
8418,287
8419,468
8420,586
8421,678
8422,546
8423,419
8424,324
8425,401
8426,536
8427,638
8428,619
8429,474
8430,366
8431,321
8432,479
8433,594
8434,683
8435,536
8436,412
8437,319
8438,412
8439,544
8440,645
8441,607
8442,464
8443,359
8444,334
8445,487
8446,601
8447,688
8448,524
8449,404
8450,313
8451,422
8452,551
8453,650
8454,595
8455,455
8456,352
8457,348
8458,497
8459,608
8460,694
8461,515
8462,397
8463,308
8464,434
8465,560
8466,657
8467,584
8468,448
8469,347
8470,361
8471,506
8472,616
8473,666
8474,505
8475,390
8476,302
8477,444
8478,569
8479,664
8480,572
8481,439
8482,341
8483,373
8484,516
8485,622
8486,651
8487,495
8488,384
8489,296
8490,454
8491,576
8492,669
8493,561
8494,432
8495,334
8496,385
8497,524
8498,628
8499,638
8500,487
8501,376
8502,290
8503,465
8504,583
8505,675
8506,551
8507,423
8508,327
8509,397
8510,532
8511,636
8512,625
8513,478
8514,369
8515,315
8516,475
8517,591
8518,681
8519,540
8520,415
8521,321
8522,407
8523,540
8524,642
8525,612
8526,469
8527,362
8528,329
8529,484
8530,598
8531,687
8532,531
8533,408
8534,315
8535,418
8536,548
8537,647
8538,598
8539,460
8540,354
8541,342
8542,493
8543,605
8544,692
8545,519
8546,400
8547,311
8548,430
8549,557
8550,654
8551,588
8552,451
8553,349
8554,355
8555,502
8556,612
8557,672
8558,509
8559,393
8560,304
8561,439
8562,565
8563,661
8564,578
8565,443
8566,343
8567,368
8568,511
8569,619
8570,657
8571,499
8572,385
8573,298
8574,450
8575,572
8576,667
8577,567
8578,436
8579,337
8580,381
8581,519
8582,626
8583,643
8584,491
8585,379
8586,293
8587,461
8588,580
8589,672
8590,555
8591,427
8592,330
8593,391
8594,528
8595,632
8596,630
8597,481
8598,372
8599,286
8600,470
8601,587
8602,678
8603,544
8604,418
8605,324
8606,402
8607,537
8608,639
8609,618
8610,473
8611,366
8612,323
8613,480
8614,595
8615,684
8616,535
8617,411
8618,319
8619,415
8620,544
8621,645
8622,604
8623,464
8624,359
8625,336
8626,489
8627,602
8628,690
8629,525
8630,404
8631,313
8632,424
8633,554
8634,652
8635,593
8636,455
8637,351
8638,349
8639,498
8640,609
8641,694
8642,514
8643,396
8644,307
8645,435
8646,561
8647,658
8648,582
8649,447
8650,346
8651,362
8652,507
8653,616
8654,664
8655,503
8656,388
8657,301
8658,445
8659,569
8660,664
8661,571
8662,440
8663,340
8664,376
8665,516
8666,622
8667,648
8668,495
8669,382
8670,296
8671,455
8672,576
8673,670
8674,561
8675,431
8676,333
8677,386
8678,525
8679,630
8680,636
8681,486
8682,375
8683,289
8684,466
8685,584
8686,676
8687,550
8688,422
8689,326
8690,397
8691,533
8692,636
8693,623
8694,477
8695,368
8696,317
8697,476
8698,592
8699,682
8700,540
8701,415
8702,321
8703,408
8704,541
8705,642
8706,609
8707,468
8708,362
8709,332
8710,484
8711,599
8712,687
8713,529
8714,407
8715,316
8716,419
8717,550
8718,649
8719,599
8720,459
8721,354
8722,344
8723,494
8724,606
8725,692
8726,518
8727,399
8728,310
8729,430
8730,558
8731,655
8732,588
8733,451
8734,348
8735,357
8736,503
8737,613
8738,670
8739,508
8740,392
8741,304
8742,440
8743,565
8744,661
8745,576
8746,442
8747,342
8748,371
8749,511
8750,619
8751,654
8752,499
8753,384
8754,298
8755,449
8756,573
8757,667
8758,564
8759,433
8760,335
8761,381
8762,521
8763,626
8764,642
8765,489
8766,378
8767,292
8768,462
8769,581
8770,673
8771,555
8772,425
8773,329
8774,392
8775,528
8776,633
8777,628
8778,480
8779,371
8780,285
8781,471
8782,588
8783,679
8784,544
8785,418
8786,324
8787,403
8788,538
8789,640
8790,615
8791,472
8792,364
8793,326
8794,480
8795,595
8796,685
8797,534
8798,410
8799,318
8800,415
8801,546
8802,646
8803,604
8804,463
8805,357
8806,338
8807,490
8808,603
8809,690
8810,522
8811,403
8812,312
8813,425
8814,554
8815,652
8816,593
8817,455
8818,351
8819,351
8820,499
8821,610
8822,695
8823,512
8824,395
8825,306
8826,436
8827,562
8828,659
8829,581
8830,446
8831,345
8832,365
8833,508
8834,616
8835,660
8836,503
8837,388
8838,301
8839,446
8840,570
8841,664
8842,570
8843,437
8844,338
8845,376
8846,517
8847,624
8848,649
8849,494
8850,381
8851,296
8852,457
8853,578
8854,671
8855,560
8856,430
8857,332
8858,387
8859,525
8860,630
8861,634
8862,485
8863,374
8864,288
8865,467
8866,585
8867,677
8868,548
8869,421
8870,326
8871,398
8872,534
8873,637
8874,621
8875,475
8876,367
8877,320
8878,475
8879,591
8880,681
8881,538
8882,414
8883,321
8884,410
8885,543
8886,643
8887,609
8888,467
8889,360
8890,332
8891,486
8892,600
8893,687
8894,528
8895,406
8896,315
8897,421
8898,551
8899,650
8900,598
8901,458
8902,354
8903,346
8904,495
8905,607
8906,693
8907,517
8908,398
8909,309
8910,431
8911,558
8912,656
8913,588
8914,451
8915,348
8916,359
8917,505
8918,614
8919,668
8920,509
8921,392
8922,304
8923,443
8924,566
8925,662
8926,575
8927,441
8928,341
8929,371
8930,513
8931,621
8932,655
8933,498
8934,384
8935,298
8936,452
8937,574
8938,668
8939,564
8940,433
8941,335
8942,382
8943,522
8944,627
8945,640
8946,489
8947,377
8948,292
8949,463
8950,582
8951,674
8952,553
8953,425
8954,328
8955,393
8956,530
8957,634
8958,627
8959,480
8960,370
8961,308
8962,472
8963,589
8964,679
8965,542
8966,417
8967,324
8968,405
8969,539
8970,640
8971,615
8972,470
8973,363
8974,326
8975,482
8976,596
8977,685
8978,533
8979,410
8980,317
8981,416
8982,547
8983,647
8984,603
8985,462
8986,356
8987,339
8988,491
8989,603
8990,691
8991,521
8992,401
8993,312
8994,426
8995,554
8996,653
8997,591
8998,453
8999,350
9000,353
9001,500
9002,611
9003,695
9004,513
9005,395
9006,306
9007,438
9008,562
9009,659
9010,580
9011,445
9012,344
9013,366
9014,509
9015,618
9016,661
9017,502
9018,387
9019,300
9020,447
9021,571
9022,666
9023,569
9024,437
9025,338
9026,377
9027,518
9028,625
9029,646
9030,493
9031,381
9032,295
9033,457
9034,579
9035,671
9036,558
9037,428
9038,331
9039,388
9040,526
9041,631
9042,633
9043,483
9044,373
9045,288
9046,467
9047,585
9048,676
9049,546
9050,422
9051,326
9052,400
9053,535
9054,638
9055,620
9056,474
9057,366
9058,319
9059,478
9060,593
9061,683
9062,537
9063,413
9064,320
9065,410
9066,543
9067,644
9068,608
9069,465
9070,359
9071,333
9072,487
9073,600
9074,688
9075,527
9076,405
9077,314
9078,422
9079,551
9080,650
9081,596
9082,458
9083,353
9084,348
9085,496
9086,608
9087,693
9088,516
9089,398
9090,308
9091,433
9092,559
9093,656
9094,585
9095,449
9096,347
9097,360
9098,505
9099,615
9100,666
9101,506
9102,390
9103,303
9104,443
9105,568
9106,663
9107,573
9108,440
9109,340
9110,372
9111,514
9112,622
9113,652
9114,497
9115,383
9116,297
9117,453
9118,575
9119,669
9120,563
9121,432
9122,334
9123,384
9124,523
9125,628
9126,639
9127,488
9128,377
9129,290
9130,464
9131,583
9132,674
9133,553
9134,425
9135,329
9136,396
9137,531
9138,635
9139,626
9140,478
9141,369
9142,313
9143,473
9144,590
9145,680
9146,542
9147,416
9148,322
9149,406
9150,540
9151,641
9152,613
9153,469
9154,362
9155,327
9156,483
9157,597
9158,686
9159,532
9160,408
9161,317
9162,417
9163,548
9164,648
9165,602
9166,461
9167,356
9168,340
9169,492
9170,604
9171,690
9172,520
9173,400
9174,311
9175,427
9176,555
9177,653
9178,589
9179,454
9180,350
9181,354
9182,502
9183,612
9184,696
9185,511
9186,394
9187,305
9188,438
9189,563
9190,660
9191,578
9192,444
9193,343
9194,366
9195,510
9196,618
9197,659
9198,501
9199,386
9200,300
9201,449
9202,572
9203,666
9204,567
9205,435
9206,336
9207,378
9208,519
9209,625
9210,645
9211,492
9212,380
9213,294
9214,460
9215,579
9216,672
9217,556
9218,429
9219,332
9220,391
9221,527
9222,632
9223,632
9224,482
9225,373
9226,287
9227,469
9228,587
9229,678
9230,546
9231,421
9232,325
9233,401
9234,536
9235,638
9236,619
9237,473
9238,365
9239,321
9240,479
9241,594
9242,683
9243,536
9244,412
9245,319
9246,413
9247,544
9248,645
9249,607
9250,465
9251,359
9252,335
9253,488
9254,601
9255,689
9256,526
9257,404
9258,313
9259,423
9260,550
9261,650
9262,593
9263,457
9264,353
9265,348
9266,497
9267,609
9268,694
9269,515
9270,396
9271,307
9272,432
9273,559
9274,657
9275,583
9276,447
9277,346
9278,361
9279,506
9280,615
9281,666
9282,505
9283,390
9284,302
9285,444
9286,568
9287,663
9288,572
9289,439
9290,339
9291,373
9292,515
9293,622
9294,651
9295,496
9296,383
9297,297
9298,454
9299,576
9300,669
9301,561
9302,432
9303,334
9304,386
9305,523
9306,628
9307,636
9308,486
9309,375
9310,289
9311,465
9312,583
9313,675
9314,551
9315,423
9316,328
9317,397
9318,532
9319,636
9320,625
9321,477
9322,368
9323,315
9324,475
9325,591
9326,681
9327,541
9328,415
9329,322
9330,407
9331,541
9332,642
9333,612
9334,469
9335,362
9336,329
9337,484
9338,598
9339,687
9340,530
9341,408
9342,316
9343,418
9344,549
9345,648
9346,599
9347,461
9348,356
9349,344
9350,492
9351,605
9352,692
9353,519
9354,400
9355,310
9356,429
9357,557
9358,654
9359,589
9360,452
9361,349
9362,356
9363,502
9364,612
9365,672
9366,510
9367,393
9368,305
9369,440
9370,565
9371,661
9372,577
9373,443
9374,342
9375,367
9376,510
9377,618
9378,657
9379,500
9380,386
9381,299
9382,450
9383,572
9384,667
9385,566
9386,435
9387,336
9388,381
9389,519
9390,625
9391,642
9392,492
9393,378
9394,294
9395,461
9396,580
9397,672
9398,556
9399,427
9400,330
9401,391
9402,527
9403,632
9404,630
9405,481
9406,371
9407,285
9408,470
9409,587
9410,678
9411,545
9412,419
9413,325
9414,403
9415,537
9416,639
9417,618
9418,472
9419,365
9420,322
9421,480
9422,595
9423,684
9424,535
9425,411
9426,318
9427,413
9428,545
9429,645
9430,604
9431,465
9432,359
9433,339
9434,488
9435,601
9436,689
9437,524
9438,403
9439,312
9440,423
9441,553
9442,651
9443,594
9444,456
9445,352
9446,350
9447,498
9448,609
9449,694
9450,514
9451,396
9452,307
9453,435
9454,561
9455,658
9456,582
9457,447
9458,345
9459,362
9460,507
9461,616
9462,664
9463,504
9464,389
9465,302
9466,445
9467,569
9468,664
9469,571
9470,438
9471,339
9472,375
9473,515
9474,622
9475,648
9476,496
9477,383
9478,296
9479,455
9480,576
9481,670
9482,561
9483,431
9484,333
9485,386
9486,525
9487,630
9488,636
9489,485
9490,374
9491,288
9492,466
9493,584
9494,676
9495,550
9496,423
9497,327
9498,398
9499,533
9500,636
9501,623
9502,476
9503,368
9504,317
9505,475
9506,591
9507,681
9508,539
9509,414
9510,321
9511,408
9512,541
9513,643
9514,611
9515,468
9516,362
9517,332
9518,484
9519,598
9520,687
9521,529
9522,406
9523,315
9524,419
9525,549
9526,649
9527,599
9528,459
9529,355
9530,344
9531,494
9532,606
9533,692
9534,518
9535,399
9536,309
9537,430
9538,558
9539,655
9540,587
9541,450
9542,348
9543,357
9544,503
9545,613
9546,670
9547,508
9548,392
9549,304
9550,441
9551,566
9552,661
9553,576
9554,442
9555,341
9556,369
9557,512
9558,619
9559,654
9560,500
9561,386
9562,299
9563,452
9564,574
9565,667
9566,565
9567,434
9568,336
9569,381
9570,521
9571,627
9572,642
9573,490
9574,377
9575,292
9576,462
9577,581
9578,673
9579,554
9580,427
9581,330
9582,392
9583,529
9584,633
9585,628
9586,480
9587,370
9588,284
9589,471
9590,588
9591,679
9592,543
9593,418
9594,323
9595,404
9596,538
9597,640
9598,617
9599,473
9600,365
9601,325
9602,480
9603,595
9604,684
9605,532
9606,410
9607,318
9608,415
9609,546
9610,646
9611,604
9612,463
9613,358
9614,338
9615,490
9616,603
9617,690
9618,522
9619,402
9620,312
9621,425
9622,554
9623,652
9624,592
9625,455
9626,351
9627,351
9628,499
9629,610
9630,695
9631,513
9632,395
9633,307
9634,436
9635,562
9636,659
9637,581
9638,445
9639,344
9640,363
9641,508
9642,617
9643,661
9644,504
9645,389
9646,302
9647,448
9648,569
9649,665
9650,570
9651,438
9652,338
9653,376
9654,517
9655,623
9656,648
9657,493
9658,381
9659,295
9660,456
9661,578
9662,670
9663,560
9664,431
9665,333
9666,388
9667,526
9668,631
9669,634
9670,484
9671,374
9672,288
9673,467
9674,585
9675,676
9676,549
9677,421
9678,326
9679,398
9680,534
9681,636
9682,622
9683,476
9684,367
9685,318
9686,475
9687,591
9688,681
9689,536
9690,414
9691,320
9692,409
9693,542
9694,643
9695,609
9696,467
9697,361
9698,333
9699,486
9700,600
9701,687
9702,528
9703,406
9704,314
9705,420
9706,551
9707,650
9708,597
9709,458
9710,354
9711,346
9712,495
9713,607
9714,693
9715,517
9716,399
9717,309
9718,431
9719,559
9720,656
9721,588
9722,451
9723,348
9724,359
9725,505
9726,614
9727,668
9728,508
9729,392
9730,305
9731,443
9732,566
9733,662
9734,575
9735,441
9736,341
9737,370
9738,513
9739,621
9740,654
9741,497
9742,384
9743,298
9744,452
9745,574
9746,668
9747,564
9748,433
9749,335
9750,383
9751,522
9752,627
9753,640
9754,488
9755,376
9756,292
9757,462
9758,582
9759,674
9760,554
9761,425
9762,329
9763,394
9764,531
9765,634
9766,628
9767,480
9768,370
9769,312
9770,473
9771,590
9772,679
9773,541
9774,418
9775,324
9776,406
9777,538
9778,640
9779,615
9780,471
9781,364
9782,326
9783,482
9784,597
9785,686
9786,532
9787,409
9788,317
9789,414
9790,546
9791,647
9792,602
9793,462
9794,357
9795,340
9796,491
9797,604
9798,691
9799,522
9800,402
9801,311
9802,427
9803,555
9804,653
9805,591
9806,453
9807,350
9808,352
9809,500
9810,611
9811,695
9812,512
9813,395
9814,307
9815,438
9816,562
9817,659
9818,578
9819,445
9820,343
9821,365
9822,509
9823,617
9824,660
9825,502
9826,387
9827,300
9828,447
9829,571
9830,665
9831,569
9832,437
9833,338
9834,377
9835,518
9836,625
9837,646
9838,492
9839,380
9840,294
9841,458
9842,578
9843,671
9844,559
9845,429
9846,332
9847,389
9848,527
9849,631
9850,633
9851,483
9852,373
9853,287
9854,468
9855,586
9856,677
9857,546
9858,421
9859,326
9860,401
9861,534
9862,636
9863,620
9864,475
9865,366
9866,319
9867,478
9868,594
9869,682
9870,536
9871,413
9872,320
9873,411
9874,543
9875,644
9876,608
9877,466
9878,360
9879,334
9880,487
9881,601
9882,688
9883,527
9884,405
9885,314
9886,422
9887,551
9888,650
9889,596
9890,457
9891,353
9892,346
9893,495
9894,607
9895,693
9896,516
9897,398
9898,308
9899,434
9900,559
9901,656
9902,585
9903,450
9904,348
9905,360
9906,506
9907,615
9908,666
9909,506
9910,391
9911,303
9912,443
9913,567
9914,663
9915,574
9916,441
9917,341
9918,372
9919,514
9920,622
9921,653
9922,496
9923,383
9924,297
9925,453
9926,575
9927,669
9928,564
9929,433
9930,335
9931,384
9932,523
9933,628
9934,639
9935,487
9936,376
9937,290
9938,464
9939,582
9940,675
9941,552
9942,425
9943,329
9944,397
9945,530
9946,634
9947,625
9948,479
9949,370
9950,314
9951,474
9952,590
9953,680
9954,541
9955,416
9956,322
9957,406
9958,539
9959,642
9960,614
9961,470
9962,363
9963,328
9964,483
9965,597
9966,686
9967,532
9968,408
9969,316
9970,417
9971,548
9972,648
9973,601
9974,461
9975,356
9976,341
9977,492
9978,604
9979,691
9980,520
9981,401
9982,311
9983,428
9984,556
9985,653
9986,588
9987,453
9988,350
9989,355
9990,500
9991,611
9992,696
9993,510
9994,394
9995,305
9996,437
9997,563
9998,660
9999,579
10000,444
