1,8
2,20
3,31
4,39
5,49
6,61
7,70
8,79
9,91
10,101
11,109
12,120
13,130
14,138
15,148
16,160
17,169
18,178
19,190
20,199
21,207
22,218
23,229
24,237
25,247
26,258
27,267
28,276
29,288
30,297
31,305
32,316
33,327
34,335
35,345
36,356
37,365
38,374
39,386
40,395
41,403
42,414
43,425
44,433
45,443
46,454
47,463
48,472
49,484
50,493
51,492
52,492
53,492
54,491
55,491
56,491
57,490
58,490
59,490
60,490
61,490
62,490
63,490
64,490
65,490
66,490
67,489
68,490
69,490
70,489
71,490
72,490
73,490
74,490
75,490
76,489
77,489
78,489
79,490
80,489
81,490
82,490
83,490
84,489
85,490
86,489
87,489
88,489
89,490
90,489
91,490
92,490
93,490
94,489
95,490
96,489
97,489
98,489
99,490
100,489
101,490
102,490
103,490
104,490
105,490
106,490
107,489
108,490
109,490
110,489
111,490
112,490
113,490
114,490
115,490
116,489
117,489
118,489
119,490
120,489
121,490
122,490
123,490
124,489
125,490
126,489
127,489
128,490
129,490
130,489
131,490
132,490
133,490
134,490
135,490
136,489
137,489
138,489
139,490
140,489
141,490
142,490
143,490
144,489
145,490
146,489
147,489
148,489
149,490
150,489
151,490
152,490
153,489
154,489
155,489
156,489
157,489
158,489
159,489
160,489
161,489
162,490
163,489
164,489
165,489
166,489
167,489
168,489
169,489
170,489
171,490
172,490
173,489
174,489
175,489
176,489
177,489
178,489
179,489
180,489
181,489
182,490
183,489
184,489
185,489
186,489
187,489
188,489
189,489
190,489
191,489
192,489
193,489
194,489
195,490
196,489
197,489
198,489
199,489
200,489
201,489
202,489
203,489
204,489
205,490
206,489
207,489
208,489
209,489
210,489
211,489
212,489
213,489
214,489
215,490
216,489
217,489
218,489
219,489
220,488
221,489
222,489
223,489
224,489
225,489
226,489
227,489
228,489
229,489
230,488
231,489
232,489
233,489
234,489
235,490
236,489
237,489
238,489
239,489
240,489
241,489
242,489
243,489
244,489
245,490
246,489
247,489
248,489
249,489
250,489
251,489
252,489
253,489
254,489
255,490
256,489
257,489
258,489
259,489
260,489
261,489
262,489
263,489
264,490
265,490
266,490
267,489
268,490
269,489
270,489
271,489
272,489
273,489
274,490
275,490
276,490
277,489
278,490
279,489
280,489
281,489
282,490
283,489
284,490
285,490
286,490
287,489
288,490
289,489
290,489
291,489
292,490
293,489
294,490
295,490
296,490
297,489
298,490
299,489
300,489
301,489
302,490
303,489
304,490
305,490
306,490
307,489
308,490
309,489
310,489
311,489
312,490
313,489
314,490
315,490
316,490
317,489
318,490
319,489
320,489
321,489
322,489
323,489
324,489
325,490
326,489
327,489
328,489
329,489
330,489
331,489
332,489
333,489
334,489
335,489
336,489
337,489
338,489
339,489
340,489
341,489
342,489
343,489
344,489
345,490
346,489
347,489
348,489
349,489
350,489
351,489
352,489
353,489
354,489
355,490
356,489
357,489
358,489
359,489
360,489
361,489
362,489
363,489
364,489
365,490
366,489
367,489
368,489
369,489
370,489
371,489
372,489
373,489
374,490
375,490
376,490
377,489
378,490
379,489
380,489
381,489
382,490
383,489
384,490
385,490
386,490
387,489
388,490
389,489
390,489
391,489
392,489
393,489
394,490
395,490
396,489
397,490
398,490
399,490
400,490
401,490
402,489
403,489
404,489
405,490
406,489
407,490
408,490
409,490
410,490
411,490
412,489
413,489
414,489
415,490
416,489
417,490
418,490
419,490
420,490
421,490
422,489
423,489
424,489
425,490
426,489
427,490
428,490
429,490
430,490
431,490
432,489
433,489
434,490
435,490
436,489
437,490
438,490
439,490
440,490
441,490
442,489
443,489
444,490
445,490
446,489
447,490
448,490
449,490
450,490
451,490
452,489
453,489
454,489
455,490
456,489
457,490
458,490
459,490
460,490
461,490
462,489
463,489
464,489
465,490
466,489
467,490
468,490
469,490
470,489
471,490
472,489
473,489
474,489
475,489
476,489
477,490
478,490
479,489
480,489
481,489
482,489
483,489
484,489
485,489
486,489
487,489
488,490
489,489
490,489
491,489
492,489
493,489
494,489
495,489
496,489
497,490
498,490
499,490
500,489
501,490
502,489
503,489
504,489
505,490
506,489
507,490
508,490
509,490
510,490
511,490
512,490
513,489
514,490
515,490
516,490
517,490
518,490
519,490
520,490
521,490
522,490
523,490
524,490
525,490
526,490
527,490
528,490
529,490
530,490
531,490
532,490
533,490
534,490
535,490
536,490
537,490
538,490
539,490
540,490
541,490
542,490
543,490
544,490
545,490
546,490
547,490
548,490
549,490
550,490
551,490
552,490
553,489
554,490
555,490
556,490
557,490
558,490
559,490
560,489
561,490
562,489
563,489
564,489
565,490
566,489
567,490
568,490
569,490
570,489
571,490
572,489
573,489
574,489
575,489
576,489
577,489
578,490
579,489
580,489
581,489
582,489
583,489
584,489
585,489
586,489
587,489
588,490
589,489
590,489
591,489
592,489
593,489
594,489
595,489
596,489
597,489
598,490
599,489
600,489
601,489
602,489
603,489
604,489
605,489
606,489
607,489
608,490
609,489
610,490
611,490
612,490
613,490
614,490
615,489
616,489
617,490
618,490
619,489
620,490
621,490
622,490
623,490
624,490
625,489
626,489
627,489
628,490
629,489
630,490
631,490
632,490
633,490
634,490
635,489
636,489
637,489
638,490
639,489
640,490
641,490
642,490
643,490
644,490
645,489
646,489
647,489
648,490
649,489
650,490
651,490
652,490
653,490
654,490
655,489
656,489
657,489
658,489
659,489
660,490
661,490
662,489
663,489
664,490
665,489
666,489
667,489
668,489
669,489
670,490
671,490
672,489
673,489
674,490
675,489
676,489
677,489
678,490
679,489
680,490
681,490
682,490
683,489
684,490
685,489
686,489
687,489
688,489
689,489
690,490
691,490
692,489
693,489
694,489
695,489
696,489
697,489
698,489
699,489
700,489
701,490
702,489
703,489
704,490
705,489
706,489
707,489
708,489
709,489
710,490
711,490
712,489
713,489
714,489
715,489
716,489
717,489
718,489
719,489
720,489
721,490
722,489
723,489
724,489
725,489
726,489
727,489
728,489
729,489
730,489
731,489
732,489
733,489
734,489
735,489
736,489
737,489
738,489
739,489
740,489
741,490
742,489
743,489
744,489
745,489
746,489
747,489
748,489
749,489
750,489
751,490
752,489
753,489
754,489
755,489
756,489
757,489
758,489
759,489
760,489
761,490
762,489
763,489
764,489
765,489
766,489
767,489
768,489
769,489
770,489
771,490
772,489
773,489
774,489
775,489
776,489
777,489
778,489
779,489
780,490
781,490
782,490
783,489
784,490
785,489
786,489
787,489
788,489
789,489
790,490
791,490
792,489
793,489
794,489
795,489
796,489
797,489
798,489
799,489
800,489
801,490
802,489
803,489
804,489
805,489
806,489
807,489
808,489
809,489
810,489
811,490
812,489
813,489
814,490
815,489
816,489
817,489
818,489
819,489
820,489
821,489
822,489
823,489
824,489
825,489
826,489
827,489
828,489
829,489
830,489
831,489
832,489
833,489
834,490
835,489
836,489
837,489
838,489
839,489
840,489
841,489
842,489
843,490
844,490
845,490
846,489
847,490
848,489
849,489
850,489
851,489
852,489
853,490
854,490
855,490
856,489
857,490
858,489
859,489
860,489
861,489
862,489
863,490
864,490
865,490
866,489
867,490
868,489
869,489
870,489
871,490
872,489
873,490
874,490
875,490
876,489
877,490
878,489
879,489
880,489
881,489
882,489
883,489
884,490
885,489
886,489
887,489
888,489
889,489
890,489
891,489
892,489
893,490
894,490
895,489
896,489
897,490
898,489
899,489
900,489
901,489
902,489
903,489
904,490
905,489
906,489
907,489
908,489
909,489
910,489
911,489
912,489
913,489
914,490
915,489
916,489
917,489
918,489
919,489
920,489
921,489
922,489
923,489
924,490
925,489
926,489
927,489
928,489
929,489
930,489
931,489
932,489
933,489
934,490
935,489
936,489
937,489
938,489
939,489
940,489
941,489
942,489
943,489
944,490
945,489
946,489
947,489
948,489
949,489
950,489
951,489
952,489
953,490
954,490
955,490
956,489
957,490
958,489
959,489
960,489
961,490
962,489
963,490
964,490
965,490
966,489
967,490
968,489
969,489
970,489
971,490
972,489
973,490
974,490
975,490
976,489
977,490
978,489
979,489
980,489
981,490
982,489
983,490
984,490
985,489
986,489
987,489
988,489
989,489
990,489
991,489
992,489
993,490
994,490
995,489
996,489
997,489
998,489
999,489
1000,489
1001,489
1002,489
1003,489
1004,490
1005,489
1006,489
1007,489
1008,489
1009,489
1010,489
1011,489
1012,489
1013,489
1014,489
1015,489
1016,489
1017,489
1018,489
1019,489
1020,489
1021,489
1022,489
1023,489
1024,489
1025,489
1026,490
1027,490
1028,490
1029,489
1030,490
1031,489
1032,489
1033,489
1034,489
1035,489
1036,490
1037,490
1038,490
1039,489
1040,490
1041,489
1042,489
1043,489
1044,489
1045,489
1046,490
1047,490
1048,490
1049,489
1050,490
1051,489
1052,489
1053,489
1054,489
1055,489
1056,490
1057,490
1058,490
1059,490
1060,490
1061,489
1062,489
1063,489
1064,489
1065,489
1066,490
1067,490
1068,490
1069,490
1070,490
1071,489
1072,489
1073,489
1074,489
1075,489
1076,490
1077,490
1078,489
1079,489
1080,490
1081,489
1082,489
1083,489
1084,489
1085,489
1086,490
1087,490
1088,490
1089,489
1090,490
1091,489
1092,489
1093,489
1094,490
1095,489
1096,490
1097,490
1098,490
1099,489
1100,490
1101,489
1102,489
1103,489
1104,490
1105,489
1106,490
1107,490
1108,490
1109,489
1110,490
1111,489
1112,489
1113,489
1114,490
1115,489
1116,490
1117,490
1118,490
1119,489
1120,490
1121,489
1122,489
1123,489
1124,490
1125,489
1126,490
1127,490
1128,490
1129,489
1130,490
1131,489
1132,489
1133,489
1134,490
1135,489
1136,490
1137,490
1138,490
1139,489
1140,490
1141,489
1142,489
1143,489
1144,490
1145,489
1146,490
1147,490
1148,490
1149,490
1150,490
1151,489
1152,489
1153,490
1154,490
1155,490
1156,490
1157,490
1158,490
1159,490
1160,490
1161,489
1162,489
1163,490
1164,490
1165,489
1166,490
1167,490
1168,490
1169,490
1170,490
1171,490
1172,489
1173,490
1174,490
1175,490
1176,490
1177,490
1178,490
1179,490
1180,490
1181,489
1182,489
1183,490
1184,490
1185,489
1186,490
1187,490
1188,490
1189,490
1190,490
1191,489
1192,489
1193,489
1194,490
1195,489
1196,490
1197,490
1198,490
1199,489
1200,490
1201,489
1202,489
1203,490
1204,490
1205,490
1206,490
1207,490
1208,490
1209,490
1210,490
1211,489
1212,489
1213,489
1214,490
1215,489
1216,490
1217,490
1218,490
1219,489
1220,490
1221,489
1222,489
1223,489
1224,490
1225,489
1226,490
1227,490
1228,490
1229,490
1230,490
1231,490
1232,489
1233,490
1234,489
1235,489
1236,489
1237,489
1238,489
1239,490
1240,490
1241,490
1242,490
1243,490
1244,489
1245,489
1246,489
1247,489
1248,489
1249,490
1250,490
1251,490
1252,490
1253,490
1254,489
1255,489
1256,489
1257,489
1258,489
1259,490
1260,490
1261,490
1262,490
1263,490
1264,489
1265,489
1266,489
1267,489
1268,489
1269,490
1270,490
1271,490
1272,490
1273,490
1274,489
1275,489
1276,489
1277,489
1278,489
1279,490
1280,490
1281,490
1282,490
1283,490
1284,490
1285,489
1286,490
1287,490
1288,489
1289,490
1290,490
1291,490
1292,490
1293,490
1294,489
1295,489
1296,489
1297,490
1298,489
1299,490
1300,490
1301,490
1302,489
1303,490
1304,489
1305,489
1306,489
1307,490
1308,489
1309,490
1310,490
1311,490
1312,489
1313,490
1314,489
1315,489
1316,489
1317,490
1318,489
1319,490
1320,490
1321,489
1322,489
1323,490
1324,489
1325,489
1326,489
1327,489
1328,489
1329,490
1330,490
1331,489
1332,489
1333,490
1334,489
1335,489
1336,489
1337,489
1338,489
1339,490
1340,490
1341,489
1342,489
1343,489
1344,489
1345,489
1346,489
1347,489
1348,489
1349,490
1350,490
1351,489
1352,489
1353,490
1354,489
1355,489
1356,489
1357,489
1358,489
1359,490
1360,490
1361,489
1362,489
1363,490
1364,489
1365,489
1366,489
1367,489
1368,489
1369,490
1370,490
1371,490
1372,489
1373,490
1374,489
1375,489
1376,489
1377,490
1378,489
1379,490
1380,490
1381,490
1382,489
1383,490
1384,489
1385,489
1386,489
1387,490
1388,489
1389,490
1390,490
1391,490
1392,489
1393,490
1394,489
1395,489
1396,489
1397,490
1398,489
1399,490
1400,490
1401,490
1402,489
1403,490
1404,489
1405,489
1406,489
1407,490
1408,489
1409,490
1410,490
1411,490
1412,489
1413,490
1414,489
1415,489
1416,489
1417,490
1418,489
1419,490
1420,490
1421,490
1422,489
1423,490
1424,489
1425,489
1426,489
1427,490
1428,489
1429,490
1430,490
1431,490
1432,489
1433,490
1434,489
1435,489
1436,489
1437,489
1438,489
1439,490
1440,490
1441,489
1442,490
1443,490
1444,490
1445,490
1446,490
1447,489
1448,489
1449,489
1450,490
1451,489
1452,490
1453,490
1454,490
1455,490
1456,490
1457,489
1458,489
1459,489
1460,490
1461,489
1462,490
1463,490
1464,490
1465,490
1466,490
1467,489
1468,489
1469,489
1470,490
1471,489
1472,490
1473,490
1474,490
1475,490
1476,490
1477,489
1478,489
1479,489
1480,490
1481,489
1482,490
1483,490
1484,490
1485,490
1486,490
1487,489
1488,489
1489,489
1490,490
1491,489
1492,490
1493,490
1494,490
1495,489
1496,490
1497,489
1498,489
1499,489
1500,490
1501,489
1502,490
1503,490
1504,490
1505,490
1506,490
1507,489
1508,489
1509,489
1510,490
1511,489
1512,490
1513,490
1514,490
1515,489
1516,490
1517,489
1518,489
1519,489
1520,490
1521,489
1522,490
1523,490
1524,490
1525,490
1526,490
1527,489
1528,489
1529,490
1530,490
1531,490
1532,490
1533,490
1534,490
1535,490
1536,490
1537,490
1538,489
1539,490
1540,490
1541,490
1542,490
1543,490
1544,490
1545,490
1546,490
1547,490
1548,489
1549,490
1550,490
1551,490
1552,490
1553,490
1554,490
1555,490
1556,490
1557,490
1558,489
1559,490
1560,490
1561,490
1562,490
1563,490
1564,490
1565,490
1566,490
1567,490
1568,489
1569,490
1570,490
1571,490
1572,490
1573,490
1574,490
1575,490
1576,490
1577,490
1578,489
1579,490
1580,490
1581,490
1582,490
1583,490
1584,490
1585,490
1586,490
1587,489
1588,489
1589,490
1590,490
1591,489
1592,490
1593,490
1594,490
1595,489
1596,490
1597,489
1598,489
1599,489
1600,490
1601,489
1602,490
1603,490
1604,490
1605,489
1606,490
1607,489
1608,489
1609,489
1610,490
1611,489
1612,490
1613,490
1614,490
1615,489
1616,490
1617,489
1618,489
1619,489
1620,490
1621,489
1622,490
1623,490
1624,490
1625,489
1626,490
1627,489
1628,489
1629,489
1630,489
1631,489
1632,490
1633,490
1634,489
1635,489
1636,489
1637,489
1638,489
1639,489
1640,489
1641,489
1642,489
1643,490
1644,489
1645,489
1646,490
1647,489
1648,489
1649,489
1650,489
1651,489
1652,489
1653,489
1654,489
1655,489
1656,490
1657,489
1658,489
1659,489
1660,489
1661,489
1662,489
1663,489
1664,489
1665,489
1666,490
1667,489
1668,489
1669,489
1670,489
1671,489
1672,489
1673,489
1674,489
1675,489
1676,490
1677,489
1678,489
1679,489
1680,489
1681,489
1682,489
1683,489
1684,489
1685,490
1686,490
1687,489
1688,489
1689,490
1690,489
1691,489
1692,489
1693,489
1694,489
1695,490
1696,490
1697,490
1698,489
1699,490
1700,489
1701,489
1702,489
1703,489
1704,489
1705,490
1706,490
1707,490
1708,489
1709,490
1710,489
1711,489
1712,489
1713,489
1714,489
1715,490
1716,490
1717,489
1718,489
1719,490
1720,489
1721,489
1722,489
1723,489
1724,489
1725,490
1726,490
1727,490
1728,489
1729,490
1730,489
1731,489
1732,489
1733,489
1734,489
1735,490
1736,490
1737,489
1738,489
1739,490
1740,489
1741,489
1742,489
1743,489
1744,489
1745,489
1746,490
1747,489
1748,489
1749,489
1750,489
1751,489
1752,489
1753,489
1754,489
1755,489
1756,490
1757,489
1758,489
1759,490
1760,489
1761,489
1762,489
1763,490
1764,489
1765,490
1766,490
1767,490
1768,489
1769,490
1770,489
1771,489
1772,489
1773,490
1774,489
1775,490
1776,490
1777,490
1778,489
1779,490
1780,489
1781,489
1782,489
1783,490
1784,489
1785,490
1786,490
1787,490
1788,490
1789,490
1790,489
1791,489
1792,490
1793,490
1794,490
1795,490
1796,490
1797,490
1798,490
1799,490
1800,490
1801,489
1802,490
1803,490
1804,490
1805,490
1806,490
1807,490
1808,490
1809,490
1810,489
1811,489
1812,490
1813,490
1814,489
1815,490
1816,490
1817,490
1818,489
1819,490
1820,489
1821,489
1822,489
1823,490
1824,489
1825,490
1826,490
1827,490
1828,489
1829,490
1830,489
1831,489
1832,489
1833,490
1834,489
1835,490
1836,490
1837,490
1838,489
1839,490
1840,489
1841,489
1842,490
1843,490
1844,490
1845,490
1846,490
1847,490
1848,490
1849,490
1850,490
1851,489
1852,490
1853,490
1854,489
1855,490
1856,490
1857,490
1858,490
1859,490
1860,490
1861,490
1862,490
1863,490
1864,489
1865,490
1866,490
1867,490
1868,490
1869,490
1870,490
1871,490
1872,490
1873,490
1874,489
1875,490
1876,490
1877,490
1878,490
1879,490
1880,490
1881,490
1882,490
1883,490
1884,489
1885,490
1886,490
1887,490
1888,490
1889,490
1890,490
1891,490
1892,490
1893,489
1894,489
1895,489
1896,490
1897,489
1898,490
1899,490
1900,490
1901,490
1902,490
1903,489
1904,489
1905,489
1906,490
1907,489
1908,490
1909,490
1910,490
1911,490
1912,490
1913,489
1914,489
1915,489
1916,490
1917,489
1918,490
1919,490
1920,490
1921,489
1922,490
1923,489
1924,489
1925,489
1926,490
1927,489
1928,490
1929,490
1930,490
1931,489
1932,490
1933,489
1934,489
1935,489
1936,490
1937,489
1938,490
1939,490
1940,490
1941,489
1942,490
1943,489
1944,489
1945,489
1946,489
1947,489
1948,490
1949,490
1950,490
1951,489
1952,490
1953,489
1954,489
1955,489
1956,490
1957,489
1958,490
1959,490
1960,490
1961,489
1962,490
1963,489
1964,489
1965,489
1966,489
1967,489
1968,490
1969,490
1970,489
1971,489
1972,490
1973,489
1974,489
1975,489
1976,489
1977,489
1978,490
1979,490
1980,490
1981,489
1982,490
1983,489
1984,489
1985,489
1986,490
1987,489
1988,490
1989,490
1990,490
1991,489
1992,490
1993,489
1994,489
1995,489
1996,490
1997,489
1998,490
1999,490
2000,490
2001,489
2002,490
2003,489
2004,489
2005,489
2006,490
2007,489
2008,490
2009,490
2010,490
2011,489
2012,490
2013,489
2014,489
2015,489
2016,489
2017,489
2018,490
2019,490
2020,490
2021,489
2022,489
2023,489
2024,489
2025,489
2026,489
2027,489
2028,489
2029,490
2030,489
2031,489
2032,489
2033,489
2034,489
2035,489
2036,489
2037,489
2038,489
2039,490
2040,489
2041,489
2042,489
2043,489
2044,489
2045,489
2046,489
2047,489
2048,489
2049,490
2050,489
2051,489
2052,489
2053,489
2054,489
2055,489
2056,489
2057,489
2058,489
2059,490
2060,489
2061,489
2062,489
2063,489
2064,489
2065,489
2066,489
2067,489
2068,489
2069,489
2070,489
2071,489
2072,490
2073,489
2074,489
2075,489
2076,489
2077,489
2078,489
2079,489
2080,489
2081,490
2082,490
2083,490
2084,489
2085,490
2086,489
2087,489
2088,489
2089,489
2090,489
2091,490
2092,490
2093,490
2094,489
2095,490
2096,489
2097,489
2098,489
2099,489
2100,489
2101,490
2102,490
2103,490
2104,489
2105,490
2106,489
2107,489
2108,489
2109,489
2110,489
2111,490
2112,490
2113,490
2114,490
2115,490
2116,489
2117,489
2118,489
2119,490
2120,489
2121,490
2122,490
2123,490
2124,489
2125,490
2126,489
2127,489
2128,489
2129,490
2130,489
2131,490
2132,490
2133,490
2134,490
2135,490
2136,489
2137,489
2138,489
2139,490
2140,489
2141,490
2142,490
2143,490
2144,490
2145,490
2146,489
2147,489
2148,489
2149,490
2150,489
2151,490
2152,490
2153,490
2154,490
2155,490
2156,490
2157,489
2158,490
2159,490
2160,490
2161,490
2162,490
2163,490
2164,490
2165,490
2166,490
2167,489
2168,490
2169,490
2170,489
2171,490
2172,490
2173,490
2174,490
2175,490
2176,489
2177,489
2178,490
2179,490
2180,490
2181,490
2182,490
2183,490
2184,490
2185,490
2186,489
2187,489
2188,490
2189,490
2190,489
2191,490
2192,490
2193,490
2194,489
2195,490
2196,489
2197,489
2198,489
2199,490
2200,489
2201,490
2202,490
2203,490
2204,489
2205,490
2206,489
2207,489
2208,489
2209,490
2210,489
2211,490
2212,490
2213,490
2214,489
2215,490
2216,489
2217,489
2218,489
2219,490
2220,489
2221,490
2222,490
2223,490
2224,489
2225,490
2226,489
2227,489
2228,489
2229,490
2230,489
2231,490
2232,490
2233,490
2234,489
2235,490
2236,489
2237,489
2238,489
2239,489
2240,489
2241,490
2242,490
2243,490
2244,489
2245,490
2246,489
2247,489
2248,489
2249,489
2250,489
2251,490
2252,490
2253,489
2254,489
2255,489
2256,489
2257,489
2258,489
2259,489
2260,489
2261,489
2262,490
2263,489
2264,489
2265,489
2266,489
2267,489
2268,489
2269,489
2270,489
2271,489
2272,490
2273,489
2274,490
2275,490
2276,490
2277,490
2278,490
2279,489
2280,489
2281,489
2282,490
2283,489
2284,490
2285,490
2286,490
2287,490
2288,490
2289,489
2290,489
2291,489
2292,490
2293,489
2294,490
2295,490
2296,490
2297,490
2298,490
2299,489
2300,489
2301,489
2302,490
2303,489
2304,490
2305,490
2306,490
2307,490
2308,490
2309,489
2310,489
2311,489
2312,490
2313,489
2314,490
2315,490
2316,490
2317,490
2318,490
2319,489
2320,489
2321,489
2322,490
2323,489
2324,490
2325,490
2326,490
2327,489
2328,490
2329,489
2330,489
2331,489
2332,490
2333,489
2334,490
2335,490
2336,490
2337,489
2338,490
2339,489
2340,489
2341,489
2342,490
2343,489
2344,490
2345,490
2346,490
2347,489
2348,490
2349,489
2350,489
2351,489
2352,489
2353,489
2354,489
2355,490
2356,489
2357,489
2358,489
2359,489
2360,489
2361,489
2362,489
2363,489
2364,489
2365,489
2366,489
2367,489
2368,489
2369,489
2370,489
2371,489
2372,489
2373,489
2374,489
2375,489
2376,489
2377,489
2378,489
2379,489
2380,489
2381,489
2382,489
2383,489
2384,489
2385,489
2386,489
2387,489
2388,489
2389,489
2390,489
2391,489
2392,489
2393,489
2394,489
2395,490
2396,489
2397,489
2398,489
2399,489
2400,489
2401,489
2402,489
2403,489
2404,489
2405,490
2406,489
2407,489
2408,490
2409,489
2410,489
2411,489
2412,489
2413,489
2414,490
2415,490
2416,490
2417,489
2418,490
2419,489
2420,489
2421,489
2422,490
2423,489
2424,490
2425,490
2426,490
2427,489
2428,490
2429,489
2430,489
2431,489
2432,490
2433,489
2434,490
2435,490
2436,490
2437,489
2438,490
2439,489
2440,489
2441,489
2442,490
2443,489
2444,490
2445,490
2446,490
2447,489
2448,490
2449,489
2450,489
2451,489
2452,490
2453,489
2454,490
2455,490
2456,490
2457,489
2458,490
2459,489
2460,489
2461,489
2462,490
2463,489
2464,490
2465,490
2466,489
2467,489
2468,490
2469,489
2470,489
2471,489
2472,489
2473,489
2474,490
2475,490
2476,490
2477,490
2478,490
2479,490
2480,490
2481,490
2482,490
2483,489
2484,490
2485,490
2486,490
2487,490
2488,490
2489,490
2490,490
2491,490
2492,489
2493,489
2494,490
2495,490
2496,490
2497,490
2498,490
2499,490
2500,490
2501,490
2502,489
2503,489
2504,490
2505,490
2506,490
2507,490
2508,490
2509,490
2510,490
2511,490
2512,489
2513,489
2514,490
2515,490
2516,490
2517,490
2518,490
2519,490
2520,490
2521,490
2522,489
2523,489
2524,489
2525,490
2526,489
2527,490
2528,490
2529,490
2530,489
2531,490
2532,489
2533,489
2534,489
2535,490
2536,489
2537,490
2538,490
2539,490
2540,489
2541,490
2542,489
2543,489
2544,489
2545,490
2546,489
2547,490
2548,490
2549,490
2550,490
2551,490
2552,490
2553,489
2554,490
2555,490
2556,490
2557,490
2558,490
2559,490
2560,490
2561,490
2562,490
2563,489
2564,490
2565,490
2566,490
2567,490
2568,490
2569,490
2570,490
2571,490
2572,490
2573,489
2574,490
2575,490
2576,490
2577,490
2578,490
2579,490
2580,490
2581,490
2582,490
2583,490
2584,490
2585,490
2586,490
2587,490
2588,490
2589,490
2590,490
2591,490
2592,490
2593,489
2594,490
2595,490
2596,490
2597,490
2598,490
2599,490
2600,490
2601,490
2602,490
2603,489
2604,490
2605,490
2606,490
2607,490
2608,490
2609,490
2610,490
2611,490
2612,490
2613,489
2614,490
2615,490
2616,490
2617,490
2618,490
2619,490
2620,490
2621,490
2622,489
2623,489
2624,490
2625,490
2626,489
2627,490
2628,490
2629,490
2630,490
2631,490
2632,489
2633,489
2634,489
2635,490
2636,489
2637,490
2638,490
2639,490
2640,490
2641,490
2642,489
2643,489
2644,490
2645,490
2646,489
2647,490
2648,490
2649,490
2650,489
2651,490
2652,489
2653,489
2654,490
2655,490
2656,489
2657,490
2658,490
2659,490
2660,489
2661,490
2662,489
2663,489
2664,489
2665,490
2666,489
2667,490
2668,490
2669,490
2670,489
2671,490
2672,489
2673,489
2674,489
2675,489
2676,489
2677,490
2678,490
2679,489
2680,489
2681,489
2682,489
2683,489
2684,489
2685,489
2686,489
2687,489
2688,490
2689,489
2690,490
2691,490
2692,490
2693,490
2694,490
2695,489
2696,489
2697,489
2698,490
2699,489
2700,490
2701,490
2702,490
2703,490
2704,490
2705,489
2706,489
2707,489
2708,489
2709,489
2710,490
2711,490
2712,490
2713,490
2714,490
2715,489
2716,489
2717,489
2718,490
2719,489
2720,490
2721,490
2722,490
2723,490
2724,490
2725,489
2726,489
2727,489
2728,490
2729,489
2730,490
2731,490
2732,490
2733,490
2734,490
2735,489
2736,489
2737,489
2738,490
2739,489
2740,490
2741,490
2742,490
2743,489
2744,490
2745,489
2746,489
2747,489
2748,490
2749,489
2750,490
2751,490
2752,490
2753,489
2754,490
2755,489
2756,489
2757,489
2758,490
2759,489
2760,490
2761,490
2762,490
2763,489
2764,490
2765,489
2766,489
2767,489
2768,490
2769,489
2770,490
2771,490
2772,490
2773,489
2774,490
2775,489
2776,489
2777,489
2778,490
2779,489
2780,490
2781,490
2782,490
2783,489
2784,490
2785,489
2786,489
2787,489
2788,490
2789,489
2790,490
2791,490
2792,490
2793,489
2794,490
2795,489
2796,489
2797,489
2798,490
2799,489
2800,490
2801,490
2802,490
2803,489
2804,490
2805,489
2806,489
2807,489
2808,490
2809,489
2810,490
2811,490
2812,490
2813,489
2814,490
2815,489
2816,489
2817,489
2818,490
2819,489
2820,490
2821,490
2822,490
2823,489
2824,490
2825,489
2826,489
2827,489
2828,490
2829,489
2830,490
2831,490
2832,490
2833,489
2834,490
2835,489
2836,489
2837,489
2838,490
2839,489
2840,490
2841,490
2842,490
2843,489
2844,490
2845,489
2846,489
2847,489
2848,490
2849,489
2850,490
2851,490
2852,490
2853,489
2854,490
2855,489
2856,489
2857,489
2858,490
2859,489
2860,490
2861,490
2862,490
2863,489
2864,490
2865,489
2866,489
2867,489
2868,490
2869,489
2870,490
2871,490
2872,490
2873,489
2874,490
2875,489
2876,489
2877,489
2878,490
2879,489
2880,490
2881,490
2882,490
2883,489
2884,490
2885,489
2886,489
2887,489
2888,490
2889,489
2890,490
2891,490
2892,490
2893,490
2894,490
2895,490
2896,489
2897,490
2898,489
2899,489
2900,489
2901,489
2902,489
2903,490
2904,490
2905,490
2906,489
2907,490
2908,489
2909,489
2910,489
2911,489
2912,489
2913,490
2914,490
2915,490
2916,489
2917,490
2918,489
2919,489
2920,489
2921,489
2922,489
2923,490
2924,490
2925,490
2926,489
2927,490
2928,489
2929,489
2930,489
2931,489
2932,489
2933,490
2934,490
2935,490
2936,490
2937,490
2938,489
2939,489
2940,489
2941,489
2942,489
2943,490
2944,490
2945,490
2946,490
2947,490
2948,489
2949,489
2950,489
2951,490
2952,489
2953,490
2954,490
2955,490
2956,490
2957,490
2958,489
2959,489
2960,489
2961,490
2962,489
2963,490
2964,490
2965,490
2966,489
2967,490
2968,489
2969,489
2970,489
2971,490
2972,489
2973,490
2974,490
2975,490
2976,489
2977,490
2978,489
2979,489
2980,489
2981,489
2982,489
2983,489
2984,490
2985,489
2986,489
2987,489
2988,489
2989,489
2990,489
2991,489
2992,489
2993,489
2994,490
2995,489
2996,489
2997,489
2998,489
2999,489
3000,489
3001,489
3002,489
3003,489
3004,490
3005,489
3006,489
3007,489
3008,489
3009,489
3010,489
3011,489
3012,489
3013,490
3014,490
3015,490
3016,489
3017,490
3018,489
3019,489
3020,489
3021,490
3022,489
3023,490
3024,490
3025,490
3026,489
3027,490
3028,489
3029,489
3030,489
3031,490
3032,489
3033,490
3034,490
3035,490
3036,490
3037,490
3038,489
3039,489
3040,490
3041,490
3042,490
3043,490
3044,490
3045,490
3046,490
3047,490
3048,489
3049,489
3050,490
3051,490
3052,489
3053,490
3054,490
3055,490
3056,490
3057,490
3058,489
3059,489
3060,490
3061,490
3062,490
3063,490
3064,490
3065,490
3066,490
3067,490
3068,489
3069,489
3070,489
3071,490
3072,489
3073,490
3074,490
3075,490
3076,489
3077,490
3078,489
3079,489
3080,489
3081,490
3082,489
3083,490
3084,490
3085,490
3086,489
3087,490
3088,489
3089,489
3090,489
3091,490
3092,489
3093,490
3094,490
3095,490
3096,489
3097,490
3098,489
3099,489
3100,489
3101,489
3102,489
3103,489
3104,490
3105,489
3106,490
3107,490
3108,490
3109,489
3110,490
3111,489
3112,489
3113,489
3114,489
3115,489
3116,490
3117,490
3118,490
3119,490
3120,490
3121,489
3122,489
3123,489
3124,489
3125,489
3126,490
3127,490
3128,490
3129,490
3130,490
3131,489
3132,489
3133,489
3134,489
3135,489
3136,490
3137,490
3138,490
3139,490
3140,490
3141,489
3142,489
3143,489
3144,489
3145,489
3146,490
3147,490
3148,490
3149,490
3150,490
3151,489
3152,489
3153,489
3154,490
3155,489
3156,490
3157,490
3158,490
3159,489
3160,490
3161,489
3162,489
3163,489
3164,490
3165,489
3166,490
3167,490
3168,490
3169,489
3170,490
3171,489
3172,489
3173,489
3174,490
3175,489
3176,490
3177,490
3178,490
3179,490
3180,490
3181,489
3182,489
3183,490
3184,490
3185,489
3186,490
3187,490
3188,490
3189,490
3190,490
3191,490
3192,489
3193,490
3194,490
3195,489
3196,490
3197,490
3198,490
3199,490
3200,490
3201,489
3202,489
3203,490
3204,490
3205,489
3206,490
3207,490
3208,490
3209,490
3210,490
3211,490
3212,489
3213,490
3214,490
3215,490
3216,490
3217,490
3218,490
3219,490
3220,490
3221,490
3222,489
3223,490
3224,490
3225,490
3226,490
3227,490
3228,490
3229,490
3230,490
3231,490
3232,489
3233,490
3234,490
3235,490
3236,490
3237,490
3238,490
3239,490
3240,490
3241,490
3242,489
3243,490
3244,490
3245,490
3246,490
3247,490
3248,490
3249,490
3250,490
3251,490
3252,489
3253,490
3254,490
3255,490
3256,490
3257,490
3258,490
3259,490
3260,490
3261,490
3262,489
3263,490
3264,490
3265,490
3266,490
3267,490
3268,490
3269,490
3270,490
3271,489
3272,489
3273,490
3274,490
3275,489
3276,490
3277,490
3278,490
3279,490
3280,490
3281,489
3282,489
3283,489
3284,490
3285,489
3286,490
3287,490
3288,490
3289,489
3290,490
3291,489
3292,489
3293,489
3294,490
3295,489
3296,490
3297,490
3298,490
3299,489
3300,490
3301,489
3302,489
3303,489
3304,489
3305,489
3306,490
3307,490
3308,490
3309,489
3310,490
3311,489
3312,489
3313,489
3314,489
3315,489
3316,489
3317,489
3318,489
3319,489
3320,490
3321,489
3322,489
3323,489
3324,489
3325,489
3326,489
3327,489
3328,489
3329,489
3330,490
3331,489
3332,489
3333,489
3334,489
3335,489
3336,489
3337,489
3338,489
3339,489
3340,490
3341,489
3342,489
3343,489
3344,489
3345,489
3346,489
3347,489
3348,489
3349,490
3350,490
3351,490
3352,489
3353,490
3354,489
3355,489
3356,489
3357,489
3358,489
3359,490
3360,490
3361,490
3362,489
3363,490
3364,489
3365,489
3366,489
3367,489
3368,489
3369,489
3370,490
3371,489
3372,489
3373,489
3374,489
3375,489
3376,489
3377,489
3378,489
3379,489
3380,490
3381,489
3382,489
3383,489
3384,489
3385,489
3386,489
3387,489
3388,489
3389,489
3390,490
3391,489
3392,489
3393,489
3394,489
3395,489
3396,489
3397,489
3398,489
3399,489
3400,490
3401,489
3402,489
3403,489
3404,489
3405,489
3406,489
3407,489
3408,489
3409,489
3410,490
3411,489
3412,489
3413,489
3414,489
3415,489
3416,489
3417,489
3418,489
3419,489
3420,490
3421,489
3422,489
3423,489
3424,489
3425,489
3426,489
3427,489
3428,489
3429,490
3430,490
3431,490
3432,489
3433,490
3434,489
3435,489
3436,489
3437,490
3438,489
3439,490
3440,490
3441,490
3442,489
3443,490
3444,489
3445,489
3446,489
3447,490
3448,489
3449,490
3450,490
3451,490
3452,489
3453,490
3454,489
3455,489
3456,489
3457,490
3458,490
3459,490
3460,490
3461,490
3462,490
3463,490
3464,490
3465,489
3466,490
3467,490
3468,490
3469,490
3470,490
3471,490
3472,490
3473,490
3474,490
3475,489
3476,490
3477,490
3478,490
3479,490
3480,490
3481,490
3482,489
3483,490
3484,489
3485,489
3486,489
3487,490
3488,489
3489,490
3490,490
3491,490
3492,490
3493,490
3494,489
3495,489
3496,489
3497,490
3498,489
3499,490
3500,490
3501,490
3502,490
3503,490
3504,489
3505,489
3506,490
3507,490
3508,489
3509,490
3510,490
3511,490
3512,490
3513,490
3514,489
3515,489
3516,489
3517,490
3518,489
3519,490
3520,490
3521,490
3522,490
3523,490
3524,490
3525,490
3526,490
3527,490
3528,489
3529,490
3530,490
3531,490
3532,490
3533,490
3534,490
3535,490
3536,490
3537,490
3538,489
3539,490
3540,490
3541,490
3542,490
3543,490
3544,490
3545,490
3546,490
3547,490
3548,489
3549,490
3550,490
3551,489
3552,490
3553,490
3554,490
3555,490
3556,490
3557,489
3558,489
3559,489
3560,490
3561,489
3562,490
3563,490
3564,490
3565,490
3566,490
3567,489
3568,489
3569,489
3570,490
3571,489
3572,490
3573,490
3574,490
3575,489
3576,490
3577,489
3578,489
3579,489
3580,490
3581,489
3582,490
3583,490
3584,490
3585,489
3586,490
3587,489
3588,489
3589,489
3590,489
3591,489
3592,490
3593,490
3594,490
3595,489
3596,490
3597,489
3598,489
3599,489
3600,489
3601,489
3602,489
3603,490
3604,489
3605,489
3606,489
3607,489
3608,489
3609,489
3610,489
3611,489
3612,490
3613,490
3614,490
3615,489
3616,490
3617,489
3618,489
3619,489
3620,489
3621,489
3622,490
3623,490
3624,490
3625,489
3626,490
3627,489
3628,489
3629,489
3630,490
3631,489
3632,490
3633,490
3634,490
3635,489
3636,490
3637,489
3638,489
3639,489
3640,490
3641,489
3642,490
3643,490
3644,490
3645,489
3646,490
3647,489
3648,489
3649,489
3650,490
3651,489
3652,490
3653,490
3654,490
3655,490
3656,490
3657,490
3658,489
3659,490
3660,490
3661,490
3662,490
3663,490
3664,490
3665,489
3666,490
3667,489
3668,489
3669,489
3670,490
3671,489
3672,490
3673,490
3674,490
3675,489
3676,490
3677,489
3678,489
3679,489
3680,490
3681,489
3682,490
3683,490
3684,490
3685,489
3686,490
3687,489
3688,489
3689,489
3690,490
3691,489
3692,490
3693,490
3694,490
3695,489
3696,490
3697,489
3698,489
3699,489
3700,490
3701,489
3702,490
3703,490
3704,490
3705,489
3706,489
3707,489
3708,489
3709,489
3710,489
3711,489
3712,490
3713,490
3714,490
3715,489
3716,490
3717,489
3718,489
3719,489
3720,489
3721,489
3722,490
3723,490
3724,490
3725,489
3726,490
3727,489
3728,489
3729,489
3730,489
3731,489
3732,489
3733,489
3734,489
3735,489
3736,490
3737,489
3738,489
3739,489
3740,489
3741,489
3742,489
3743,489
3744,489
3745,490
3746,490
3747,489
3748,489
3749,490
3750,489
3751,489
3752,489
3753,489
3754,489
3755,490
3756,490
3757,490
3758,489
3759,490
3760,489
3761,489
3762,489
3763,489
3764,489
3765,490
3766,490
3767,490
3768,489
3769,490
3770,489
3771,489
3772,489
3773,489
3774,489
3775,490
3776,490
3777,490
3778,490
3779,490
3780,489
3781,489
3782,489
3783,490
3784,489
3785,490
3786,490
3787,490
3788,490
3789,490
3790,489
3791,489
3792,490
3793,490
3794,489
3795,490
3796,490
3797,490
3798,490
3799,490
3800,490
3801,489
3802,490
3803,490
3804,490
3805,490
3806,490
3807,490
3808,490
3809,490
3810,490
3811,489
3812,490
3813,490
3814,490
3815,490
3816,490
3817,490
3818,490
3819,490
3820,490
3821,490
3822,490
3823,490
3824,490
3825,490
3826,490
3827,490
3828,490
3829,490
3830,490
3831,490
3832,490
3833,490
3834,490
3835,490
3836,490
3837,490
3838,490
3839,490
3840,490
3841,490
3842,490
3843,490
3844,490
3845,490
3846,490
3847,490
3848,490
3849,490
3850,490
3851,489
3852,490
3853,490
3854,490
3855,490
3856,490
3857,490
3858,490
3859,490
3860,490
3861,489
3862,490
3863,490
3864,490
3865,490
3866,490
3867,490
3868,490
3869,490
3870,489
3871,489
3872,489
3873,490
3874,489
3875,490
3876,490
3877,490
3878,489
3879,490
3880,489
3881,489
3882,489
3883,490
3884,489
3885,490
3886,490
3887,490
3888,489
3889,490
3890,489
3891,489
3892,489
3893,490
3894,489
3895,490
3896,490
3897,490
3898,489
3899,490
3900,489
3901,489
3902,489
3903,489
3904,489
3905,490
3906,490
3907,490
3908,489
3909,490
3910,489
3911,489
3912,489
3913,490
3914,489
3915,490
3916,490
3917,490
3918,489
3919,490
3920,489
3921,489
3922,489
3923,490
3924,489
3925,490
3926,490
3927,489
3928,489
3929,489
3930,489
3931,489
3932,489
3933,489
3934,489
3935,489
3936,490
3937,489
3938,490
3939,490
3940,490
3941,490
3942,490
3943,489
3944,489
3945,489
3946,490
3947,489
3948,490
3949,490
3950,490
3951,490
3952,490
3953,489
3954,489
3955,489
3956,490
3957,489
3958,490
3959,490
3960,490
3961,490
3962,490
3963,489
3964,489
3965,489
3966,489
3967,489
3968,490
3969,490
3970,490
3971,490
3972,490
3973,489
3974,489
3975,489
3976,490
3977,489
3978,490
3979,490
3980,490
3981,490
3982,490
3983,489
3984,489
3985,489
3986,490
3987,489
3988,490
3989,490
3990,490
3991,489
3992,490
3993,489
3994,489
3995,489
3996,490
3997,489
3998,490
3999,490
4000,490
4001,489
4002,490
4003,489
4004,489
4005,489
4006,490
4007,489
4008,490
4009,490
4010,490
4011,489
4012,490
4013,489
4014,489
4015,489
4016,489
4017,489
4018,489
4019,490
4020,489
4021,489
4022,489
4023,489
4024,489
4025,489
4026,489
4027,489
4028,489
4029,490
4030,489
4031,489
4032,489
4033,489
4034,489
4035,489
4036,489
4037,489
4038,489
4039,489
4040,489
4041,489
4042,489
4043,489
4044,489
4045,489
4046,489
4047,489
4048,489
4049,489
4050,489
4051,489
4052,489
4053,489
4054,489
4055,489
4056,489
4057,489
4058,489
4059,490
4060,489
4061,489
4062,489
4063,489
4064,489
4065,489
4066,489
4067,489
4068,490
4069,490
4070,490
4071,489
4072,490
4073,489
4074,489
4075,489
4076,490
4077,489
4078,490
4079,490
4080,490
4081,489
4082,490
4083,489
4084,489
4085,489
4086,490
4087,489
4088,490
4089,490
4090,490
4091,489
4092,490
4093,489
4094,489
4095,489
4096,490
4097,489
4098,490
4099,490
4100,490
4101,489
4102,490
4103,489
4104,489
4105,489
4106,490
4107,489
4108,490
4109,490
4110,490
4111,489
4112,490
4113,489
4114,489
4115,489
4116,489
4117,489
4118,490
4119,490
4120,489
4121,489
4122,489
4123,489
4124,489
4125,489
4126,489
4127,489
4128,489
4129,490
4130,489
4131,489
4132,489
4133,489
4134,489
4135,489
4136,490
4137,489
4138,490
4139,490
4140,490
4141,490
4142,490
4143,490
4144,490
4145,490
4146,490
4147,489
4148,490
4149,490
4150,490
4151,490
4152,490
4153,490
4154,490
4155,490
4156,490
4157,489
4158,490
4159,490
4160,490
4161,490
4162,490
4163,490
4164,490
4165,490
4166,490
4167,489
4168,490
4169,490
4170,490
4171,490
4172,490
4173,490
4174,490
4175,490
4176,490
4177,489
4178,490
4179,490
4180,490
4181,490
4182,490
4183,490
4184,490
4185,490
4186,490
4187,489
4188,490
4189,490
4190,489
4191,490
4192,490
4193,490
4194,490
4195,490
4196,489
4197,489
4198,489
4199,490
4200,489
4201,490
4202,490
4203,490
4204,489
4205,490
4206,489
4207,489
4208,489
4209,490
4210,489
4211,490
4212,490
4213,490
4214,490
4215,490
4216,489
4217,489
4218,489
4219,490
4220,489
4221,490
4222,490
4223,490
4224,490
4225,490
4226,489
4227,489
4228,489
4229,490
4230,489
4231,490
4232,490
4233,490
4234,489
4235,490
4236,489
4237,489
4238,489
4239,490
4240,489
4241,490
4242,490
4243,490
4244,490
4245,490
4246,489
4247,489
4248,489
4249,490
4250,489
4251,490
4252,490
4253,490
4254,490
4255,490
4256,489
4257,489
4258,490
4259,490
4260,489
4261,490
4262,490
4263,490
4264,490
4265,490
4266,489
4267,489
4268,489
4269,490
4270,489
4271,490
4272,490
4273,490
4274,490
4275,490
4276,489
4277,489
4278,490
4279,490
4280,489
4281,490
4282,490
4283,490
4284,490
4285,490
4286,489
4287,489
4288,490
4289,490
4290,489
4291,490
4292,490
4293,490
4294,490
4295,490
4296,489
4297,489
4298,490
4299,490
4300,490
4301,490
4302,490
4303,490
4304,490
4305,490
4306,489
4307,489
4308,490
4309,490
4310,489
4311,490
4312,490
4313,490
4314,489
4315,490
4316,489
4317,489
4318,489
4319,490
4320,489
4321,490
4322,490
4323,490
4324,489
4325,490
4326,489
4327,489
4328,489
4329,490
4330,489
4331,490
4332,490
4333,490
4334,489
4335,490
4336,489
4337,489
4338,489
4339,489
4340,489
4341,489
4342,490
4343,489
4344,489
4345,489
4346,489
4347,489
4348,489
4349,489
4350,489
4351,489
4352,490
4353,489
4354,490
4355,490
4356,490
4357,490
4358,490
4359,489
4360,489
4361,489
4362,490
4363,489
4364,490
4365,490
4366,490
4367,490
4368,490
4369,489
4370,489
4371,489
4372,490
4373,489
4374,490
4375,490
4376,490
4377,490
4378,490
4379,489
4380,489
4381,489
4382,490
4383,489
4384,490
4385,490
4386,490
4387,490
4388,490
4389,489
4390,489
4391,489
4392,489
4393,489
4394,490
4395,490
4396,490
4397,490
4398,490
4399,489
4400,489
4401,489
4402,489
4403,489
4404,490
4405,490
4406,489
4407,489
4408,490
4409,489
4410,489
4411,489
4412,489
4413,489
4414,490
4415,490
4416,490
4417,489
4418,490
4419,489
4420,489
4421,489
4422,490
4423,489
4424,490
4425,490
4426,490
4427,489
4428,490
4429,489
4430,489
4431,489
4432,489
4433,489
4434,490
4435,490
4436,490
4437,489
4438,490
4439,489
4440,489
4441,489
4442,490
4443,489
4444,490
4445,490
4446,490
4447,489
4448,490
4449,489
4450,489
4451,489
4452,490
4453,489
4454,490
4455,490
4456,490
4457,489
4458,490
4459,489
4460,489
4461,489
4462,490
4463,489
4464,490
4465,490
4466,490
4467,489
4468,490
4469,489
4470,489
4471,489
4472,490
4473,489
4474,490
4475,490
4476,490
4477,489
4478,490
4479,489
4480,489
4481,489
4482,490
4483,489
4484,490
4485,490
4486,490
4487,489
4488,490
4489,489
4490,489
4491,489
4492,490
4493,489
4494,490
4495,490
4496,490
4497,489
4498,490
4499,489
4500,489
4501,489
4502,490
4503,489
4504,490
4505,490
4506,490
4507,489
4508,490
4509,489
4510,489
4511,489
4512,490
4513,489
4514,490
4515,490
4516,490
4517,489
4518,490
4519,489
4520,489
4521,489
4522,490
4523,489
4524,490
4525,490
4526,490
4527,489
4528,490
4529,489
4530,489
4531,489
4532,490
4533,489
4534,490
4535,490
4536,490
4537,489
4538,490
4539,489
4540,489
4541,489
4542,490
4543,489
4544,490
4545,490
4546,490
4547,489
4548,490
4549,489
4550,489
4551,489
4552,490
4553,489
4554,490
4555,490
4556,490
4557,490
4558,490
4559,489
4560,489
4561,490
4562,489
4563,489
4564,489
4565,489
4566,489
4567,490
4568,490
4569,490
4570,489
4571,490
4572,489
4573,489
4574,489
4575,489
4576,489
4577,490
4578,490
4579,490
4580,490
4581,490
4582,489
4583,489
4584,489
4585,489
4586,489
4587,490
4588,490
4589,490
4590,490
4591,490
4592,489
4593,489
4594,489
4595,489
4596,489
4597,490
4598,490
4599,490
4600,490
4601,490
4602,489
4603,489
4604,489
4605,489
4606,489
4607,490
4608,490
4609,490
4610,490
4611,490
4612,489
4613,489
4614,489
4615,490
4616,489
4617,490
4618,490
4619,490
4620,489
4621,490
4622,489
4623,489
4624,489
4625,489
4626,489
4627,490
4628,490
4629,489
4630,489
4631,489
4632,489
4633,489
4634,489
4635,489
4636,489
4637,489
4638,490
4639,489
4640,489
4641,489
4642,489
4643,489
4644,489
4645,489
4646,489
4647,489
4648,490
4649,489
4650,489
4651,489
4652,489
4653,489
4654,489
4655,489
4656,489
4657,489
4658,489
4659,489
4660,489
4661,489
4662,489
4663,489
4664,489
4665,489
4666,489
4667,489
4668,490
4669,489
4670,489
4671,489
4672,489
4673,489
4674,489
4675,489
4676,489
4677,489
4678,490
4679,489
4680,489
4681,489
4682,489
4683,489
4684,489
4685,489
4686,489
4687,489
4688,490
4689,489
4690,489
4691,489
4692,489
4693,489
4694,489
4695,489
4696,489
4697,490
4698,490
4699,490
4700,489
4701,490
4702,489
4703,489
4704,489
4705,490
4706,489
4707,490
4708,490
4709,490
4710,489
4711,490
4712,489
4713,489
4714,489
4715,490
4716,489
4717,490
4718,490
4719,490
4720,489
4721,490
4722,489
4723,489
4724,489
4725,490
4726,489
4727,490
4728,490
4729,490
4730,489
4731,490
4732,489
4733,489
4734,489
4735,490
4736,489
4737,490
4738,490
4739,490
4740,489
4741,490
4742,489
4743,489
4744,489
4745,490
4746,489
4747,490
4748,490
4749,490
4750,489
4751,490
4752,489
4753,489
4754,489
4755,490
4756,489
4757,490
4758,490
4759,490
4760,489
4761,490
4762,489
4763,489
4764,489
4765,489
4766,489
4767,489
4768,490
4769,489
4770,490
4771,490
4772,490
4773,490
4774,490
4775,489
4776,489
4777,489
4778,489
4779,489
4780,490
4781,490
4782,490
4783,489
4784,490
4785,489
4786,489
4787,489
4788,489
4789,489
4790,490
4791,490
4792,490
4793,489
4794,490
4795,489
4796,489
4797,489
4798,489
4799,489
4800,490
4801,490
4802,490
4803,489
4804,490
4805,489
4806,489
4807,489
4808,489
4809,489
4810,490
4811,490
4812,490
4813,490
4814,490
4815,489
4816,489
4817,489
4818,489
4819,489
4820,490
4821,490
4822,489
4823,489
4824,490
4825,489
4826,489
4827,489
4828,489
4829,489
4830,490
4831,490
4832,490
4833,489
4834,490
4835,489
4836,489
4837,489
4838,490
4839,489
4840,490
4841,490
4842,490
4843,489
4844,490
4845,489
4846,489
4847,489
4848,490
4849,489
4850,490
4851,490
4852,490
4853,490
4854,490
4855,490
4856,489
4857,490
4858,490
4859,490
4860,490
4861,490
4862,490
4863,490
4864,490
4865,490
4866,489
4867,490
4868,490
4869,490
4870,490
4871,490
4872,490
4873,490
4874,490
4875,490
4876,490
4877,490
4878,490
4879,490
4880,490
4881,490
4882,490
4883,490
4884,490
4885,490
4886,490
4887,490
4888,490
4889,490
4890,490
4891,490
4892,490
4893,490
4894,490
4895,490
4896,490
4897,490
4898,490
4899,490
4900,490
4901,490
4902,490
4903,490
4904,490
4905,490
4906,489
4907,490
4908,490
4909,490
4910,490
4911,490
4912,490
4913,490
4914,490
4915,490
4916,489
4917,490
4918,490
4919,490
4920,490
4921,490
4922,490
4923,490
4924,490
4925,489
4926,489
4927,489
4928,490
4929,489
4930,490
4931,490
4932,490
4933,489
4934,490
4935,489
4936,489
4937,489
4938,490
4939,489
4940,490
4941,490
4942,490
4943,489
4944,490
4945,489
4946,489
4947,489
4948,490
4949,489
4950,490
4951,490
4952,490
4953,489
4954,490
4955,489
4956,489
4957,489
4958,489
4959,489
4960,489
4961,490
4962,489
4963,489
4964,489
4965,489
4966,489
4967,489
4968,489
4969,489
4970,489
4971,490
4972,489
4973,489
4974,489
4975,489
4976,489
4977,489
4978,489
4979,489
4980,489
4981,489
4982,489
4983,489
4984,490
4985,489
4986,489
4987,489
4988,489
4989,489
4990,489
4991,489
4992,489
4993,489
4994,490
4995,489
4996,489
4997,489
4998,489
4999,489
5000,489
5001,489
5002,489
5003,490
5004,490
5005,489
5006,489
5007,490
5008,489
5009,489
5010,489
5011,489
5012,489
5013,490
5014,490
5015,490
5016,489
5017,490
5018,489
5019,489
5020,489
5021,489
5022,489
5023,490
5024,490
5025,490
5026,489
5027,490
5028,489
5029,489
5030,489
5031,489
5032,489
5033,490
5034,490
5035,489
5036,489
5037,489
5038,489
5039,489
5040,489
5041,489
5042,489
5043,489
5044,490
5045,489
5046,489
5047,489
5048,489
5049,489
5050,489
5051,489
5052,489
5053,490
5054,490
5055,490
5056,489
5057,490
5058,489
5059,489
5060,489
5061,490
5062,489
5063,490
5064,490
5065,490
5066,489
5067,490
5068,489
5069,489
5070,489
5071,490
5072,489
5073,490
5074,490
5075,490
5076,489
5077,490
5078,489
5079,489
5080,489
5081,490
5082,489
5083,490
5084,490
5085,490
5086,489
5087,490
5088,489
5089,489
5090,489
5091,490
5092,489
5093,490
5094,490
5095,490
5096,489
5097,490
5098,489
5099,489
5100,489
5101,490
5102,489
5103,490
5104,490
5105,490
5106,489
5107,490
5108,489
5109,489
5110,489
5111,490
5112,489
5113,490
5114,490
5115,490
5116,489
5117,490
5118,489
5119,489
5120,489
5121,490
5122,489
5123,490
5124,490
5125,490
5126,490
5127,490
5128,489
5129,489
5130,490
5131,490
5132,489
5133,490
5134,490
5135,490
5136,490
5137,490
5138,489
5139,489
5140,489
5141,490
5142,489
5143,490
5144,490
5145,490
5146,490
5147,490
5148,489
5149,489
5150,490
5151,490
5152,489
5153,490
5154,490
5155,490
5156,489
5157,490
5158,489
5159,489
5160,489
5161,490
5162,489
5163,490
5164,490
5165,490
5166,490
5167,490
5168,490
5169,489
5170,490
5171,490
5172,490
5173,490
5174,490
5175,490
5176,490
5177,490
5178,490
5179,489
5180,490
5181,490
5182,490
5183,490
5184,490
5185,490
5186,490
5187,490
5188,490
5189,490
5190,490
5191,490
5192,489
5193,490
5194,490
5195,490
5196,490
5197,490
5198,490
5199,490
5200,490
5201,489
5202,489
5203,490
5204,490
5205,490
5206,490
5207,490
5208,490
5209,490
5210,490
5211,489
5212,489
5213,490
5214,490
5215,489
5216,490
5217,490
5218,490
5219,490
5220,490
5221,489
5222,489
5223,489
5224,490
5225,489
5226,490
5227,490
5228,490
5229,490
5230,490
5231,489
5232,489
5233,489
5234,490
5235,489
5236,490
5237,490
5238,490
5239,490
5240,490
5241,489
5242,489
5243,490
5244,490
5245,489
5246,490
5247,490
5248,490
5249,490
5250,490
5251,489
5252,489
5253,489
5254,490
5255,489
5256,490
5257,490
5258,490
5259,489
5260,490
5261,489
5262,489
5263,489
5264,490
5265,489
5266,490
5267,490
5268,490
5269,489
5270,490
5271,489
5272,489
5273,489
5274,489
5275,489
5276,489
5277,490
5278,489
5279,489
5280,490
5281,489
5282,489
5283,489
5284,489
5285,489
5286,490
5287,490
5288,489
5289,489
5290,490
5291,489
5292,489
5293,489
5294,489
5295,489
5296,489
5297,490
5298,489
5299,489
5300,489
5301,489
5302,489
5303,489
5304,489
5305,489
5306,490
5307,490
5308,490
5309,489
5310,490
5311,489
5312,489
5313,489
5314,490
5315,489
5316,490
5317,490
5318,490
5319,489
5320,490
5321,489
5322,489
5323,489
5324,490
5325,490
5326,490
5327,490
5328,490
5329,489
5330,490
5331,489
5332,489
5333,489
5334,490
5335,489
5336,490
5337,490
5338,490
5339,489
5340,490
5341,489
5342,489
5343,489
5344,490
5345,489
5346,490
5347,490
5348,490
5349,489
5350,490
5351,489
5352,489
5353,489
5354,490
5355,489
5356,490
5357,490
5358,490
5359,489
5360,490
5361,489
5362,489
5363,489
5364,490
5365,489
5366,490
5367,490
5368,490
5369,489
5370,490
5371,489
5372,489
5373,489
5374,489
5375,489
5376,490
5377,490
5378,490
5379,489
5380,490
5381,489
5382,489
5383,489
5384,489
5385,489
5386,490
5387,490
5388,490
5389,489
5390,490
5391,489
5392,489
5393,489
5394,489
5395,489
5396,489
5397,489
5398,489
5399,489
5400,490
5401,489
5402,489
5403,489
5404,489
5405,489
5406,489
5407,489
5408,489
5409,489
5410,490
5411,489
5412,489
5413,489
5414,489
5415,489
5416,489
5417,489
5418,489
5419,490
5420,490
5421,490
5422,489
5423,490
5424,489
5425,489
5426,489
5427,489
5428,489
5429,490
5430,490
5431,490
5432,489
5433,490
5434,489
5435,489
5436,489
5437,489
5438,489
5439,490
5440,490
5441,490
5442,490
5443,490
5444,489
5445,489
5446,489
5447,490
5448,489
5449,490
5450,490
5451,490
5452,490
5453,490
5454,489
5455,489
5456,490
5457,490
5458,489
5459,490
5460,490
5461,490
5462,490
5463,490
5464,490
5465,489
5466,490
5467,490
5468,490
5469,490
5470,490
5471,490
5472,490
5473,490
5474,490
5475,489
5476,490
5477,490
5478,490
5479,490
5480,490
5481,490
5482,490
5483,490
5484,490
5485,490
5486,490
5487,490
5488,490
5489,490
5490,490
5491,490
5492,490
5493,490
5494,490
5495,489
5496,490
5497,490
5498,490
5499,490
5500,490
5501,490
5502,490
5503,490
5504,490
5505,489
5506,490
5507,490
5508,490
5509,490
5510,490
5511,490
5512,490
5513,490
5514,490
5515,489
5516,490
5517,490
5518,490
5519,490
5520,490
5521,490
5522,490
5523,490
5524,489
5525,489
5526,490
5527,490
5528,489
5529,490
5530,490
5531,490
5532,489
5533,490
5534,489
5535,489
5536,489
5537,490
5538,489
5539,490
5540,490
5541,490
5542,489
5543,490
5544,489
5545,489
5546,489
5547,490
5548,489
5549,490
5550,490
5551,490
5552,490
5553,490
5554,489
5555,489
5556,490
5557,490
5558,489
5559,490
5560,490
5561,490
5562,490
5563,490
5564,489
5565,489
5566,489
5567,490
5568,489
5569,490
5570,490
5571,490
5572,489
5573,490
5574,489
5575,489
5576,489
5577,490
5578,489
5579,490
5580,490
5581,490
5582,489
5583,490
5584,489
5585,489
5586,489
5587,489
5588,489
5589,489
5590,490
5591,489
5592,489
5593,489
5594,489
5595,489
5596,489
5597,489
5598,489
5599,489
5600,490
5601,489
5602,490
5603,490
5604,490
5605,490
5606,490
5607,489
5608,489
5609,489
5610,490
5611,489
5612,490
5613,490
5614,490
5615,490
5616,490
5617,489
5618,489
5619,489
5620,490
5621,489
5622,490
5623,490
5624,490
5625,490
5626,490
5627,489
5628,489
5629,489
5630,489
5631,489
5632,490
5633,490
5634,490
5635,490
5636,490
5637,489
5638,489
5639,489
5640,490
5641,489
5642,490
5643,490
5644,490
5645,490
5646,490
5647,489
5648,489
5649,489
5650,489
5651,489
5652,490
5653,490
5654,490
5655,489
5656,490
5657,489
5658,489
5659,489
5660,490
5661,489
5662,490
5663,490
5664,490
5665,489
5666,490
5667,489
5668,489
5669,489
5670,490
5671,489
5672,490
5673,490
5674,490
5675,489
5676,490
5677,489
5678,489
5679,489
5680,490
5681,489
5682,490
5683,490
5684,490
5685,489
5686,490
5687,489
5688,489
5689,489
5690,490
5691,489
5692,490
5693,490
5694,490
5695,489
5696,490
5697,489
5698,489
5699,489
5700,490
5701,489
5702,490
5703,490
5704,490
5705,489
5706,490
5707,489
5708,489
5709,489
5710,490
5711,489
5712,490
5713,490
5714,490
5715,489
5716,490
5717,489
5718,489
5719,489
5720,490
5721,489
5722,490
5723,490
5724,490
5725,489
5726,490
5727,489
5728,489
5729,489
5730,490
5731,489
5732,490
5733,490
5734,489
5735,489
5736,490
5737,489
5738,489
5739,489
5740,489
5741,489
5742,489
5743,490
5744,489
5745,489
5746,489
5747,489
5748,489
5749,489
5750,489
5751,489
5752,490
5753,490
5754,490
5755,489
5756,490
5757,489
5758,489
5759,489
5760,490
5761,489
5762,490
5763,490
5764,490
5765,489
5766,490
5767,489
5768,489
5769,489
5770,489
5771,489
5772,490
5773,490
5774,490
5775,489
5776,490
5777,489
5778,489
5779,489
5780,490
5781,489
5782,490
5783,490
5784,490
5785,489
5786,490
5787,489
5788,489
5789,489
5790,490
5791,489
5792,490
5793,490
5794,490
5795,489
5796,490
5797,489
5798,489
5799,490
5800,490
5801,490
5802,490
5803,490
5804,490
5805,490
5806,490
5807,490
5808,490
5809,490
5810,490
5811,489
5812,490
5813,490
5814,490
5815,490
5816,490
5817,490
5818,490
5819,490
5820,490
5821,489
5822,490
5823,490
5824,490
5825,490
5826,490
5827,490
5828,490
5829,490
5830,490
5831,489
5832,490
5833,490
5834,490
5835,490
5836,490
5837,490
5838,490
5839,490
5840,490
5841,489
5842,490
5843,490
5844,490
5845,490
5846,490
5847,490
5848,490
5849,490
5850,489
5851,489
5852,489
5853,490
5854,489
5855,490
5856,490
5857,490
5858,489
5859,490
5860,489
5861,489
5862,489
5863,490
5864,489
5865,490
5866,490
5867,490
5868,489
5869,490
5870,489
5871,489
5872,489
5873,490
5874,489
5875,490
5876,490
5877,490
5878,489
5879,490
5880,489
5881,489
5882,489
5883,490
5884,489
5885,490
5886,490
5887,490
5888,489
5889,490
5890,489
5891,489
5892,489
5893,490
5894,489
5895,490
5896,490
5897,490
5898,489
5899,490
5900,489
5901,489
5902,489
5903,490
5904,489
5905,490
5906,490
5907,490
5908,489
5909,490
5910,489
5911,489
5912,489
5913,490
5914,489
5915,490
5916,490
5917,490
5918,490
5919,490
5920,489
5921,489
5922,490
5923,490
5924,489
5925,490
5926,490
5927,490
5928,490
5929,490
5930,489
5931,489
5932,489
5933,490
5934,489
5935,490
5936,490
5937,490
5938,489
5939,490
5940,489
5941,489
5942,489
5943,490
5944,489
5945,490
5946,490
5947,490
5948,489
5949,490
5950,489
5951,489
5952,489
5953,490
5954,489
5955,490
5956,490
5957,490
5958,489
5959,490
5960,489
5961,489
5962,489
5963,490
5964,489
5965,490
5966,490
5967,490
5968,489
5969,490
5970,489
5971,489
5972,489
5973,490
5974,489
5975,490
5976,490
5977,490
5978,489
5979,490
5980,489
5981,489
5982,489
5983,489
5984,489
5985,490
5986,490
5987,490
5988,489
5989,490
5990,489
5991,489
5992,489
5993,489
5994,489
5995,490
5996,490
5997,490
5998,489
5999,490
6000,489
6001,489
6002,489
6003,489
6004,489
6005,490
6006,490
6007,489
6008,489
6009,489
6010,489
6011,489
6012,489
6013,489
6014,489
6015,489
6016,490
6017,489
6018,490
6019,490
6020,490
6021,490
6022,490
6023,489
6024,489
6025,489
6026,490
6027,489
6028,490
6029,490
6030,490
6031,490
6032,490
6033,489
6034,489
6035,489
6036,490
6037,489
6038,490
6039,490
6040,490
6041,490
6042,490
6043,489
6044,489
6045,489
6046,490
6047,489
6048,490
6049,490
6050,490
6051,490
6052,490
6053,489
6054,489
6055,489
6056,489
6057,489
6058,490
6059,490
6060,490
6061,490
6062,490
6063,489
6064,489
6065,489
6066,490
6067,489
6068,490
6069,490
6070,490
6071,489
6072,490
6073,489
6074,489
6075,489
6076,490
6077,489
6078,490
6079,490
6080,490
6081,489
6082,490
6083,489
6084,489
6085,489
6086,489
6087,489
6088,489
6089,490
6090,489
6091,489
6092,489
6093,489
6094,489
6095,489
6096,489
6097,489
6098,489
6099,490
6100,489
6101,489
6102,489
6103,489
6104,489
6105,489
6106,489
6107,489
6108,489
6109,489
6110,489
6111,489
6112,489
6113,489
6114,489
6115,489
6116,489
6117,489
6118,489
6119,489
6120,489
6121,489
6122,489
6123,489
6124,489
6125,489
6126,489
6127,489
6128,489
6129,490
6130,489
6131,489
6132,489
6133,489
6134,489
6135,489
6136,489
6137,489
6138,490
6139,490
6140,490
6141,489
6142,490
6143,489
6144,489
6145,489
6146,490
6147,489
6148,490
6149,490
6150,490
6151,489
6152,490
6153,489
6154,489
6155,489
6156,490
6157,489
6158,490
6159,490
6160,490
6161,489
6162,490
6163,489
6164,489
6165,490
6166,490
6167,489
6168,490
6169,490
6170,490
6171,490
6172,490
6173,489
6174,489
6175,489
6176,490
6177,489
6178,490
6179,490
6180,490
6181,489
6182,490
6183,489
6184,489
6185,489
6186,490
6187,489
6188,490
6189,490
6190,490
6191,489
6192,490
6193,489
6194,489
6195,489
6196,490
6197,489
6198,490
6199,490
6200,490
6201,489
6202,490
6203,489
6204,489
6205,489
6206,490
6207,489
6208,490
6209,490
6210,490
6211,490
6212,490
6213,489
6214,489
6215,490
6216,490
6217,490
6218,490
6219,490
6220,490
6221,490
6222,490
6223,490
6224,489
6225,490
6226,489
6227,489
6228,489
6229,489
6230,489
6231,490
6232,490
6233,490
6234,489
6235,490
6236,489
6237,489
6238,489
6239,489
6240,489
6241,490
6242,490
6243,490
6244,489
6245,490
6246,489
6247,489
6248,489
6249,489
6250,489
6251,490
6252,490
6253,490
6254,489
6255,490
6256,489
6257,489
6258,489
6259,489
6260,489
6261,490
6262,490
6263,490
6264,489
6265,490
6266,489
6267,489
6268,489
6269,489
6270,489
6271,490
6272,490
6273,490
6274,489
6275,490
6276,489
6277,489
6278,489
6279,490
6280,489
6281,490
6282,490
6283,490
6284,489
6285,490
6286,489
6287,489
6288,489
6289,490
6290,489
6291,490
6292,490
6293,490
6294,489
6295,490
6296,489
6297,489
6298,489
6299,490
6300,489
6301,490
6302,490
6303,490
6304,489
6305,490
6306,489
6307,489
6308,489
6309,489
6310,489
6311,490
6312,490
6313,490
6314,489
6315,490
6316,489
6317,489
6318,489
6319,490
6320,489
6321,490
6322,490
6323,490
6324,489
6325,490
6326,489
6327,489
6328,489
6329,490
6330,489
6331,490
6332,490
6333,490
6334,489
6335,490
6336,489
6337,489
6338,489
6339,490
6340,489
6341,490
6342,490
6343,490
6344,490
6345,490
6346,489
6347,489
6348,489
6349,490
6350,489
6351,490
6352,490
6353,490
6354,490
6355,490
6356,490
6357,489
6358,490
6359,490
6360,489
6361,490
6362,490
6363,490
6364,490
6365,490
6366,489
6367,489
6368,489
6369,490
6370,489
6371,490
6372,490
6373,490
6374,489
6375,490
6376,489
6377,489
6378,489
6379,490
6380,489
6381,490
6382,490
6383,490
6384,489
6385,490
6386,489
6387,489
6388,489
6389,490
6390,489
6391,490
6392,490
6393,490
6394,489
6395,490
6396,489
6397,489
6398,489
6399,489
6400,489
6401,489
6402,490
6403,489
6404,489
6405,489
6406,489
6407,489
6408,489
6409,489
6410,489
6411,489
6412,490
6413,489
6414,489
6415,489
6416,489
6417,489
6418,489
6419,489
6420,489
6421,489
6422,490
6423,489
6424,489
6425,489
6426,489
6427,489
6428,489
6429,489
6430,489
6431,489
6432,489
6433,489
6434,490
6435,490
6436,489
6437,489
6438,489
6439,489
6440,489
6441,489
6442,489
6443,489
6444,490
6445,490
6446,490
6447,489
6448,490
6449,489
6450,489
6451,489
6452,489
6453,489
6454,490
6455,490
6456,490
6457,490
6458,490
6459,489
6460,489
6461,489
6462,489
6463,489
6464,490
6465,490
6466,490
6467,490
6468,490
6469,489
6470,489
6471,489
6472,489
6473,489
6474,490
6475,490
6476,490
6477,490
6478,490
6479,489
6480,489
6481,489
6482,489
6483,489
6484,490
6485,490
6486,490
6487,489
6488,490
6489,489
6490,489
6491,489
6492,489
6493,489
6494,490
6495,490
6496,490
6497,489
6498,490
6499,489
6500,489
6501,489
6502,490
6503,489
6504,490
6505,490
6506,490
6507,489
6508,490
6509,489
6510,489
6511,489
6512,490
6513,489
6514,490
6515,490
6516,490
6517,490
6518,490
6519,490
6520,489
6521,490
6522,490
6523,490
6524,490
6525,490
6526,490
6527,490
6528,490
6529,490
6530,490
6531,490
6532,490
6533,490
6534,490
6535,490
6536,490
6537,490
6538,490
6539,490
6540,490
6541,490
6542,490
6543,490
6544,490
6545,490
6546,490
6547,490
6548,490
6549,490
6550,490
6551,490
6552,490
6553,490
6554,490
6555,490
6556,490
6557,490
6558,490
6559,490
6560,490
6561,490
6562,490
6563,490
6564,490
6565,490
6566,490
6567,490
6568,490
6569,489
6570,489
6571,490
6572,490
6573,489
6574,490
6575,490
6576,490
6577,489
6578,490
6579,489
6580,489
6581,489
6582,490
6583,489
6584,490
6585,490
6586,490
6587,489
6588,490
6589,489
6590,489
6591,489
6592,489
6593,489
6594,490
6595,490
6596,490
6597,489
6598,490
6599,489
6600,489
6601,489
6602,490
6603,489
6604,490
6605,490
6606,490
6607,489
6608,490
6609,489
6610,489
6611,489
6612,489
6613,489
6614,489
6615,490
6616,490
6617,489
6618,490
6619,489
6620,489
6621,489
6622,489
6623,489
6624,490
6625,490
6626,489
6627,489
6628,489
6629,489
6630,489
6631,489
6632,489
6633,489
6634,489
6635,490
6636,489
6637,489
6638,489
6639,489
6640,489
6641,489
6642,489
6643,489
6644,489
6645,489
6646,489
6647,489
6648,490
6649,489
6650,489
6651,489
6652,489
6653,489
6654,489
6655,489
6656,489
6657,489
6658,490
6659,489
6660,489
6661,489
6662,489
6663,489
6664,489
6665,489
6666,489
6667,489
6668,490
6669,489
6670,489
6671,489
6672,489
6673,489
6674,489
6675,489
6676,489
6677,490
6678,490
6679,490
6680,489
6681,490
6682,489
6683,489
6684,489
6685,489
6686,489
6687,490
6688,490
6689,490
6690,489
6691,490
6692,489
6693,489
6694,489
6695,490
6696,489
6697,490
6698,490
6699,490
6700,489
6701,490
6702,489
6703,489
6704,489
6705,490
6706,489
6707,490
6708,490
6709,490
6710,489
6711,490
6712,489
6713,489
6714,489
6715,490
6716,489
6717,490
6718,490
6719,490
6720,489
6721,490
6722,489
6723,489
6724,489
6725,490
6726,489
6727,490
6728,490
6729,490
6730,489
6731,490
6732,489
6733,489
6734,489
6735,489
6736,489
6737,489
6738,490
6739,489
6740,489
6741,489
6742,489
6743,489
6744,489
6745,489
6746,489
6747,489
6748,490
6749,489
6750,489
6751,489
6752,489
6753,489
6754,489
6755,489
6756,489
6757,490
6758,490
6759,490
6760,489
6761,490
6762,489
6763,489
6764,489
6765,490
6766,489
6767,490
6768,490
6769,489
6770,489
6771,489
6772,489
6773,489
6774,489
6775,489
6776,489
6777,490
6778,490
6779,490
6780,489
6781,490
6782,489
6783,489
6784,489
6785,490
6786,489
6787,490
6788,490
6789,490
6790,489
6791,490
6792,489
6793,489
6794,489
6795,490
6796,489
6797,490
6798,490
6799,490
6800,489
6801,490
6802,489
6803,489
6804,489
6805,490
6806,489
6807,490
6808,490
6809,490
6810,489
6811,490
6812,489
6813,489
6814,489
6815,490
6816,489
6817,490
6818,490
6819,490
6820,489
6821,490
6822,489
6823,489
6824,489
6825,490
6826,489
6827,490
6828,490
6829,490
6830,489
6831,490
6832,489
6833,489
6834,490
6835,490
6836,490
6837,490
6838,490
6839,490
6840,490
6841,490
6842,490
6843,489
6844,490
6845,490
6846,490
6847,490
6848,490
6849,490
6850,490
6851,490
6852,490
6853,490
6854,490
6855,490
6856,490
6857,490
6858,490
6859,490
6860,490
6861,490
6862,490
6863,490
6864,490
6865,490
6866,489
6867,490
6868,490
6869,490
6870,490
6871,490
6872,490
6873,490
6874,490
6875,490
6876,489
6877,490
6878,490
6879,490
6880,490
6881,490
6882,490
6883,490
6884,490
6885,489
6886,489
6887,489
6888,490
6889,489
6890,490
6891,490
6892,490
6893,490
6894,490
6895,489
6896,489
6897,489
6898,489
6899,489
6900,490
6901,490
6902,489
6903,489
6904,490
6905,489
6906,489
6907,489
6908,489
6909,489
6910,490
6911,490
6912,490
6913,489
6914,490
6915,489
6916,489
6917,489
6918,489
6919,489
6920,490
6921,490
6922,490
6923,489
6924,490
6925,489
6926,489
6927,489
6928,489
6929,489
6930,490
6931,490
6932,490
6933,489
6934,490
6935,489
6936,489
6937,489
6938,489
6939,489
6940,490
6941,490
6942,490
6943,489
6944,490
6945,489
6946,489
6947,489
6948,490
6949,489
6950,490
6951,490
6952,490
6953,489
6954,490
6955,489
6956,489
6957,489
6958,490
6959,489
6960,490
6961,490
6962,490
6963,489
6964,490
6965,489
6966,489
6967,489
6968,490
6969,489
6970,490
6971,490
6972,490
6973,489
6974,490
6975,489
6976,489
6977,489
6978,490
6979,489
6980,490
6981,490
6982,490
6983,489
6984,490
6985,489
6986,489
6987,489
6988,490
6989,489
6990,490
6991,490
6992,490
6993,489
6994,490
6995,489
6996,489
6997,489
6998,490
6999,489
7000,490
7001,490
7002,490
7003,489
7004,490
7005,489
7006,489
7007,489
7008,490
7009,489
7010,490
7011,490
7012,490
7013,489
7014,490
7015,489
7016,489
7017,489
7018,490
7019,489
7020,490
7021,490
7022,490
7023,489
7024,490
7025,489
7026,489
7027,489
7028,490
7029,489
7030,490
7031,490
7032,490
7033,489
7034,490
7035,489
7036,489
7037,489
7038,489
7039,489
7040,489
7041,490
7042,489
7043,489
7044,489
7045,489
7046,489
7047,489
7048,489
7049,489
7050,489
7051,490
7052,489
7053,489
7054,489
7055,489
7056,489
7057,489
7058,489
7059,489
7060,489
7061,489
7062,489
7063,489
7064,489
7065,489
7066,489
7067,489
7068,489
7069,489
7070,489
7071,489
7072,489
7073,489
7074,490
7075,489
7076,489
7077,489
7078,489
7079,489
7080,489
7081,489
7082,489
7083,489
7084,490
7085,489
7086,489
7087,490
7088,489
7089,489
7090,489
7091,489
7092,489
7093,490
7094,490
7095,490
7096,489
7097,490
7098,489
7099,489
7100,489
7101,489
7102,489
7103,490
7104,490
7105,490
7106,490
7107,490
7108,490
7109,489
7110,490
7111,490
7112,490
7113,490
7114,490
7115,490
7116,490
7117,490
7118,489
7119,489
7120,490
7121,490
7122,490
7123,490
7124,490
7125,490
7126,490
7127,490
7128,489
7129,489
7130,490
7131,490
7132,489
7133,490
7134,490
7135,490
7136,490
7137,490
7138,489
7139,489
7140,489
7141,490
7142,489
7143,490
7144,490
7145,490
7146,490
7147,490
7148,490
7149,489
7150,490
7151,490
7152,489
7153,490
7154,490
7155,490
7156,490
7157,490
7158,489
7159,489
7160,490
7161,490
7162,489
7163,490
7164,490
7165,490
7166,490
7167,490
7168,490
7169,489
7170,490
7171,490
7172,489
7173,490
7174,490
7175,490
7176,490
7177,490
7178,489
7179,489
7180,489
7181,490
7182,489
7183,490
7184,490
7185,490
7186,490
7187,490
7188,489
7189,489
7190,490
7191,490
7192,489
7193,490
7194,490
7195,490
7196,490
7197,490
7198,489
7199,489
7200,489
7201,490
7202,489
7203,490
7204,490
7205,490
7206,489
7207,490
7208,489
7209,489
7210,489
7211,490
7212,489
7213,490
7214,490
7215,490
7216,489
7217,490
7218,489
7219,489
7220,489
7221,490
7222,489
7223,490
7224,490
7225,490
7226,489
7227,490
7228,489
7229,489
7230,489
7231,490
7232,489
7233,490
7234,490
7235,490
7236,489
7237,490
7238,489
7239,489
7240,489
7241,490
7242,489
7243,490
7244,490
7245,490
7246,489
7247,490
7248,489
7249,489
7250,489
7251,489
7252,489
7253,490
7254,490
7255,489
7256,489
7257,489
7258,489
7259,489
7260,489
7261,489
7262,489
7263,489
7264,490
7265,489
7266,490
7267,490
7268,490
7269,490
7270,490
7271,489
7272,489
7273,489
7274,490
7275,489
7276,490
7277,490
7278,490
7279,490
7280,490
7281,489
7282,489
7283,489
7284,490
7285,489
7286,490
7287,490
7288,490
7289,490
7290,490
7291,489
7292,489
7293,489
7294,490
7295,489
7296,490
7297,490
7298,490
7299,490
7300,490
7301,489
7302,489
7303,489
7304,490
7305,489
7306,490
7307,490
7308,490
7309,490
7310,490
7311,489
7312,489
7313,489
7314,490
7315,489
7316,490
7317,490
7318,490
7319,489
7320,490
7321,489
7322,489
7323,489
7324,490
7325,489
7326,490
7327,490
7328,490
7329,489
7330,490
7331,489
7332,489
7333,489
7334,490
7335,489
7336,490
7337,490
7338,490
7339,489
7340,490
7341,489
7342,489
7343,489
7344,489
7345,489
7346,490
7347,490
7348,489
7349,489
7350,490
7351,489
7352,489
7353,489
7354,490
7355,489
7356,490
7357,490
7358,490
7359,489
7360,490
7361,489
7362,489
7363,489
7364,489
7365,489
7366,490
7367,490
7368,489
7369,489
7370,490
7371,489
7372,489
7373,489
7374,489
7375,489
7376,490
7377,490
7378,490
7379,489
7380,490
7381,489
7382,489
7383,489
7384,490
7385,489
7386,490
7387,490
7388,490
7389,490
7390,490
7391,489
7392,489
7393,490
7394,490
7395,489
7396,490
7397,490
7398,490
7399,490
7400,490
7401,489
7402,489
7403,489
7404,490
7405,489
7406,490
7407,490
7408,490
7409,489
7410,490
7411,489
7412,489
7413,489
7414,490
7415,489
7416,490
7417,490
7418,490
7419,489
7420,490
7421,489
7422,489
7423,489
7424,490
7425,489
7426,490
7427,490
7428,490
7429,489
7430,490
7431,489
7432,489
7433,489
7434,490
7435,489
7436,490
7437,490
7438,490
7439,489
7440,490
7441,489
7442,489
7443,489
7444,489
7445,489
7446,490
7447,490
7448,490
7449,489
7450,490
7451,489
7452,489
7453,489
7454,489
7455,489
7456,490
7457,490
7458,490
7459,489
7460,490
7461,489
7462,489
7463,489
7464,490
7465,489
7466,490
7467,490
7468,490
7469,490
7470,490
7471,490
7472,490
7473,490
7474,490
7475,489
7476,490
7477,490
7478,490
7479,490
7480,490
7481,490
7482,490
7483,490
7484,490
7485,489
7486,490
7487,490
7488,490
7489,490
7490,490
7491,490
7492,490
7493,490
7494,490
7495,489
7496,490
7497,490
7498,490
7499,490
7500,490
7501,490
7502,490
7503,490
7504,490
7505,489
7506,490
7507,490
7508,490
7509,490
7510,490
7511,490
7512,490
7513,490
7514,489
7515,489
7516,489
7517,490
7518,489
7519,490
7520,490
7521,490
7522,489
7523,490
7524,489
7525,489
7526,489
7527,489
7528,489
7529,490
7530,490
7531,489
7532,489
7533,490
7534,489
7535,489
7536,489
7537,489
7538,489
7539,490
7540,490
7541,490
7542,489
7543,490
7544,489
7545,489
7546,489
7547,490
7548,489
7549,490
7550,490
7551,490
7552,489
7553,490
7554,489
7555,489
7556,489
7557,490
7558,489
7559,490
7560,490
7561,490
7562,489
7563,490
7564,489
7565,489
7566,489
7567,490
7568,489
7569,490
7570,490
7571,490
7572,489
7573,490
7574,489
7575,489
7576,489
7577,490
7578,489
7579,490
7580,490
7581,490
7582,489
7583,490
7584,489
7585,489
7586,489
7587,490
7588,489
7589,490
7590,490
7591,490
7592,489
7593,490
7594,489
7595,489
7596,489
7597,490
7598,489
7599,490
7600,490
7601,489
7602,489
7603,490
7604,489
7605,489
7606,489
7607,489
7608,489
7609,490
7610,490
7611,490
7612,489
7613,490
7614,489
7615,489
7616,489
7617,490
7618,489
7619,490
7620,490
7621,490
7622,489
7623,490
7624,489
7625,489
7626,489
7627,490
7628,489
7629,490
7630,490
7631,490
7632,489
7633,490
7634,489
7635,489
7636,489
7637,489
7638,489
7639,490
7640,490
7641,489
7642,489
7643,490
7644,489
7645,489
7646,489
7647,489
7648,489
7649,490
7650,490
7651,489
7652,489
7653,489
7654,489
7655,489
7656,489
7657,489
7658,489
7659,490
7660,490
7661,489
7662,489
7663,489
7664,489
7665,489
7666,489
7667,489
7668,489
7669,489
7670,490
7671,489
7672,489
7673,490
7674,489
7675,489
7676,489
7677,489
7678,489
7679,489
7680,489
7681,489
7682,489
7683,490
7684,489
7685,489
7686,489
7687,489
7688,489
7689,489
7690,489
7691,489
7692,489
7693,490
7694,489
7695,489
7696,489
7697,489
7698,489
7699,489
7700,489
7701,489
7702,490
7703,490
7704,490
7705,489
7706,490
7707,489
7708,489
7709,489
7710,489
7711,489
7712,490
7713,490
7714,490
7715,489
7716,490
7717,489
7718,489
7719,489
7720,489
7721,489
7722,490
7723,490
7724,490
7725,489
7726,490
7727,489
7728,489
7729,489
7730,490
7731,489
7732,490
7733,490
7734,490
7735,489
7736,490
7737,489
7738,489
7739,489
7740,489
7741,489
7742,490
7743,490
7744,490
7745,489
7746,490
7747,489
7748,489
7749,489
7750,489
7751,489
7752,490
7753,490
7754,489
7755,489
7756,489
7757,489
7758,489
7759,489
7760,489
7761,489
7762,489
7763,490
7764,489
7765,489
7766,489
7767,489
7768,489
7769,489
7770,489
7771,489
7772,489
7773,490
7774,489
7775,489
7776,489
7777,489
7778,489
7779,489
7780,489
7781,489
7782,489
7783,490
7784,489
7785,489
7786,490
7787,489
7788,489
7789,489
7790,489
7791,489
7792,490
7793,490
7794,490
7795,489
7796,490
7797,489
7798,489
7799,489
7800,490
7801,489
7802,490
7803,490
7804,490
7805,489
7806,490
7807,489
7808,489
7809,490
7810,490
7811,489
7812,490
7813,490
7814,490
7815,490
7816,490
7817,489
7818,489
7819,490
7820,490
7821,489
7822,490
7823,490
7824,490
7825,490
7826,490
7827,489
7828,489
7829,490
7830,490
7831,489
7832,490
7833,490
7834,490
7835,490
7836,490
7837,489
7838,489
7839,489
7840,490
7841,489
7842,490
7843,490
7844,490
7845,489
7846,490
7847,489
7848,489
7849,489
7850,490
7851,489
7852,490
7853,490
7854,490
7855,489
7856,490
7857,489
7858,489
7859,489
7860,490
7861,489
7862,490
7863,490
7864,490
7865,489
7866,490
7867,489
7868,489
7869,489
7870,490
7871,489
7872,490
7873,490
7874,490
7875,489
7876,490
7877,489
7878,489
7879,489
7880,490
7881,489
7882,490
7883,490
7884,490
7885,490
7886,490
7887,489
7888,489
7889,490
7890,489
7891,489
7892,489
7893,489
7894,489
7895,490
7896,490
7897,490
7898,489
7899,490
7900,489
7901,489
7902,489
7903,489
7904,489
7905,490
7906,490
7907,490
7908,489
7909,490
7910,489
7911,489
7912,489
7913,489
7914,489
7915,490
7916,490
7917,490
7918,489
7919,490
7920,489
7921,489
7922,489
7923,489
7924,489
7925,490
7926,490
7927,490
7928,489
7929,490
7930,489
7931,489
7932,489
7933,489
7934,489
7935,490
7936,490
7937,490
7938,489
7939,490
7940,489
7941,489
7942,489
7943,489
7944,489
7945,490
7946,490
7947,490
7948,489
7949,490
7950,489
7951,489
7952,489
7953,490
7954,489
7955,490
7956,490
7957,490
7958,489
7959,490
7960,489
7961,489
7962,489
7963,490
7964,489
7965,490
7966,490
7967,490
7968,489
7969,490
7970,489
7971,489
7972,489
7973,490
7974,489
7975,490
7976,490
7977,490
7978,489
7979,490
7980,489
7981,489
7982,490
7983,490
7984,489
7985,490
7986,490
7987,490
7988,490
7989,490
7990,489
7991,489
7992,490
7993,490
7994,489
7995,490
7996,490
7997,490
7998,490
7999,490
8000,489
8001,489
8002,489
8003,490
8004,489
8005,490
8006,490
8007,490
8008,490
8009,490
8010,489
8011,489
8012,489
8013,490
8014,489
8015,490
8016,490
8017,490
8018,490
8019,490
8020,489
8021,489
8022,490
8023,490
8024,490
8025,490
8026,490
8027,490
8028,490
8029,490
8030,489
8031,489
8032,489
8033,490
8034,489
8035,490
8036,490
8037,490
8038,490
8039,490
8040,489
8041,489
8042,489
8043,490
8044,489
8045,490
8046,490
8047,490
8048,489
8049,490
8050,489
8051,489
8052,489
8053,490
8054,489
8055,490
8056,490
8057,490
8058,489
8059,490
8060,489
8061,489
8062,489
8063,490
8064,489
8065,490
8066,490
8067,490
8068,489
8069,490
8070,489
8071,489
8072,489
8073,489
8074,489
8075,489
8076,490
8077,489
8078,489
8079,489
8080,489
8081,489
8082,489
8083,489
8084,489
8085,489
8086,490
8087,489
8088,489
8089,489
8090,489
8091,489
8092,489
8093,489
8094,489
8095,489
8096,490
8097,489
8098,490
8099,490
8100,490
8101,489
8102,490
8103,489
8104,489
8105,489
8106,490
8107,489
8108,490
8109,490
8110,490
8111,490
8112,490
8113,489
8114,489
8115,489
8116,490
8117,489
8118,490
8119,490
8120,490
8121,490
8122,490
8123,489
8124,489
8125,489
8126,489
8127,489
8128,490
8129,490
8130,490
8131,490
8132,490
8133,489
8134,489
8135,489
8136,489
8137,489
8138,490
8139,490
8140,490
8141,490
8142,490
8143,489
8144,489
8145,489
8146,489
8147,489
8148,490
8149,490
8150,490
8151,489
8152,490
8153,489
8154,489
8155,489
8156,489
8157,489
8158,490
8159,490
8160,489
8161,489
8162,490
8163,489
8164,489
8165,489
8166,489
8167,489
8168,490
8169,490
8170,489
8171,489
8172,490
8173,489
8174,489
8175,489
8176,489
8177,489
8178,490
8179,490
8180,490
8181,489
8182,490
8183,489
8184,489
8185,489
8186,490
8187,489
8188,490
8189,490
8190,490
8191,490
8192,490
8193,489
8194,489
8195,490
8196,490
8197,490
8198,490
8199,490
8200,490
8201,490
8202,490
8203,490
8204,489
8205,490
8206,490
8207,490
8208,490
8209,490
8210,490
8211,490
8212,490
8213,490
8214,489
8215,490
8216,490
8217,490
8218,490
8219,490
8220,490
8221,490
8222,490
8223,490
8224,489
8225,490
8226,490
8227,490
8228,490
8229,490
8230,490
8231,490
8232,490
8233,489
8234,489
8235,490
8236,490
8237,489
8238,490
8239,490
8240,490
8241,490
8242,490
8243,489
8244,489
8245,489
8246,490
8247,489
8248,490
8249,490
8250,490
8251,489
8252,490
8253,489
8254,489
8255,489
8256,490
8257,489
8258,490
8259,490
8260,490
8261,489
8262,490
8263,489
8264,489
8265,489
8266,490
8267,489
8268,490
8269,490
8270,490
8271,489
8272,490
8273,489
8274,489
8275,489
8276,490
8277,489
8278,490
8279,490
8280,490
8281,489
8282,490
8283,489
8284,489
8285,489
8286,490
8287,489
8288,490
8289,490
8290,489
8291,489
8292,489
8293,489
8294,489
8295,489
8296,489
8297,489
8298,489
8299,490
8300,489
8301,489
8302,489
8303,489
8304,489
8305,489
8306,489
8307,489
8308,489
8309,489
8310,489
8311,489
8312,489
8313,489
8314,489
8315,489
8316,489
8317,489
8318,489
8319,489
8320,489
8321,489
8322,490
8323,489
8324,489
8325,489
8326,489
8327,489
8328,489
8329,489
8330,489
8331,489
8332,490
8333,489
8334,489
8335,489
8336,489
8337,489
8338,489
8339,489
8340,489
8341,490
8342,490
8343,490
8344,489
8345,490
8346,489
8347,489
8348,489
8349,489
8350,489
8351,490
8352,490
8353,490
8354,489
8355,490
8356,489
8357,489
8358,489
8359,490
8360,489
8361,490
8362,490
8363,490
8364,489
8365,490
8366,489
8367,489
8368,489
8369,489
8370,489
8371,490
8372,490
8373,490
8374,489
8375,490
8376,489
8377,489
8378,489
8379,489
8380,489
8381,490
8382,490
8383,490
8384,489
8385,490
8386,489
8387,489
8388,489
8389,490
8390,489
8391,490
8392,490
8393,489
8394,489
8395,490
8396,489
8397,489
8398,489
8399,489
8400,489
8401,489
8402,490
8403,489
8404,489
8405,489
8406,489
8407,489
8408,489
8409,489
8410,489
8411,489
8412,490
8413,489
8414,489
8415,489
8416,489
8417,489
8418,489
8419,489
8420,489
8421,490
8422,490
8423,490
8424,489
8425,490
8426,489
8427,489
8428,489
8429,490
8430,489
8431,490
8432,490
8433,489
8434,489
8435,489
8436,489
8437,489
8438,489
8439,489
8440,489
8441,490
8442,490
8443,490
8444,489
8445,490
8446,489
8447,489
8448,489
8449,490
8450,489
8451,490
8452,490
8453,490
8454,489
8455,490
8456,489
8457,489
8458,489
8459,490
8460,489
8461,490
8462,490
8463,490
8464,489
8465,490
8466,489
8467,489
8468,489
8469,489
8470,489
8471,490
8472,490
8473,489
8474,489
8475,489
8476,489
8477,489
8478,489
8479,489
8480,489
8481,490
8482,490
8483,490
8484,489
8485,490
8486,489
8487,489
8488,489
8489,490
8490,489
8491,490
8492,490
8493,490
8494,489
8495,490
8496,489
8497,489
8498,490
8499,490
8500,490
8501,490
8502,490
8503,490
8504,490
8505,490
8506,490
8507,489
8508,490
8509,490
8510,490
8511,490
8512,490
8513,490
8514,490
8515,490
8516,490
8517,490
8518,490
8519,490
8520,489
8521,490
8522,490
8523,490
8524,490
8525,490
8526,490
8527,490
8528,490
8529,490
8530,489
8531,490
8532,490
8533,490
8534,490
8535,490
8536,490
8537,490
8538,490
8539,490
8540,489
8541,490
8542,490
8543,490
8544,490
8545,490
8546,490
8547,490
8548,490
8549,489
8550,489
8551,489
8552,490
8553,489
8554,490
8555,490
8556,490
8557,490
8558,490
8559,489
8560,489
8561,489
8562,490
8563,489
8564,490
8565,490
8566,490
8567,489
8568,490
8569,489
8570,489
8571,489
8572,490
8573,489
8574,490
8575,490
8576,490
8577,489
8578,490
8579,489
8580,489
8581,489
8582,490
8583,489
8584,490
8585,490
8586,490
8587,489
8588,490
8589,489
8590,489
8591,489
8592,490
8593,489
8594,490
8595,490
8596,490
8597,489
8598,490
8599,489
8600,489
8601,489
8602,489
8603,489
8604,490
8605,490
8606,490
8607,489
8608,490
8609,489
8610,489
8611,489
8612,490
8613,489
8614,490
8615,490
8616,490
8617,489
8618,490
8619,489
8620,489
8621,489
8622,490
8623,489
8624,490
8625,490
8626,490
8627,489
8628,490
8629,489
8630,489
8631,489
8632,490
8633,489
8634,490
8635,490
8636,490
8637,489
8638,490
8639,489
8640,489
8641,489
8642,490
8643,489
8644,490
8645,490
8646,490
8647,489
8648,490
8649,489
8650,489
8651,489
8652,490
8653,489
8654,490
8655,490
8656,490
8657,489
8658,490
8659,489
8660,489
8661,489
8662,490
8663,489
8664,490
8665,490
8666,490
8667,489
8668,490
8669,489
8670,489
8671,489
8672,489
8673,489
8674,490
8675,490
8676,490
8677,489
8678,489
8679,489
8680,489
8681,489
8682,489
8683,489
8684,489
8685,490
8686,489
8687,489
8688,489
8689,489
8690,489
8691,489
8692,489
8693,489
8694,489
8695,490
8696,489
8697,489
8698,489
8699,489
8700,489
8701,489
8702,489
8703,489
8704,489
8705,490
8706,489
8707,489
8708,489
8709,489
8710,489
8711,489
8712,489
8713,489
8714,489
8715,489
8716,489
8717,489
8718,489
8719,489
8720,489
8721,489
8722,489
8723,489
8724,489
8725,489
8726,489
8727,489
8728,489
8729,489
8730,489
8731,489
8732,489
8733,489
8734,489
8735,489
8736,489
8737,489
8738,489
8739,489
8740,489
8741,489
8742,489
8743,489
8744,489
8745,489
8746,489
8747,490
8748,490
8749,489
8750,489
8751,490
8752,489
8753,489
8754,489
8755,489
8756,489
8757,490
8758,490
8759,490
8760,489
8761,490
8762,489
8763,489
8764,489
8765,489
8766,489
8767,490
8768,490
8769,490
8770,489
8771,490
8772,489
8773,489
8774,489
8775,490
8776,489
8777,490
8778,490
8779,490
8780,489
8781,490
8782,489
8783,489
8784,489
8785,490
8786,489
8787,490
8788,490
8789,490
8790,489
8791,490
8792,489
8793,489
8794,489
8795,490
8796,489
8797,490
8798,490
8799,490
8800,489
8801,490
8802,489
8803,489
8804,489
8805,490
8806,489
8807,490
8808,490
8809,490
8810,490
8811,490
8812,490
8813,489
8814,490
8815,490
8816,490
8817,490
8818,490
8819,490
8820,490
8821,490
8822,490
8823,489
8824,490
8825,490
8826,490
8827,490
8828,490
8829,490
8830,490
8831,490
8832,490
8833,489
8834,490
8835,490
8836,490
8837,490
8838,490
8839,490
8840,490
8841,490
8842,490
8843,489
8844,490
8845,490
8846,490
8847,490
8848,490
8849,490
8850,490
8851,490
8852,490
8853,489
8854,490
8855,490
8856,489
8857,490
8858,490
8859,490
8860,489
8861,490
8862,489
8863,489
8864,489
8865,490
8866,489
8867,490
8868,490
8869,490
8870,489
8871,490
8872,489
8873,489
8874,489
8875,490
8876,489
8877,490
8878,490
8879,490
8880,489
8881,490
8882,489
8883,489
8884,489
8885,490
8886,489
8887,490
8888,490
8889,490
8890,489
8891,490
8892,489
8893,489
8894,489
8895,489
8896,489
8897,490
8898,490
8899,490
8900,489
8901,490
8902,489
8903,489
8904,489
8905,490
8906,489
8907,490
8908,490
8909,490
8910,489
8911,490
8912,489
8913,489
8914,489
8915,489
8916,489
8917,489
8918,490
8919,489
8920,489
8921,489
8922,489
8923,489
8924,489
8925,489
8926,489
8927,489
8928,490
8929,489
8930,490
8931,490
8932,490
8933,489
8934,490
8935,489
8936,489
8937,489
8938,490
8939,489
8940,490
8941,490
8942,490
8943,490
8944,490
8945,489
8946,489
8947,489
8948,490
8949,489
8950,490
8951,490
8952,490
8953,490
8954,490
8955,489
8956,489
8957,489
8958,489
8959,489
8960,490
8961,490
8962,490
8963,490
8964,490
8965,489
8966,489
8967,489
8968,490
8969,489
8970,490
8971,490
8972,490
8973,490
8974,490
8975,489
8976,489
8977,489
8978,490
8979,489
8980,490
8981,490
8982,490
8983,489
8984,490
8985,489
8986,489
8987,489
8988,490
8989,489
8990,490
8991,490
8992,490
8993,489
8994,490
8995,489
8996,489
8997,489
8998,490
8999,489
9000,490
9001,490
9002,490
9003,489
9004,490
9005,489
9006,489
9007,489
9008,489
9009,489
9010,489
9011,490
9012,489
9013,489
9014,489
9015,489
9016,489
9017,489
9018,489
9019,489
9020,489
9021,490
9022,489
9023,489
9024,489
9025,489
9026,489
9027,489
9028,489
9029,489
9030,489
9031,489
9032,489
9033,489
9034,489
9035,489
9036,489
9037,489
9038,489
9039,489
9040,489
9041,489
9042,489
9043,489
9044,489
9045,489
9046,489
9047,489
9048,489
9049,489
9050,489
9051,490
9052,489
9053,489
9054,489
9055,489
9056,489
9057,489
9058,489
9059,489
9060,489
9061,490
9062,489
9063,489
9064,489
9065,489
9066,489
9067,489
9068,489
9069,489
9070,490
9071,490
9072,489
9073,489
9074,490
9075,489
9076,489
9077,489
9078,489
9079,489
9080,490
9081,490
9082,490
9083,489
9084,490
9085,489
9086,489
9087,489
9088,489
9089,489
9090,490
9091,490
9092,490
9093,489
9094,490
9095,489
9096,489
9097,489
9098,490
9099,489
9100,490
9101,490
9102,490
9103,489
9104,490
9105,489
9106,489
9107,489
9108,490
9109,489
9110,490
9111,490
9112,490
9113,489
9114,490
9115,489
9116,489
9117,489
9118,490
9119,489
9120,490
9121,490
9122,490
9123,489
9124,490
9125,489
9126,489
9127,489
9128,490
9129,489
9130,490
9131,490
9132,490
9133,490
9134,490
9135,490
9136,490
9137,490
9138,490
9139,489
9140,490
9141,490
9142,490
9143,490
9144,490
9145,490
9146,490
9147,490
9148,490
9149,489
9150,490
9151,490
9152,489
9153,490
9154,490
9155,490
9156,490
9157,490
9158,489
9159,489
9160,490
9161,490
9162,490
9163,490
9164,490
9165,490
9166,490
9167,490
9168,490
9169,489
9170,490
9171,490
9172,490
9173,490
9174,490
9175,490
9176,490
9177,490
9178,489
9179,489
9180,490
9181,490
9182,490
9183,490
9184,490
9185,490
9186,490
9187,490
9188,489
9189,489
9190,489
9191,490
9192,489
9193,490
9194,490
9195,490
9196,490
9197,490
9198,489
9199,489
9200,490
9201,490
9202,490
9203,490
9204,490
9205,490
9206,490
9207,490
9208,490
9209,489
9210,490
9211,490
9212,490
9213,490
9214,490
9215,490
9216,490
9217,490
9218,490
9219,489
9220,490
9221,490
9222,490
9223,490
9224,490
9225,490
9226,490
9227,490
9228,490
9229,489
9230,490
9231,490
9232,490
9233,490
9234,490
9235,490
9236,490
9237,490
9238,490
9239,489
9240,490
9241,490
9242,490
9243,490
9244,490
9245,490
9246,490
9247,490
9248,490
9249,489
9250,490
9251,490
9252,490
9253,490
9254,490
9255,490
9256,490
9257,490
9258,489
9259,489
9260,489
9261,490
9262,489
9263,490
9264,490
9265,490
9266,490
9267,490
9268,489
9269,489
9270,490
9271,490
9272,489
9273,490
9274,490
9275,490
9276,490
9277,490
9278,489
9279,489
9280,489
9281,490
9282,489
9283,490
9284,490
9285,490
9286,490
9287,490
9288,489
9289,489
9290,489
9291,490
9292,489
9293,490
9294,490
9295,490
9296,490
9297,490
9298,489
9299,489
9300,490
9301,490
9302,489
9303,490
9304,490
9305,490
9306,489
9307,490
9308,489
9309,489
9310,489
9311,489
9312,489
9313,490
9314,490
9315,490
9316,489
9317,490
9318,489
9319,489
9320,489
9321,489
9322,489
9323,489
9324,490
9325,489
9326,489
9327,489
9328,489
9329,489
9330,489
9331,489
9332,489
9333,489
9334,489
9335,489
9336,489
9337,489
9338,489
9339,489
9340,489
9341,489
9342,489
9343,489
9344,489
9345,489
9346,490
9347,490
9348,490
9349,489
9350,490
9351,489
9352,489
9353,489
9354,489
9355,489
9356,490
9357,490
9358,490
9359,490
9360,490
9361,489
9362,489
9363,489
9364,489
9365,489
9366,490
9367,490
9368,490
9369,490
9370,490
9371,489
9372,489
9373,489
9374,489
9375,489
9376,490
9377,490
9378,490
9379,490
9380,490
9381,489
9382,489
9383,489
9384,490
9385,489
9386,490
9387,490
9388,490
9389,490
9390,490
9391,489
9392,489
9393,489
9394,490
9395,489
9396,490
9397,490
9398,490
9399,489
9400,490
9401,489
9402,489
9403,489
9404,490
9405,489
9406,490
9407,490
9408,490
9409,489
9410,490
9411,489
9412,489
9413,489
9414,490
9415,489
9416,490
9417,490
9418,490
9419,489
9420,490
9421,489
9422,489
9423,489
9424,490
9425,489
9426,490
9427,490
9428,490
9429,489
9430,490
9431,489
9432,489
9433,489
9434,490
9435,489
9436,490
9437,490
9438,490
9439,489
9440,490
9441,489
9442,489
9443,489
9444,490
9445,489
9446,490
9447,490
9448,490
9449,489
9450,490
9451,489
9452,489
9453,489
9454,490
9455,489
9456,490
9457,490
9458,490
9459,489
9460,490
9461,489
9462,489
9463,489
9464,490
9465,489
9466,490
9467,490
9468,490
9469,489
9470,490
9471,489
9472,489
9473,489
9474,490
9475,489
9476,490
9477,490
9478,490
9479,490
9480,490
9481,489
9482,489
9483,489
9484,490
9485,489
9486,490
9487,490
9488,490
9489,489
9490,490
9491,489
9492,489
9493,489
9494,490
9495,489
9496,490
9497,490
9498,490
9499,489
9500,490
9501,489
9502,489
9503,489
9504,490
9505,489
9506,490
9507,490
9508,490
9509,489
9510,490
9511,489
9512,489
9513,489
9514,490
9515,489
9516,490
9517,490
9518,490
9519,489
9520,490
9521,489
9522,489
9523,489
9524,489
9525,489
9526,490
9527,490
9528,489
9529,489
9530,489
9531,489
9532,489
9533,489
9534,489
9535,489
9536,489
9537,490
9538,489
9539,489
9540,489
9541,489
9542,489
9543,489
9544,489
9545,489
9546,489
9547,490
9548,489
9549,489
9550,490
9551,489
9552,489
9553,489
9554,489
9555,489
9556,489
9557,489
9558,489
9559,489
9560,490
9561,489
9562,489
9563,489
9564,489
9565,489
9566,489
9567,489
9568,489
9569,490
9570,490
9571,490
9572,489
9573,490
9574,489
9575,489
9576,489
9577,489
9578,489
9579,490
9580,490
9581,490
9582,489
9583,490
9584,489
9585,489
9586,489
9587,489
9588,489
9589,490
9590,490
9591,490
9592,489
9593,490
9594,489
9595,489
9596,489
9597,489
9598,489
9599,490
9600,490
9601,490
9602,489
9603,490
9604,489
9605,489
9606,489
9607,490
9608,489
9609,490
9610,490
9611,490
9612,489
9613,490
9614,489
9615,489
9616,489
9617,490
9618,489
9619,490
9620,490
9621,489
9622,489
9623,490
9624,489
9625,489
9626,489
9627,489
9628,489
9629,490
9630,490
9631,489
9632,489
9633,490
9634,489
9635,489
9636,489
9637,489
9638,489
9639,489
9640,490
9641,489
9642,489
9643,489
9644,489
9645,489
9646,489
9647,489
9648,489
9649,489
9650,490
9651,489
9652,489
9653,489
9654,489
9655,489
9656,489
9657,489
9658,489
9659,489
9660,490
9661,489
9662,489
9663,489
9664,489
9665,489
9666,489
9667,489
9668,489
9669,490
9670,490
9671,489
9672,489
9673,490
9674,489
9675,489
9676,489
9677,490
9678,489
9679,490
9680,490
9681,489
9682,489
9683,490
9684,489
9685,489
9686,489
9687,490
9688,489
9689,490
9690,490
9691,490
9692,489
9693,490
9694,489
9695,489
9696,489
9697,490
9698,489
9699,490
9700,490
9701,490
9702,489
9703,490
9704,489
9705,489
9706,489
9707,490
9708,489
9709,490
9710,490
9711,490
9712,489
9713,490
9714,489
9715,489
9716,489
9717,490
9718,489
9719,490
9720,490
9721,489
9722,489
9723,489
9724,489
9725,489
9726,489
9727,489
9728,489
9729,489
9730,490
9731,489
9732,489
9733,489
9734,489
9735,489
9736,489
9737,489
9738,489
9739,489
9740,490
9741,489
9742,489
9743,489
9744,489
9745,489
9746,489
9747,489
9748,489
9749,489
9750,490
9751,489
9752,489
9753,489
9754,489
9755,489
9756,489
9757,489
9758,489
9759,489
9760,490
9761,489
9762,490
9763,490
9764,490
9765,489
9766,490
9767,489
9768,489
9769,489
9770,490
9771,489
9772,490
9773,490
9774,490
9775,490
9776,490
9777,489
9778,489
9779,489
9780,489
9781,489
9782,490
9783,490
9784,490
9785,490
9786,490
9787,489
9788,489
9789,489
9790,489
9791,489
9792,490
9793,490
9794,490
9795,490
9796,490
9797,489
9798,489
9799,489
9800,489
9801,489
9802,490
9803,490
9804,490
9805,490
9806,490
9807,489
9808,489
9809,489
9810,489
9811,489
9812,490
9813,490
9814,490
9815,489
9816,490
9817,489
9818,489
9819,489
9820,490
9821,489
9822,490
9823,490
9824,490
9825,489
9826,490
9827,489
9828,489
9829,489
9830,490
9831,489
9832,490
9833,490
9834,490
9835,490
9836,490
9837,489
9838,489
9839,489
9840,490
9841,489
9842,490
9843,490
9844,490
9845,489
9846,490
9847,489
9848,489
9849,489
9850,490
9851,489
9852,490
9853,490
9854,490
9855,490
9856,490
9857,489
9858,489
9859,490
9860,490
9861,489
9862,490
9863,490
9864,490
9865,490
9866,490
9867,489
9868,489
9869,490
9870,490
9871,489
9872,490
9873,490
9874,490
9875,490
9876,490
9877,489
9878,489
9879,489
9880,490
9881,489
9882,490
9883,490
9884,490
9885,490
9886,490
9887,489
9888,489
9889,490
9890,490
9891,490
9892,490
9893,490
9894,490
9895,490
9896,490
9897,490
9898,489
9899,490
9900,490
9901,490
9902,490
9903,490
9904,490
9905,490
9906,490
9907,490
9908,489
9909,490
9910,490
9911,490
9912,490
9913,490
9914,490
9915,490
9916,490
9917,490
9918,489
9919,490
9920,490
9921,490
9922,490
9923,490
9924,490
9925,490
9926,490
9927,490
9928,489
9929,490
9930,490
9931,489
9932,490
9933,490
9934,490
9935,489
9936,490
9937,489
9938,489
9939,489
9940,490
9941,489
9942,490
9943,490
9944,490
9945,489
9946,490
9947,489
9948,489
9949,489
9950,489
9951,489
9952,489
9953,490
9954,489
9955,489
9956,489
9957,489
9958,489
9959,489
9960,489
9961,489
9962,489
9963,489
9964,489
9965,490
9966,490
9967,490
9968,489
9969,490
9970,489
9971,489
9972,489
9973,490
9974,489
9975,490
9976,490
9977,490
9978,489
9979,490
9980,489
9981,489
9982,489
9983,490
9984,489
9985,490
9986,490
9987,490
9988,490
9989,490
9990,489
9991,489
9992,489
9993,490
9994,489
9995,490
9996,490
9997,490
9998,490
9999,490
10000,489
