1,460
2,443
3,481
4,477
5,453
6,468
7,494
8,488
9,465
10,478
11,498
12,488
13,473
14,508
15,497
16,466
17,479
18,507
19,496
20,472
21,484
22,508
23,495
24,475
25,486
26,502
27,466
28,480
29,512
30,500
31,470
32,484
33,510
34,497
35,473
36,486
37,508
38,496
39,480
40,493
41,501
42,468
43,479
44,510
45,496
46,470
47,483
48,507
49,496
50,474
51,489
52,504
53,493
54,478
55,512
56,499
57,469
58,481
59,508
60,496
61,473
62,483
63,507
64,493
65,477
66,488
67,505
68,470
69,481
70,512
71,500
72,473
73,484
74,508
75,496
76,474
77,483
78,505
79,467
80,480
81,514
82,501
83,469
84,482
85,510
86,497
87,471
88,482
89,506
90,494
91,475
92,491
93,503
94,468
95,479
96,512
97,499
98,470
99,483
100,508
101,499
102,474
103,485
104,506
105,493
106,478
107,491
108,503
109,470
110,479
111,510
112,500
113,473
114,482
115,508
116,498
117,476
118,489
119,504
120,494
121,477
122,511
123,500
124,470
125,479
126,507
127,497
128,470
129,479
130,505
131,495
132,476
133,512
134,502
135,468
136,480
137,512
138,503
139,475
140,486
141,510
142,500
143,475
144,488
145,505
146,493
147,477
148,512
149,501
150,469
151,480
152,510
153,498
154,473
155,482
156,507
157,496
158,475
159,493
160,504
161,468
162,479
163,510
164,501
165,471
166,481
167,508
168,499
169,474
170,485
171,506
172,494
173,478
174,512
175,503
176,469
177,479
178,510
179,500
180,474
181,484
182,509
183,497
184,475
185,488
186,504
187,494
188,478
189,512
190,500
191,469
192,478
193,506
194,497
195,470
196,481
197,504
198,491
199,476
200,487
201,503
202,468
203,480
204,510
205,500
206,472
207,484
208,508
209,498
210,474
211,488
212,505
213,493
214,479
215,514
216,504
217,470
218,482
219,509
220,498
221,474
222,484
223,510
224,500
225,478
226,493
227,505
228,469
229,480
230,512
231,502
232,472
233,482
234,510
235,499
236,473
237,484
238,506
239,493
240,477
241,491
242,503
243,470
244,479
245,510
246,500
247,473
248,482
249,508
250,498
251,476
252,489
253,505
254,494
255,478
256,492
257,501
258,470
259,480
260,508
261,498
262,472
263,482
264,506
265,493
266,477
267,488
268,504
269,469
270,481
271,512
272,501
273,474
274,485
275,509
276,499
277,475
278,489
279,505
280,494
281,478
282,513
283,502
284,470
285,481
286,510
287,498
288,473
289,483
290,507
291,496
292,475
293,493
294,504
295,468
296,479
297,513
298,503
299,473
300,484
301,512
302,501
303,476
304,486
305,507
306,494
307,478
308,492
309,504
310,470
311,481
312,511
313,501
314,474
315,484
316,509
317,499
318,476
319,489
320,505
321,494
322,478
323,512
324,501
325,471
326,482
327,509
328,500
329,472
330,482
331,505
332,492
333,476
334,487
335,503
336,469
337,480
338,510
339,499
340,472
341,483
342,508
343,498
344,476
345,490
346,507
347,493
348,478
349,512
350,502
351,469
352,480
353,509
354,499
355,474
356,484
357,509
358,497
359,476
360,492
361,504
362,468
363,479
364,513
365,503
366,473
367,483
368,510
369,498
370,474
371,485
372,506
373,493
374,477
375,492
376,503
377,470
378,481
379,511
380,501
381,474
382,482
383,509
384,500
385,477
386,490
387,505
388,469
389,479
390,513
391,502
392,470
393,480
394,507
395,497
396,471
397,482
398,506
399,493
400,477
401,488
402,504
403,470
404,481
405,512
406,501
407,473
408,484
409,508
410,498
411,475
412,488
413,505
414,493
415,478
416,512
417,501
418,470
419,481
420,510
421,498
422,473
423,482
424,506
425,495
426,475
427,487
428,504
429,470
430,479
431,514
432,502
433,472
434,484
435,510
436,499
437,474
438,486
439,507
440,494
441,478
442,491
443,503
444,470
445,479
446,509
447,500
448,473
449,482
450,509
451,498
452,476
453,489
454,504
455,494
456,479
457,512
458,501
459,470
460,481
461,509
462,499
463,471
464,482
465,505
466,492
467,476
468,487
469,503
470,493
471,480
472,510
473,501
474,471
475,484
476,509
477,498
478,473
479,486
480,503
481,492
482,476
483,512
484,501
485,468
486,480
487,509
488,498
489,473
490,481
491,507
492,496
493,475
494,492
495,504
496,468
497,479
498,513
499,503
500,473
501,482
502,510
503,498
504,474
505,484
506,506
507,493
508,477
509,491
510,503
511,469
512,478
513,511
514,501
515,473
516,483
517,509
518,499
519,476
520,489
521,504
522,494
523,478
524,512
525,501
526,470
527,480
528,507
529,497
530,473
531,482
532,506
533,491
534,476
535,487
536,503
537,469
538,480
539,511
540,500
541,472
542,483
543,507
544,498
545,474
546,488
547,505
548,494
549,478
550,512
551,502
552,470
553,481
554,510
555,500
556,474
557,483
558,506
559,494
560,475
561,491
562,503
563,467
564,478
565,511
566,500
567,471
568,482
569,507
570,499
571,474
572,485
573,506
574,493
575,477
576,491
577,503
578,470
579,479
580,510
581,500
582,473
583,482
584,508
585,498
586,476
587,489
588,505
589,494
590,478
591,512
592,501
593,470
594,481
595,509
596,498
597,471
598,482
599,506
600,492
601,475
602,487
603,502
604,468
605,479
606,510
607,501
608,473
609,484
610,509
611,499
612,475
613,488
614,505
615,492
616,478
617,513
618,502
619,469
620,481
621,509
622,498
623,473
624,482
625,507
626,496
627,476
628,493
629,504
630,468
631,479
632,513
633,503
634,473
635,483
636,510
637,499
638,473
639,484
640,506
641,492
642,476
643,511
644,502
645,467
646,480
647,509
648,499
649,473
650,483
651,508
652,497
653,475
654,488
655,504
656,494
657,478
658,511
659,501
660,470
661,479
662,508
663,497
664,470
665,481
666,504
667,492
668,476
669,487
670,502
671,468
672,479
673,511
674,500
675,472
676,483
677,507
678,497
679,474
680,487
681,505
682,493
683,477
684,513
685,502
686,471
687,481
688,510
689,501
690,474
691,485
692,510
693,499
694,478
695,493
696,505
697,469
698,480
699,512
700,502
701,472
702,482
703,510
704,498
705,473
706,484
707,505
708,493
709,477
710,491
711,503
712,469
713,479
714,509
715,500
716,473
717,483
718,510
719,499
720,477
721,490
722,505
723,494
724,478
725,512
726,502
727,470
728,480
729,509
730,496
731,472
732,484
733,507
734,495
735,478
736,490
737,505
738,471
739,480
740,511
741,501
742,472
743,484
744,509
745,499
746,475
747,487
748,506
749,467
750,478
751,515
752,503
753,471
754,483
755,512
756,501
757,474
758,484
759,508
760,497
761,476
762,494
763,505
764,470
765,481
766,513
767,501
768,472
769,483
770,509
771,500
772,476
773,486
774,506
775,493
776,475
777,513
778,502
779,467
780,478
781,510
782,500
783,474
784,484
785,509
786,499
787,476
788,489
789,505
790,494
791,479
792,512
793,501
794,470
795,482
796,509
797,498
798,471
799,483
800,506
801,493
802,477
803,488
804,504
805,469
806,480
807,509
808,498
809,470
810,481
811,508
812,498
813,473
814,487
815,506
816,492
817,476
818,512
819,502
820,469
821,480
822,510
823,499
824,474
825,483
826,508
827,497
828,476
829,492
830,504
831,468
832,480
833,511
834,502
835,472
836,482
837,509
838,498
839,473
840,484
841,505
842,492
843,477
844,491
845,503
846,470
847,479
848,509
849,500
850,473
851,482
852,508
853,498
854,477
855,489
856,506
857,494
858,479
859,513
860,501
861,470
862,481
863,509
864,499
865,473
866,485
867,508
868,494
869,478
870,489
871,504
872,470
873,481
874,512
875,500
876,471
877,483
878,507
879,498
880,474
881,488
882,505
883,493
884,478
885,512
886,502
887,470
888,481
889,510
890,499
891,474
892,482
893,507
894,496
895,476
896,487
897,506
898,469
899,481
900,512
901,503
902,472
903,483
904,510
905,499
906,474
907,486
908,507
909,494
910,478
911,492
912,503
913,470
914,479
915,510
916,500
917,473
918,483
919,510
920,500
921,477
922,490
923,505
924,495
925,479
926,512
927,501
928,471
929,480
930,508
931,498
932,471
933,483
934,506
935,492
936,477
937,488
938,503
939,493
940,480
941,510
942,501
943,471
944,483
945,508
946,497
947,473
948,485
949,503
950,491
951,476
952,511
953,501
954,468
955,480
956,510
957,499
958,472
959,484
960,507
961,496
962,475
963,493
964,505
965,469
966,480
967,513
968,503
969,473
970,483
971,510
972,499
973,473
974,484
975,505
976,493
977,477
978,491
979,503
980,470
981,481
982,510
983,501
984,472
985,482
986,508
987,500
988,476
989,489
990,504
991,494
992,478
993,512
994,501
995,470
996,481
997,509
998,499
999,473
1000,484
1001,507
1002,494
1003,476
1004,512
1005,504
1006,469
1007,479
1008,509
1009,500
1010,471
1011,482
1012,508
1013,496
1014,473
1015,487
1016,506
1017,469
1018,478
1019,513
1020,503
1021,472
1022,482
1023,510
1024,500
1025,473
1026,484
1027,506
1028,498
1029,476
1030,492
1031,505
1032,470
1033,480
1034,512
1035,502
1036,474
1037,483
1038,509
1039,499
1040,475
1041,486
1042,507
1043,494
1044,477
1045,513
1046,504
1047,470
1048,479
1049,509
1050,499
1051,472
1052,483
1053,506
1054,495
1055,472
1056,486
1057,506
1058,469
1059,478
1060,512
1061,502
1062,472
1063,481
1064,510
1065,499
1066,473
1067,484
1068,506
1069,495
1070,477
1071,488
1072,505
1073,471
1074,480
1075,511
1076,503
1077,474
1078,484
1079,510
1080,498
1081,476
1082,488
1083,506
1084,470
1085,478
1086,512
1087,503
1088,472
1089,480
1090,509
1091,499
1092,472
1093,484
1094,507
1095,493
1096,475
1097,491
1098,506
1099,470
1100,479
1101,511
1102,503
1103,473
1104,483
1105,509
1106,499
1107,475
1108,486
1109,508
1110,497
1111,477
1112,491
1113,503
1114,470
1115,482
1116,511
1117,502
1118,474
1119,484
1120,509
1121,498
1122,477
1123,490
1124,506
1125,471
1126,479
1127,512
1128,502
1129,472
1130,481
1131,508
1132,499
1133,473
1134,484
1135,509
1136,495
1137,477
1138,513
1139,504
1140,470
1141,479
1142,510
1143,500
1144,472
1145,482
1146,508
1147,497
1148,475
1149,488
1150,505
1151,469
1152,477
1153,513
1154,501
1155,470
1156,482
1157,509
1158,499
1159,472
1160,484
1161,507
1162,494
1163,475
1164,491
1165,505
1166,470
1167,480
1168,511
1169,501
1170,472
1171,482
1172,508
1173,498
1174,475
1175,486
1176,508
1177,495
1178,476
1179,512
1180,503
1181,470
1182,478
1183,508
1184,499
1185,472
1186,482
1187,506
1188,495
1189,472
1190,486
1191,505
1192,470
1193,478
1194,512
1195,502
1196,471
1197,481
1198,508
1199,498
1200,474
1201,484
1202,506
1203,492
1204,475
1205,513
1206,505
1207,471
1208,480
1209,511
1210,500
1211,471
1212,481
1213,508
1214,497
1215,474
1216,488
1217,506
1218,470
1219,478
1220,513
1221,503
1222,473
1223,481
1224,510
1225,500
1226,472
1227,484
1228,507
1229,494
1230,474
1231,491
1232,505
1233,470
1234,480
1235,512
1236,504
1237,473
1238,484
1239,507
1240,498
1241,475
1242,487
1243,505
1244,494
1245,477
1246,513
1247,504
1248,470
1249,480
1250,509
1251,500
1252,473
1253,483
1254,506
1255,495
1256,474
1257,487
1258,505
1259,469
1260,478
1261,511
1262,502
1263,472
1264,482
1265,509
1266,499
1267,473
1268,485
1269,508
1270,494
1271,476
1272,512
1273,503
1274,469
1275,479
1276,509
1277,499
1278,471
1279,481
1280,508
1281,497
1282,474
1283,486
1284,506
1285,469
1286,477
1287,511
1288,501
1289,469
1290,478
1291,506
1292,497
1293,472
1294,482
1295,506
1296,493
1297,474
1298,490
1299,504
1300,468
1301,478
1302,511
1303,503
1304,473
1305,482
1306,509
1307,498
1308,475
1309,486
1310,508
1311,494
1312,476
1313,512
1314,503
1315,470
1316,478
1317,508
1318,499
1319,472
1320,482
1321,506
1322,495
1323,472
1324,485
1325,502
1326,492
1327,477
1328,509
1329,500
1330,469
1331,479
1332,507
1333,497
1334,472
1335,484
1336,506
1337,492
1338,476
1339,513
1340,505
1341,470
1342,480
1343,509
1344,501
1345,473
1346,483
1347,509
1348,498
1349,475
1350,488
1351,506
1352,470
1353,478
1354,513
1355,503
1356,472
1357,480
1358,509
1359,499
1360,472
1361,483
1362,506
1363,494
1364,474
1365,491
1366,504
1367,468
1368,480
1369,512
1370,500
1371,472
1372,482
1373,508
1374,498
1375,473
1376,485
1377,506
1378,493
1379,476
1380,511
1381,503
1382,470
1383,480
1384,510
1385,500
1386,473
1387,483
1388,507
1389,496
1390,473
1391,486
1392,503
1393,468
1394,477
1395,511
1396,501
1397,471
1398,481
1399,509
1400,499
1401,473
1402,485
1403,509
1404,495
1405,477
1406,513
1407,504
1408,469
1409,481
1410,512
1411,500
1412,473
1413,484
1414,509
1415,497
1416,476
1417,489
1418,507
1419,469
1420,478
1421,512
1422,503
1423,473
1424,483
1425,510
1426,501
1427,474
1428,485
1429,508
1430,495
1431,477
1432,488
1433,505
1434,469
1435,479
1436,511
1437,503
1438,473
1439,484
1440,509
1441,499
1442,476
1443,487
1444,509
1445,495
1446,477
1447,512
1448,503
1449,470
1450,479
1451,510
1452,499
1453,473
1454,483
1455,505
1456,495
1457,475
1458,488
1459,505
1460,468
1461,477
1462,510
1463,501
1464,471
1465,479
1466,507
1467,498
1468,472
1469,484
1470,507
1471,493
1472,476
1473,512
1474,503
1475,469
1476,478
1477,509
1478,499
1479,471
1480,482
1481,508
1482,497
1483,474
1484,488
1485,506
1486,470
1487,478
1488,513
1489,503
1490,473
1491,481
1492,510
1493,498
1494,473
1495,483
1496,505
1497,493
1498,475
1499,486
1500,504
1501,470
1502,479
1503,512
1504,501
1505,473
1506,482
1507,509
1508,499
1509,475
1510,487
1511,507
1512,494
1513,477
1514,512
1515,504
1516,471
1517,480
1518,509
1519,500
1520,473
1521,483
1522,506
1523,495
1524,472
1525,486
1526,503
1527,467
1528,477
1529,511
1530,502
1531,472
1532,482
1533,509
1534,500
1535,474
1536,484
1537,506
1538,495
1539,477
1540,488
1541,504
1542,470
1543,480
1544,511
1545,502
1546,474
1547,484
1548,510
1549,498
1550,477
1551,490
1552,506
1553,469
1554,479
1555,513
1556,504
1557,473
1558,482
1559,511
1560,499
1561,474
1562,484
1563,507
1564,496
1565,475
1566,491
1567,505
1568,469
1569,479
1570,511
1571,503
1572,473
1573,483
1574,508
1575,498
1576,476
1577,487
1578,509
1579,498
1580,477
1581,492
1582,503
1583,471
1584,483
1585,511
1586,502
1587,475
1588,485
1589,509
1590,498
1591,476
1592,489
1593,506
1594,470
1595,479
1596,510
1597,501
1598,471
1599,480
1600,508
1601,498
1602,472
1603,484
1604,508
1605,495
1606,477
1607,513
1608,504
1609,469
1610,479
1611,509
1612,500
1613,472
1614,482
1615,508
1616,497
1617,474
1618,488
1619,506
1620,469
1621,478
1622,514
1623,502
1624,470
1625,482
1626,509
1627,498
1628,473
1629,484
1630,508
1631,493
1632,475
1633,491
1634,504
1635,469
1636,479
1637,512
1638,502
1639,472
1640,482
1641,508
1642,498
1643,474
1644,486
1645,508
1646,494
1647,476
1648,512
1649,503
1650,470
1651,478
1652,509
1653,499
1654,472
1655,483
1656,506
1657,495
1658,472
1659,486
1660,505
1661,469
1662,478
1663,512
1664,502
1665,472
1666,483
1667,509
1668,498
1669,475
1670,485
1671,506
1672,493
1673,476
1674,513
1675,505
1676,470
1677,480
1678,511
1679,500
1680,471
1681,482
1682,508
1683,497
1684,474
1685,488
1686,506
1687,469
1688,477
1689,512
1690,503
1691,472
1692,481
1693,509
1694,499
1695,472
1696,484
1697,507
1698,494
1699,473
1700,491
1701,505
1702,469
1703,479
1704,511
1705,502
1706,473
1707,482
1708,510
1709,498
1710,476
1711,487
1712,506
1713,494
1714,477
1715,512
1716,503
1717,470
1718,480
1719,509
1720,500
1721,473
1722,483
1723,507
1724,496
1725,474
1726,487
1727,505
1728,468
1729,477
1730,511
1731,501
1732,471
1733,481
1734,509
1735,499
1736,473
1737,485
1738,509
1739,495
1740,477
1741,514
1742,504
1743,470
1744,479
1745,509
1746,500
1747,472
1748,482
1749,508
1750,499
1751,474
1752,485
1753,506
1754,493
1755,479
1756,512
1757,503
1758,471
1759,481
1760,508
1761,499
1762,473
1763,483
1764,507
1765,494
1766,475
1767,491
1768,503
1769,468
1770,478
1771,510
1772,502
1773,472
1774,482
1775,508
1776,498
1777,474
1778,486
1779,508
1780,495
1781,476
1782,513
1783,503
1784,470
1785,479
1786,508
1787,499
1788,472
1789,483
1790,506
1791,495
1792,471
1793,484
1794,502
1795,492
1796,477
1797,509
1798,498
1799,470
1800,479
1801,507
1802,497
1803,472
1804,484
1805,505
1806,492
1807,476
1808,512
1809,504
1810,470
1811,479
1812,509
1813,501
1814,473
1815,483
1816,509
1817,498
1818,475
1819,488
1820,507
1821,470
1822,479
1823,513
1824,504
1825,473
1826,482
1827,510
1828,500
1829,473
1830,484
1831,507
1832,495
1833,475
1834,491
1835,505
1836,468
1837,478
1838,511
1839,499
1840,470
1841,481
1842,507
1843,497
1844,473
1845,485
1846,505
1847,493
1848,476
1849,511
1850,501
1851,471
1852,480
1853,510
1854,501
1855,474
1856,484
1857,507
1858,496
1859,472
1860,486
1861,505
1862,469
1863,478
1864,512
1865,502
1866,472
1867,482
1868,510
1869,499
1870,474
1871,485
1872,507
1873,494
1874,476
1875,512
1876,503
1877,469
1878,480
1879,511
1880,499
1881,472
1882,483
1883,506
1884,496
1885,475
1886,488
1887,506
1888,469
1889,478
1890,512
1891,502
1892,471
1893,482
1894,510
1895,501
1896,473
1897,484
1898,507
1899,496
1900,475
1901,491
1902,506
1903,470
1904,481
1905,510
1906,502
1907,472
1908,484
1909,509
1910,498
1911,475
1912,486
1913,508
1914,495
1915,476
1916,512
1917,501
1918,471
1919,481
1920,512
1921,500
1922,472
1923,483
1924,505
1925,497
1926,475
1927,488
1928,505
1929,469
1930,477
1931,511
1932,502
1933,471
1934,479
1935,507
1936,498
1937,472
1938,484
1939,506
1940,493
1941,476
1942,512
1943,503
1944,469
1945,478
1946,509
1947,500
1948,471
1949,482
1950,508
1951,497
1952,475
1953,488
1954,506
1955,470
1956,478
1957,513
1958,503
1959,472
1960,481
1961,510
1962,500
1963,473
1964,484
1965,505
1966,494
1967,476
1968,487
1969,504
1970,470
1971,479
1972,511
1973,502
1974,472
1975,481
1976,508
1977,498
1978,474
1979,486
1980,507
1981,494
1982,477
1983,512
1984,504
1985,471
1986,479
1987,509
1988,500
1989,474
1990,483
1991,506
1992,495
1993,472
1994,486
1995,504
1996,468
1997,477
1998,511
1999,502
2000,472
2001,481
2002,509
2003,499
2004,473
2005,485
2006,508
2007,500
2008,477
2009,488
2010,504
2011,471
2012,480
2013,511
2014,503
2015,474
2016,484
2017,510
2018,499
2019,477
2020,490
2021,506
2022,469
2023,479
2024,513
2025,504
2026,473
2027,482
2028,511
2029,500
2030,473
2031,485
2032,507
2033,496
2034,475
2035,491
2036,505
2037,469
2038,479
2039,511
2040,502
2041,473
2042,481
2043,508
2044,497
2045,474
2046,486
2047,508
2048,497
2049,477
2050,492
2051,503
2052,471
2053,483
2054,511
2055,502
2056,475
2057,485
2058,510
2059,498
2060,476
2061,489
2062,506
2063,470
2064,480
2065,511
2066,501
2067,472
2068,480
2069,508
2070,498
2071,472
2072,484
2073,508
2074,494
2075,477
2076,512
2077,503
2078,469
2079,479
2080,509
2081,499
2082,472
2083,482
2084,508
2085,497
2086,474
2087,488
2088,506
2089,470
2090,478
2091,514
2092,502
2093,470
2094,482
2095,509
2096,498
2097,472
2098,484
2099,507
2100,494
2101,475
2102,491
2103,504
2104,470
2105,480
2106,512
2107,502
2108,472
2109,482
2110,508
2111,497
2112,474
2113,486
2114,507
2115,494
2116,476
2117,512
2118,503
2119,470
2120,478
2121,508
2122,499
2123,472
2124,482
2125,507
2126,496
2127,473
2128,486
2129,505
2130,469
2131,479
2132,512
2133,503
2134,472
2135,484
2136,510
2137,498
2138,475
2139,485
2140,506
2141,492
2142,475
2143,513
2144,505
2145,470
2146,480
2147,511
2148,503
2149,474
2150,484
2151,510
2152,499
2153,476
2154,489
2155,507
2156,470
2157,478
2158,513
2159,503
2160,471
2161,480
2162,509
2163,499
2164,472
2165,484
2166,507
2167,495
2168,474
2169,491
2170,505
2171,469
2172,479
2173,511
2174,503
2175,473
2176,482
2177,509
2178,498
2179,476
2180,484
2181,505
2182,494
2183,476
2184,511
2185,503
2186,470
2187,480
2188,508
2189,499
2190,473
2191,483
2192,506
2193,495
2194,474
2195,488
2196,505
2197,469
2198,477
2199,511
2200,502
2201,472
2202,482
2203,509
2204,499
2205,473
2206,485
2207,507
2208,493
2209,476
2210,512
2211,503
2212,469
2213,478
2214,509
2215,500
2216,472
2217,482
2218,508
2219,498
2220,474
2221,484
2222,506
2223,495
2224,480
2225,513
2226,503
2227,471
2228,481
2229,509
2230,499
2231,472
2232,484
2233,508
2234,496
2235,476
2236,492
2237,505
2238,469
2239,478
2240,511
2241,501
2242,472
2243,481
2244,508
2245,498
2246,474
2247,486
2248,506
2249,494
2250,475
2251,512
2252,503
2253,470
2254,478
2255,508
2256,499
2257,472
2258,482
2259,506
2260,495
2261,472
2262,484
2263,505
2264,494
2265,478
2266,511
2267,499
2268,470
2269,479
2270,508
2271,498
2272,472
2273,484
2274,505
2275,492
2276,475
2277,512
2278,504
2279,470
2280,479
2281,509
2282,501
2283,473
2284,483
2285,509
2286,498
2287,475
2288,489
2289,507
2290,470
2291,478
2292,513
2293,503
2294,471
2295,480
2296,509
2297,499
2298,472
2299,484
2300,506
2301,495
2302,474
2303,491
2304,505
2305,469
2306,480
2307,512
2308,500
2309,470
2310,482
2311,509
2312,497
2313,473
2314,485
2315,505
2316,493
2317,475
2318,511
2319,503
2320,472
2321,481
2322,511
2323,501
2324,474
2325,483
2326,507
2327,496
2328,472
2329,486
2330,503
2331,469
2332,478
2333,512
2334,502
2335,472
2336,483
2337,509
2338,500
2339,474
2340,485
2341,507
2342,493
2343,476
2344,512
2345,503
2346,468
2347,478
2348,510
2349,498
2350,471
2351,483
2352,506
2353,496
2354,475
2355,488
2356,506
2357,468
2358,477
2359,511
2360,502
2361,470
2362,481
2363,510
2364,501
2365,473
2366,485
2367,507
2368,496
2369,475
2370,492
2371,506
2372,470
2373,479
2374,511
2375,503
2376,473
2377,483
2378,509
2379,498
2380,475
2381,486
2382,509
2383,495
2384,477
2385,511
2386,502
2387,469
2388,478
2389,509
2390,498
2391,472
2392,482
2393,506
2394,496
2395,474
2396,485
2397,504
2398,468
2399,476
2400,511
2401,501
2402,471
2403,480
2404,508
2405,498
2406,472
2407,484
2408,507
2409,493
2410,476
2411,512
2412,502
2413,470
2414,480
2415,509
2416,501
2417,472
2418,483
2419,509
2420,498
2421,475
2422,488
2423,506
2424,468
2425,477
2426,511
2427,502
2428,470
2429,479
2430,509
2431,499
2432,472
2433,483
2434,505
2435,494
2436,476
2437,487
2438,503
2439,468
2440,478
2441,510
2442,501
2443,472
2444,482
2445,508
2446,498
2447,473
2448,485
2449,506
2450,494
2451,477
2452,512
2453,504
2454,470
2455,478
2456,508
2457,499
2458,472
2459,482
2460,505
2461,494
2462,471
2463,485
2464,503
2465,467
2466,477
2467,511
2468,503
2469,473
2470,482
2471,510
2472,500
2473,474
2474,485
2475,507
2476,497
2477,475
2478,486
2479,501
2480,467
2481,477
2482,509
2483,500
2484,473
2485,483
2486,509
2487,498
2488,477
2489,489
2490,506
2491,469
2492,478
2493,513
2494,504
2495,471
2496,482
2497,511
2498,500
2499,473
2500,484
2501,507
2502,496
2503,475
2504,491
2505,505
2506,469
2507,479
2508,511
2509,502
2510,472
2511,482
2512,508
2513,498
2514,475
2515,486
2516,508
2517,495
2518,478
2519,492
2520,503
2521,471
2522,483
2523,510
2524,501
2525,474
2526,483
2527,509
2528,497
2529,476
2530,489
2531,506
2532,469
2533,478
2534,510
2535,499
2536,470
2537,480
2538,508
2539,498
2540,472
2541,484
2542,506
2543,493
2544,477
2545,488
2546,503
2547,469
2548,481
2549,511
2550,500
2551,471
2552,482
2553,509
2554,497
2555,475
2556,489
2557,505
2558,494
2559,478
2560,488
2561,504
2562,473
2563,483
2564,511
2565,499
2566,473
2567,485
2568,509
2569,495
2570,476
2571,492
2572,506
2573,470
2574,480
2575,512
2576,502
2577,472
2578,482
2579,508
2580,498
2581,475
2582,486
2583,508
2584,495
2585,477
2586,512
2587,503
2588,470
2589,479
2590,509
2591,498
2592,471
2593,481
2594,505
2595,494
2596,472
2597,486
2598,505
2599,469
2600,478
2601,512
2602,503
2603,471
2604,482
2605,508
2606,498
2607,475
2608,485
2609,506
2610,492
2611,475
2612,512
2613,505
2614,471
2615,480
2616,511
2617,503
2618,474
2619,484
2620,509
2621,498
2622,476
2623,489
2624,507
2625,470
2626,478
2627,513
2628,503
2629,473
2630,482
2631,510
2632,500
2633,473
2634,484
2635,507
2636,496
2637,475
2638,491
2639,505
2640,470
2641,479
2642,511
2643,502
2644,472
2645,482
2646,511
2647,499
2648,476
2649,485
2650,507
2651,495
2652,477
2653,511
2654,503
2655,470
2656,480
2657,508
2658,500
2659,472
2660,481
2661,505
2662,494
2663,473
2664,487
2665,504
2666,468
2667,477
2668,511
2669,502
2670,472
2671,482
2672,509
2673,499
2674,474
2675,485
2676,509
2677,495
2678,477
2679,513
2680,504
2681,470
2682,479
2683,510
2684,500
2685,472
2686,482
2687,509
2688,498
2689,474
2690,486
2691,504
2692,493
2693,478
2694,512
2695,502
2696,470
2697,480
2698,508
2699,498
2700,472
2701,483
2702,507
2703,496
2704,476
2705,492
2706,504
2707,469
2708,478
2709,511
2710,501
2711,472
2712,483
2713,507
2714,496
2715,473
2716,485
2717,507
2718,494
2719,475
2720,512
2721,502
2722,469
2723,478
2724,508
2725,499
2726,472
2727,482
2728,504
2729,494
2730,471
2731,482
2732,504
2733,493
2734,478
2735,510
2736,499
2737,470
2738,479
2739,507
2740,498
2741,472
2742,484
2743,506
2744,492
2745,475
2746,511
2747,504
2748,469
2749,479
2750,509
2751,501
2752,473
2753,483
2754,509
2755,498
2756,475
2757,488
2758,506
2759,470
2760,478
2761,513
2762,503
2763,472
2764,481
2765,510
2766,500
2767,473
2768,484
2769,507
2770,496
2771,475
2772,491
2773,505
2774,468
2775,480
2776,511
2777,499
2778,470
2779,482
2780,508
2781,497
2782,473
2783,485
2784,505
2785,493
2786,476
2787,511
2788,503
2789,469
2790,479
2791,509
2792,500
2793,473
2794,483
2795,506
2796,495
2797,472
2798,486
2799,503
2800,468
2801,478
2802,511
2803,502
2804,472
2805,482
2806,509
2807,499
2808,473
2809,485
2810,507
2811,494
2812,477
2813,512
2814,503
2815,469
2816,479
2817,509
2818,499
2819,472
2820,483
2821,506
2822,496
2823,475
2824,488
2825,506
2826,468
2827,477
2828,511
2829,502
2830,470
2831,481
2832,510
2833,501
2834,474
2835,485
2836,508
2837,496
2838,476
2839,492
2840,506
2841,470
2842,480
2843,512
2844,503
2845,473
2846,482
2847,509
2848,499
2849,475
2850,486
2851,508
2852,495
2853,477
2854,512
2855,503
2856,470
2857,478
2858,508
2859,499
2860,471
2861,482
2862,504
2863,495
2864,473
2865,484
2866,503
2867,467
2868,476
2869,510
2870,500
2871,470
2872,479
2873,507
2874,498
2875,472
2876,484
2877,506
2878,492
2879,476
2880,513
2881,505
2882,471
2883,480
2884,510
2885,501
2886,472
2887,483
2888,509
2889,498
2890,475
2891,488
2892,506
2893,469
2894,477
2895,512
2896,503
2897,472
2898,481
2899,510
2900,500
2901,473
2902,483
2903,508
2904,498
2905,476
2906,488
2907,504
2908,469
2909,478
2910,511
2911,501
2912,473
2913,482
2914,508
2915,498
2916,474
2917,485
2918,507
2919,494
2920,477
2921,512
2922,504
2923,470
2924,480
2925,510
2926,499
2927,472
2928,482
2929,506
2930,495
2931,472
2932,486
2933,503
2934,467
2935,476
2936,510
2937,501
2938,471
2939,481
2940,509
2941,499
2942,473
2943,484
2944,507
2945,495
2946,477
2947,488
2948,503
2949,471
2950,483
2951,511
2952,503
2953,475
2954,484
2955,510
2956,499
2957,477
2958,490
2959,507
2960,469
2961,476
2962,512
2963,502
2964,472
2965,481
2966,510
2967,500
2968,473
2969,484
2970,507
2971,496
2972,474
2973,491
2974,505
2975,469
2976,479
2977,511
2978,502
2979,473
2980,482
2981,509
2982,498
2983,475
2984,486
2985,508
2986,496
2987,477
2988,491
2989,503
2990,470
2991,482
2992,512
2993,501
2994,473
2995,483
2996,508
2997,497
2998,476
2999,489
3000,506
3001,469
3002,478
3003,510
3004,499
3005,470
3006,480
3007,507
3008,498
3009,472
3010,484
3011,506
3012,492
3013,476
3014,511
3015,503
3016,469
3017,480
3018,509
3019,500
3020,472
3021,483
3022,509
3023,498
3024,475
3025,488
3026,506
3027,468
3028,478
3029,512
3030,501
3031,469
3032,481
3033,509
3034,498
3035,475
3036,485
3037,508
3038,497
3039,476
3040,492
3041,505
3042,470
3043,479
3044,512
3045,501
3046,472
3047,481
3048,508
3049,498
3050,475
3051,486
3052,508
3053,494
3054,475
3055,511
3056,501
3057,471
3058,480
3059,509
3060,498
3061,472
3062,482
3063,507
3064,496
3065,472
3066,487
3067,504
3068,469
3069,478
3070,511
3071,499
3072,468
3073,480
3074,508
3075,497
3076,474
3077,484
3078,505
3079,495
3080,474
3081,512
3082,505
3083,471
3084,480
3085,511
3086,504
3087,475
3088,485
3089,511
3090,499
3091,476
3092,489
3093,507
3094,468
3095,477
3096,512
3097,502
3098,472
3099,481
3100,509
3101,500
3102,473
3103,484
3104,507
3105,495
3106,475
3107,490
3108,504
3109,469
3110,478
3111,511
3112,501
3113,473
3114,484
3115,510
3116,498
3117,477
3118,488
3119,507
3120,496
3121,478
3122,514
3123,505
3124,472
3125,481
3126,511
3127,502
3128,474
3129,484
3130,507
3131,496
3132,474
3133,487
3134,504
3135,468
3136,478
3137,510
3138,499
3139,470
3140,479
3141,507
3142,497
3143,471
3144,483
3145,506
3146,493
3147,475
3148,512
3149,503
3150,469
3151,478
3152,509
3153,499
3154,472
3155,483
3156,509
3157,497
3158,476
3159,488
3160,505
3161,494
3162,479
3163,513
3164,505
3165,472
3166,483
3167,512
3168,501
3169,474
3170,485
3171,508
3172,497
3173,476
3174,492
3175,504
3176,469
3177,478
3178,511
3179,500
3180,470
3181,481
3182,507
3183,497
3184,475
3185,486
3186,508
3187,495
3188,477
3189,512
3190,502
3191,471
3192,482
3193,510
3194,499
3195,473
3196,483
3197,508
3198,497
3199,473
3200,482
3201,502
3202,492
3203,476
3204,510
3205,501
3206,472
3207,480
3208,508
3209,497
3210,472
3211,483
3212,505
3213,491
3214,475
3215,511
3216,503
3217,471
3218,480
3219,511
3220,502
3221,474
3222,484
3223,510
3224,499
3225,476
3226,489
3227,507
3228,470
3229,478
3230,513
3231,503
3232,473
3233,482
3234,510
3235,500
3236,473
3237,484
3238,507
3239,494
3240,475
3241,491
3242,506
3243,469
3244,479
3245,512
3246,499
3247,471
3248,482
3249,509
3250,497
3251,473
3252,485
3253,506
3254,493
3255,476
3256,511
3257,503
3258,469
3259,479
3260,509
3261,500
3262,473
3263,483
3264,506
3265,495
3266,472
3267,486
3268,505
3269,469
3270,479
3271,512
3272,503
3273,473
3274,482
3275,509
3276,499
3277,472
3278,484
3279,506
3280,492
3281,475
3282,512
3283,503
3284,469
3285,479
3286,509
3287,498
3288,472
3289,483
3290,506
3291,496
3292,476
3293,489
3294,507
3295,469
3296,478
3297,512
3298,502
3299,471
3300,481
3301,510
3302,500
3303,473
3304,484
3305,507
3306,496
3307,475
3308,491
3309,505
3310,470
3311,479
3312,511
3313,503
3314,473
3315,483
3316,509
3317,499
3318,476
3319,487
3320,509
3321,496
3322,477
3323,512
3324,504
3325,470
3326,478
3327,508
3328,498
3329,471
3330,482
3331,504
3332,496
3333,474
3334,487
3335,506
3336,469
3337,477
3338,511
3339,502
3340,471
3341,480
3342,508
3343,498
3344,472
3345,484
3346,505
3347,492
3348,475
3349,511
3350,504
3351,470
3352,481
3353,511
3354,501
3355,473
3356,483
3357,509
3358,498
3359,475
3360,489
3361,507
3362,470
3363,478
3364,513
3365,503
3366,473
3367,482
3368,510
3369,500
3370,473
3371,483
3372,509
3373,498
3374,476
3375,488
3376,503
3377,469
3378,478
3379,511
3380,501
3381,473
3382,482
3383,509
3384,499
3385,474
3386,486
3387,506
3388,494
3389,477
3390,512
3391,503
3392,470
3393,480
3394,510
3395,500
3396,473
3397,483
3398,507
3399,496
3400,473
3401,486
3402,504
3403,468
3404,478
3405,512
3406,502
3407,472
3408,482
3409,509
3410,499
3411,473
3412,485
3413,507
3414,495
3415,473
3416,485
3417,500
3418,468
3419,480
3420,509
3421,502
3422,473
3423,483
3424,509
3425,498
3426,476
3427,489
3428,507
3429,470
3430,478
3431,513
3432,503
3433,473
3434,483
3435,511
3436,500
3437,476
3438,486
3439,508
3440,497
3441,475
3442,492
3443,505
3444,469
3445,479
3446,511
3447,503
3448,473
3449,482
3450,509
3451,498
3452,475
3453,487
3454,509
3455,496
3456,477
3457,491
3458,503
3459,470
3460,482
3461,512
3462,500
3463,473
3464,484
3465,509
3466,497
3467,476
3468,489
3469,506
3470,470
3471,478
3472,511
3473,502
3474,472
3475,480
3476,508
3477,498
3478,473
3479,484
3480,507
3481,493
3482,476
3483,510
3484,502
3485,468
3486,478
3487,508
3488,500
3489,472
3490,482
3491,508
3492,497
3493,474
3494,487
3495,506
3496,468
3497,478
3498,512
3499,503
3500,470
3501,482
3502,509
3503,498
3504,475
3505,485
3506,509
3507,497
3508,476
3509,492
3510,504
3511,468
3512,478
3513,511
3514,500
3515,471
3516,482
3517,508
3518,498
3519,475
3520,487
3521,508
3522,494
3523,476
3524,512
3525,503
3526,470
3527,478
3528,508
3529,498
3530,472
3531,482
3532,507
3533,496
3534,473
3535,487
3536,504
3537,469
3538,478
3539,512
3540,502
3541,472
3542,483
3543,509
3544,499
3545,474
3546,485
3547,506
3548,495
3549,475
3550,513
3551,504
3552,468
3553,478
3554,510
3555,502
3556,474
3557,484
3558,510
3559,498
3560,476
3561,488
3562,507
3563,468
3564,478
3565,512
3566,503
3567,471
3568,481
3569,510
3570,500
3571,473
3572,484
3573,507
3574,496
3575,474
3576,491
3577,505
3578,469
3579,479
3580,511
3581,501
3582,471
3583,482
3584,510
3585,499
3586,476
3587,488
3588,506
3589,496
3590,479
3591,514
3592,505
3593,471
3594,481
3595,511
3596,501
3597,474
3598,484
3599,509
3600,497
3601,476
3602,489
3603,506
3604,470
3605,478
3606,512
3607,502
3608,472
3609,481
3610,508
3611,498
3612,472
3613,484
3614,507
3615,493
3616,477
3617,514
3618,504
3619,470
3620,480
3621,509
3622,500
3623,472
3624,482
3625,508
3626,497
3627,474
3628,485
3629,506
3630,494
3631,480
3632,514
3633,505
3634,473
3635,483
3636,511
3637,501
3638,473
3639,485
3640,509
3641,497
3642,476
3643,492
3644,505
3645,469
3646,478
3647,511
3648,501
3649,472
3650,482
3651,508
3652,498
3653,475
3654,486
3655,508
3656,495
3657,476
3658,512
3659,503
3660,469
3661,478
3662,508
3663,498
3664,472
3665,482
3666,505
3667,495
3668,472
3669,486
3670,502
3671,492
3672,476
3673,509
3674,498
3675,469
3676,479
3677,506
3678,496
3679,471
3680,483
3681,504
3682,491
3683,474
3684,512
3685,504
3686,472
3687,481
3688,511
3689,501
3690,474
3691,483
3692,509
3693,497
3694,475
3695,488
3696,505
3697,468
3698,477
3699,512
3700,503
3701,471
3702,481
3703,511
3704,500
3705,473
3706,484
3707,507
3708,495
3709,474
3710,490
3711,505
3712,493
3713,479
3714,513
3715,500
3716,471
3717,483
3718,509
3719,498
3720,473
3721,485
3722,506
3723,493
3724,476
3725,512
3726,503
3727,470
3728,482
3729,510
3730,501
3731,473
3732,483
3733,507
3734,496
3735,472
3736,486
3737,503
3738,468
3739,478
3740,511
3741,500
3742,471
3743,482
3744,508
3745,499
3746,473
3747,484
3748,507
3749,493
3750,476
3751,511
3752,502
3753,469
3754,479
3755,510
3756,498
3757,471
3758,482
3759,505
3760,495
3761,474
3762,487
3763,506
3764,468
3765,477
3766,511
3767,501
3768,472
3769,481
3770,510
3771,499
3772,475
3773,485
3774,508
3775,496
3776,475
3777,492
3778,504
3779,469
3780,480
3781,511
3782,503
3783,473
3784,484
3785,508
3786,497
3787,474
3788,486
3789,508
3790,495
3791,477
3792,491
3793,504
3794,470
3795,479
3796,508
3797,499
3798,470
3799,482
3800,506
3801,496
3802,474
3803,485
3804,501
3805,467
3806,477
3807,510
3808,499
3809,470
3810,480
3811,508
3812,498
3813,472
3814,484
3815,505
3816,492
3817,476
3818,488
3819,503
3820,469
3821,480
3822,510
3823,500
3824,472
3825,483
3826,507
3827,496
3828,474
3829,488
3830,504
3831,493
3832,477
3833,512
3834,501
3835,472
3836,481
3837,510
3838,500
3839,473
3840,484
3841,509
3842,497
3843,477
3844,487
3845,503
3846,469
3847,478
3848,511
3849,501
3850,473
3851,482
3852,509
3853,498
3854,474
3855,486
3856,506
3857,494
3858,476
3859,512
3860,503
3861,470
3862,480
3863,510
3864,500
3865,473
3866,483
3867,506
3868,495
3869,473
3870,486
3871,504
3872,468
3873,478
3874,511
3875,502
3876,472
3877,482
3878,509
3879,499
3880,473
3881,485
3882,507
3883,497
3884,475
3885,486
3886,501
3887,469
3888,481
3889,510
3890,502
3891,474
3892,484
3893,509
3894,498
3895,475
3896,489
3897,506
3898,468
3899,479
3900,512
3901,503
3902,471
3903,482
3904,511
3905,502
3906,474
3907,485
3908,508
3909,497
3910,475
3911,491
3912,505
3913,469
3914,479
3915,511
3916,502
3917,472
3918,482
3919,508
3920,499
3921,475
3922,486
3923,508
3924,495
3925,476
3926,491
3927,502
3928,470
3929,482
3930,511
3931,501
3932,474
3933,485
3934,509
3935,498
3936,477
3937,490
3938,506
3939,470
3940,479
3941,510
3942,499
3943,470
3944,480
3945,508
3946,498
3947,472
3948,484
3949,506
3950,493
3951,477
3952,488
3953,504
3954,470
3955,481
3956,510
3957,500
3958,471
3959,483
3960,509
3961,498
3962,475
3963,486
3964,504
3965,467
3966,477
3967,511
3968,502
3969,471
3970,482
3971,510
3972,499
3973,476
3974,485
3975,509
3976,497
3977,476
3978,493
3979,504
3980,468
3981,479
3982,512
3983,500
3984,471
3985,483
3986,509
3987,499
3988,476
3989,487
3990,508
3991,495
3992,478
3993,513
3994,502
3995,471
3996,482
3997,510
3998,499
3999,473
4000,483
4001,507
4002,496
4003,473
4004,487
4005,506
4006,470
4007,479
4008,512
4009,503
4010,472
4011,482
4012,510
4013,499
4014,475
4015,485
4016,506
4017,495
4018,475
4019,513
4020,505
4021,471
4022,480
4023,512
4024,503
4025,475
4026,485
4027,509
4028,497
4029,475
4030,488
4031,506
4032,467
4033,477
4034,512
4035,503
4036,471
4037,480
4038,509
4039,500
4040,472
4041,484
4042,507
4043,495
4044,474
4045,490
4046,505
4047,470
4048,479
4049,511
4050,503
4051,473
4052,483
4053,509
4054,499
4055,477
4056,488
4057,506
4058,496
4059,479
4060,514
4061,505
4062,471
4063,482
4064,510
4065,501
4066,474
4067,484
4068,509
4069,497
4070,475
4071,489
4072,504
4073,469
4074,477
4075,510
4076,500
4077,469
4078,479
4079,507
4080,497
4081,472
4082,483
4083,506
4084,493
4085,476
4086,512
4087,503
4088,469
4089,478
4090,509
4091,500
4092,472
4093,481
4094,508
4095,497
4096,475
4097,486
4098,505
4099,493
4100,479
4101,512
4102,500
4103,471
4104,481
4105,510
4106,499
4107,474
4108,484
4109,507
4110,494
4111,475
4112,490
4113,504
4114,468
4115,479
4116,511
4117,502
4118,472
4119,482
4120,508
4121,498
4122,475
4123,486
4124,508
4125,495
4126,476
4127,512
4128,503
4129,469
4130,478
4131,508
4132,498
4133,472
4134,483
4135,506
4136,495
4137,472
4138,486
4139,505
4140,494
4141,478
4142,511
4143,499
4144,469
4145,480
4146,508
4147,498
4148,472
4149,484
4150,506
4151,492
4152,476
4153,512
4154,502
4155,469
4156,478
4157,509
4158,501
4159,472
4160,482
4161,509
4162,497
4163,474
4164,488
4165,506
4166,470
4167,478
4168,513
4169,502
4170,472
4171,481
4172,510
4173,499
4174,472
4175,484
4176,506
4177,494
4178,474
4179,491
4180,504
4181,469
4182,480
4183,512
4184,501
4185,471
4186,483
4187,507
4188,497
4189,473
4190,485
4191,505
4192,492
4193,476
4194,510
4195,503
4196,469
4197,479
4198,509
4199,500
4200,473
4201,483
4202,507
4203,495
4204,474
4205,487
4206,507
4207,470
4208,479
4209,512
4210,503
4211,472
4212,482
4213,509
4214,499
4215,473
4216,485
4217,509
4218,495
4219,478
4220,513
4221,504
4222,470
4223,480
4224,510
4225,499
4226,472
4227,483
4228,506
4229,498
4230,473
4231,487
4232,505
4233,467
4234,477
4235,511
4236,502
4237,470
4238,479
4239,508
4240,497
4241,473
4242,484
4243,507
4244,494
4245,475
4246,491
4247,505
4248,470
4249,479
4250,512
4251,503
4252,474
4253,483
4254,509
4255,499
4256,476
4257,487
4258,509
4259,495
4260,476
4261,512
4262,503
4263,470
4264,478
4265,508
4266,498
4267,471
4268,483
4269,505
4270,494
4271,475
4272,483
4273,505
4274,468
4275,476
4276,510
4277,501
4278,470
4279,479
4280,507
4281,498
4282,472
4283,484
4284,506
4285,493
4286,476
4287,512
4288,505
4289,470
4290,480
4291,510
4292,500
4293,472
4294,482
4295,508
4296,497
4297,474
4298,488
4299,506
4300,468
4301,477
4302,512
4303,503
4304,471
4305,480
4306,507
4307,498
4308,471
4309,483
4310,505
4311,493
4312,475
4313,486
4314,502
4315,467
4316,478
4317,511
4318,501
4319,470
4320,482
4321,509
4322,499
4323,474
4324,485
4325,506
4326,494
4327,476
4328,512
4329,503
4330,470
4331,480
4332,510
4333,498
4334,472
4335,483
4336,508
4337,496
4338,473
4339,487
4340,504
4341,468
4342,477
4343,512
4344,500
4345,471
4346,481
4347,509
4348,499
4349,473
4350,485
4351,507
4352,497
4353,475
4354,487
4355,501
4356,469
4357,481
4358,510
4359,502
4360,473
4361,483
4362,509
4363,498
4364,476
4365,489
4366,507
4367,471
4368,481
4369,514
4370,504
4371,474
4372,483
4373,512
4374,501
4375,472
4376,484
4377,507
4378,495
4379,474
4380,491
4381,505
4382,469
4383,479
4384,511
4385,503
4386,473
4387,482
4388,509
4389,499
4390,476
4391,487
4392,509
4393,495
4394,476
4395,487
4396,503
4397,469
4398,481
4399,511
4400,500
4401,473
4402,484
4403,509
4404,497
4405,476
4406,490
4407,506
4408,469
4409,477
4410,511
4411,500
4412,471
4413,479
4414,507
4415,498
4416,472
4417,484
4418,508
4419,494
4420,477
4421,513
4422,504
4423,470
4424,479
4425,510
4426,500
4427,472
4428,482
4429,508
4430,497
4431,475
4432,488
4433,506
4434,468
4435,477
4436,512
4437,503
4438,470
4439,482
4440,509
4441,498
4442,475
4443,485
4444,507
4445,496
4446,475
4447,491
4448,503
4449,468
4450,478
4451,511
4452,501
4453,472
4454,481
4455,508
4456,498
4457,475
4458,487
4459,508
4460,494
4461,475
4462,511
4463,502
4464,469
4465,478
4466,508
4467,498
4468,471
4469,482
4470,507
4471,496
4472,472
4473,486
4474,504
4475,468
4476,478
4477,510
4478,500
4479,470
4480,480
4481,508
4482,496
4483,474
4484,486
4485,506
4486,493
4487,476
4488,513
4489,506
4490,471
4491,480
4492,511
4493,503
4494,474
4495,485
4496,508
4497,497
4498,475
4499,488
4500,506
4501,470
4502,479
4503,514
4504,503
4505,472
4506,481
4507,510
4508,500
4509,473
4510,484
4511,506
4512,494
4513,473
4514,489
4515,504
4516,469
4517,478
4518,511
4519,502
4520,473
4521,482
4522,509
4523,499
4524,476
4525,488
4526,506
4527,496
4528,480
4529,514
4530,505
4531,472
4532,481
4533,509
4534,500
4535,473
4536,483
4537,508
4538,497
4539,475
4540,488
4541,505
4542,469
4543,477
4544,511
4545,501
4546,471
4547,481
4548,509
4549,499
4550,473
4551,485
4552,507
4553,493
4554,476
4555,512
4556,503
4557,469
4558,479
4559,509
4560,500
4561,472
4562,482
4563,508
4564,497
4565,474
4566,485
4567,506
4568,493
4569,479
4570,514
4571,502
4572,473
4573,482
4574,510
4575,498
4576,474
4577,484
4578,507
4579,496
4580,475
4581,490
4582,504
4583,468
4584,478
4585,510
4586,501
4587,472
4588,483
4589,508
4590,499
4591,475
4592,486
4593,508
4594,495
4595,477
4596,512
4597,501
4598,471
4599,480
4600,509
4601,499
4602,473
4603,483
4604,508
4605,496
4606,473
4607,487
4608,504
4609,490
4610,477
4611,510
4612,498
4613,469
4614,479
4615,507
4616,497
4617,472
4618,484
4619,505
4620,492
4621,475
4622,512
4623,502
4624,471
4625,480
4626,510
4627,502
4628,473
4629,483
4630,509
4631,498
4632,475
4633,488
4634,506
4635,468
4636,477
4637,512
4638,503
4639,471
4640,481
4641,510
4642,499
4643,472
4644,483
4645,506
4646,495
4647,474
4648,491
4649,503
4650,468
4651,478
4652,511
4653,500
4654,471
4655,482
4656,506
4657,496
4658,472
4659,484
4660,504
4661,492
4662,476
4663,510
4664,503
4665,469
4666,480
4667,510
4668,501
4669,474
4670,484
4671,509
4672,497
4673,476
4674,488
4675,505
4676,469
4677,479
4678,512
4679,502
4680,472
4681,482
4682,509
4683,499
4684,474
4685,485
4686,507
4687,493
4688,476
4689,512
4690,503
4691,469
4692,479
4693,509
4694,498
4695,472
4696,483
4697,506
4698,496
4699,475
4700,486
4701,507
4702,469
4703,480
4704,513
4705,504
4706,471
4707,481
4708,509
4709,498
4710,475
4711,484
4712,507
4713,496
4714,475
4715,492
4716,505
4717,470
4718,480
4719,511
4720,501
4721,474
4722,483
4723,509
4724,498
4725,475
4726,486
4727,508
4728,495
4729,476
4730,512
4731,501
4732,472
4733,480
4734,509
4735,498
4736,471
4737,483
4738,505
4739,496
4740,474
4741,482
4742,504
4743,467
4744,476
4745,509
4746,501
4747,470
4748,479
4749,507
4750,497
4751,472
4752,483
4753,506
4754,492
4755,476
4756,511
4757,503
4758,470
4759,480
4760,510
4761,501
4762,472
4763,483
4764,509
4765,497
4766,475
4767,488
4768,505
4769,469
4770,477
4771,512
4772,501
4773,471
4774,481
4775,510
4776,499
4777,472
4778,484
4779,506
4780,496
4781,475
4782,487
4783,503
4784,468
4785,479
4786,511
4787,499
4788,470
4789,481
4790,508
4791,497
4792,473
4793,485
4794,506
4795,493
4796,477
4797,491
4798,503
4799,470
4800,481
4801,511
4802,501
4803,474
4804,483
4805,507
4806,496
4807,473
4808,487
4809,506
4810,469
4811,478
4812,512
4813,502
4814,472
4815,481
4816,509
4817,500
4818,473
4819,485
4820,508
4821,494
4822,478
4823,489
4824,503
4825,470
4826,482
4827,513
4828,501
4829,473
4830,483
4831,509
4832,498
4833,476
4834,489
4835,507
4836,469
4837,480
4838,513
4839,504
4840,471
4841,481
4842,510
4843,500
4844,473
4845,484
4846,507
4847,495
4848,474
4849,491
4850,505
4851,470
4852,479
4853,511
4854,503
4855,472
4856,483
4857,507
4858,496
4859,474
4860,485
4861,507
4862,494
4863,475
4864,486
4865,502
4866,469
4867,479
4868,509
4869,499
4870,473
4871,483
4872,508
4873,497
4874,476
4875,489
4876,506
4877,469
4878,477
4879,511
4880,500
4881,471
4882,480
4883,508
4884,497
4885,472
4886,484
4887,508
4888,494
4889,477
4890,513
4891,504
4892,469
4893,479
4894,509
4895,500
4896,472
4897,482
4898,508
4899,497
4900,474
4901,488
4902,507
4903,470
4904,479
4905,513
4906,503
4907,472
4908,483
4909,510
4910,499
4911,475
4912,485
4913,509
4914,497
4915,476
4916,492
4917,505
4918,471
4919,481
4920,512
4921,502
4922,473
4923,483
4924,508
4925,497
4926,474
4927,486
4928,507
4929,494
4930,475
4931,511
4932,502
4933,469
4934,477
4935,508
4936,498
4937,472
4938,483
4939,506
4940,495
4941,472
4942,486
4943,503
4944,467
4945,477
4946,511
4947,500
4948,471
4949,481
4950,509
4951,499
4952,474
4953,484
4954,506
4955,493
4956,478
4957,512
4958,504
4959,469
4960,478
4961,510
4962,501
4963,473
4964,483
4965,509
4966,498
4967,476
4968,489
4969,507
4970,469
4971,479
4972,513
4973,502
4974,471
4975,480
4976,509
4977,499
4978,472
4979,484
4980,507
4981,495
4982,474
4983,490
4984,505
4985,469
4986,479
4987,511
4988,502
4989,472
4990,482
4991,508
4992,496
4993,474
4994,487
4995,505
4996,495
4997,478
4998,513
4999,504
5000,471
5001,480
5002,511
5003,502
5004,474
5005,484
5006,509
5007,498
5008,476
5009,489
5010,506
5011,470
5012,479
5013,510
5014,500
5015,469
5016,479
5017,507
5018,497
5019,472
5020,484
5021,506
5022,492
5023,477
5024,488
5025,503
5026,469
5027,478
5028,509
5029,500
5030,471
5031,482
5032,508
5033,497
5034,475
5035,485
5036,506
5037,494
5038,479
5039,514
5040,502
5041,472
5042,482
5043,509
5044,498
5045,474
5046,483
5047,507
5048,496
5049,475
5050,492
5051,503
5052,469
5053,480
5054,510
5055,500
5056,471
5057,482
5058,510
5059,498
5060,475
5061,485
5062,507
5063,494
5064,476
5065,490
5066,504
5067,470
5068,480
5069,509
5070,498
5071,472
5072,483
5073,507
5074,496
5075,473
5076,487
5077,504
5078,495
5079,478
5080,513
5081,501
5082,470
5083,480
5084,507
5085,498
5086,472
5087,484
5088,505
5089,492
5090,476
5091,486
5092,502
5093,468
5094,479
5095,509
5096,498
5097,470
5098,480
5099,507
5100,496
5101,474
5102,487
5103,505
5104,493
5105,478
5106,513
5107,502
5108,471
5109,481
5110,510
5111,499
5112,472
5113,484
5114,506
5115,495
5116,473
5117,491
5118,504
5119,468
5120,479
5121,511
5122,501
5123,471
5124,483
5125,506
5126,497
5127,473
5128,484
5129,505
5130,491
5131,475
5132,510
5133,502
5134,469
5135,480
5136,509
5137,501
5138,473
5139,484
5140,507
5141,495
5142,474
5143,487
5144,505
5145,469
5146,478
5147,512
5148,502
5149,472
5150,482
5151,509
5152,499
5153,474
5154,485
5155,509
5156,495
5157,478
5158,513
5159,504
5160,469
5161,479
5162,509
5163,499
5164,470
5165,483
5166,506
5167,495
5168,474
5169,485
5170,506
5171,468
5172,478
5173,512
5174,502
5175,470
5176,480
5177,508
5178,498
5179,474
5180,484
5181,507
5182,496
5183,475
5184,492
5185,504
5186,469
5187,479
5188,512
5189,503
5190,473
5191,482
5192,509
5193,498
5194,475
5195,486
5196,508
5197,495
5198,474
5199,511
5200,502
5201,469
5202,478
5203,508
5204,499
5205,472
5206,484
5207,509
5208,499
5209,477
5210,488
5211,505
5212,469
5213,479
5214,512
5215,503
5216,472
5217,480
5218,508
5219,499
5220,473
5221,484
5222,507
5223,493
5224,476
5225,512
5226,505
5227,470
5228,479
5229,509
5230,500
5231,472
5232,482
5233,508
5234,497
5235,475
5236,488
5237,506
5238,468
5239,477
5240,512
5241,503
5242,472
5243,481
5244,510
5245,500
5246,472
5247,484
5248,507
5249,495
5250,476
5251,486
5252,502
5253,467
5254,479
5255,509
5256,500
5257,472
5258,481
5259,507
5260,498
5261,473
5262,485
5263,505
5264,493
5265,476
5266,512
5267,502
5268,470
5269,480
5270,510
5271,499
5272,473
5273,483
5274,506
5275,495
5276,472
5277,486
5278,503
5279,468
5280,477
5281,512
5282,502
5283,472
5284,482
5285,509
5286,499
5287,474
5288,485
5289,509
5290,495
5291,478
5292,488
5293,504
5294,471
5295,482
5296,513
5297,502
5298,473
5299,483
5300,509
5301,498
5302,477
5303,490
5304,508
5305,469
5306,480
5307,513
5308,503
5309,473
5310,482
5311,511
5312,499
5313,474
5314,485
5315,508
5316,496
5317,475
5318,491
5319,505
5320,470
5321,480
5322,512
5323,503
5324,473
5325,483
5326,509
5327,498
5328,475
5329,486
5330,509
5331,495
5332,476
5333,512
5334,502
5335,470
5336,480
5337,511
5338,500
5339,474
5340,484
5341,509
5342,497
5343,476
5344,489
5345,506
5346,469
5347,477
5348,511
5349,501
5350,472
5351,480
5352,508
5353,498
5354,473
5355,484
5356,507
5357,493
5358,477
5359,488
5360,503
5361,469
5362,478
5363,509
5364,499
5365,471
5366,482
5367,508
5368,497
5369,475
5370,488
5371,507
5372,468
5373,477
5374,512
5375,501
5376,468
5377,480
5378,510
5379,498
5380,475
5381,485
5382,506
5383,496
5384,475
5385,491
5386,505
5387,470
5388,480
5389,512
5390,502
5391,472
5392,483
5393,507
5394,496
5395,474
5396,485
5397,506
5398,493
5399,475
5400,511
5401,502
5402,469
5403,477
5404,506
5405,497
5406,471
5407,481
5408,506
5409,495
5410,472
5411,486
5412,503
5413,467
5414,477
5415,511
5416,501
5417,472
5418,482
5419,511
5420,500
5421,475
5422,485
5423,507
5424,497
5425,475
5426,513
5427,505
5428,471
5429,480
5430,511
5431,502
5432,473
5433,482
5434,508
5435,497
5436,475
5437,488
5438,505
5439,469
5440,479
5441,513
5442,503
5443,472
5444,481
5445,510
5446,500
5447,473
5448,485
5449,507
5450,496
5451,475
5452,491
5453,505
5454,470
5455,479
5456,511
5457,504
5458,473
5459,482
5460,509
5461,498
5462,476
5463,487
5464,506
5465,496
5466,479
5467,492
5468,504
5469,471
5470,481
5471,511
5472,500
5473,472
5474,483
5475,508
5476,496
5477,474
5478,488
5479,505
5480,469
5481,477
5482,511
5483,502
5484,472
5485,483
5486,510
5487,500
5488,474
5489,485
5490,508
5491,493
5492,476
5493,512
5494,504
5495,469
5496,480
5497,510
5498,500
5499,471
5500,483
5501,508
5502,498
5503,475
5504,485
5505,506
5506,494
5507,480
5508,514
5509,502
5510,472
5511,482
5512,509
5513,499
5514,472
5515,483
5516,507
5517,496
5518,476
5519,492
5520,504
5521,470
5522,479
5523,511
5524,502
5525,472
5526,482
5527,508
5528,498
5529,475
5530,486
5531,508
5532,495
5533,476
5534,512
5535,501
5536,471
5537,479
5538,509
5539,499
5540,472
5541,483
5542,507
5543,496
5544,472
5545,486
5546,504
5547,493
5548,477
5549,510
5550,498
5551,468
5552,479
5553,506
5554,497
5555,471
5556,484
5557,505
5558,492
5559,476
5560,486
5561,502
5562,468
5563,479
5564,509
5565,501
5566,473
5567,483
5568,509
5569,498
5570,475
5571,488
5572,506
5573,468
5574,477
5575,512
5576,501
5577,471
5578,481
5579,509
5580,500
5581,472
5582,484
5583,507
5584,495
5585,475
5586,491
5587,504
5588,470
5589,480
5590,513
5591,502
5592,471
5593,482
5594,507
5595,497
5596,473
5597,484
5598,505
5599,492
5600,477
5601,512
5602,504
5603,470
5604,481
5605,509
5606,501
5607,474
5608,484
5609,507
5610,494
5611,473
5612,486
5613,504
5614,468
5615,477
5616,511
5617,502
5618,472
5619,482
5620,510
5621,499
5622,474
5623,485
5624,508
5625,494
5626,478
5627,488
5628,504
5629,470
5630,480
5631,510
5632,501
5633,472
5634,484
5635,507
5636,496
5637,475
5638,485
5639,506
5640,468
5641,476
5642,510
5643,501
5644,469
5645,480
5646,507
5647,497
5648,474
5649,484
5650,507
5651,496
5652,475
5653,491
5654,504
5655,469
5656,480
5657,511
5658,502
5659,473
5660,482
5661,509
5662,498
5663,475
5664,486
5665,508
5666,495
5667,476
5668,512
5669,503
5670,470
5671,478
5672,508
5673,499
5674,472
5675,482
5676,506
5677,496
5678,474
5679,481
5680,503
5681,467
5682,476
5683,510
5684,501
5685,470
5686,480
5687,507
5688,498
5689,472
5690,484
5691,507
5692,493
5693,476
5694,512
5695,503
5696,470
5697,480
5698,509
5699,500
5700,472
5701,482
5702,508
5703,497
5704,475
5705,488
5706,506
5707,468
5708,476
5709,512
5710,502
5711,471
5712,480
5713,509
5714,499
5715,472
5716,483
5717,506
5718,496
5719,475
5720,488
5721,503
5722,468
5723,479
5724,511
5725,501
5726,473
5727,483
5728,508
5729,498
5730,473
5731,485
5732,505
5733,493
5734,478
5735,491
5736,503
5737,471
5738,482
5739,510
5740,499
5741,473
5742,483
5743,508
5744,496
5745,473
5746,487
5747,502
5748,467
5749,477
5750,511
5751,500
5752,471
5753,482
5754,508
5755,499
5756,474
5757,485
5758,507
5759,493
5760,476
5761,490
5762,504
5763,471
5764,482
5765,513
5766,500
5767,472
5768,482
5769,509
5770,498
5771,476
5772,489
5773,507
5774,469
5775,479
5776,512
5777,503
5778,472
5779,482
5780,510
5781,500
5782,473
5783,484
5784,507
5785,496
5786,475
5787,491
5788,505
5789,470
5790,479
5791,511
5792,502
5793,473
5794,483
5795,509
5796,498
5797,475
5798,486
5799,508
5800,495
5801,477
5802,513
5803,503
5804,469
5805,481
5806,511
5807,500
5808,474
5809,484
5810,509
5811,497
5812,476
5813,489
5814,506
5815,469
5816,478
5817,510
5818,500
5819,471
5820,481
5821,508
5822,498
5823,472
5824,484
5825,507
5826,493
5827,476
5828,512
5829,503
5830,469
5831,479
5832,509
5833,500
5834,472
5835,482
5836,509
5837,497
5838,475
5839,488
5840,505
5841,468
5842,477
5843,512
5844,502
5845,472
5846,482
5847,509
5848,498
5849,475
5850,485
5851,506
5852,496
5853,476
5854,492
5855,504
5856,468
5857,479
5858,511
5859,502
5860,473
5861,483
5862,510
5863,498
5864,475
5865,486
5866,507
5867,494
5868,477
5869,491
5870,504
5871,471
5872,480
5873,509
5874,498
5875,472
5876,482
5877,507
5878,496
5879,472
5880,486
5881,503
5882,468
5883,478
5884,511
5885,500
5886,471
5887,482
5888,510
5889,499
5890,474
5891,485
5892,506
5893,496
5894,474
5895,512
5896,503
5897,470
5898,479
5899,511
5900,503
5901,475
5902,485
5903,510
5904,499
5905,476
5906,489
5907,507
5908,469
5909,478
5910,513
5911,502
5912,471
5913,482
5914,510
5915,500
5916,473
5917,484
5918,507
5919,496
5920,474
5921,491
5922,505
5923,470
5924,479
5925,511
5926,502
5927,473
5928,482
5929,508
5930,498
5931,475
5932,485
5933,506
5934,494
5935,478
5936,492
5937,504
5938,470
5939,480
5940,510
5941,500
5942,474
5943,484
5944,508
5945,497
5946,475
5947,488
5948,504
5949,468
5950,478
5951,509
5952,499
5953,467
5954,478
5955,506
5956,497
5957,471
5958,483
5959,506
5960,492
5961,475
5962,511
5963,502
5964,468
5965,478
5966,508
5967,499
5968,471
5969,482
5970,509
5971,498
5972,475
5973,488
5974,505
5975,468
5976,478
5977,512
5978,501
5979,469
5980,480
5981,508
5982,497
5983,473
5984,483
5985,507
5986,496
5987,476
5988,492
5989,503
5990,469
5991,479
5992,510
5993,499
5994,470
5995,481
5996,508
5997,498
5998,474
5999,486
6000,508
6001,495
6002,476
6003,512
6004,502
6005,471
6006,480
6007,509
6008,498
6009,472
6010,483
6011,507
6012,496
6013,472
6014,486
6015,503
6016,494
6017,478
6018,513
6019,501
6020,470
6021,481
6022,508
6023,498
6024,472
6025,484
6026,505
6027,491
6028,476
6029,511
6030,503
6031,468
6032,477
6033,508
6034,500
6035,473
6036,483
6037,509
6038,498
6039,475
6040,487
6041,507
6042,468
6043,477
6044,512
6045,501
6046,471
6047,480
6048,510
6049,499
6050,472
6051,484
6052,506
6053,495
6054,474
6055,490
6056,504
6057,469
6058,480
6059,513
6060,501
6061,471
6062,482
6063,507
6064,497
6065,473
6066,485
6067,505
6068,493
6069,477
6070,512
6071,503
6072,471
6073,482
6074,511
6075,500
6076,473
6077,483
6078,508
6079,497
6080,475
6081,488
6082,505
6083,469
6084,479
6085,512
6086,503
6087,473
6088,484
6089,511
6090,498
6091,473
6092,484
6093,506
6094,493
6095,477
6096,488
6097,504
6098,470
6099,480
6100,510
6101,500
6102,473
6103,484
6104,507
6105,498
6106,477
6107,488
6108,505
6109,470
6110,480
6111,514
6112,503
6113,471
6114,482
6115,511
6116,500
6117,473
6118,485
6119,508
6120,496
6121,476
6122,492
6123,504
6124,468
6125,478
6126,510
6127,501
6128,471
6129,481
6130,507
6131,498
6132,474
6133,487
6134,508
6135,495
6136,477
6137,512
6138,502
6139,471
6140,482
6141,510
6142,499
6143,473
6144,482
6145,508
6146,496
6147,474
6148,483
6149,504
6150,493
6151,478
6152,511
6153,502
6154,471
6155,480
6156,508
6157,498
6158,472
6159,483
6160,505
6161,492
6162,475
6163,511
6164,504
6165,469
6166,479
6167,509
6168,499
6169,471
6170,482
6171,508
6172,497
6173,476
6174,489
6175,507
6176,469
6177,477
6178,512
6179,502
6180,471
6181,480
6182,509
6183,499
6184,472
6185,484
6186,507
6187,496
6188,475
6189,487
6190,503
6191,467
6192,479
6193,510
6194,499
6195,470
6196,482
6197,508
6198,498
6199,473
6200,485
6201,506
6202,493
6203,477
6204,492
6205,504
6206,470
6207,481
6208,510
6209,501
6210,473
6211,484
6212,508
6213,496
6214,473
6215,487
6216,504
6217,468
6218,478
6219,513
6220,501
6221,471
6222,483
6223,509
6224,499
6225,473
6226,484
6227,505
6228,492
6229,475
6230,484
6231,502
6232,467
6233,479
6234,510
6235,498
6236,470
6237,480
6238,507
6239,496
6240,473
6241,487
6242,506
6243,467
6244,477
6245,511
6246,502
6247,470
6248,481
6249,510
6250,501
6251,474
6252,485
6253,507
6254,496
6255,475
6256,491
6257,505
6258,470
6259,479
6260,511
6261,503
6262,473
6263,484
6264,509
6265,499
6266,475
6267,486
6268,509
6269,496
6270,476
6271,512
6272,503
6273,469
6274,481
6275,511
6276,500
6277,474
6278,484
6279,509
6280,497
6281,476
6282,489
6283,506
6284,469
6285,477
6286,511
6287,500
6288,470
6289,481
6290,509
6291,499
6292,473
6293,485
6294,507
6295,493
6296,476
6297,512
6298,502
6299,469
6300,480
6301,510
6302,500
6303,472
6304,483
6305,509
6306,498
6307,475
6308,488
6309,505
6310,495
6311,478
6312,513
6313,502
6314,471
6315,480
6316,510
6317,498
6318,475
6319,485
6320,506
6321,496
6322,476
6323,492
6324,503
6325,468
6326,479
6327,511
6328,500
6329,470
6330,481
6331,509
6332,498
6333,475
6334,487
6335,508
6336,495
6337,479
6338,492
6339,506
6340,472
6341,481
6342,510
6343,498
6344,473
6345,483
6346,508
6347,496
6348,472
6349,486
6350,503
6351,492
6352,476
6353,510
6354,499
6355,470
6356,481
6357,508
6358,496
6359,474
6360,485
6361,505
6362,493
6363,477
6364,487
6365,502
6366,468
6367,480
6368,509
6369,501
6370,473
6371,484
6372,509
6373,498
6374,475
6375,489
6376,505
6377,494
6378,478
6379,513
6380,502
6381,471
6382,481
6383,510
6384,500
6385,473
6386,484
6387,507
6388,496
6389,474
6390,491
6391,504
6392,468
6393,478
6394,510
6395,501
6396,471
6397,481
6398,508
6399,498
6400,475
6401,486
6402,507
6403,496
6404,480
6405,493
6406,505
6407,472
6408,481
6409,510
6410,500
6411,473
6412,483
6413,508
6414,497
6415,476
6416,489
6417,506
6418,470
6419,478
6420,512
6421,502
6422,472
6423,482
6424,510
6425,499
6426,473
6427,485
6428,509
6429,495
6430,477
6431,513
6432,504
6433,468
6434,478
6435,509
6436,500
6437,472
6438,483
6439,509
6440,498
6441,474
6442,487
6443,506
6444,495
6445,480
6446,514
6447,502
6448,471
6449,482
6450,510
6451,500
6452,473
6453,484
6454,508
6455,496
6456,476
6457,492
6458,503
6459,469
6460,478
6461,511
6462,501
6463,471
6464,481
6465,508
6466,498
6467,474
6468,486
6469,508
6470,495
6471,476
6472,512
6473,504
6474,470
6475,478
6476,508
6477,499
6478,472
6479,482
6480,505
6481,494
6482,472
6483,486
6484,503
6485,468
6486,479
6487,511
6488,500
6489,469
6490,480
6491,507
6492,497
6493,472
6494,483
6495,505
6496,491
6497,475
6498,512
6499,504
6500,470
6501,481
6502,510
6503,502
6504,474
6505,483
6506,509
6507,498
6508,475
6509,488
6510,506
6511,468
6512,477
6513,512
6514,503
6515,472
6516,482
6517,510
6518,501
6519,474
6520,485
6521,508
6522,496
6523,475
6524,491
6525,505
6526,469
6527,479
6528,512
6529,500
6530,470
6531,482
6532,506
6533,496
6534,474
6535,485
6536,506
6537,493
6538,476
6539,511
6540,503
6541,469
6542,479
6543,509
6544,499
6545,472
6546,483
6547,506
6548,495
6549,473
6550,487
6551,504
6552,469
6553,478
6554,512
6555,502
6556,473
6557,482
6558,510
6559,500
6560,473
6561,485
6562,509
6563,495
6564,477
6565,514
6566,504
6567,470
6568,480
6569,510
6570,499
6571,470
6572,483
6573,506
6574,496
6575,475
6576,487
6577,505
6578,467
6579,477
6580,511
6581,502
6582,470
6583,480
6584,508
6585,499
6586,472
6587,484
6588,507
6589,495
6590,476
6591,491
6592,503
6593,468
6594,479
6595,511
6596,502
6597,472
6598,482
6599,508
6600,498
6601,475
6602,487
6603,508
6604,495
6605,476
6606,512
6607,503
6608,470
6609,478
6610,508
6611,499
6612,472
6613,483
6614,506
6615,496
6616,473
6617,482
6618,504
6619,493
6620,478
6621,511
6622,500
6623,472
6624,481
6625,509
6626,499
6627,473
6628,484
6629,507
6630,493
6631,477
6632,513
6633,505
6634,470
6635,480
6636,510
6637,499
6638,471
6639,483
6640,509
6641,497
6642,475
6643,488
6644,506
6645,468
6646,477
6647,512
6648,501
6649,470
6650,480
6651,509
6652,498
6653,475
6654,486
6655,508
6656,498
6657,477
6658,488
6659,504
6660,468
6661,479
6662,509
6663,500
6664,472
6665,481
6666,508
6667,498
6668,473
6669,485
6670,506
6671,493
6672,477
6673,512
6674,504
6675,470
6676,480
6677,510
6678,500
6679,473
6680,483
6681,507
6682,495
6683,472
6684,486
6685,506
6686,470
6687,479
6688,512
6689,502
6690,473
6691,482
6692,509
6693,499
6694,473
6695,484
6696,507
6697,493
6698,476
6699,487
6700,502
6701,468
6702,480
6703,511
6704,499
6705,471
6706,481
6707,508
6708,496
6709,473
6710,487
6711,505
6712,467
6713,476
6714,511
6715,501
6716,470
6717,481
6718,510
6719,502
6720,474
6721,485
6722,509
6723,497
6724,476
6725,492
6726,505
6727,470
6728,479
6729,512
6730,503
6731,473
6732,483
6733,509
6734,499
6735,475
6736,486
6737,508
6738,495
6739,476
6740,512
6741,503
6742,468
6743,481
6744,511
6745,499
6746,473
6747,484
6748,508
6749,497
6750,476
6751,489
6752,505
6753,469
6754,478
6755,511
6756,502
6757,472
6758,481
6759,508
6760,498
6761,473
6762,484
6763,507
6764,493
6765,477
6766,513
6767,504
6768,470
6769,479
6770,509
6771,500
6772,472
6773,482
6774,509
6775,497
6776,473
6777,487
6778,505
6779,467
6780,476
6781,512
6782,501
6783,470
6784,479
6785,509
6786,498
6787,475
6788,485
6789,506
6790,496
6791,476
6792,492
6793,505
6794,470
6795,479
6796,511
6797,502
6798,473
6799,484
6800,509
6801,499
6802,475
6803,487
6804,507
6805,494
6806,477
6807,513
6808,503
6809,471
6810,479
6811,509
6812,499
6813,472
6814,482
6815,505
6816,495
6817,472
6818,486
6819,503
6820,468
6821,477
6822,511
6823,502
6824,472
6825,482
6826,509
6827,499
6828,474
6829,485
6830,506
6831,496
6832,475
6833,512
6834,504
6835,471
6836,480
6837,511
6838,502
6839,473
6840,483
6841,509
6842,498
6843,475
6844,488
6845,505
6846,467
6847,477
6848,512
6849,502
6850,472
6851,481
6852,510
6853,500
6854,473
6855,484
6856,507
6857,496
6858,474
6859,492
6860,505
6861,469
6862,479
6863,511
6864,501
6865,472
6866,482
6867,508
6868,498
6869,475
6870,485
6871,506
6872,495
6873,478
6874,512
6875,502
6876,470
6877,481
6878,509
6879,499
6880,474
6881,483
6882,508
6883,497
6884,476
6885,490
6886,506
6887,470
6888,478
6889,512
6890,502
6891,473
6892,483
6893,509
6894,499
6895,474
6896,485
6897,507
6898,493
6899,476
6900,512
6901,503
6902,469
6903,479
6904,509
6905,500
6906,472
6907,483
6908,508
6909,498
6910,475
6911,488
6912,506
6913,492
6914,478
6915,513
6916,502
6917,470
6918,482
6919,511
6920,501
6921,474
6922,485
6923,509
6924,497
6925,476
6926,492
6927,504
6928,470
6929,479
6930,511
6931,502
6932,472
6933,482
6934,508
6935,498
6936,475
6937,487
6938,509
6939,495
6940,476
6941,512
6942,501
6943,470
6944,479
6945,508
6946,499
6947,472
6948,482
6949,505
6950,495
6951,472
6952,486
6953,503
6954,468
6955,477
6956,512
6957,500
6958,470
6959,480
6960,507
6961,498
6962,471
6963,483
6964,504
6965,491
6966,476
6967,511
6968,503
6969,470
6970,481
6971,510
6972,501
6973,473
6974,482
6975,508
6976,496
6977,474
6978,488
6979,505
6980,468
6981,476
6982,510
6983,501
6984,469
6985,479
6986,508
6987,498
6988,472
6989,483
6990,506
6991,496
6992,473
6993,490
6994,505
6995,469
6996,481
6997,511
6998,502
6999,473
7000,484
7001,509
7002,499
7003,477
7004,487
7005,507
7006,494
7007,478
7008,492
7009,503
7010,470
7011,481
7012,510
7013,500
7014,473
7015,483
7016,508
7017,497
7018,475
7019,488
7020,504
7021,494
7022,476
7023,510
7024,500
7025,470
7026,481
7027,508
7028,498
7029,472
7030,484
7031,506
7032,492
7033,477
7034,488
7035,504
7036,469
7037,480
7038,510
7039,500
7040,472
7041,484
7042,507
7043,495
7044,474
7045,483
7046,505
7047,467
7048,477
7049,511
7050,502
7051,469
7052,479
7053,508
7054,498
7055,471
7056,483
7057,506
7058,495
7059,474
7060,491
7061,503
7062,468
7063,480
7064,510
7065,502
7066,472
7067,483
7068,509
7069,498
7070,476
7071,487
7072,509
7073,496
7074,477
7075,512
7076,501
7077,470
7078,479
7079,508
7080,497
7081,471
7082,482
7083,507
7084,497
7085,476
7086,487
7087,505
7088,469
7089,477
7090,511
7091,500
7092,471
7093,481
7094,507
7095,498
7096,472
7097,483
7098,506
7099,492
7100,477
7101,488
7102,504
7103,469
7104,481
7105,510
7106,500
7107,472
7108,481
7109,508
7110,496
7111,474
7112,487
7113,504
7114,493
7115,477
7116,512
7117,501
7118,471
7119,479
7120,509
7121,499
7122,472
7123,483
7124,506
7125,495
7126,475
7127,490
7128,503
7129,467
7130,479
7131,510
7132,500
7133,473
7134,484
7135,508
7136,498
7137,474
7138,485
7139,506
7140,493
7141,478
7142,491
7143,503
7144,470
7145,481
7146,509
7147,499
7148,473
7149,483
7150,509
7151,497
7152,475
7153,488
7154,504
7155,494
7156,476
7157,510
7158,500
7159,469
7160,480
7161,508
7162,498
7163,472
7164,484
7165,506
7166,492
7167,477
7168,488
7169,502
7170,468
7171,480
7172,511
7173,499
7174,471
7175,481
7176,508
7177,496
7178,473
7179,487
7180,504
7181,469
7182,479
7183,514
7184,503
7185,471
7186,482
7187,511
7188,500
7189,473
7190,484
7191,507
7192,495
7193,474
7194,490
7195,505
7196,469
7197,480
7198,510
7199,501
7200,471
7201,482
7202,509
7203,499
7204,476
7205,487
7206,509
7207,496
7208,476
7209,512
7210,503
7211,469
7212,481
7213,511
7214,500
7215,474
7216,484
7217,508
7218,497
7219,476
7220,489
7221,506
7222,469
7223,478
7224,511
7225,502
7226,472
7227,482
7228,508
7229,498
7230,473
7231,484
7232,506
7233,493
7234,477
7235,513
7236,503
7237,470
7238,480
7239,509
7240,500
7241,472
7242,482
7243,508
7244,497
7245,474
7246,488
7247,506
7248,468
7249,477
7250,512
7251,501
7252,471
7253,480
7254,510
7255,498
7256,476
7257,484
7258,505
7259,494
7260,476
7261,487
7262,504
7263,470
7264,480
7265,511
7266,502
7267,473
7268,484
7269,509
7270,499
7271,475
7272,486
7273,507
7274,494
7275,478
7276,492
7277,505
7278,471
7279,481
7280,509
7281,499
7282,473
7283,483
7284,507
7285,496
7286,473
7287,487
7288,504
7289,468
7290,478
7291,512
7292,501
7293,471
7294,482
7295,508
7296,498
7297,474
7298,484
7299,506
7300,497
7301,474
7302,486
7303,502
7304,469
7305,478
7306,510
7307,501
7308,473
7309,482
7310,508
7311,497
7312,474
7313,488
7314,505
7315,468
7316,479
7317,512
7318,502
7319,471
7320,481
7321,510
7322,500
7323,473
7324,484
7325,505
7326,495
7327,473
7328,490
7329,504
7330,468
7331,479
7332,510
7333,500
7334,471
7335,481
7336,508
7337,498
7338,475
7339,486
7340,507
7341,495
7342,478
7343,513
7344,502
7345,470
7346,481
7347,509
7348,499
7349,473
7350,483
7351,508
7352,497
7353,476
7354,489
7355,505
7356,494
7357,478
7358,511
7359,501
7360,471
7361,480
7362,508
7363,498
7364,472
7365,484
7366,506
7367,493
7368,477
7369,513
7370,504
7371,470
7372,481
7373,511
7374,500
7375,472
7376,483
7377,509
7378,497
7379,474
7380,488
7381,506
7382,495
7383,477
7384,514
7385,502
7386,471
7387,482
7388,511
7389,502
7390,475
7391,486
7392,509
7393,497
7394,475
7395,491
7396,503
7397,467
7398,478
7399,511
7400,500
7401,471
7402,482
7403,508
7404,498
7405,475
7406,487
7407,509
7408,496
7409,477
7410,512
7411,502
7412,471
7413,480
7414,509
7415,498
7416,472
7417,483
7418,508
7419,496
7420,473
7421,487
7422,503
7423,493
7424,475
7425,510
7426,499
7427,468
7428,479
7429,506
7430,497
7431,471
7432,483
7433,504
7434,491
7435,476
7436,486
7437,502
7438,469
7439,480
7440,511
7441,500
7442,472
7443,482
7444,508
7445,497
7446,475
7447,488
7448,505
7449,468
7450,477
7451,512
7452,501
7453,471
7454,481
7455,510
7456,499
7457,473
7458,484
7459,506
7460,495
7461,474
7462,489
7463,504
7464,468
7465,478
7466,511
7467,503
7468,472
7469,483
7470,508
7471,498
7472,477
7473,487
7474,507
7475,494
7476,478
7477,492
7478,504
7479,470
7480,481
7481,510
7482,500
7483,474
7484,484
7485,509
7486,497
7487,475
7488,489
7489,506
7490,470
7491,478
7492,510
7493,499
7494,470
7495,481
7496,508
7497,498
7498,472
7499,484
7500,506
7501,493
7502,477
7503,488
7504,504
7505,470
7506,480
7507,510
7508,500
7509,471
7510,484
7511,506
7512,496
7513,475
7514,487
7515,504
7516,495
7517,479
7518,512
7519,502
7520,471
7521,482
7522,509
7523,500
7524,472
7525,484
7526,506
7527,495
7528,474
7529,491
7530,503
7531,467
7532,478
7533,509
7534,500
7535,470
7536,480
7537,507
7538,497
7539,475
7540,486
7541,509
7542,495
7543,477
7544,491
7545,505
7546,471
7547,482
7548,511
7549,499
7550,473
7551,482
7552,509
7553,497
7554,475
7555,482
7556,504
7557,494
7558,478
7559,510
7560,499
7561,470
7562,480
7563,507
7564,497
7565,472
7566,483
7567,505
7568,491
7569,476
7570,512
7571,504
7572,471
7573,481
7574,511
7575,500
7576,473
7577,483
7578,509
7579,497
7580,475
7581,488
7582,505
7583,494
7584,478
7585,513
7586,501
7587,471
7588,481
7589,510
7590,500
7591,473
7592,484
7593,506
7594,495
7595,473
7596,486
7597,502
7598,469
7599,480
7600,510
7601,500
7602,473
7603,483
7604,508
7605,498
7606,474
7607,485
7608,506
7609,493
7610,477
7611,491
7612,503
7613,470
7614,481
7615,510
7616,500
7617,474
7618,484
7619,509
7620,498
7621,474
7622,487
7623,505
7624,469
7625,480
7626,510
7627,500
7628,470
7629,481
7630,508
7631,498
7632,472
7633,484
7634,506
7635,493
7636,477
7637,488
7638,503
7639,468
7640,480
7641,512
7642,499
7643,472
7644,482
7645,508
7646,497
7647,474
7648,485
7649,507
7650,469
7651,480
7652,514
7653,502
7654,472
7655,483
7656,511
7657,501
7658,473
7659,484
7660,507
7661,495
7662,474
7663,490
7664,504
7665,468
7666,478
7667,510
7668,500
7669,471
7670,481
7671,508
7672,498
7673,475
7674,487
7675,508
7676,495
7677,480
7678,492
7679,505
7680,469
7681,481
7682,510
7683,500
7684,474
7685,485
7686,508
7687,496
7688,475
7689,489
7690,506
7691,469
7692,477
7693,511
7694,501
7695,472
7696,481
7697,509
7698,498
7699,473
7700,484
7701,507
7702,493
7703,477
7704,513
7705,505
7706,470
7707,480
7708,509
7709,500
7710,472
7711,482
7712,508
7713,497
7714,474
7715,488
7716,506
7717,468
7718,477
7719,512
7720,501
7721,470
7722,480
7723,509
7724,498
7725,475
7726,485
7727,506
7728,494
7729,475
7730,491
7731,503
7732,468
7733,478
7734,510
7735,500
7736,470
7737,481
7738,508
7739,498
7740,475
7741,486
7742,507
7743,494
7744,478
7745,512
7746,502
7747,471
7748,480
7749,509
7750,500
7751,473
7752,484
7753,508
7754,497
7755,473
7756,488
7757,504
7758,469
7759,480
7760,510
7761,501
7762,471
7763,482
7764,509
7765,498
7766,474
7767,484
7768,506
7769,496
7770,474
7771,485
7772,502
7773,468
7774,480
7775,509
7776,498
7777,470
7778,480
7779,507
7780,496
7781,474
7782,487
7783,504
7784,493
7785,478
7786,512
7787,501
7788,471
7789,481
7790,510
7791,499
7792,472
7793,484
7794,506
7795,495
7796,474
7797,491
7798,504
7799,469
7800,480
7801,511
7802,501
7803,472
7804,482
7805,508
7806,498
7807,475
7808,485
7809,506
7810,494
7811,478
7812,512
7813,502
7814,470
7815,481
7816,510
7817,499
7818,473
7819,484
7820,509
7821,498
7822,477
7823,489
7824,505
7825,469
7826,478
7827,509
7828,499
7829,470
7830,480
7831,507
7832,497
7833,472
7834,483
7835,505
7836,492
7837,477
7838,488
7839,503
7840,470
7841,479
7842,509
7843,500
7844,471
7845,481
7846,508
7847,497
7848,474
7849,488
7850,506
7851,495
7852,478
7853,513
7854,502
7855,471
7856,482
7857,511
7858,501
7859,474
7860,485
7861,509
7862,497
7863,477
7864,492
7865,504
7866,468
7867,479
7868,511
7869,500
7870,471
7871,482
7872,509
7873,498
7874,475
7875,487
7876,509
7877,495
7878,476
7879,512
7880,501
7881,470
7882,479
7883,509
7884,498
7885,472
7886,483
7887,508
7888,497
7889,474
7890,487
7891,503
7892,493
7893,476
7894,490
7895,502
7896,471
7897,481
7898,508
7899,497
7900,473
7901,484
7902,505
7903,492
7904,476
7905,486
7906,502
7907,469
7908,480
7909,511
7910,500
7911,472
7912,482
7913,508
7914,497
7915,475
7916,486
7917,508
7918,470
7919,479
7920,514
7921,503
7922,472
7923,482
7924,510
7925,500
7926,472
7927,484
7928,506
7929,495
7930,474
7931,490
7932,504
7933,468
7934,478
7935,510
7936,503
7937,472
7938,483
7939,508
7940,498
7941,476
7942,487
7943,506
7944,493
7945,477
7946,512
7947,502
7948,470
7949,481
7950,510
7951,500
7952,475
7953,484
7954,509
7955,498
7956,476
7957,490
7958,505
7959,494
7960,478
7961,512
7962,501
7963,471
7964,482
7965,508
7966,499
7967,473
7968,485
7969,507
7970,493
7971,477
7972,488
7973,504
7974,469
7975,480
7976,510
7977,500
7978,472
7979,483
7980,507
7981,497
7982,476
7983,488
7984,505
7985,495
7986,479
7987,513
7988,502
7989,473
7990,484
7991,512
7992,500
7993,473
7994,484
7995,506
7996,495
7997,475
7998,491
7999,503
8000,468
8001,476
8002,509
8003,501
8004,472
8005,481
8006,508
8007,498
8008,475
8009,486
8010,508
8011,493
8012,475
8013,511
8014,502
8015,469
8016,478
8017,507
8018,499
8019,472
8020,482
8021,506
8022,496
8023,475
8024,486
8025,503
8026,494
8027,478
8028,510
8029,501
8030,471
8031,479
8032,507
8033,497
8034,472
8035,484
8036,505
8037,492
8038,477
8039,512
8040,505
8041,470
8042,480
8043,509
8044,499
8045,470
8046,482
8047,508
8048,497
8049,474
8050,488
8051,506
8052,468
8053,477
8054,512
8055,501
8056,471
8057,480
8058,509
8059,499
8060,472
8061,483
8062,506
8063,495
8064,473
8065,486
8066,502
8067,467
8068,479
8069,511
8070,500
8071,471
8072,483
8073,509
8074,497
8075,473
8076,485
8077,505
8078,493
8079,477
8080,490
8081,502
8082,469
8083,479
8084,509
8085,500
8086,473
8087,483
8088,506
8089,495
8090,472
8091,486
8092,504
8093,468
8094,479
8095,511
8096,500
8097,471
8098,481
8099,508
8100,499
8101,473
8102,485
8103,507
8104,493
8105,476
8106,512
8107,504
8108,468
8109,480
8110,511
8111,499
8112,472
8113,482
8114,508
8115,497
8116,474
8117,487
8118,505
8119,495
8120,479
8121,512
8122,502
8123,471
8124,482
8125,511
8126,502
8127,474
8128,485
8129,507
8130,496
8131,475
8132,491
8133,505
8134,470
8135,480
8136,511
8137,501
8138,472
8139,482
8140,508
8141,498
8142,475
8143,486
8144,508
8145,495
8146,476
8147,512
8148,500
8149,470
8150,479
8151,508
8152,498
8153,472
8154,483
8155,506
8156,496
8157,476
8158,489
8159,504
8160,494
8161,478
8162,512
8163,503
8164,472
8165,481
8166,508
8167,498
8168,473
8169,485
8170,507
8171,493
8172,477
8173,489
8174,504
8175,469
8176,480
8177,510
8178,499
8179,472
8180,483
8181,509
8182,497
8183,475
8184,488
8185,505
8186,469
8187,479
8188,512
8189,501
8190,471
8191,481
8192,510
8193,497
8194,475
8195,483
8196,508
8197,496
8198,476
8199,490
8200,503
8201,469
8202,479
8203,511
8204,502
8205,473
8206,482
8207,509
8208,498
8209,475
8210,486
8211,507
8212,494
8213,477
8214,513
8215,503
8216,470
8217,478
8218,509
8219,499
8220,472
8221,483
8222,506
8223,495
8224,472
8225,486
8226,503
8227,468
8228,477
8229,511
8230,501
8231,472
8232,482
8233,509
8234,499
8235,474
8236,484
8237,506
8238,496
8239,474
8240,485
8241,502
8242,468
8243,478
8244,509
8245,501
8246,472
8247,483
8248,509
8249,498
8250,475
8251,488
8252,507
8253,470
8254,479
8255,514
8256,504
8257,473
8258,482
8259,510
8260,500
8261,473
8262,484
8263,507
8264,495
8265,474
8266,491
8267,505
8268,469
8269,479
8270,511
8271,503
8272,473
8273,483
8274,509
8275,498
8276,475
8277,486
8278,507
8279,497
8280,480
8281,493
8282,504
8283,471
8284,482
8285,510
8286,500
8287,473
8288,483
8289,508
8290,497
8291,476
8292,489
8293,504
8294,468
8295,477
8296,510
8297,501
8298,471
8299,480
8300,509
8301,499
8302,473
8303,485
8304,507
8305,494
8306,476
8307,512
8308,503
8309,469
8310,478
8311,509
8312,498
8313,470
8314,481
8315,507
8316,497
8317,474
8318,488
8319,505
8320,494
8321,479
8322,513
8323,501
8324,470
8325,482
8326,510
8327,501
8328,474
8329,485
8330,509
8331,495
8332,476
8333,491
8334,505
8335,469
8336,480
8337,511
8338,501
8339,472
8340,482
8341,508
8342,498
8343,475
8344,486
8345,508
8346,494
8347,476
8348,512
8349,503
8350,470
8351,478
8352,508
8353,499
8354,471
8355,482
8356,505
8357,494
8358,471
8359,485
8360,503
8361,467
8362,477
8363,512
8364,500
8365,469
8366,480
8367,507
8368,498
8369,473
8370,485
8371,506
8372,492
8373,476
8374,513
8375,505
8376,471
8377,480
8378,510
8379,501
8380,472
8381,482
8382,508
8383,497
8384,474
8385,488
8386,505
8387,469
8388,477
8389,512
8390,503
8391,472
8392,481
8393,510
8394,499
8395,472
8396,483
8397,506
8398,495
8399,474
8400,491
8401,505
8402,469
8403,479
8404,511
8405,503
8406,472
8407,483
8408,506
8409,498
8410,473
8411,483
8412,504
8413,493
8414,476
8415,512
8416,504
8417,470
8418,480
8419,508
8420,500
8421,473
8422,483
8423,507
8424,496
8425,474
8426,487
8427,505
8428,469
8429,478
8430,512
8431,502
8432,472
8433,482
8434,509
8435,500
8436,474
8437,486
8438,508
8439,494
8440,478
8441,514
8442,505
8443,470
8444,479
8445,509
8446,500
8447,472
8448,482
8449,508
8450,498
8451,474
8452,485
8453,504
8454,469
8455,478
8456,512
8457,503
8458,471
8459,480
8460,509
8461,498
8462,472
8463,483
8464,506
8465,494
8466,474
8467,491
8468,504
8469,469
8470,478
8471,511
8472,501
8473,473
8474,482
8475,508
8476,498
8477,475
8478,486
8479,508
8480,495
8481,476
8482,512
8483,503
8484,470
8485,479
8486,509
8487,500
8488,472
8489,483
8490,507
8491,497
8492,475
8493,487
8494,503
8495,493
8496,477
8497,510
8498,501
8499,470
8500,479
8501,507
8502,497
8503,472
8504,484
8505,505
8506,493
8507,477
8508,513
8509,505
8510,470
8511,481
8512,511
8513,503
8514,474
8515,483
8516,510
8517,498
8518,475
8519,489
8520,506
8521,470
8522,478
8523,513
8524,503
8525,473
8526,481
8527,510
8528,500
8529,473
8530,484
8531,507
8532,495
8533,474
8534,485
8535,504
8536,468
8537,479
8538,511
8539,500
8540,470
8541,482
8542,508
8543,498
8544,473
8545,485
8546,506
8547,493
8548,476
8549,511
8550,503
8551,470
8552,481
8553,510
8554,500
8555,474
8556,484
8557,508
8558,497
8559,473
8560,485
8561,503
8562,467
8563,477
8564,511
8565,502
8566,472
8567,482
8568,509
8569,500
8570,474
8571,485
8572,507
8573,493
8574,479
8575,514
8576,505
8577,469
8578,481
8579,512
8580,499
8581,472
8582,483
8583,509
8584,498
8585,476
8586,489
8587,508
8588,469
8589,478
8590,512
8591,502
8592,471
8593,481
8594,509
8595,499
8596,472
8597,484
8598,507
8599,495
8600,474
8601,490
8602,505
8603,469
8604,479
8605,511
8606,501
8607,472
8608,482
8609,508
8610,498
8611,475
8612,486
8613,508
8614,495
8615,476
8616,512
8617,503
8618,470
8619,478
8620,509
8621,499
8622,473
8623,483
8624,507
8625,497
8626,476
8627,488
8628,505
8629,468
8630,476
8631,510
8632,499
8633,471
8634,482
8635,508
8636,498
8637,473
8638,484
8639,507
8640,493
8641,476
8642,512
8643,504
8644,468
8645,479
8646,509
8647,500
8648,471
8649,482
8650,508
8651,497
8652,475
8653,488
8654,506
8655,468
8656,477
8657,511
8658,502
8659,470
8660,479
8661,508
8662,497
8663,474
8664,484
8665,505
8666,494
8667,476
8668,491
8669,504
8670,470
8671,481
8672,512
8673,502
8674,474
8675,483
8676,509
8677,498
8678,475
8679,487
8680,507
8681,494
8682,477
8683,512
8684,502
8685,471
8686,479
8687,509
8688,499
8689,472
8690,483
8691,508
8692,496
8693,473
8694,486
8695,504
8696,468
8697,476
8698,510
8699,500
8700,471
8701,482
8702,509
8703,499
8704,473
8705,483
8706,505
8707,496
8708,473
8709,485
8710,500
8711,467
8712,478
8713,509
8714,502
8715,473
8716,483
8717,509
8718,498
8719,475
8720,488
8721,507
8722,470
8723,480
8724,513
8725,504
8726,471
8727,481
8728,510
8729,499
8730,472
8731,484
8732,507
8733,495
8734,474
8735,490
8736,505
8737,469
8738,479
8739,511
8740,503
8741,473
8742,482
8743,509
8744,498
8745,475
8746,486
8747,508
8748,496
8749,479
8750,492
8751,504
8752,472
8753,482
8754,512
8755,503
8756,475
8757,485
8758,509
8759,497
8760,477
8761,489
8762,505
8763,469
8764,477
8765,511
8766,499
8767,470
8768,480
8769,508
8770,497
8771,472
8772,484
8773,506
8774,493
8775,477
8776,488
8777,503
8778,469
8779,479
8780,510
8781,499
8782,471
8783,482
8784,509
8785,498
8786,475
8787,489
8788,506
8789,469
8790,478
8791,513
8792,502
8793,470
8794,482
8795,509
8796,498
8797,473
8798,484
8799,507
8800,496
8801,476
8802,491
8803,505
8804,470
8805,480
8806,511
8807,502
8808,472
8809,482
8810,508
8811,498
8812,475
8813,486
8814,508
8815,494
8816,476
8817,512
8818,503
8819,470
8820,478
8821,508
8822,499
8823,472
8824,482
8825,506
8826,494
8827,471
8828,485
8829,503
8830,467
8831,478
8832,490
8833,501
8834,470
8835,480
8836,507
8837,497
8838,473
8839,484
8840,505
8841,492
8842,475
8843,512
8844,504
8845,470
8846,480
8847,509
8848,498
8849,471
8850,481
8851,508
8852,497
8853,475
8854,488
8855,505
8856,493
8857,478
8858,512
8859,503
8860,470
8861,480
8862,509
8863,499
8864,472
8865,483
8866,506
8867,495
8868,474
8869,490
8870,504
8871,469
8872,479
8873,511
8874,501
8875,472
8876,483
8877,508
8878,498
8879,476
8880,486
8881,506
8882,493
8883,476
8884,512
8885,504
8886,470
8887,480
8888,511
8889,501
8890,474
8891,484
8892,508
8893,497
8894,475
8895,488
8896,503
8897,468
8898,477
8899,511
8900,502
8901,472
8902,482
8903,508
8904,499
8905,473
8906,485
8907,507
8908,493
8909,477
8910,488
8911,504
8912,469
8913,479
8914,509
8915,498
8916,470
8917,483
8918,508
8919,498
8920,477
8921,488
8922,505
8923,494
8924,478
8925,512
8926,501
8927,472
8928,483
8929,511
8930,501
8931,474
8932,485
8933,507
8934,496
8935,476
8936,492
8937,504
8938,469
8939,480
8940,510
8941,501
8942,471
8943,481
8944,508
8945,497
8946,475
8947,486
8948,508
8949,495
8950,477
8951,491
8952,504
8953,471
8954,482
8955,511
8956,499
8957,474
8958,484
8959,508
8960,500
8961,476
8962,484
8963,505
8964,494
8965,478
8966,511
8967,501
8968,471
8969,480
8970,508
8971,498
8972,472
8973,483
8974,505
8975,491
8976,476
8977,512
8978,505
8979,470
8980,479
8981,509
8982,501
8983,473
8984,483
8985,509
8986,499
8987,476
8988,489
8989,507
8990,469
8991,477
8992,512
8993,503
8994,472
8995,481
8996,510
8997,500
8998,473
8999,484
9000,506
9001,495
9002,474
9003,485
9004,504
9005,468
9006,479
9007,511
9008,499
9009,471
9010,481
9011,507
9012,497
9013,473
9014,484
9015,505
9016,492
9017,476
9018,511
9019,502
9020,471
9021,481
9022,510
9023,500
9024,474
9025,484
9026,507
9027,495
9028,472
9029,486
9030,503
9031,468
9032,477
9033,511
9034,502
9035,472
9036,483
9037,510
9038,499
9039,473
9040,483
9041,506
9042,492
9043,476
9044,511
9045,503
9046,467
9047,480
9048,511
9049,498
9050,472
9051,483
9052,508
9053,497
9054,474
9055,488
9056,506
9057,470
9058,479
9059,512
9060,503
9061,471
9062,481
9063,510
9064,498
9065,474
9066,485
9067,507
9068,496
9069,475
9070,491
9071,506
9072,470
9073,479
9074,512
9075,503
9076,472
9077,482
9078,508
9079,498
9080,475
9081,486
9082,509
9083,495
9084,476
9085,512
9086,502
9087,471
9088,479
9089,510
9090,499
9091,473
9092,483
9093,507
9094,496
9095,476
9096,489
9097,506
9098,469
9099,477
9100,511
9101,500
9102,471
9103,483
9104,509
9105,499
9106,473
9107,485
9108,507
9109,492
9110,476
9111,487
9112,503
9113,469
9114,480
9115,510
9116,499
9117,471
9118,482
9119,509
9120,497
9121,475
9122,488
9123,507
9124,469
9125,477
9126,512
9127,501
9128,471
9129,480
9130,508
9131,498
9132,473
9133,483
9134,505
9135,493
9136,476
9137,491
9138,503
9139,469
9140,480
9141,510
9142,500
9143,470
9144,481
9145,508
9146,497
9147,474
9148,486
9149,507
9150,494
9151,478
9152,492
9153,504
9154,471
9155,480
9156,509
9157,499
9158,472
9159,483
9160,508
9161,496
9162,473
9163,487
9164,504
9165,468
9166,479
9167,510
9168,500
9169,470
9170,482
9171,508
9172,499
9173,473
9174,483
9175,507
9176,496
9177,474
9178,484
9179,499
9180,466
9181,476
9182,507
9183,497
9184,469
9185,480
9186,507
9187,496
9188,473
9189,487
9190,504
9191,493
9192,477
9193,512
9194,501
9195,471
9196,481
9197,510
9198,499
9199,472
9200,483
9201,506
9202,495
9203,474
9204,490
9205,505
9206,469
9207,480
9208,510
9209,501
9210,471
9211,481
9212,508
9213,498
9214,475
9215,486
9216,508
9217,496
9218,479
9219,493
9220,504
9221,471
9222,484
9223,512
9224,502
9225,475
9226,485
9227,509
9228,497
9229,476
9230,489
9231,505
9232,469
9233,477
9234,511
9235,502
9236,472
9237,481
9238,509
9239,499
9240,473
9241,485
9242,507
9243,493
9244,477
9245,513
9246,503
9247,469
9248,478
9249,508
9250,500
9251,471
9252,482
9253,508
9254,497
9255,475
9256,488
9257,506
9258,468
9259,477
9260,513
9261,502
9262,470
9263,482
9264,509
9265,499
9266,472
9267,484
9268,508
9269,496
9270,476
9271,492
9272,504
9273,469
9274,479
9275,510
9276,499
9277,470
9278,481
9279,507
9280,497
9281,474
9282,486
9283,508
9284,495
9285,476
9286,512
9287,503
9288,470
9289,478
9290,509
9291,499
9292,472
9293,482
9294,505
9295,494
9296,471
9297,486
9298,503
9299,468
9300,477
9301,511
9302,500
9303,470
9304,480
9305,507
9306,498
9307,474
9308,484
9309,505
9310,491
9311,476
9312,486
9313,502
9314,468
9315,477
9316,509
9317,498
9318,471
9319,481
9320,508
9321,496
9322,475
9323,488
9324,504
9325,468
9326,476
9327,511
9328,501
9329,471
9330,480
9331,509
9332,497
9333,475
9334,484
9335,507
9336,496
9337,475
9338,491
9339,504
9340,470
9341,481
9342,511
9343,501
9344,471
9345,483
9346,506
9347,496
9348,475
9349,487
9350,506
9351,495
9352,477
9353,513
9354,503
9355,471
9356,482
9357,511
9358,500
9359,474
9360,484
9361,507
9362,496
9363,474
9364,487
9365,504
9366,469
9367,479
9368,510
9369,501
9370,472
9371,483
9372,509
9373,499
9374,473
9375,485
9376,507
9377,493
9378,477
9379,513
9380,503
9381,470
9382,480
9383,509
9384,499
9385,471
9386,482
9387,509
9388,499
9389,474
9390,486
9391,506
9392,493
9393,477
9394,511
9395,500
9396,471
9397,482
9398,512
9399,500
9400,473
9401,485
9402,507
9403,496
9404,476
9405,492
9406,503
9407,470
9408,479
9409,510
9410,501
9411,471
9412,481
9413,508
9414,498
9415,475
9416,486
9417,508
9418,495
9419,476
9420,512
9421,501
9422,471
9423,480
9424,509
9425,499
9426,472
9427,482
9428,507
9429,496
9430,473
9431,485
9432,501
9433,466
9434,478
9435,510
9436,501
9437,470
9438,480
9439,507
9440,497
9441,472
9442,483
9443,505
9444,491
9445,476
9446,487
9447,503
9448,468
9449,478
9450,508
9451,500
9452,471
9453,482
9454,508
9455,497
9456,475
9457,488
9458,505
9459,494
9460,477
9461,512
9462,501
9463,470
9464,481
9465,509
9466,500
9467,473
9468,484
9469,507
9470,496
9471,474
9472,484
9473,504
9474,467
9475,479
9476,511
9477,499
9478,470
9479,481
9480,507
9481,497
9482,473
9483,485
9484,505
9485,493
9486,477
9487,491
9488,503
9489,470
9490,481
9491,510
9492,499
9493,474
9494,483
9495,508
9496,497
9497,473
9498,487
9499,504
9500,468
9501,479
9502,510
9503,500
9504,469
9505,479
9506,507
9507,498
9508,472
9509,484
9510,506
9511,492
9512,476
9513,488
9514,503
9515,493
9516,477
9517,509
9518,497
9519,470
9520,482
9521,505
9522,496
9523,473
9524,486
9525,504
9526,469
9527,479
9528,513
9529,505
9530,472
9531,483
9532,511
9533,500
9534,473
9535,486
9536,508
9537,496
9538,475
9539,492
9540,505
9541,470
9542,480
9543,511
9544,501
9545,471
9546,481
9547,508
9548,498
9549,474
9550,486
9551,508
9552,495
9553,477
9554,491
9555,505
9556,471
9557,482
9558,513
9559,500
9560,472
9561,483
9562,507
9563,496
9564,476
9565,489
9566,504
9567,495
9568,479
9569,512
9570,501
9571,473
9572,482
9573,508
9574,499
9575,473
9576,484
9577,506
9578,493
9579,477
9580,488
9581,503
9582,469
9583,480
9584,511
9585,501
9586,473
9587,483
9588,509
9589,496
9590,474
9591,486
9592,506
9593,468
9594,478
9595,512
9596,503
9597,470
9598,480
9599,509
9600,499
9601,472
9602,484
9603,506
9604,495
9605,477
9606,490
9607,503
9608,469
9609,479
9610,511
9611,501
9612,473
9613,482
9614,509
9615,498
9616,475
9617,486
9618,507
9619,494
9620,477
9621,513
9622,504
9623,471
9624,480
9625,509
9626,499
9627,472
9628,483
9629,506
9630,495
9631,472
9632,486
9633,503
9634,468
9635,478
9636,512
9637,502
9638,472
9639,482
9640,509
9641,500
9642,473
9643,483
9644,507
9645,497
9646,474
9647,486
9648,501
9649,468
9650,478
9651,509
9652,502
9653,474
9654,484
9655,510
9656,498
9657,476
9658,487
9659,504
9660,493
9661,477
9662,512
9663,501
9664,470
9665,480
9666,509
9667,499
9668,473
9669,484
9670,507
9671,496
9672,476
9673,491
9674,505
9675,469
9676,480
9677,511
9678,501
9679,471
9680,481
9681,508
9682,498
9683,475
9684,486
9685,508
9686,497
9687,477
9688,492
9689,503
9690,470
9691,483
9692,511
9693,502
9694,474
9695,484
9696,508
9697,497
9698,476
9699,489
9700,506
9701,471
9702,480
9703,511
9704,500
9705,471
9706,481
9707,508
9708,498
9709,473
9710,484
9711,506
9712,492
9713,476
9714,488
9715,504
9716,469
9717,480
9718,510
9719,500
9720,472
9721,483
9722,509
9723,498
9724,475
9725,488
9726,504
9727,467
9728,476
9729,512
9730,501
9731,469
9732,481
9733,509
9734,499
9735,472
9736,484
9737,508
9738,496
9739,476
9740,492
9741,505
9742,471
9743,480
9744,511
9745,501
9746,472
9747,481
9748,507
9749,497
9750,475
9751,486
9752,508
9753,495
9754,476
9755,512
9756,501
9757,470
9758,480
9759,509
9760,497
9761,471
9762,482
9763,506
9764,495
9765,472
9766,486
9767,503
9768,468
9769,477
9770,512
9771,502
9772,471
9773,482
9774,508
9775,498
9776,474
9777,484
9778,505
9779,492
9780,476
9781,511
9782,504
9783,470
9784,481
9785,510
9786,499
9787,471
9788,481
9789,508
9790,497
9791,475
9792,488
9793,506
9794,468
9795,477
9796,512
9797,502
9798,470
9799,479
9800,508
9801,498
9802,472
9803,483
9804,506
9805,495
9806,474
9807,490
9808,505
9809,470
9810,479
9811,511
9812,502
9813,472
9814,483
9815,508
9816,498
9817,476
9818,486
9819,507
9820,496
9821,478
9822,514
9823,504
9824,471
9825,481
9826,511
9827,500
9828,474
9829,484
9830,508
9831,497
9832,475
9833,488
9834,504
9835,468
9836,479
9837,510
9838,500
9839,471
9840,482
9841,509
9842,498
9843,472
9844,484
9845,506
9846,493
9847,477
9848,488
9849,504
9850,470
9851,480
9852,510
9853,500
9854,471
9855,483
9856,509
9857,499
9858,475
9859,485
9860,506
9861,492
9862,478
9863,512
9864,500
9865,471
9866,481
9867,509
9868,498
9869,473
9870,484
9871,508
9872,496
9873,476
9874,492
9875,503
9876,469
9877,479
9878,511
9879,501
9880,471
9881,481
9882,508
9883,498
9884,475
9885,486
9886,508
9887,495
9888,478
9889,513
9890,504
9891,470
9892,479
9893,508
9894,497
9895,471
9896,482
9897,507
9898,495
9899,472
9900,483
9901,505
9902,494
9903,478
9904,510
9905,501
9906,471
9907,481
9908,507
9909,497
9910,472
9911,483
9912,504
9913,491
9914,475
9915,486
9916,503
9917,468
9918,480
9919,510
9920,499
9921,471
9922,482
9923,508
9924,497
9925,475
9926,488
9927,506
9928,468
9929,476
9930,512
9931,501
9932,469
9933,479
9934,507
9935,497
9936,474
9937,484
9938,507
9939,496
9940,474
9941,491
9942,504
9943,468
9944,479
9945,511
9946,499
9947,472
9948,482
9949,507
9950,498
9951,474
9952,486
9953,506
9954,493
9955,478
9956,491
9957,503
9958,470
9959,481
9960,510
9961,499
9962,473
9963,483
9964,508
9965,497
9966,473
9967,487
9968,503
9969,493
9970,476
9971,510
9972,499
9973,470
9974,482
9975,508
9976,498
9977,472
9978,484
9979,506
9980,492
9981,476
9982,488
9983,503
9984,493
9985,477
9986,509
9987,497
9988,471
9989,483
9990,506
9991,497
9992,473
9993,487
9994,504
9995,494
9996,478
9997,511
9998,500
9999,469
10000,480
