1,478
2,587
3,432
4,504
5,524
6,400
7,541
8,482
9,447
10,574
11,444
12,489
13,540
14,411
15,527
16,496
17,428
18,562
19,459
20,474
21,560
22,423
23,513
24,512
25,391
26,550
27,473
28,459
29,583
30,436
31,498
32,528
33,403
34,536
35,487
36,441
37,570
38,449
39,485
40,547
41,415
42,522
43,502
44,422
45,557
46,464
47,468
48,590
49,428
50,508
51,518
52,396
53,545
54,480
55,454
56,579
57,442
58,495
59,537
60,409
61,532
62,493
63,436
64,565
65,456
66,479
67,555
68,421
69,518
70,508
71,414
72,554
73,470
74,463
75,585
76,433
77,502
78,524
79,400
80,540
81,483
82,447
83,573
84,446
85,489
86,540
87,412
88,526
89,499
90,427
91,562
92,460
93,474
94,563
95,425
96,513
97,514
98,392
99,548
100,473
101,457
102,581
103,437
104,498
105,530
106,404
107,535
108,488
109,439
110,569
111,450
112,483
113,548
114,416
115,521
116,503
117,420
118,557
119,464
120,468
121,589
122,430
123,509
124,521
125,398
126,543
127,479
128,453
129,577
130,442
131,492
132,535
133,408
134,530
135,494
136,434
137,565
138,456
139,479
140,557
141,422
142,518
143,510
144,389
145,552
146,470
147,461
148,584
149,434
150,503
151,526
152,402
153,540
154,486
155,446
156,574
157,448
158,489
159,544
160,414
161,526
162,500
163,425
164,560
165,460
166,472
167,565
168,426
169,511
170,514
171,392
172,547
173,476
174,456
175,580
176,439
177,498
178,532
179,406
180,535
181,490
182,439
183,569
184,452
185,483
186,551
187,418
188,521
189,505
190,419
191,556
192,467
193,467
194,588
195,430
196,506
197,520
198,397
199,543
200,481
201,450
202,576
203,443
204,492
205,538
206,409
207,529
208,494
209,432
210,563
211,456
212,476
213,557
214,422
215,515
216,511
217,390
218,551
219,472
220,462
221,585
222,435
223,501
224,527
225,402
226,538
227,485
228,443
229,571
230,448
231,486
232,544
233,414
234,524
235,500
236,424
237,559
238,463
239,472
240,591
241,428
242,512
243,517
244,395
245,547
246,476
247,454
248,578
249,439
250,495
251,532
252,406
253,533
254,490
255,437
256,568
257,452
258,482
259,551
260,419
261,520
262,505
263,418
264,554
265,466
266,465
267,586
268,432
269,506
270,523
271,399
272,543
273,482
274,450
275,576
276,445
277,492
278,540
279,411
280,529
281,496
282,431
283,564
284,459
285,476
286,560
287,423
288,516
289,512
290,391
291,550
292,472
293,459
294,582
295,436
296,501
297,529
298,403
299,538
300,488
301,445
302,572
303,451
304,486
305,546
306,415
307,524
308,501
309,423
310,558
311,464
312,471
313,591
314,429
315,511
316,518
317,396
318,545
319,477
320,454
321,579
322,440
323,494
324,533
325,407
326,532
327,491
328,435
329,566
330,453
331,480
332,552
333,419
334,517
335,506
336,415
337,554
338,468
339,465
340,586
341,432
342,506
343,523
344,400
345,541
346,483
347,448
348,574
349,445
350,490
351,540
352,411
353,527
354,497
355,429
356,562
357,458
358,474
359,560
360,424
361,513
362,512
363,390
364,550
365,473
366,459
367,582
368,437
369,499
370,529
371,403
372,536
373,487
374,441
375,570
376,450
377,485
378,547
379,416
380,522
381,502
382,421
383,557
384,463
385,469
386,589
387,429
388,508
389,519
390,396
391,544
392,478
393,452
394,577
395,441
396,493
397,535
398,407
399,531
400,492
401,434
402,565
403,455
404,479
405,554
406,420
407,518
408,508
409,414
410,554
411,469
412,464
413,585
414,432
415,503
416,524
417,400
418,540
419,483
420,445
421,573
422,446
423,488
424,541
425,412
426,526
427,497
428,428
429,561
430,462
431,474
432,562
433,425
434,513
435,514
436,392
437,549
438,475
439,458
440,582
441,437
442,498
443,530
444,404
445,535
446,488
447,440
448,569
449,451
450,483
451,548
452,417
453,521
454,504
455,419
456,556
457,465
458,467
459,588
460,430
461,508
462,520
463,398
464,543
465,479
466,451
467,577
468,442
469,491
470,536
471,408
472,530
473,493
474,434
475,564
476,455
477,477
478,555
479,420
480,516
481,508
482,388
483,552
484,470
485,463
486,585
487,433
488,502
489,525
490,401
491,539
492,484
493,445
494,572
495,447
496,487
497,543
498,412
499,525
500,499
501,426
502,560
503,461
504,472
505,566
506,427
507,512
508,516
509,394
510,547
511,475
512,458
513,581
514,438
515,498
516,531
517,406
518,535
519,490
520,440
521,569
522,453
523,483
524,551
525,418
526,522
527,505
528,419
529,556
530,466
531,468
532,588
533,430
534,506
535,521
536,398
537,543
538,481
539,451
540,577
541,444
542,493
543,539
544,410
545,530
546,495
547,433
548,564
549,457
550,477
551,559
552,423
553,516
554,511
555,389
556,551
557,472
558,460
559,584
560,436
561,502
562,527
563,402
564,538
565,486
566,445
567,572
568,449
569,487
570,546
571,415
572,525
573,501
574,426
575,560
576,463
577,472
578,566
579,426
580,510
581,516
582,393
583,547
584,477
585,456
586,580
587,441
588,496
589,534
590,406
591,534
592,491
593,437
594,567
595,453
596,481
597,552
598,418
599,520
600,505
601,417
602,555
603,468
604,466
605,588
606,431
607,505
608,522
609,399
610,543
611,482
612,450
613,576
614,445
615,491
616,540
617,411
618,529
619,497
620,432
621,563
622,459
623,477
624,560
625,424
626,515
627,512
628,391
629,550
630,471
631,459
632,582
633,436
634,501
635,529
636,403
637,538
638,487
639,443
640,571
641,449
642,486
643,545
644,416
645,523
646,501
647,422
648,558
649,463
650,470
651,590
652,429
653,511
654,519
655,396
656,546
657,477
658,454
659,579
660,441
661,495
662,533
663,406
664,532
665,491
666,436
667,566
668,454
669,480
670,553
671,419
672,517
673,506
674,415
675,554
676,468
677,465
678,586
679,431
680,504
681,522
682,399
683,542
684,484
685,450
686,575
687,447
688,490
689,541
690,412
691,527
692,497
693,429
694,562
695,459
696,474
697,560
698,423
699,513
700,512
701,391
702,550
703,474
704,460
705,583
706,436
707,499
708,529
709,403
710,536
711,487
712,441
713,570
714,449
715,484
716,547
717,415
718,522
719,502
720,421
721,557
722,463
723,469
724,589
725,429
726,508
727,519
728,396
729,544
730,479
731,452
732,577
733,441
734,493
735,535
736,408
737,531
738,492
739,434
740,565
741,455
742,479
743,554
744,420
745,517
746,508
747,414
748,554
749,470
750,464
751,586
752,433
753,503
754,524
755,400
756,540
757,484
758,447
759,574
760,447
761,489
762,542
763,412
764,526
765,498
766,426
767,560
768,461
769,475
770,563
771,426
772,513
773,515
774,393
775,548
776,474
777,457
778,581
779,437
780,498
781,530
782,404
783,535
784,488
785,439
786,569
787,451
788,483
789,548
790,416
791,521
792,503
793,419
794,556
795,464
796,467
797,588
798,430
799,508
800,520
801,397
802,543
803,479
804,451
805,577
806,442
807,491
808,535
809,407
810,529
811,493
812,433
813,564
814,456
815,477
816,557
817,421
818,516
819,509
820,388
821,551
822,469
823,461
824,584
825,434
826,503
827,526
828,401
829,540
830,485
831,445
832,573
833,448
834,488
835,544
836,414
837,526
838,500
839,427
840,561
841,462
842,474
843,564
844,426
845,512
846,515
847,393
848,549
849,475
850,457
851,581
852,440
853,498
854,530
855,406
856,534
857,490
858,438
859,568
860,452
861,482
862,550
863,417
864,520
865,504
866,421
867,556
868,466
869,468
870,588
871,430
872,506
873,520
874,398
875,543
876,481
877,451
878,577
879,444
880,493
881,539
882,410
883,530
884,495
885,433
886,564
887,457
888,478
889,559
890,423
891,516
892,511
893,390
894,551
895,470
896,463
897,584
898,435
899,500
900,528
901,402
902,539
903,487
904,445
905,573
906,449
907,488
908,546
909,415
910,526
911,501
912,425
913,560
914,462
915,472
916,565
917,426
918,510
919,516
920,394
921,547
922,477
923,456
924,580
925,440
926,497
927,533
928,406
929,534
930,491
931,438
932,568
933,453
934,482
935,552
936,419
937,520
938,506
939,417
940,553
941,467
942,464
943,586
944,431
945,506
946,522
947,399
948,542
949,481
950,449
951,576
952,445
953,491
954,540
955,411
956,529
957,496
958,431
959,563
960,459
961,477
962,560
963,423
964,515
965,512
966,391
967,550
968,472
969,459
970,582
971,436
972,501
973,528
974,403
975,538
976,489
977,445
978,572
979,450
980,487
981,548
982,415
983,525
984,501
985,424
986,559
987,464
988,472
989,591
990,427
991,510
992,517
993,394
994,546
995,477
996,454
997,579
998,441
999,495
1000,535
1001,407
1002,532
1003,492
1004,436
1005,567
1006,455
1007,480
1008,554
1009,420
1010,518
1011,508
1012,417
1013,554
1014,468
1015,464
1016,587
1017,432
1018,504
1019,524
1020,400
1021,541
1022,483
1023,447
1024,575
1025,446
1026,489
1027,541
1028,411
1029,527
1030,497
1031,428
1032,562
1033,459
1034,474
1035,559
1036,424
1037,513
1038,514
1039,392
1040,550
1041,474
1042,458
1043,583
1044,436
1045,499
1046,530
1047,403
1048,536
1049,488
1050,441
1051,571
1052,451
1053,484
1054,548
1055,416
1056,522
1057,504
1058,422
1059,558
1060,465
1061,469
1062,590
1063,428
1064,508
1065,519
1066,396
1067,545
1068,478
1069,453
1070,577
1071,441
1072,495
1073,536
1074,408
1075,531
1076,493
1077,434
1078,566
1079,455
1080,479
1081,554
1082,420
1083,517
1084,509
1085,415
1086,554
1087,469
1088,463
1089,586
1090,433
1091,503
1092,525
1093,400
1094,540
1095,484
1096,446
1097,574
1098,447
1099,488
1100,543
1101,412
1102,526
1103,499
1104,427
1105,562
1106,461
1107,473
1108,561
1109,425
1110,514
1111,514
1112,392
1113,547
1114,472
1115,457
1116,581
1117,437
1118,497
1119,531
1120,404
1121,535
1122,489
1123,439
1124,569
1125,452
1126,483
1127,550
1128,416
1129,521
1130,504
1131,419
1132,557
1133,465
1134,467
1135,589
1136,429
1137,508
1138,521
1139,396
1140,544
1141,480
1142,451
1143,577
1144,443
1145,493
1146,538
1147,408
1148,530
1149,494
1150,432
1151,565
1152,455
1153,479
1154,556
1155,422
1156,517
1157,509
1158,389
1159,553
1160,471
1161,462
1162,585
1163,434
1164,502
1165,526
1166,401
1167,539
1168,485
1169,445
1170,573
1171,448
1172,487
1173,544
1174,413
1175,525
1176,500
1177,426
1178,561
1179,461
1180,472
1181,562
1182,426
1183,511
1184,516
1185,392
1186,548
1187,476
1188,456
1189,581
1190,439
1191,497
1192,533
1193,405
1194,534
1195,490
1196,439
1197,569
1198,452
1199,483
1200,550
1201,418
1202,521
1203,506
1204,422
1205,556
1206,467
1207,466
1208,588
1209,430
1210,506
1211,522
1212,397
1213,543
1214,481
1215,450
1216,576
1217,444
1218,491
1219,539
1220,409
1221,529
1222,496
1223,432
1224,564
1225,458
1226,477
1227,559
1228,421
1229,516
1230,511
1231,389
1232,551
1233,472
1234,461
1235,584
1236,435
1237,501
1238,525
1239,402
1240,539
1241,485
1242,445
1243,571
1244,449
1245,486
1246,545
1247,414
1248,524
1249,501
1250,424
1251,560
1252,463
1253,471
1254,566
1255,426
1256,510
1257,517
1258,394
1259,547
1260,477
1261,455
1262,580
1263,440
1264,496
1265,534
1266,406
1267,533
1268,491
1269,437
1270,568
1271,454
1272,481
1273,553
1274,419
1275,519
1276,507
1277,419
1278,555
1279,469
1280,468
1281,588
1282,431
1283,505
1284,522
1285,399
1286,541
1287,481
1288,448
1289,576
1290,445
1291,490
1292,541
1293,410
1294,528
1295,495
1296,430
1297,563
1298,459
1299,475
1300,561
1301,422
1302,515
1303,512
1304,390
1305,551
1306,473
1307,459
1308,583
1309,435
1310,500
1311,529
1312,403
1313,537
1314,487
1315,442
1316,572
1317,450
1318,485
1319,547
1320,415
1321,523
1322,502
1323,426
1324,559
1325,463
1326,471
1327,590
1328,428
1329,508
1330,517
1331,393
1332,545
1333,477
1334,453
1335,579
1336,441
1337,496
1338,535
1339,407
1340,532
1341,492
1342,435
1343,567
1344,454
1345,480
1346,554
1347,419
1348,518
1349,507
1350,415
1351,555
1352,470
1353,465
1354,587
1355,432
1356,505
1357,525
1358,400
1359,541
1360,483
1361,447
1362,575
1363,446
1364,488
1365,540
1366,411
1367,527
1368,496
1369,428
1370,562
1371,458
1372,475
1373,559
1374,425
1375,514
1376,514
1377,391
1378,550
1379,474
1380,459
1381,582
1382,436
1383,499
1384,530
1385,403
1386,536
1387,488
1388,441
1389,571
1390,451
1391,484
1392,548
1393,416
1394,522
1395,503
1396,421
1397,558
1398,464
1399,468
1400,590
1401,428
1402,508
1403,519
1404,396
1405,545
1406,479
1407,452
1408,578
1409,442
1410,495
1411,535
1412,408
1413,532
1414,492
1415,434
1416,566
1417,455
1418,479
1419,555
1420,420
1421,518
1422,509
1423,388
1424,554
1425,470
1426,463
1427,586
1428,433
1429,503
1430,525
1431,400
1432,539
1433,484
1434,446
1435,574
1436,447
1437,488
1438,543
1439,412
1440,526
1441,499
1442,427
1443,562
1444,460
1445,473
1446,560
1447,425
1448,511
1449,513
1450,391
1451,548
1452,473
1453,458
1454,581
1455,437
1456,499
1457,531
1458,404
1459,534
1460,489
1461,439
1462,569
1463,451
1464,483
1465,548
1466,416
1467,521
1468,504
1469,419
1470,557
1471,466
1472,468
1473,589
1474,429
1475,507
1476,521
1477,396
1478,545
1479,480
1480,451
1481,578
1482,443
1483,493
1484,537
1485,409
1486,530
1487,495
1488,433
1489,565
1490,457
1491,478
1492,557
1493,421
1494,519
1495,510
1496,389
1497,552
1498,470
1499,463
1500,585
1501,434
1502,502
1503,526
1504,401
1505,539
1506,485
1507,445
1508,572
1509,447
1510,486
1511,543
1512,412
1513,524
1514,499
1515,425
1516,560
1517,461
1518,471
1519,562
1520,426
1521,511
1522,516
1523,392
1524,548
1525,475
1526,456
1527,581
1528,440
1529,497
1530,533
1531,405
1532,534
1533,492
1534,440
1535,570
1536,453
1537,483
1538,550
1539,419
1540,522
1541,505
1542,419
1543,556
1544,467
1545,466
1546,588
1547,430
1548,506
1549,521
1550,397
1551,544
1552,481
1553,450
1554,577
1555,444
1556,492
1557,539
1558,410
1559,529
1560,496
1561,431
1562,564
1563,457
1564,476
1565,558
1566,421
1567,515
1568,511
1569,390
1570,552
1571,472
1572,461
1573,584
1574,435
1575,501
1576,528
1577,402
1578,538
1579,484
1580,443
1581,571
1582,448
1583,487
1584,544
1585,414
1586,524
1587,501
1588,424
1589,560
1590,463
1591,471
1592,565
1593,427
1594,510
1595,517
1596,393
1597,547
1598,476
1599,454
1600,580
1601,440
1602,496
1603,534
1604,406
1605,533
1606,491
1607,437
1608,568
1609,454
1610,481
1611,553
1612,418
1613,520
1614,507
1615,419
1616,554
1617,468
1618,466
1619,588
1620,431
1621,506
1622,521
1623,399
1624,542
1625,481
1626,448
1627,575
1628,445
1629,490
1630,540
1631,410
1632,527
1633,496
1634,429
1635,563
1636,458
1637,475
1638,560
1639,422
1640,514
1641,512
1642,390
1643,551
1644,472
1645,459
1646,583
1647,436
1648,500
1649,528
1650,402
1651,537
1652,487
1653,442
1654,571
1655,450
1656,485
1657,547
1658,415
1659,523
1660,502
1661,423
1662,559
1663,463
1664,472
1665,590
1666,428
1667,510
1668,517
1669,396
1670,546
1671,478
1672,453
1673,579
1674,441
1675,495
1676,535
1677,407
1678,532
1679,491
1680,435
1681,567
1682,455
1683,480
1684,554
1685,419
1686,519
1687,508
1688,416
1689,554
1690,469
1691,464
1692,586
1693,432
1694,504
1695,524
1696,399
1697,540
1698,483
1699,447
1700,575
1701,446
1702,488
1703,540
1704,410
1705,527
1706,497
1707,431
1708,563
1709,459
1710,476
1711,560
1712,424
1713,513
1714,513
1715,390
1716,550
1717,473
1718,458
1719,582
1720,437
1721,499
1722,530
1723,403
1724,536
1725,488
1726,441
1727,571
1728,451
1729,484
1730,548
1731,415
1732,522
1733,503
1734,421
1735,558
1736,464
1737,469
1738,590
1739,428
1740,508
1741,519
1742,396
1743,545
1744,479
1745,452
1746,578
1747,442
1748,493
1749,536
1750,408
1751,532
1752,492
1753,435
1754,565
1755,455
1756,479
1757,555
1758,420
1759,518
1760,509
1761,414
1762,554
1763,470
1764,464
1765,586
1766,433
1767,504
1768,526
1769,400
1770,540
1771,484
1772,446
1773,574
1774,447
1775,488
1776,543
1777,412
1778,527
1779,499
1780,427
1781,561
1782,460
1783,473
1784,560
1785,425
1786,511
1787,514
1788,391
1789,549
1790,474
1791,457
1792,582
1793,438
1794,499
1795,531
1796,405
1797,536
1798,489
1799,440
1800,570
1801,452
1802,483
1803,550
1804,417
1805,521
1806,504
1807,421
1808,557
1809,466
1810,468
1811,589
1812,429
1813,507
1814,520
1815,396
1816,544
1817,479
1818,451
1819,578
1820,443
1821,493
1822,538
1823,409
1824,530
1825,495
1826,433
1827,565
1828,456
1829,477
1830,557
1831,420
1832,516
1833,510
1834,388
1835,553
1836,469
1837,463
1838,584
1839,435
1840,503
1841,527
1842,401
1843,539
1844,485
1845,445
1846,573
1847,448
1848,488
1849,543
1850,413
1851,525
1852,500
1853,426
1854,561
1855,462
1856,472
1857,562
1858,426
1859,511
1860,516
1861,393
1862,548
1863,476
1864,456
1865,581
1866,439
1867,497
1868,533
1869,406
1870,534
1871,492
1872,440
1873,570
1874,453
1875,482
1876,552
1877,418
1878,522
1879,505
1880,419
1881,556
1882,465
1883,467
1884,588
1885,430
1886,506
1887,522
1888,398
1889,543
1890,481
1891,450
1892,576
1893,443
1894,492
1895,539
1896,409
1897,529
1898,496
1899,431
1900,564
1901,458
1902,476
1903,559
1904,423
1905,517
1906,511
1907,389
1908,552
1909,472
1910,461
1911,584
1912,435
1913,501
1914,527
1915,401
1916,538
1917,485
1918,443
1919,572
1920,447
1921,487
1922,545
1923,415
1924,525
1925,500
1926,426
1927,560
1928,462
1929,471
1930,565
1931,426
1932,509
1933,516
1934,393
1935,546
1936,477
1937,454
1938,580
1939,440
1940,496
1941,534
1942,406
1943,533
1944,491
1945,437
1946,568
1947,453
1948,481
1949,552
1950,418
1951,519
1952,507
1953,419
1954,555
1955,469
1956,466
1957,588
1958,432
1959,506
1960,523
1961,399
1962,543
1963,481
1964,450
1965,575
1966,444
1967,491
1968,538
1969,410
1970,528
1971,496
1972,430
1973,563
1974,458
1975,475
1976,560
1977,424
1978,515
1979,512
1980,390
1981,550
1982,472
1983,459
1984,583
1985,435
1986,500
1987,529
1988,403
1989,537
1990,487
1991,442
1992,571
1993,450
1994,485
1995,547
1996,415
1997,524
1998,502
1999,422
2000,559
2001,464
2002,470
2003,590
2004,427
2005,510
2006,516
2007,394
2008,545
2009,477
2010,455
2011,578
2012,441
2013,495
2014,535
2015,407
2016,532
2017,492
2018,435
2019,567
2020,455
2021,480
2022,554
2023,419
2024,518
2025,508
2026,418
2027,554
2028,468
2029,464
2030,586
2031,432
2032,504
2033,524
2034,399
2035,541
2036,483
2037,447
2038,575
2039,446
2040,488
2041,540
2042,410
2043,527
2044,497
2045,428
2046,562
2047,459
2048,476
2049,560
2050,423
2051,514
2052,512
2053,392
2054,550
2055,474
2056,458
2057,582
2058,437
2059,499
2060,530
2061,403
2062,536
2063,487
2064,440
2065,571
2066,450
2067,484
2068,548
2069,416
2070,522
2071,503
2072,421
2073,558
2074,465
2075,469
2076,590
2077,429
2078,508
2079,519
2080,395
2081,544
2082,479
2083,452
2084,578
2085,442
2086,494
2087,536
2088,408
2089,531
2090,494
2091,437
2092,567
2093,455
2094,480
2095,556
2096,421
2097,517
2098,509
2099,414
2100,554
2101,470
2102,464
2103,587
2104,434
2105,504
2106,526
2107,400
2108,540
2109,484
2110,446
2111,574
2112,447
2113,488
2114,543
2115,412
2116,526
2117,499
2118,428
2119,562
2120,461
2121,473
2122,561
2123,426
2124,511
2125,514
2126,391
2127,548
2128,474
2129,456
2130,581
2131,437
2132,497
2133,531
2134,405
2135,536
2136,489
2137,441
2138,569
2139,451
2140,483
2141,550
2142,417
2143,522
2144,504
2145,419
2146,557
2147,465
2148,468
2149,589
2150,429
2151,506
2152,520
2153,396
2154,544
2155,480
2156,451
2157,577
2158,444
2159,493
2160,538
2161,408
2162,530
2163,494
2164,432
2165,565
2166,456
2167,477
2168,557
2169,421
2170,516
2171,510
2172,388
2173,553
2174,470
2175,462
2176,585
2177,435
2178,503
2179,526
2180,402
2181,540
2182,484
2183,445
2184,573
2185,448
2186,487
2187,544
2188,413
2189,525
2190,500
2191,427
2192,561
2193,462
2194,472
2195,562
2196,426
2197,511
2198,515
2199,392
2200,548
2201,475
2202,456
2203,581
2204,439
2205,497
2206,532
2207,405
2208,534
2209,492
2210,440
2211,570
2212,453
2213,482
2214,552
2215,417
2216,521
2217,505
2218,421
2219,557
2220,466
2221,468
2222,588
2223,431
2224,507
2225,522
2226,398
2227,544
2228,481
2229,449
2230,576
2231,444
2232,492
2233,537
2234,409
2235,530
2236,496
2237,432
2238,565
2239,458
2240,477
2241,559
2242,422
2243,515
2244,511
2245,389
2246,552
2247,472
2248,461
2249,584
2250,434
2251,501
2252,528
2253,402
2254,538
2255,486
2256,443
2257,573
2258,449
2259,486
2260,545
2261,414
2262,525
2263,500
2264,425
2265,559
2266,462
2267,472
2268,565
2269,426
2270,509
2271,516
2272,393
2273,547
2274,476
2275,454
2276,579
2277,440
2278,496
2279,533
2280,406
2281,533
2282,492
2283,437
2284,568
2285,454
2286,481
2287,553
2288,419
2289,520
2290,507
2291,420
2292,555
2293,469
2294,467
2295,588
2296,431
2297,505
2298,523
2299,398
2300,543
2301,482
2302,448
2303,576
2304,443
2305,491
2306,539
2307,412
2308,529
2309,496
2310,432
2311,564
2312,459
2313,476
2314,561
2315,423
2316,515
2317,512
2318,390
2319,551
2320,473
2321,460
2322,583
2323,436
2324,499
2325,528
2326,402
2327,537
2328,487
2329,442
2330,571
2331,449
2332,485
2333,547
2334,415
2335,523
2336,502
2337,423
2338,560
2339,464
2340,470
2341,591
2342,428
2343,509
2344,518
2345,394
2346,546
2347,476
2348,454
2349,578
2350,440
2351,496
2352,534
2353,407
2354,532
2355,492
2356,436
2357,567
2358,455
2359,480
2360,554
2361,420
2362,519
2363,508
2364,418
2365,554
2366,468
2367,464
2368,586
2369,432
2370,504
2371,524
2372,399
2373,541
2374,483
2375,447
2376,575
2377,446
2378,488
2379,540
2380,410
2381,526
2382,497
2383,428
2384,562
2385,459
2386,474
2387,558
2388,424
2389,514
2390,511
2391,391
2392,550
2393,473
2394,460
2395,582
2396,438
2397,499
2398,530
2399,404
2400,536
2401,488
2402,441
2403,571
2404,451
2405,484
2406,548
2407,416
2408,522
2409,503
2410,421
2411,558
2412,464
2413,468
2414,590
2415,428
2416,508
2417,519
2418,396
2419,545
2420,478
2421,452
2422,578
2423,442
2424,494
2425,536
2426,408
2427,531
2428,494
2429,435
2430,567
2431,456
2432,481
2433,556
2434,421
2435,517
2436,508
2437,388
2438,554
2439,471
2440,464
2441,586
2442,433
2443,503
2444,525
2445,400
2446,540
2447,483
2448,446
2449,574
2450,447
2451,487
2452,542
2453,411
2454,526
2455,498
2456,427
2457,561
2458,460
2459,473
2460,560
2461,425
2462,511
2463,513
2464,391
2465,548
2466,474
2467,457
2468,581
2469,437
2470,498
2471,532
2472,404
2473,535
2474,489
2475,442
2476,570
2477,451
2478,484
2479,548
2480,417
2481,521
2482,504
2483,419
2484,557
2485,465
2486,467
2487,589
2488,429
2489,507
2490,521
2491,396
2492,545
2493,480
2494,451
2495,577
2496,443
2497,492
2498,537
2499,408
2500,529
2501,494
2502,432
2503,565
2504,457
2505,478
2506,557
2507,421
2508,516
2509,510
2510,388
2511,553
2512,470
2513,462
2514,585
2515,433
2516,502
2517,526
2518,402
2519,539
2520,484
2521,446
2522,572
2523,447
2524,486
2525,543
2526,412
2527,525
2528,500
2529,425
2530,560
2531,461
2532,473
2533,563
2534,425
2535,510
2536,515
2537,392
2538,547
2539,475
2540,457
2541,581
2542,439
2543,497
2544,533
2545,405
2546,534
2547,492
2548,440
2549,570
2550,453
2551,483
2552,552
2553,419
2554,521
2555,506
2556,418
2557,556
2558,467
2559,467
2560,588
2561,430
2562,506
2563,521
2564,398
2565,542
2566,481
2567,450
2568,577
2569,444
2570,490
2571,538
2572,409
2573,528
2574,495
2575,431
2576,564
2577,457
2578,476
2579,558
2580,422
2581,515
2582,511
2583,389
2584,552
2585,472
2586,461
2587,584
2588,435
2589,501
2590,528
2591,402
2592,538
2593,486
2594,444
2595,572
2596,449
2597,486
2598,545
2599,413
2600,524
2601,501
2602,424
2603,560
2604,461
2605,471
2606,590
2607,427
2608,511
2609,517
2610,394
2611,547
2612,477
2613,454
2614,580
2615,440
2616,496
2617,532
2618,406
2619,533
2620,492
2621,438
2622,569
2623,454
2624,481
2625,553
2626,419
2627,520
2628,507
2629,419
2630,555
2631,468
2632,466
2633,588
2634,431
2635,506
2636,523
2637,399
2638,543
2639,482
2640,449
2641,576
2642,445
2643,491
2644,540
2645,410
2646,529
2647,495
2648,431
2649,562
2650,457
2651,476
2652,560
2653,423
2654,514
2655,512
2656,390
2657,551
2658,473
2659,460
2660,583
2661,435
2662,500
2663,529
2664,402
2665,537
2666,487
2667,442
2668,571
2669,450
2670,484
2671,547
2672,414
2673,523
2674,502
2675,422
2676,559
2677,464
2678,470
2679,590
2680,427
2681,509
2682,518
2683,394
2684,546
2685,478
2686,453
2687,579
2688,440
2689,495
2690,534
2691,408
2692,533
2693,491
2694,437
2695,567
2696,455
2697,480
2698,554
2699,419
2700,518
2701,507
2702,417
2703,555
2704,470
2705,465
2706,587
2707,433
2708,505
2709,525
2710,400
2711,541
2712,483
2713,447
2714,575
2715,446
2716,488
2717,540
2718,410
2719,526
2720,497
2721,428
2722,562
2723,460
2724,474
2725,559
2726,425
2727,513
2728,513
2729,391
2730,550
2731,472
2732,459
2733,581
2734,437
2735,500
2736,529
2737,403
2738,536
2739,488
2740,441
2741,571
2742,451
2743,484
2744,548
2745,416
2746,523
2747,503
2748,421
2749,558
2750,464
2751,468
2752,589
2753,428
2754,508
2755,519
2756,396
2757,545
2758,479
2759,452
2760,578
2761,442
2762,494
2763,536
2764,407
2765,531
2766,494
2767,435
2768,566
2769,456
2770,479
2771,556
2772,420
2773,517
2774,507
2775,414
2776,553
2777,469
2778,464
2779,585
2780,433
2781,503
2782,525
2783,400
2784,539
2785,484
2786,446
2787,574
2788,447
2789,487
2790,542
2791,411
2792,526
2793,498
2794,427
2795,561
2796,460
2797,473
2798,560
2799,425
2800,511
2801,513
2802,391
2803,548
2804,474
2805,457
2806,581
2807,437
2808,498
2809,531
2810,404
2811,535
2812,489
2813,439
2814,569
2815,452
2816,485
2817,549
2818,417
2819,522
2820,503
2821,421
2822,557
2823,467
2824,469
2825,590
2826,430
2827,508
2828,521
2829,396
2830,545
2831,480
2832,451
2833,577
2834,443
2835,493
2836,538
2837,409
2838,530
2839,495
2840,433
2841,565
2842,457
2843,477
2844,557
2845,420
2846,516
2847,509
2848,388
2849,552
2850,470
2851,462
2852,584
2853,434
2854,502
2855,526
2856,401
2857,539
2858,485
2859,447
2860,573
2861,447
2862,488
2863,543
2864,413
2865,525
2866,500
2867,425
2868,561
2869,462
2870,472
2871,562
2872,426
2873,510
2874,514
2875,392
2876,548
2877,475
2878,456
2879,580
2880,439
2881,496
2882,532
2883,405
2884,534
2885,491
2886,439
2887,570
2888,453
2889,483
2890,552
2891,418
2892,521
2893,506
2894,421
2895,555
2896,466
2897,466
2898,588
2899,430
2900,506
2901,521
2902,398
2903,543
2904,480
2905,451
2906,576
2907,443
2908,492
2909,539
2910,410
2911,530
2912,496
2913,431
2914,564
2915,457
2916,477
2917,559
2918,422
2919,515
2920,511
2921,390
2922,552
2923,472
2924,461
2925,584
2926,435
2927,501
2928,528
2929,402
2930,538
2931,486
2932,443
2933,573
2934,449
2935,485
2936,545
2937,414
2938,524
2939,501
2940,424
2941,560
2942,463
2943,471
2944,565
2945,427
2946,511
2947,516
2948,394
2949,546
2950,477
2951,454
2952,580
2953,440
2954,496
2955,534
2956,406
2957,533
2958,493
2959,439
2960,569
2961,454
2962,481
2963,553
2964,418
2965,519
2966,507
2967,419
2968,554
2969,469
2970,466
2971,588
2972,432
2973,506
2974,523
2975,399
2976,543
2977,482
2978,449
2979,576
2980,445
2981,491
2982,540
2983,410
2984,528
2985,497
2986,430
2987,564
2988,458
2989,477
2990,559
2991,424
2992,515
2993,512
2994,390
2995,551
2996,472
2997,459
2998,583
2999,435
3000,500
3001,527
3002,403
3003,537
3004,486
3005,442
3006,572
3007,450
3008,485
3009,546
3010,415
3011,523
3012,502
3013,422
3014,559
3015,463
3016,468
3017,589
3018,426
3019,509
3020,518
3021,394
3022,546
3023,478
3024,455
3025,579
3026,441
3027,495
3028,535
3029,407
3030,533
3031,491
3032,437
3033,566
3034,453
3035,481
3036,554
3037,420
3038,518
3039,507
3040,416
3041,555
3042,469
3043,464
3044,586
3045,433
3046,504
3047,524
3048,399
3049,540
3050,483
3051,447
3052,574
3053,446
3054,488
3055,540
3056,411
3057,526
3058,497
3059,428
3060,562
3061,459
3062,474
3063,558
3064,424
3065,514
3066,514
3067,392
3068,549
3069,473
3070,459
3071,582
3072,437
3073,500
3074,529
3075,404
3076,537
3077,487
3078,442
3079,570
3080,451
3081,484
3082,548
3083,415
3084,522
3085,503
3086,421
3087,557
3088,464
3089,469
3090,590
3091,429
3092,508
3093,519
3094,396
3095,545
3096,478
3097,452
3098,578
3099,442
3100,493
3101,536
3102,408
3103,531
3104,494
3105,435
3106,567
3107,456
3108,479
3109,556
3110,420
3111,518
3112,509
3113,414
3114,554
3115,468
3116,463
3117,585
3118,434
3119,504
3120,524
3121,400
3122,540
3123,484
3124,446
3125,574
3126,447
3127,487
3128,542
3129,411
3130,526
3131,498
3132,427
3133,561
3134,460
3135,473
3136,563
3137,424
3138,512
3139,515
3140,392
3141,549
3142,475
3143,457
3144,581
3145,439
3146,498
3147,531
3148,404
3149,535
3150,488
3151,440
3152,569
3153,452
3154,483
3155,550
3156,417
3157,521
3158,502
3159,420
3160,556
3161,466
3162,469
3163,588
3164,430
3165,507
3166,520
3167,396
3168,545
3169,480
3170,451
3171,578
3172,443
3173,494
3174,538
3175,409
3176,530
3177,495
3178,433
3179,566
3180,457
3181,478
3182,556
3183,421
3184,516
3185,510
3186,389
3187,553
3188,471
3189,461
3190,584
3191,433
3192,502
3193,526
3194,402
3195,539
3196,484
3197,445
3198,572
3199,446
3200,489
3201,544
3202,413
3203,526
3204,500
3205,427
3206,561
3207,462
3208,472
3209,564
3210,426
3211,511
3212,515
3213,392
3214,548
3215,475
3216,455
3217,580
3218,439
3219,497
3220,533
3221,405
3222,534
3223,493
3224,440
3225,570
3226,454
3227,483
3228,552
3229,418
3230,521
3231,506
3232,421
3233,556
3234,466
3235,466
3236,588
3237,430
3238,506
3239,522
3240,398
3241,543
3242,481
3243,452
3244,577
3245,443
3246,493
3247,538
3248,410
3249,529
3250,495
3251,431
3252,565
3253,458
3254,476
3255,559
3256,422
3257,516
3258,510
3259,389
3260,552
3261,472
3262,461
3263,584
3264,435
3265,501
3266,528
3267,402
3268,538
3269,486
3270,444
3271,572
3272,449
3273,486
3274,545
3275,414
3276,524
3277,501
3278,424
3279,560
3280,462
3281,471
3282,565
3283,426
3284,510
3285,516
3286,394
3287,546
3288,475
3289,456
3290,579
3291,439
3292,496
3293,534
3294,406
3295,533
3296,493
3297,438
3298,569
3299,454
3300,482
3301,553
3302,418
3303,520
3304,507
3305,420
3306,555
3307,469
3308,466
3309,588
3310,432
3311,506
3312,523
3313,399
3314,543
3315,482
3316,448
3317,576
3318,445
3319,490
3320,540
3321,411
3322,528
3323,497
3324,430
3325,564
3326,459
3327,476
3328,557
3329,423
3330,515
3331,511
3332,390
3333,550
3334,472
3335,459
3336,583
3337,436
3338,500
3339,529
3340,403
3341,537
3342,487
3343,444
3344,571
3345,450
3346,485
3347,547
3348,414
3349,523
3350,502
3351,422
3352,559
3353,463
3354,470
3355,590
3356,427
3357,509
3358,518
3359,394
3360,546
3361,478
3362,452
3363,578
3364,440
3365,494
3366,534
3367,406
3368,532
3369,492
3370,435
3371,567
3372,453
3373,481
3374,553
3375,420
3376,519
3377,508
3378,418
3379,554
3380,469
3381,465
3382,587
3383,432
3384,504
3385,523
3386,399
3387,541
3388,483
3389,448
3390,575
3391,446
3392,490
3393,542
3394,411
3395,527
3396,498
3397,429
3398,563
3399,459
3400,474
3401,558
3402,424
3403,513
3404,514
3405,391
3406,550
3407,474
3408,458
3409,582
3410,437
3411,499
3412,530
3413,403
3414,537
3415,487
3416,442
3417,569
3418,450
3419,485
3420,548
3421,416
3422,523
3423,503
3424,421
3425,558
3426,465
3427,469
3428,589
3429,429
3430,508
3431,519
3432,396
3433,545
3434,479
3435,452
3436,577
3437,442
3438,494
3439,537
3440,409
3441,531
3442,494
3443,435
3444,567
3445,456
3446,479
3447,555
3448,420
3449,518
3450,509
3451,414
3452,554
3453,470
3454,463
3455,586
3456,433
3457,504
3458,524
3459,402
3460,541
3461,483
3462,447
3463,574
3464,447
3465,487
3466,542
3467,411
3468,525
3469,498
3470,427
3471,560
3472,459
3473,473
3474,560
3475,425
3476,511
3477,514
3478,392
3479,547
3480,474
3481,456
3482,581
3483,437
3484,497
3485,531
3486,404
3487,535
3488,488
3489,440
3490,570
3491,452
3492,483
3493,550
3494,416
3495,521
3496,504
3497,419
3498,557
3499,463
3500,467
3501,588
3502,430
3503,508
3504,519
3505,396
3506,544
3507,480
3508,451
3509,577
3510,443
3511,494
3512,538
3513,408
3514,530
3515,494
3516,433
3517,565
3518,457
3519,479
3520,557
3521,421
3522,516
3523,510
3524,388
3525,553
3526,471
3527,462
3528,585
3529,434
3530,502
3531,526
3532,401
3533,539
3534,485
3535,444
3536,573
3537,448
3538,487
3539,544
3540,413
3541,525
3542,498
3543,426
3544,560
3545,460
3546,473
3547,565
3548,425
3549,511
3550,515
3551,393
3552,547
3553,475
3554,456
3555,581
3556,439
3557,498
3558,533
3559,406
3560,534
3561,490
3562,438
3563,569
3564,452
3565,482
3566,551
3567,418
3568,520
3569,505
3570,421
3571,555
3572,466
3573,467
3574,588
3575,430
3576,506
3577,522
3578,398
3579,543
3580,481
3581,449
3582,576
3583,444
3584,491
3585,537
3586,409
3587,529
3588,494
3589,433
3590,563
3591,458
3592,477
3593,559
3594,422
3595,515
3596,511
3597,389
3598,552
3599,472
3600,461
3601,584
3602,435
3603,501
3604,528
3605,402
3606,538
3607,485
3608,444
3609,572
3610,449
3611,486
3612,545
3613,413
3614,524
3615,500
3616,424
3617,559
3618,462
3619,471
3620,565
3621,426
3622,510
3623,517
3624,393
3625,547
3626,477
3627,457
3628,580
3629,439
3630,497
3631,533
3632,407
3633,533
3634,493
3635,438
3636,569
3637,454
3638,481
3639,553
3640,419
3641,520
3642,506
3643,418
3644,556
3645,468
3646,465
3647,587
3648,431
3649,505
3650,523
3651,398
3652,542
3653,482
3654,448
3655,576
3656,445
3657,491
3658,540
3659,410
3660,528
3661,496
3662,430
3663,564
3664,458
3665,475
3666,560
3667,422
3668,514
3669,512
3670,391
3671,550
3672,473
3673,461
3674,583
3675,437
3676,500
3677,529
3678,403
3679,537
3680,486
3681,442
3682,571
3683,450
3684,485
3685,546
3686,414
3687,523
3688,502
3689,423
3690,559
3691,464
3692,470
3693,590
3694,427
3695,510
3696,518
3697,394
3698,546
3699,478
3700,453
3701,579
3702,441
3703,495
3704,535
3705,407
3706,532
3707,492
3708,435
3709,566
3710,454
3711,479
3712,552
3713,419
3714,519
3715,507
3716,414
3717,553
3718,469
3719,464
3720,587
3721,433
3722,505
3723,524
3724,400
3725,541
3726,483
3727,449
3728,575
3729,446
3730,489
3731,542
3732,411
3733,527
3734,498
3735,428
3736,563
3737,460
3738,474
3739,559
3740,425
3741,515
3742,514
3743,392
3744,549
3745,474
3746,458
3747,582
3748,436
3749,499
3750,530
3751,404
3752,536
3753,488
3754,442
3755,571
3756,450
3757,486
3758,547
3759,417
3760,523
3761,503
3762,421
3763,558
3764,464
3765,468
3766,589
3767,428
3768,508
3769,519
3770,396
3771,544
3772,478
3773,452
3774,577
3775,442
3776,495
3777,537
3778,409
3779,531
3780,495
3781,435
3782,567
3783,456
3784,479
3785,556
3786,421
3787,518
3788,509
3789,414
3790,554
3791,470
3792,464
3793,585
3794,433
3795,503
3796,525
3797,400
3798,540
3799,483
3800,447
3801,573
3802,446
3803,488
3804,541
3805,412
3806,526
3807,498
3808,427
3809,562
3810,460
3811,473
3812,562
3813,424
3814,512
3815,513
3816,392
3817,549
3818,474
3819,458
3820,581
3821,437
3822,498
3823,531
3824,405
3825,535
3826,488
3827,440
3828,569
3829,452
3830,484
3831,549
3832,417
3833,521
3834,503
3835,419
3836,556
3837,465
3838,468
3839,588
3840,430
3841,509
3842,520
3843,398
3844,543
3845,479
3846,452
3847,577
3848,443
3849,493
3850,537
3851,409
3852,530
3853,495
3854,433
3855,565
3856,456
3857,478
3858,557
3859,421
3860,517
3861,511
3862,388
3863,553
3864,470
3865,462
3866,584
3867,433
3868,502
3869,526
3870,401
3871,539
3872,485
3873,445
3874,573
3875,448
3876,487
3877,544
3878,413
3879,525
3880,500
3881,424
3882,560
3883,460
3884,473
3885,565
3886,426
3887,512
3888,515
3889,393
3890,548
3891,476
3892,456
3893,581
3894,439
3895,497
3896,532
3897,406
3898,535
3899,490
3900,438
3901,569
3902,453
3903,482
3904,551
3905,418
3906,520
3907,506
3908,422
3909,556
3910,466
3911,467
3912,587
3913,430
3914,506
3915,522
3916,397
3917,544
3918,480
3919,450
3920,576
3921,444
3922,491
3923,539
3924,409
3925,529
3926,493
3927,432
3928,563
3929,456
3930,477
3931,557
3932,421
3933,515
3934,511
3935,390
3936,551
3937,472
3938,461
3939,584
3940,435
3941,501
3942,528
3943,402
3944,538
3945,486
3946,443
3947,572
3948,449
3949,485
3950,544
3951,414
3952,524
3953,501
3954,424
3955,560
3956,462
3957,471
3958,590
3959,427
3960,510
3961,517
3962,394
3963,546
3964,476
3965,454
3966,579
3967,439
3968,497
3969,534
3970,407
3971,534
3972,492
3973,440
3974,568
3975,455
3976,482
3977,553
3978,420
3979,520
3980,507
3981,420
3982,554
3983,468
3984,466
3985,588
3986,432
3987,506
3988,523
3989,399
3990,543
3991,482
3992,449
3993,576
3994,445
3995,492
3996,540
3997,411
3998,528
3999,495
4000,430
4001,563
4002,458
4003,475
4004,560
4005,423
4006,514
4007,512
4008,390
4009,551
4010,473
4011,462
4012,583
4013,437
4014,501
4015,527
4016,403
4017,537
4018,487
4019,442
4020,571
4021,450
4022,485
4023,547
4024,414
4025,523
4026,502
4027,423
4028,559
4029,463
4030,470
4031,590
4032,427
4033,509
4034,518
4035,394
4036,546
4037,478
4038,453
4039,580
4040,441
4041,495
4042,535
4043,407
4044,532
4045,492
4046,435
4047,567
4048,454
4049,480
4050,554
4051,419
4052,519
4053,508
4054,410
4055,553
4056,467
4057,465
4058,585
4059,433
4060,504
4061,524
4062,399
4063,540
4064,483
4065,447
4066,575
4067,446
4068,490
4069,541
4070,411
4071,527
4072,498
4073,429
4074,563
4075,460
4076,475
4077,559
4078,424
4079,514
4080,513
4081,390
4082,550
4083,473
4084,458
4085,582
4086,436
4087,499
4088,531
4089,404
4090,537
4091,488
4092,442
4093,571
4094,451
4095,485
4096,546
4097,416
4098,523
4099,502
4100,421
4101,557
4102,464
4103,469
4104,590
4105,429
4106,507
4107,518
4108,394
4109,545
4110,478
4111,453
4112,579
4113,442
4114,493
4115,536
4116,408
4117,531
4118,494
4119,434
4120,567
4121,456
4122,479
4123,556
4124,420
4125,518
4126,509
4127,414
4128,554
4129,469
4130,463
4131,585
4132,433
4133,503
4134,525
4135,400
4136,540
4137,484
4138,446
4139,574
4140,446
4141,488
4142,540
4143,412
4144,526
4145,498
4146,427
4147,561
4148,460
4149,473
4150,560
4151,425
4152,512
4153,513
4154,392
4155,549
4156,474
4157,457
4158,582
4159,438
4160,498
4161,531
4162,404
4163,535
4164,489
4165,440
4166,570
4167,451
4168,483
4169,550
4170,417
4171,521
4172,505
4173,420
4174,557
4175,466
4176,468
4177,589
4178,429
4179,508
4180,520
4181,396
4182,543
4183,478
4184,452
4185,576
4186,442
4187,494
4188,538
4189,409
4190,530
4191,495
4192,433
4193,566
4194,457
4195,478
4196,556
4197,421
4198,516
4199,510
4200,388
4201,553
4202,471
4203,462
4204,585
4205,434
4206,502
4207,527
4208,401
4209,539
4210,485
4211,445
4212,573
4213,448
4214,487
4215,544
4216,413
4217,525
4218,500
4219,426
4220,561
4221,462
4222,472
4223,562
4224,425
4225,512
4226,515
4227,394
4228,546
4229,474
4230,456
4231,580
4232,439
4233,496
4234,532
4235,405
4236,534
4237,490
4238,438
4239,568
4240,452
4241,482
4242,551
4243,417
4244,521
4245,506
4246,421
4247,555
4248,467
4249,466
4250,588
4251,430
4252,506
4253,522
4254,398
4255,544
4256,481
4257,450
4258,577
4259,444
4260,491
4261,538
4262,409
4263,529
4264,495
4265,431
4266,564
4267,456
4268,477
4269,557
4270,423
4271,515
4272,511
4273,389
4274,552
4275,472
4276,461
4277,585
4278,435
4279,501
4280,527
4281,402
4282,539
4283,486
4284,443
4285,572
4286,449
4287,486
4288,545
4289,414
4290,524
4291,501
4292,424
4293,560
4294,463
4295,471
4296,565
4297,426
4298,510
4299,517
4300,393
4301,547
4302,476
4303,455
4304,580
4305,440
4306,496
4307,534
4308,406
4309,533
4310,489
4311,437
4312,567
4313,453
4314,482
4315,551
4316,418
4317,519
4318,506
4319,419
4320,555
4321,467
4322,466
4323,587
4324,431
4325,506
4326,523
4327,399
4328,543
4329,482
4330,448
4331,575
4332,445
4333,490
4334,540
4335,410
4336,528
4337,497
4338,430
4339,564
4340,459
4341,475
4342,560
4343,423
4344,514
4345,512
4346,390
4347,551
4348,472
4349,459
4350,584
4351,435
4352,502
4353,529
4354,403
4355,537
4356,486
4357,444
4358,571
4359,450
4360,485
4361,547
4362,414
4363,523
4364,502
4365,422
4366,559
4367,463
4368,469
4369,590
4370,427
4371,509
4372,518
4373,394
4374,546
4375,478
4376,453
4377,579
4378,441
4379,495
4380,535
4381,406
4382,532
4383,492
4384,435
4385,567
4386,454
4387,480
4388,554
4389,419
4390,518
4391,508
4392,418
4393,553
4394,469
4395,466
4396,586
4397,433
4398,505
4399,522
4400,400
4401,540
4402,482
4403,447
4404,575
4405,446
4406,490
4407,542
4408,411
4409,528
4410,498
4411,429
4412,563
4413,459
4414,474
4415,558
4416,424
4417,513
4418,513
4419,391
4420,550
4421,474
4422,458
4423,583
4424,437
4425,499
4426,530
4427,404
4428,536
4429,489
4430,441
4431,571
4432,451
4433,484
4434,548
4435,416
4436,522
4437,504
4438,424
4439,558
4440,464
4441,470
4442,589
4443,429
4444,508
4445,519
4446,396
4447,545
4448,478
4449,452
4450,578
4451,442
4452,495
4453,536
4454,408
4455,531
4456,493
4457,434
4458,566
4459,456
4460,480
4461,556
4462,421
4463,518
4464,509
4465,414
4466,553
4467,469
4468,463
4469,585
4470,433
4471,503
4472,525
4473,400
4474,540
4475,484
4476,446
4477,574
4478,447
4479,488
4480,540
4481,412
4482,526
4483,497
4484,428
4485,561
4486,460
4487,473
4488,560
4489,426
4490,513
4491,515
4492,392
4493,549
4494,475
4495,458
4496,582
4497,437
4498,498
4499,531
4500,404
4501,535
4502,488
4503,439
4504,570
4505,452
4506,483
4507,550
4508,417
4509,521
4510,505
4511,419
4512,557
4513,465
4514,467
4515,589
4516,429
4517,507
4518,520
4519,396
4520,544
4521,480
4522,451
4523,577
4524,442
4525,494
4526,537
4527,410
4528,531
4529,495
4530,433
4531,565
4532,456
4533,477
4534,557
4535,421
4536,516
4537,509
4538,388
4539,553
4540,471
4541,462
4542,585
4543,434
4544,502
4545,526
4546,401
4547,539
4548,485
4549,444
4550,573
4551,448
4552,487
4553,544
4554,413
4555,525
4556,500
4557,426
4558,561
4559,462
4560,472
4561,562
4562,427
4563,512
4564,516
4565,392
4566,547
4567,474
4568,457
4569,580
4570,438
4571,498
4572,533
4573,405
4574,533
4575,490
4576,438
4577,568
4578,452
4579,482
4580,550
4581,417
4582,520
4583,505
4584,421
4585,555
4586,466
4587,466
4588,587
4589,430
4590,506
4591,522
4592,398
4593,543
4594,481
4595,450
4596,576
4597,444
4598,491
4599,538
4600,410
4601,529
4602,495
4603,431
4604,564
4605,458
4606,476
4607,559
4608,422
4609,516
4610,510
4611,390
4612,551
4613,470
4614,462
4615,584
4616,434
4617,501
4618,527
4619,401
4620,538
4621,486
4622,444
4623,571
4624,448
4625,486
4626,546
4627,414
4628,524
4629,501
4630,424
4631,560
4632,462
4633,470
4634,565
4635,426
4636,510
4637,517
4638,393
4639,547
4640,477
4641,455
4642,580
4643,441
4644,496
4645,534
4646,406
4647,533
4648,491
4649,437
4650,568
4651,452
4652,481
4653,551
4654,420
4655,520
4656,506
4657,418
4658,555
4659,468
4660,465
4661,588
4662,431
4663,505
4664,523
4665,399
4666,543
4667,482
4668,448
4669,576
4670,445
4671,490
4672,540
4673,410
4674,528
4675,497
4676,430
4677,563
4678,459
4679,475
4680,560
4681,422
4682,514
4683,512
4684,390
4685,551
4686,472
4687,459
4688,583
4689,436
4690,500
4691,529
4692,403
4693,537
4694,485
4695,442
4696,570
4697,449
4698,485
4699,545
4700,414
4701,523
4702,502
4703,422
4704,559
4705,463
4706,470
4707,590
4708,427
4709,509
4710,518
4711,396
4712,545
4713,478
4714,453
4715,579
4716,441
4717,496
4718,535
4719,408
4720,532
4721,493
4722,436
4723,567
4724,455
4725,480
4726,554
4727,419
4728,519
4729,508
4730,417
4731,554
4732,467
4733,464
4734,585
4735,433
4736,505
4737,523
4738,400
4739,542
4740,483
4741,449
4742,574
4743,446
4744,490
4745,542
4746,412
4747,526
4748,497
4749,428
4750,562
4751,459
4752,474
4753,558
4754,424
4755,514
4756,514
4757,391
4758,550
4759,474
4760,458
4761,583
4762,436
4763,499
4764,530
4765,403
4766,535
4767,488
4768,441
4769,571
4770,451
4771,484
4772,548
4773,416
4774,522
4775,504
4776,421
4777,558
4778,465
4779,471
4780,589
4781,429
4782,509
4783,518
4784,396
4785,545
4786,478
4787,452
4788,577
4789,442
4790,494
4791,536
4792,409
4793,531
4794,493
4795,435
4796,566
4797,456
4798,480
4799,556
4800,421
4801,518
4802,509
4803,414
4804,553
4805,470
4806,463
4807,586
4808,433
4809,503
4810,525
4811,400
4812,540
4813,484
4814,446
4815,574
4816,447
4817,488
4818,543
4819,413
4820,526
4821,499
4822,430
4823,562
4824,460
4825,475
4826,564
4827,426
4828,513
4829,515
4830,392
4831,549
4832,474
4833,457
4834,581
4835,437
4836,498
4837,531
4838,404
4839,535
4840,490
4841,440
4842,570
4843,452
4844,483
4845,550
4846,416
4847,521
4848,504
4849,419
4850,557
4851,465
4852,467
4853,589
4854,429
4855,507
4856,521
4857,396
4858,544
4859,480
4860,451
4861,578
4862,443
4863,493
4864,535
4865,408
4866,531
4867,494
4868,434
4869,564
4870,457
4871,478
4872,558
4873,421
4874,517
4875,511
4876,389
4877,553
4878,471
4879,463
4880,585
4881,433
4882,502
4883,526
4884,400
4885,538
4886,484
4887,445
4888,573
4889,448
4890,487
4891,544
4892,413
4893,525
4894,500
4895,426
4896,561
4897,461
4898,472
4899,562
4900,426
4901,511
4902,516
4903,393
4904,548
4905,476
4906,456
4907,581
4908,439
4909,498
4910,531
4911,406
4912,535
4913,490
4914,438
4915,569
4916,453
4917,482
4918,551
4919,417
4920,520
4921,504
4922,421
4923,555
4924,466
4925,466
4926,588
4927,430
4928,506
4929,521
4930,397
4931,543
4932,480
4933,449
4934,576
4935,444
4936,491
4937,538
4938,409
4939,529
4940,495
4941,431
4942,564
4943,457
4944,476
4945,559
4946,421
4947,515
4948,511
4949,389
4950,551
4951,472
4952,461
4953,584
4954,436
4955,502
4956,528
4957,402
4958,538
4959,485
4960,444
4961,572
4962,449
4963,486
4964,544
4965,413
4966,524
4967,501
4968,424
4969,560
4970,462
4971,471
4972,590
4973,427
4974,510
4975,517
4976,394
4977,547
4978,477
4979,454
4980,579
4981,440
4982,495
4983,533
4984,406
4985,533
4986,491
4987,437
4988,568
4989,454
4990,481
4991,553
4992,418
4993,521
4994,506
4995,416
4996,554
4997,468
4998,467
4999,588
5000,431
5001,505
5002,523
5003,399
5004,543
5005,482
5006,449
5007,575
5008,444
5009,491
5010,540
5011,411
5012,528
5013,497
5014,430
5015,563
5016,458
5017,475
5018,560
5019,423
5020,514
5021,512
5022,391
5023,550
5024,472
5025,459
5026,584
5027,436
5028,500
5029,529
5030,402
5031,537
5032,486
5033,442
5034,571
5035,448
5036,485
5037,545
5038,416
5039,524
5040,501
5041,423
5042,559
5043,464
5044,470
5045,590
5046,427
5047,509
5048,518
5049,394
5050,546
5051,477
5052,454
5053,579
5054,441
5055,495
5056,534
5057,407
5058,532
5059,492
5060,436
5061,568
5062,454
5063,480
5064,554
5065,419
5066,518
5067,507
5068,414
5069,554
5070,470
5071,466
5072,587
5073,433
5074,505
5075,525
5076,401
5077,541
5078,483
5079,448
5080,574
5081,445
5082,490
5083,540
5084,411
5085,527
5086,498
5087,429
5088,562
5089,460
5090,474
5091,560
5092,424
5093,513
5094,512
5095,390
5096,550
5097,473
5098,459
5099,582
5100,436
5101,499
5102,528
5103,403
5104,535
5105,488
5106,442
5107,570
5108,450
5109,485
5110,547
5111,416
5112,523
5113,502
5114,421
5115,558
5116,463
5117,469
5118,589
5119,429
5120,509
5121,519
5122,396
5123,545
5124,478
5125,453
5126,577
5127,442
5128,494
5129,536
5130,408
5131,531
5132,493
5133,434
5134,566
5135,455
5136,479
5137,555
5138,421
5139,518
5140,509
5141,415
5142,554
5143,470
5144,463
5145,586
5146,433
5147,503
5148,525
5149,400
5150,540
5151,484
5152,446
5153,574
5154,447
5155,488
5156,543
5157,412
5158,526
5159,499
5160,428
5161,562
5162,461
5163,476
5164,560
5165,424
5166,513
5167,513
5168,392
5169,549
5170,474
5171,457
5172,582
5173,438
5174,498
5175,531
5176,404
5177,535
5178,489
5179,440
5180,570
5181,452
5182,483
5183,550
5184,416
5185,522
5186,505
5187,420
5188,557
5189,466
5190,468
5191,589
5192,429
5193,508
5194,521
5195,396
5196,544
5197,480
5198,451
5199,577
5200,443
5201,493
5202,537
5203,409
5204,530
5205,495
5206,436
5207,566
5208,456
5209,479
5210,556
5211,422
5212,518
5213,510
5214,389
5215,553
5216,470
5217,461
5218,585
5219,434
5220,502
5221,526
5222,401
5223,539
5224,485
5225,445
5226,573
5227,448
5228,488
5229,544
5230,413
5231,525
5232,500
5233,425
5234,561
5235,461
5236,472
5237,562
5238,426
5239,511
5240,516
5241,393
5242,548
5243,476
5244,456
5245,581
5246,439
5247,497
5248,530
5249,405
5250,534
5251,490
5252,440
5253,569
5254,453
5255,482
5256,552
5257,418
5258,521
5259,506
5260,421
5261,556
5262,466
5263,466
5264,588
5265,430
5266,506
5267,521
5268,397
5269,543
5270,481
5271,450
5272,576
5273,444
5274,491
5275,539
5276,409
5277,529
5278,495
5279,431
5280,564
5281,457
5282,476
5283,558
5284,421
5285,515
5286,511
5287,389
5288,552
5289,472
5290,461
5291,585
5292,436
5293,503
5294,527
5295,403
5296,539
5297,486
5298,443
5299,573
5300,449
5301,486
5302,545
5303,414
5304,524
5305,500
5306,424
5307,560
5308,463
5309,471
5310,565
5311,427
5312,510
5313,517
5314,393
5315,547
5316,476
5317,454
5318,580
5319,440
5320,496
5321,534
5322,406
5323,533
5324,492
5325,437
5326,568
5327,454
5328,481
5329,553
5330,419
5331,519
5332,506
5333,419
5334,556
5335,468
5336,467
5337,586
5338,432
5339,507
5340,523
5341,399
5342,543
5343,483
5344,449
5345,576
5346,445
5347,491
5348,539
5349,410
5350,528
5351,497
5352,430
5353,563
5354,459
5355,475
5356,558
5357,423
5358,514
5359,512
5360,391
5361,551
5362,472
5363,459
5364,583
5365,435
5366,500
5367,529
5368,403
5369,537
5370,487
5371,442
5372,572
5373,450
5374,485
5375,547
5376,415
5377,524
5378,501
5379,424
5380,558
5381,463
5382,470
5383,590
5384,427
5385,509
5386,518
5387,394
5388,546
5389,478
5390,453
5391,578
5392,440
5393,495
5394,535
5395,407
5396,532
5397,492
5398,435
5399,567
5400,454
5401,480
5402,554
5403,419
5404,519
5405,508
5406,418
5407,554
5408,469
5409,464
5410,586
5411,432
5412,504
5413,524
5414,399
5415,540
5416,482
5417,447
5418,575
5419,445
5420,490
5421,540
5422,413
5423,528
5424,497
5425,429
5426,563
5427,460
5428,475
5429,559
5430,425
5431,514
5432,513
5433,390
5434,550
5435,473
5436,458
5437,582
5438,436
5439,498
5440,530
5441,403
5442,536
5443,488
5444,441
5445,571
5446,451
5447,484
5448,548
5449,416
5450,522
5451,503
5452,421
5453,558
5454,464
5455,469
5456,590
5457,429
5458,508
5459,519
5460,396
5461,545
5462,477
5463,453
5464,577
5465,441
5466,495
5467,535
5468,407
5469,531
5470,493
5471,434
5472,566
5473,456
5474,479
5475,556
5476,421
5477,518
5478,509
5479,414
5480,553
5481,469
5482,463
5483,585
5484,432
5485,503
5486,525
5487,400
5488,539
5489,484
5490,446
5491,574
5492,447
5493,488
5494,543
5495,412
5496,526
5497,499
5498,427
5499,562
5500,460
5501,473
5502,564
5503,426
5504,513
5505,514
5506,392
5507,548
5508,473
5509,458
5510,581
5511,438
5512,498
5513,531
5514,404
5515,535
5516,488
5517,439
5518,569
5519,452
5520,483
5521,550
5522,417
5523,521
5524,505
5525,420
5526,558
5527,466
5528,468
5529,589
5530,429
5531,507
5532,520
5533,396
5534,544
5535,480
5536,451
5537,577
5538,443
5539,493
5540,538
5541,409
5542,530
5543,495
5544,433
5545,565
5546,457
5547,480
5548,557
5549,421
5550,516
5551,509
5552,389
5553,552
5554,470
5555,462
5556,585
5557,434
5558,502
5559,527
5560,402
5561,539
5562,484
5563,445
5564,573
5565,447
5566,487
5567,544
5568,413
5569,525
5570,500
5571,425
5572,561
5573,462
5574,472
5575,562
5576,427
5577,512
5578,516
5579,394
5580,548
5581,476
5582,456
5583,581
5584,439
5585,497
5586,533
5587,405
5588,534
5589,492
5590,442
5591,570
5592,453
5593,484
5594,550
5595,419
5596,521
5597,504
5598,421
5599,556
5600,466
5601,466
5602,588
5603,431
5604,506
5605,522
5606,398
5607,544
5608,481
5609,450
5610,577
5611,444
5612,492
5613,538
5614,409
5615,528
5616,495
5617,431
5618,564
5619,457
5620,476
5621,559
5622,423
5623,516
5624,511
5625,389
5626,552
5627,472
5628,461
5629,584
5630,435
5631,501
5632,526
5633,402
5634,539
5635,485
5636,445
5637,571
5638,449
5639,486
5640,546
5641,414
5642,524
5643,501
5644,424
5645,560
5646,463
5647,472
5648,565
5649,426
5650,510
5651,517
5652,393
5653,547
5654,477
5655,455
5656,580
5657,440
5658,496
5659,534
5660,406
5661,533
5662,491
5663,437
5664,568
5665,453
5666,481
5667,552
5668,418
5669,519
5670,507
5671,419
5672,555
5673,469
5674,466
5675,588
5676,433
5677,507
5678,522
5679,399
5680,543
5681,482
5682,448
5683,576
5684,445
5685,490
5686,540
5687,410
5688,528
5689,496
5690,430
5691,563
5692,459
5693,475
5694,560
5695,422
5696,514
5697,512
5698,390
5699,551
5700,472
5701,459
5702,583
5703,435
5704,500
5705,529
5706,403
5707,537
5708,486
5709,442
5710,571
5711,450
5712,485
5713,547
5714,414
5715,523
5716,502
5717,422
5718,558
5719,463
5720,471
5721,590
5722,428
5723,510
5724,518
5725,394
5726,546
5727,478
5728,453
5729,579
5730,441
5731,494
5732,533
5733,406
5734,532
5735,492
5736,435
5737,567
5738,455
5739,480
5740,553
5741,419
5742,518
5743,508
5744,414
5745,555
5746,470
5747,465
5748,586
5749,433
5750,505
5751,523
5752,399
5753,541
5754,482
5755,447
5756,574
5757,445
5758,490
5759,542
5760,412
5761,528
5762,497
5763,430
5764,562
5765,458
5766,475
5767,560
5768,423
5769,512
5770,512
5771,390
5772,549
5773,473
5774,458
5775,581
5776,437
5777,499
5778,530
5779,403
5780,536
5781,488
5782,441
5783,570
5784,450
5785,483
5786,547
5787,415
5788,522
5789,503
5790,421
5791,558
5792,464
5793,469
5794,590
5795,428
5796,507
5797,519
5798,395
5799,545
5800,478
5801,452
5802,578
5803,441
5804,495
5805,535
5806,409
5807,532
5808,492
5809,434
5810,566
5811,456
5812,479
5813,556
5814,421
5815,517
5816,509
5817,414
5818,553
5819,470
5820,463
5821,586
5822,433
5823,504
5824,526
5825,400
5826,540
5827,484
5828,446
5829,574
5830,447
5831,488
5832,543
5833,412
5834,526
5835,499
5836,427
5837,562
5838,461
5839,474
5840,564
5841,425
5842,512
5843,515
5844,392
5845,549
5846,474
5847,458
5848,581
5849,437
5850,499
5851,530
5852,404
5853,535
5854,488
5855,440
5856,570
5857,452
5858,483
5859,550
5860,418
5861,523
5862,505
5863,419
5864,557
5865,466
5866,468
5867,589
5868,429
5869,507
5870,521
5871,398
5872,544
5873,480
5874,451
5875,578
5876,443
5877,493
5878,538
5879,410
5880,530
5881,494
5882,433
5883,565
5884,456
5885,477
5886,557
5887,422
5888,517
5889,509
5890,389
5891,552
5892,470
5893,464
5894,584
5895,434
5896,502
5897,526
5898,401
5899,539
5900,485
5901,444
5902,573
5903,448
5904,487
5905,544
5906,413
5907,525
5908,500
5909,426
5910,560
5911,461
5912,472
5913,565
5914,426
5915,511
5916,514
5917,392
5918,548
5919,476
5920,457
5921,581
5922,439
5923,497
5924,533
5925,405
5926,534
5927,492
5928,440
5929,570
5930,453
5931,485
5932,551
5933,418
5934,522
5935,504
5936,419
5937,556
5938,467
5939,467
5940,588
5941,430
5942,507
5943,522
5944,399
5945,543
5946,480
5947,450
5948,576
5949,444
5950,492
5951,539
5952,410
5953,529
5954,494
5955,432
5956,564
5957,458
5958,476
5959,558
5960,423
5961,516
5962,511
5963,389
5964,552
5965,472
5966,461
5967,584
5968,435
5969,501
5970,528
5971,402
5972,538
5973,485
5974,445
5975,572
5976,449
5977,487
5978,544
5979,414
5980,524
5981,500
5982,424
5983,559
5984,461
5985,470
5986,590
5987,427
5988,511
5989,517
5990,394
5991,546
5992,476
5993,455
5994,579
5995,439
5996,496
5997,534
5998,407
5999,533
6000,490
6001,437
6002,568
6003,453
6004,481
6005,552
6006,419
6007,520
6008,507
6009,419
6010,554
6011,468
6012,466
6013,588
6014,431
6015,506
6016,522
6017,400
6018,542
6019,481
6020,450
6021,575
6022,445
6023,490
6024,540
6025,410
6026,528
6027,497
6028,430
6029,563
6030,458
6031,476
6032,560
6033,422
6034,514
6035,512
6036,391
6037,550
6038,472
6039,460
6040,583
6041,436
6042,500
6043,529
6044,403
6045,537
6046,486
6047,442
6048,571
6049,450
6050,485
6051,547
6052,415
6053,523
6054,502
6055,422
6056,558
6057,463
6058,470
6059,591
6060,428
6061,510
6062,517
6063,394
6064,545
6065,477
6066,453
6067,579
6068,441
6069,494
6070,535
6071,408
6072,533
6073,494
6074,438
6075,568
6076,455
6077,482
6078,555
6079,420
6080,519
6081,508
6082,417
6083,553
6084,469
6085,464
6086,586
6087,432
6088,504
6089,524
6090,399
6091,541
6092,483
6093,447
6094,575
6095,446
6096,488
6097,540
6098,410
6099,526
6100,497
6101,428
6102,561
6103,458
6104,475
6105,560
6106,424
6107,513
6108,512
6109,391
6110,550
6111,474
6112,459
6113,582
6114,436
6115,499
6116,528
6117,403
6118,536
6119,487
6120,441
6121,570
6122,451
6123,484
6124,547
6125,416
6126,522
6127,503
6128,423
6129,559
6130,464
6131,469
6132,589
6133,428
6134,507
6135,517
6136,394
6137,545
6138,479
6139,453
6140,578
6141,442
6142,495
6143,536
6144,408
6145,532
6146,492
6147,435
6148,565
6149,454
6150,479
6151,555
6152,420
6153,517
6154,509
6155,414
6156,554
6157,471
6158,464
6159,585
6160,433
6161,503
6162,525
6163,400
6164,539
6165,484
6166,446
6167,574
6168,447
6169,488
6170,543
6171,412
6172,527
6173,499
6174,427
6175,562
6176,461
6177,474
6178,560
6179,426
6180,511
6181,514
6182,390
6183,548
6184,474
6185,456
6186,581
6187,437
6188,499
6189,530
6190,405
6191,536
6192,489
6193,440
6194,570
6195,452
6196,483
6197,550
6198,417
6199,521
6200,504
6201,419
6202,556
6203,465
6204,468
6205,589
6206,430
6207,507
6208,521
6209,396
6210,545
6211,480
6212,451
6213,578
6214,443
6215,493
6216,537
6217,408
6218,530
6219,494
6220,433
6221,565
6222,457
6223,478
6224,556
6225,421
6226,517
6227,510
6228,390
6229,553
6230,469
6231,462
6232,584
6233,435
6234,503
6235,525
6236,401
6237,539
6238,484
6239,445
6240,572
6241,448
6242,487
6243,544
6244,414
6245,526
6246,500
6247,425
6248,561
6249,461
6250,472
6251,561
6252,426
6253,511
6254,516
6255,393
6256,548
6257,476
6258,456
6259,581
6260,440
6261,497
6262,533
6263,406
6264,534
6265,492
6266,439
6267,569
6268,453
6269,483
6270,552
6271,419
6272,521
6273,505
6274,420
6275,556
6276,467
6277,468
6278,587
6279,431
6280,506
6281,521
6282,398
6283,544
6284,481
6285,450
6286,576
6287,444
6288,491
6289,539
6290,410
6291,529
6292,496
6293,432
6294,563
6295,458
6296,476
6297,559
6298,422
6299,516
6300,511
6301,391
6302,550
6303,470
6304,459
6305,583
6306,434
6307,501
6308,527
6309,403
6310,538
6311,485
6312,443
6313,572
6314,449
6315,487
6316,544
6317,414
6318,524
6319,499
6320,425
6321,560
6322,462
6323,471
6324,590
6325,427
6326,510
6327,516
6328,394
6329,547
6330,477
6331,456
6332,580
6333,440
6334,497
6335,534
6336,407
6337,533
6338,491
6339,438
6340,568
6341,454
6342,482
6343,553
6344,420
6345,520
6346,507
6347,416
6348,555
6349,468
6350,466
6351,587
6352,432
6353,506
6354,522
6355,399
6356,543
6357,482
6358,451
6359,576
6360,445
6361,491
6362,539
6363,411
6364,529
6365,496
6366,430
6367,562
6368,457
6369,475
6370,560
6371,424
6372,514
6373,512
6374,390
6375,550
6376,471
6377,459
6378,582
6379,436
6380,501
6381,528
6382,403
6383,536
6384,486
6385,442
6386,570
6387,449
6388,484
6389,546
6390,415
6391,524
6392,502
6393,424
6394,559
6395,462
6396,470
6397,589
6398,428
6399,509
6400,515
6401,393
6402,544
6403,476
6404,454
6405,579
6406,441
6407,495
6408,535
6409,407
6410,532
6411,493
6412,436
6413,567
6414,455
6415,481
6416,554
6417,419
6418,518
6419,508
6420,416
6421,554
6422,470
6423,465
6424,587
6425,432
6426,505
6427,525
6428,400
6429,541
6430,483
6431,447
6432,575
6433,446
6434,488
6435,540
6436,410
6437,526
6438,497
6439,428
6440,563
6441,460
6442,474
6443,559
6444,424
6445,514
6446,512
6447,391
6448,549
6449,473
6450,458
6451,582
6452,436
6453,499
6454,530
6455,403
6456,536
6457,487
6458,441
6459,571
6460,451
6461,484
6462,548
6463,415
6464,522
6465,503
6466,421
6467,558
6468,464
6469,468
6470,589
6471,428
6472,508
6473,519
6474,396
6475,545
6476,479
6477,451
6478,577
6479,441
6480,493
6481,536
6482,407
6483,530
6484,494
6485,434
6486,565
6487,455
6488,480
6489,556
6490,421
6491,518
6492,510
6493,415
6494,554
6495,471
6496,464
6497,586
6498,433
6499,503
6500,524
6501,400
6502,540
6503,484
6504,446
6505,574
6506,447
6507,487
6508,542
6509,412
6510,526
6511,499
6512,427
6513,562
6514,460
6515,473
6516,563
6517,425
6518,512
6519,514
6520,392
6521,549
6522,474
6523,457
6524,582
6525,438
6526,498
6527,532
6528,405
6529,535
6530,488
6531,441
6532,569
6533,451
6534,484
6535,549
6536,416
6537,521
6538,504
6539,420
6540,557
6541,466
6542,468
6543,588
6544,430
6545,507
6546,520
6547,396
6548,544
6549,480
6550,451
6551,577
6552,443
6553,492
6554,537
6555,409
6556,530
6557,494
6558,433
6559,565
6560,457
6561,478
6562,557
6563,421
6564,516
6565,510
6566,388
6567,552
6568,470
6569,462
6570,585
6571,434
6572,503
6573,525
6574,402
6575,540
6576,484
6577,445
6578,573
6579,448
6580,487
6581,544
6582,412
6583,525
6584,500
6585,427
6586,561
6587,461
6588,472
6589,562
6590,427
6591,512
6592,516
6593,393
6594,549
6595,476
6596,456
6597,581
6598,439
6599,497
6600,532
6601,405
6602,534
6603,492
6604,439
6605,570
6606,453
6607,483
6608,552
6609,418
6610,521
6611,506
6612,421
6613,555
6614,466
6615,467
6616,587
6617,431
6618,507
6619,520
6620,397
6621,543
6622,481
6623,450
6624,577
6625,444
6626,492
6627,539
6628,411
6629,529
6630,496
6631,431
6632,564
6633,457
6634,476
6635,558
6636,422
6637,516
6638,511
6639,389
6640,552
6641,473
6642,461
6643,584
6644,435
6645,502
6646,528
6647,402
6648,538
6649,486
6650,443
6651,571
6652,448
6653,485
6654,545
6655,414
6656,526
6657,501
6658,425
6659,559
6660,462
6661,472
6662,590
6663,426
6664,509
6665,516
6666,393
6667,546
6668,476
6669,454
6670,580
6671,440
6672,495
6673,534
6674,406
6675,533
6676,493
6677,438
6678,569
6679,454
6680,481
6681,553
6682,419
6683,519
6684,506
6685,419
6686,554
6687,469
6688,466
6689,588
6690,432
6691,506
6692,523
6693,399
6694,543
6695,482
6696,449
6697,576
6698,445
6699,493
6700,540
6701,411
6702,529
6703,496
6704,432
6705,564
6706,459
6707,475
6708,560
6709,423
6710,515
6711,512
6712,391
6713,551
6714,472
6715,459
6716,583
6717,435
6718,500
6719,529
6720,403
6721,537
6722,487
6723,442
6724,572
6725,450
6726,486
6727,548
6728,415
6729,524
6730,503
6731,423
6732,559
6733,464
6734,470
6735,590
6736,427
6737,509
6738,518
6739,394
6740,546
6741,478
6742,456
6743,579
6744,441
6745,496
6746,534
6747,408
6748,532
6749,492
6750,435
6751,567
6752,454
6753,480
6754,554
6755,420
6756,518
6757,507
6758,416
6759,555
6760,470
6761,465
6762,588
6763,432
6764,505
6765,524
6766,399
6767,541
6768,483
6769,447
6770,575
6771,446
6772,488
6773,540
6774,411
6775,527
6776,497
6777,428
6778,562
6779,459
6780,474
6781,558
6782,424
6783,514
6784,511
6785,390
6786,549
6787,472
6788,459
6789,582
6790,437
6791,499
6792,530
6793,404
6794,536
6795,487
6796,441
6797,570
6798,450
6799,485
6800,548
6801,415
6802,522
6803,503
6804,421
6805,558
6806,465
6807,469
6808,590
6809,429
6810,508
6811,519
6812,396
6813,545
6814,479
6815,452
6816,578
6817,442
6818,494
6819,536
6820,407
6821,531
6822,494
6823,434
6824,566
6825,456
6826,479
6827,553
6828,420
6829,519
6830,508
6831,388
6832,552
6833,469
6834,463
6835,585
6836,433
6837,503
6838,525
6839,401
6840,540
6841,483
6842,446
6843,574
6844,447
6845,487
6846,542
6847,411
6848,525
6849,498
6850,426
6851,561
6852,460
6853,473
6854,560
6855,426
6856,511
6857,514
6858,391
6859,548
6860,474
6861,457
6862,581
6863,437
6864,497
6865,531
6866,404
6867,534
6868,489
6869,439
6870,568
6871,451
6872,484
6873,548
6874,418
6875,522
6876,504
6877,420
6878,557
6879,466
6880,468
6881,589
6882,429
6883,507
6884,519
6885,396
6886,544
6887,480
6888,451
6889,577
6890,443
6891,493
6892,538
6893,409
6894,531
6895,495
6896,433
6897,565
6898,456
6899,478
6900,557
6901,422
6902,517
6903,510
6904,389
6905,552
6906,471
6907,462
6908,585
6909,434
6910,502
6911,527
6912,401
6913,540
6914,484
6915,446
6916,572
6917,447
6918,488
6919,544
6920,413
6921,525
6922,500
6923,426
6924,561
6925,462
6926,472
6927,566
6928,426
6929,510
6930,515
6931,392
6932,547
6933,475
6934,456
6935,580
6936,439
6937,496
6938,532
6939,405
6940,534
6941,492
6942,440
6943,570
6944,454
6945,483
6946,552
6947,418
6948,521
6949,506
6950,421
6951,555
6952,465
6953,466
6954,588
6955,430
6956,507
6957,521
6958,399
6959,542
6960,481
6961,450
6962,576
6963,444
6964,492
6965,539
6966,409
6967,529
6968,496
6969,431
6970,564
6971,458
6972,477
6973,559
6974,423
6975,516
6976,512
6977,390
6978,552
6979,472
6980,461
6981,584
6982,435
6983,501
6984,527
6985,402
6986,538
6987,485
6988,443
6989,573
6990,449
6991,485
6992,545
6993,414
6994,524
6995,501
6996,423
6997,559
6998,460
6999,470
7000,590
7001,426
7002,510
7003,515
7004,393
7005,547
7006,477
7007,456
7008,580
7009,440
7010,496
7011,534
7012,407
7013,534
7014,491
7015,437
7016,567
7017,453
7018,482
7019,552
7020,419
7021,519
7022,505
7023,420
7024,555
7025,468
7026,466
7027,587
7028,433
7029,506
7030,522
7031,399
7032,543
7033,482
7034,448
7035,575
7036,444
7037,489
7038,538
7039,410
7040,530
7041,496
7042,431
7043,562
7044,458
7045,477
7046,558
7047,422
7048,514
7049,513
7050,390
7051,551
7052,473
7053,460
7054,583
7055,436
7056,500
7057,529
7058,403
7059,537
7060,487
7061,442
7062,571
7063,450
7064,485
7065,547
7066,414
7067,523
7068,502
7069,422
7070,559
7071,463
7072,470
7073,590
7074,428
7075,509
7076,518
7077,396
7078,547
7079,478
7080,453
7081,579
7082,441
7083,497
7084,535
7085,407
7086,533
7087,491
7088,437
7089,567
7090,455
7091,480
7092,554
7093,420
7094,518
7095,508
7096,414
7097,554
7098,470
7099,465
7100,586
7101,433
7102,506
7103,524
7104,401
7105,541
7106,482
7107,448
7108,575
7109,446
7110,489
7111,540
7112,411
7113,526
7114,497
7115,428
7116,561
7117,458
7118,474
7119,560
7120,423
7121,513
7122,513
7123,392
7124,549
7125,473
7126,459
7127,582
7128,437
7129,500
7130,529
7131,405
7132,536
7133,487
7134,441
7135,570
7136,449
7137,484
7138,548
7139,416
7140,523
7141,503
7142,421
7143,558
7144,465
7145,469
7146,589
7147,429
7148,510
7149,519
7150,396
7151,544
7152,478
7153,452
7154,577
7155,441
7156,493
7157,536
7158,409
7159,531
7160,494
7161,435
7162,566
7163,455
7164,479
7165,554
7166,420
7167,517
7168,508
7169,388
7170,552
7171,468
7172,464
7173,584
7174,433
7175,503
7176,525
7177,400
7178,540
7179,484
7180,446
7181,574
7182,447
7183,487
7184,541
7185,411
7186,525
7187,498
7188,426
7189,561
7190,461
7191,474
7192,560
7193,425
7194,511
7195,512
7196,391
7197,548
7198,473
7199,457
7200,581
7201,437
7202,498
7203,531
7204,404
7205,535
7206,489
7207,440
7208,570
7209,452
7210,483
7211,547
7212,417
7213,522
7214,503
7215,421
7216,556
7217,465
7218,467
7219,589
7220,429
7221,507
7222,520
7223,396
7224,544
7225,480
7226,451
7227,577
7228,443
7229,493
7230,538
7231,409
7232,530
7233,494
7234,433
7235,565
7236,456
7237,478
7238,557
7239,421
7240,516
7241,510
7242,389
7243,553
7244,471
7245,462
7246,585
7247,433
7248,502
7249,526
7250,401
7251,539
7252,484
7253,444
7254,572
7255,447
7256,489
7257,543
7258,414
7259,526
7260,500
7261,426
7262,561
7263,461
7264,472
7265,562
7266,426
7267,510
7268,514
7269,392
7270,547
7271,475
7272,456
7273,580
7274,439
7275,497
7276,532
7277,405
7278,534
7279,490
7280,438
7281,568
7282,453
7283,482
7284,551
7285,417
7286,521
7287,506
7288,421
7289,555
7290,465
7291,466
7292,587
7293,431
7294,506
7295,522
7296,397
7297,542
7298,480
7299,450
7300,576
7301,443
7302,492
7303,539
7304,410
7305,529
7306,496
7307,432
7308,565
7309,458
7310,477
7311,557
7312,422
7313,515
7314,511
7315,390
7316,551
7317,471
7318,461
7319,584
7320,434
7321,501
7322,528
7323,402
7324,538
7325,485
7326,444
7327,572
7328,449
7329,485
7330,545
7331,414
7332,524
7333,500
7334,423
7335,559
7336,462
7337,471
7338,590
7339,426
7340,511
7341,516
7342,394
7343,546
7344,476
7345,454
7346,579
7347,439
7348,495
7349,533
7350,406
7351,532
7352,491
7353,438
7354,568
7355,453
7356,482
7357,553
7358,420
7359,521
7360,507
7361,420
7362,555
7363,469
7364,467
7365,588
7366,431
7367,505
7368,523
7369,399
7370,543
7371,482
7372,449
7373,576
7374,445
7375,492
7376,541
7377,410
7378,528
7379,496
7380,430
7381,564
7382,456
7383,476
7384,558
7385,423
7386,514
7387,510
7388,390
7389,551
7390,473
7391,461
7392,584
7393,436
7394,500
7395,529
7396,403
7397,538
7398,487
7399,442
7400,571
7401,449
7402,484
7403,546
7404,415
7405,523
7406,502
7407,423
7408,558
7409,463
7410,470
7411,590
7412,428
7413,509
7414,516
7415,394
7416,545
7417,477
7418,454
7419,579
7420,441
7421,495
7422,535
7423,408
7424,535
7425,494
7426,438
7427,567
7428,455
7429,481
7430,553
7431,419
7432,519
7433,508
7434,417
7435,553
7436,469
7437,465
7438,587
7439,432
7440,505
7441,525
7442,400
7443,542
7444,484
7445,448
7446,575
7447,446
7448,488
7449,540
7450,410
7451,526
7452,497
7453,428
7454,562
7455,459
7456,475
7457,560
7458,424
7459,513
7460,513
7461,391
7462,550
7463,473
7464,459
7465,582
7466,436
7467,501
7468,530
7469,404
7470,537
7471,487
7472,442
7473,571
7474,451
7475,484
7476,548
7477,417
7478,522
7479,503
7480,422
7481,558
7482,464
7483,468
7484,589
7485,429
7486,508
7487,518
7488,396
7489,545
7490,479
7491,452
7492,578
7493,442
7494,495
7495,536
7496,409
7497,531
7498,493
7499,435
7500,566
7501,456
7502,480
7503,556
7504,421
7505,518
7506,510
7507,389
7508,553
7509,469
7510,466
7511,586
7512,434
7513,503
7514,525
7515,401
7516,540
7517,484
7518,447
7519,573
7520,447
7521,487
7522,542
7523,413
7524,527
7525,499
7526,427
7527,561
7528,461
7529,473
7530,563
7531,425
7532,511
7533,513
7534,391
7535,547
7536,472
7537,456
7538,580
7539,437
7540,498
7541,531
7542,405
7543,535
7544,488
7545,440
7546,569
7547,451
7548,483
7549,549
7550,417
7551,522
7552,502
7553,419
7554,556
7555,466
7556,468
7557,588
7558,430
7559,508
7560,520
7561,396
7562,544
7563,480
7564,451
7565,576
7566,442
7567,492
7568,536
7569,408
7570,530
7571,494
7572,434
7573,565
7574,456
7575,478
7576,556
7577,421
7578,517
7579,509
7580,388
7581,553
7582,470
7583,463
7584,585
7585,433
7586,502
7587,525
7588,401
7589,539
7590,484
7591,445
7592,572
7593,447
7594,487
7595,543
7596,414
7597,525
7598,500
7599,426
7600,560
7601,462
7602,472
7603,565
7604,426
7605,511
7606,514
7607,392
7608,548
7609,475
7610,457
7611,581
7612,439
7613,497
7614,532
7615,406
7616,535
7617,490
7618,439
7619,569
7620,452
7621,482
7622,551
7623,418
7624,520
7625,506
7626,420
7627,557
7628,467
7629,467
7630,588
7631,431
7632,507
7633,522
7634,398
7635,543
7636,480
7637,450
7638,576
7639,444
7640,491
7641,537
7642,410
7643,530
7644,496
7645,434
7646,565
7647,458
7648,478
7649,559
7650,423
7651,516
7652,511
7653,390
7654,551
7655,470
7656,461
7657,584
7658,436
7659,502
7660,528
7661,403
7662,539
7663,486
7664,445
7665,572
7666,448
7667,486
7668,544
7669,414
7670,524
7671,500
7672,425
7673,560
7674,463
7675,472
7676,565
7677,426
7678,511
7679,516
7680,393
7681,546
7682,475
7683,455
7684,579
7685,439
7686,496
7687,534
7688,406
7689,532
7690,492
7691,438
7692,568
7693,454
7694,482
7695,552
7696,418
7697,519
7698,507
7699,419
7700,554
7701,469
7702,466
7703,587
7704,432
7705,506
7706,523
7707,399
7708,543
7709,482
7710,449
7711,576
7712,445
7713,491
7714,540
7715,410
7716,528
7717,496
7718,430
7719,563
7720,458
7721,475
7722,560
7723,423
7724,515
7725,512
7726,391
7727,550
7728,472
7729,460
7730,583
7731,435
7732,500
7733,529
7734,402
7735,537
7736,486
7737,442
7738,570
7739,450
7740,485
7741,547
7742,415
7743,523
7744,502
7745,423
7746,559
7747,463
7748,470
7749,590
7750,427
7751,509
7752,517
7753,394
7754,546
7755,478
7756,454
7757,579
7758,442
7759,495
7760,535
7761,407
7762,532
7763,492
7764,435
7765,567
7766,453
7767,480
7768,552
7769,420
7770,519
7771,506
7772,416
7773,554
7774,469
7775,464
7776,586
7777,433
7778,504
7779,524
7780,400
7781,542
7782,483
7783,447
7784,575
7785,446
7786,489
7787,541
7788,412
7789,527
7790,498
7791,429
7792,562
7793,460
7794,476
7795,559
7796,424
7797,514
7798,513
7799,392
7800,549
7801,473
7802,459
7803,582
7804,436
7805,499
7806,530
7807,404
7808,538
7809,488
7810,442
7811,570
7812,450
7813,485
7814,547
7815,415
7816,522
7817,503
7818,420
7819,558
7820,464
7821,469
7822,590
7823,428
7824,507
7825,519
7826,396
7827,544
7828,478
7829,452
7830,577
7831,441
7832,494
7833,536
7834,409
7835,531
7836,493
7837,435
7838,566
7839,455
7840,479
7841,556
7842,420
7843,518
7844,509
7845,414
7846,554
7847,470
7848,463
7849,585
7850,432
7851,504
7852,524
7853,401
7854,540
7855,483
7856,448
7857,574
7858,447
7859,487
7860,542
7861,412
7862,525
7863,498
7864,426
7865,561
7866,460
7867,472
7868,563
7869,424
7870,512
7871,513
7872,392
7873,549
7874,475
7875,457
7876,582
7877,438
7878,498
7879,531
7880,405
7881,535
7882,488
7883,439
7884,568
7885,451
7886,483
7887,549
7888,417
7889,521
7890,504
7891,420
7892,557
7893,466
7894,468
7895,588
7896,430
7897,508
7898,519
7899,397
7900,543
7901,478
7902,450
7903,576
7904,442
7905,492
7906,538
7907,410
7908,531
7909,495
7910,433
7911,565
7912,456
7913,478
7914,555
7915,421
7916,517
7917,510
7918,389
7919,552
7920,470
7921,462
7922,584
7923,435
7924,503
7925,527
7926,402
7927,539
7928,484
7929,445
7930,573
7931,447
7932,487
7933,543
7934,413
7935,525
7936,499
7937,428
7938,560
7939,461
7940,473
7941,565
7942,426
7943,510
7944,514
7945,392
7946,548
7947,475
7948,456
7949,580
7950,439
7951,497
7952,532
7953,406
7954,534
7955,489
7956,438
7957,568
7958,452
7959,482
7960,551
7961,418
7962,520
7963,505
7964,419
7965,556
7966,467
7967,468
7968,588
7969,430
7970,506
7971,521
7972,398
7973,544
7974,481
7975,450
7976,576
7977,443
7978,492
7979,538
7980,410
7981,530
7982,494
7983,433
7984,563
7985,457
7986,477
7987,559
7988,423
7989,516
7990,512
7991,391
7992,551
7993,472
7994,462
7995,584
7996,435
7997,501
7998,526
7999,402
8000,538
8001,485
8002,443
8003,572
8004,449
8005,485
8006,545
8007,413
8008,524
8009,501
8010,424
8011,560
8012,462
8013,471
8014,566
8015,427
8016,510
8017,516
8018,393
8019,547
8020,476
8021,454
8022,579
8023,440
8024,497
8025,533
8026,407
8027,534
8028,491
8029,437
8030,568
8031,453
8032,481
8033,552
8034,418
8035,518
8036,505
8037,417
8038,555
8039,467
8040,465
8041,587
8042,431
8043,505
8044,523
8045,399
8046,543
8047,482
8048,448
8049,576
8050,445
8051,490
8052,540
8053,410
8054,528
8055,496
8056,430
8057,563
8058,458
8059,475
8060,560
8061,423
8062,514
8063,513
8064,390
8065,550
8066,471
8067,460
8068,583
8069,437
8070,500
8071,529
8072,403
8073,537
8074,486
8075,442
8076,571
8077,450
8078,485
8079,545
8080,414
8081,523
8082,502
8083,422
8084,559
8085,463
8086,469
8087,590
8088,427
8089,509
8090,518
8091,395
8092,546
8093,478
8094,453
8095,580
8096,441
8097,495
8098,535
8099,407
8100,532
8101,492
8102,435
8103,567
8104,455
8105,480
8106,554
8107,419
8108,520
8109,507
8110,414
8111,554
8112,469
8113,464
8114,586
8115,432
8116,504
8117,524
8118,400
8119,540
8120,481
8121,447
8122,574
8123,446
8124,490
8125,542
8126,412
8127,527
8128,498
8129,429
8130,563
8131,460
8132,474
8133,559
8134,424
8135,514
8136,513
8137,391
8138,550
8139,473
8140,459
8141,583
8142,437
8143,499
8144,530
8145,405
8146,537
8147,488
8148,442
8149,571
8150,449
8151,484
8152,546
8153,416
8154,523
8155,502
8156,421
8157,558
8158,464
8159,470
8160,589
8161,428
8162,508
8163,519
8164,396
8165,544
8166,479
8167,452
8168,578
8169,442
8170,494
8171,536
8172,409
8173,531
8174,494
8175,435
8176,566
8177,456
8178,479
8179,556
8180,421
8181,518
8182,509
8183,414
8184,553
8185,469
8186,463
8187,585
8188,434
8189,503
8190,525
8191,401
8192,542
8193,484
8194,448
8195,573
8196,446
8197,487
8198,542
8199,411
8200,525
8201,498
8202,426
8203,561
8204,460
8205,473
8206,560
8207,425
8208,511
8209,514
8210,392
8211,549
8212,474
8213,457
8214,581
8215,437
8216,497
8217,531
8218,404
8219,534
8220,489
8221,440
8222,569
8223,452
8224,483
8225,551
8226,417
8227,522
8228,505
8229,420
8230,557
8231,466
8232,467
8233,589
8234,429
8235,508
8236,519
8237,397
8238,543
8239,479
8240,452
8241,577
8242,443
8243,493
8244,538
8245,409
8246,530
8247,495
8248,433
8249,564
8250,456
8251,478
8252,557
8253,421
8254,516
8255,510
8256,388
8257,553
8258,471
8259,462
8260,585
8261,434
8262,502
8263,527
8264,401
8265,539
8266,485
8267,444
8268,573
8269,448
8270,487
8271,544
8272,413
8273,525
8274,500
8275,426
8276,561
8277,462
8278,475
8279,564
8280,426
8281,512
8282,514
8283,393
8284,548
8285,475
8286,456
8287,581
8288,440
8289,497
8290,533
8291,405
8292,534
8293,490
8294,438
8295,569
8296,453
8297,482
8298,551
8299,417
8300,520
8301,505
8302,421
8303,555
8304,465
8305,467
8306,588
8307,430
8308,507
8309,522
8310,398
8311,544
8312,481
8313,450
8314,576
8315,444
8316,491
8317,538
8318,409
8319,528
8320,493
8321,431
8322,563
8323,457
8324,477
8325,557
8326,423
8327,517
8328,511
8329,389
8330,552
8331,473
8332,462
8333,585
8334,435
8335,501
8336,528
8337,402
8338,538
8339,486
8340,444
8341,573
8342,449
8343,486
8344,545
8345,414
8346,524
8347,501
8348,424
8349,560
8350,462
8351,470
8352,565
8353,426
8354,510
8355,517
8356,393
8357,547
8358,477
8359,455
8360,580
8361,440
8362,496
8363,531
8364,406
8365,534
8366,492
8367,439
8368,568
8369,454
8370,481
8371,553
8372,419
8373,520
8374,507
8375,420
8376,555
8377,468
8378,467
8379,588
8380,432
8381,505
8382,523
8383,398
8384,542
8385,482
8386,449
8387,576
8388,445
8389,491
8390,540
8391,411
8392,528
8393,497
8394,430
8395,563
8396,459
8397,475
8398,560
8399,422
8400,514
8401,512
8402,390
8403,550
8404,472
8405,459
8406,582
8407,437
8408,502
8409,528
8410,404
8411,538
8412,487
8413,442
8414,571
8415,450
8416,485
8417,546
8418,414
8419,523
8420,500
8421,422
8422,559
8423,463
8424,470
8425,590
8426,427
8427,509
8428,518
8429,394
8430,546
8431,477
8432,453
8433,579
8434,441
8435,495
8436,535
8437,407
8438,532
8439,492
8440,436
8441,567
8442,455
8443,480
8444,554
8445,419
8446,519
8447,508
8448,417
8449,554
8450,468
8451,466
8452,586
8453,433
8454,504
8455,524
8456,400
8457,541
8458,483
8459,448
8460,575
8461,446
8462,490
8463,540
8464,411
8465,527
8466,498
8467,429
8468,562
8469,460
8470,474
8471,559
8472,424
8473,514
8474,514
8475,391
8476,550
8477,474
8478,458
8479,582
8480,436
8481,499
8482,530
8483,403
8484,535
8485,489
8486,441
8487,571
8488,451
8489,484
8490,548
8491,416
8492,524
8493,503
8494,423
8495,557
8496,465
8497,469
8498,589
8499,428
8500,506
8501,518
8502,394
8503,544
8504,478
8505,453
8506,578
8507,442
8508,493
8509,536
8510,408
8511,531
8512,493
8513,434
8514,566
8515,455
8516,478
8517,555
8518,420
8519,517
8520,509
8521,414
8522,553
8523,470
8524,463
8525,586
8526,433
8527,503
8528,525
8529,400
8530,540
8531,484
8532,446
8533,574
8534,445
8535,488
8536,540
8537,412
8538,526
8539,497
8540,427
8541,561
8542,461
8543,473
8544,560
8545,426
8546,513
8547,515
8548,393
8549,548
8550,474
8551,457
8552,581
8553,437
8554,497
8555,531
8556,405
8557,534
8558,488
8559,439
8560,569
8561,452
8562,483
8563,549
8564,416
8565,521
8566,504
8567,419
8568,557
8569,465
8570,467
8571,589
8572,429
8573,507
8574,520
8575,396
8576,544
8577,479
8578,452
8579,577
8580,442
8581,494
8582,536
8583,409
8584,530
8585,495
8586,433
8587,565
8588,457
8589,478
8590,557
8591,422
8592,518
8593,511
8594,389
8595,553
8596,471
8597,462
8598,584
8599,434
8600,502
8601,526
8602,401
8603,538
8604,484
8605,445
8606,573
8607,448
8608,487
8609,544
8610,413
8611,525
8612,500
8613,426
8614,561
8615,462
8616,472
8617,562
8618,426
8619,513
8620,516
8621,394
8622,547
8623,475
8624,457
8625,581
8626,440
8627,497
8628,533
8629,405
8630,534
8631,489
8632,438
8633,569
8634,452
8635,482
8636,551
8637,418
8638,520
8639,505
8640,421
8641,555
8642,466
8643,466
8644,588
8645,431
8646,506
8647,522
8648,398
8649,543
8650,481
8651,450
8652,576
8653,444
8654,491
8655,538
8656,409
8657,529
8658,495
8659,431
8660,564
8661,458
8662,479
8663,559
8664,423
8665,515
8666,510
8667,390
8668,551
8669,471
8670,460
8671,584
8672,435
8673,501
8674,528
8675,402
8676,538
8677,485
8678,444
8679,572
8680,449
8681,486
8682,545
8683,414
8684,524
8685,501
8686,424
8687,560
8688,462
8689,471
8690,565
8691,426
8692,510
8693,517
8694,394
8695,547
8696,477
8697,454
8698,580
8699,440
8700,496
8701,533
8702,406
8703,533
8704,490
8705,438
8706,567
8707,453
8708,482
8709,551
8710,419
8711,520
8712,507
8713,419
8714,555
8715,466
8716,465
8717,587
8718,431
8719,505
8720,523
8721,398
8722,542
8723,482
8724,449
8725,576
8726,445
8727,491
8728,540
8729,410
8730,528
8731,496
8732,430
8733,563
8734,458
8735,475
8736,560
8737,422
8738,514
8739,512
8740,390
8741,551
8742,473
8743,459
8744,583
8745,436
8746,500
8747,526
8748,403
8749,538
8750,486
8751,443
8752,570
8753,450
8754,484
8755,546
8756,414
8757,523
8758,502
8759,423
8760,559
8761,464
8762,471
8763,590
8764,427
8765,509
8766,518
8767,396
8768,545
8769,477
8770,453
8771,579
8772,441
8773,495
8774,535
8775,407
8776,532
8777,492
8778,436
8779,567
8780,454
8781,480
8782,554
8783,420
8784,518
8785,507
8786,417
8787,553
8788,468
8789,464
8790,586
8791,433
8792,505
8793,523
8794,400
8795,542
8796,483
8797,447
8798,575
8799,446
8800,490
8801,541
8802,411
8803,527
8804,496
8805,429
8806,562
8807,460
8808,475
8809,559
8810,425
8811,514
8812,513
8813,391
8814,550
8815,473
8816,458
8817,582
8818,436
8819,499
8820,530
8821,403
8822,536
8823,489
8824,442
8825,571
8826,451
8827,485
8828,549
8829,416
8830,522
8831,503
8832,424
8833,558
8834,463
8835,470
8836,589
8837,429
8838,508
8839,519
8840,396
8841,545
8842,479
8843,452
8844,578
8845,442
8846,494
8847,535
8848,408
8849,531
8850,494
8851,434
8852,566
8853,455
8854,479
8855,554
8856,420
8857,517
8858,509
8859,415
8860,554
8861,470
8862,463
8863,586
8864,433
8865,503
8866,525
8867,400
8868,539
8869,484
8870,446
8871,574
8872,447
8873,488
8874,543
8875,412
8876,527
8877,498
8878,429
8879,561
8880,459
8881,473
8882,560
8883,425
8884,512
8885,514
8886,391
8887,549
8888,474
8889,458
8890,582
8891,438
8892,498
8893,531
8894,405
8895,535
8896,489
8897,440
8898,570
8899,452
8900,483
8901,549
8902,416
8903,521
8904,504
8905,419
8906,557
8907,465
8908,468
8909,589
8910,429
8911,508
8912,519
8913,396
8914,544
8915,480
8916,451
8917,577
8918,441
8919,493
8920,536
8921,409
8922,531
8923,496
8924,434
8925,566
8926,457
8927,478
8928,556
8929,422
8930,517
8931,510
8932,389
8933,552
8934,470
8935,462
8936,584
8937,435
8938,502
8939,527
8940,402
8941,539
8942,484
8943,445
8944,573
8945,448
8946,488
8947,544
8948,414
8949,525
8950,499
8951,425
8952,560
8953,460
8954,472
8955,565
8956,426
8957,512
8958,516
8959,394
8960,548
8961,475
8962,457
8963,580
8964,439
8965,498
8966,531
8967,405
8968,534
8969,490
8970,438
8971,569
8972,453
8973,482
8974,551
8975,419
8976,521
8977,506
8978,421
8979,556
8980,467
8981,466
8982,588
8983,430
8984,506
8985,521
8986,397
8987,543
8988,481
8989,450
8990,576
8991,444
8992,491
8993,538
8994,409
8995,529
8996,495
8997,431
8998,564
8999,457
9000,476
9001,558
9002,422
9003,517
9004,511
9005,390
9006,551
9007,471
9008,462
9009,584
9010,435
9011,501
9012,527
9013,402
9014,538
9015,486
9016,443
9017,572
9018,448
9019,486
9020,545
9021,414
9022,524
9023,501
9024,424
9025,560
9026,463
9027,471
9028,565
9029,426
9030,510
9031,517
9032,394
9033,547
9034,476
9035,454
9036,580
9037,440
9038,496
9039,534
9040,407
9041,533
9042,492
9043,437
9044,568
9045,454
9046,484
9047,553
9048,419
9049,520
9050,505
9051,417
9052,555
9053,468
9054,465
9055,587
9056,431
9057,506
9058,524
9059,399
9060,543
9061,483
9062,449
9063,576
9064,445
9065,490
9066,540
9067,410
9068,528
9069,496
9070,430
9071,562
9072,457
9073,475
9074,560
9075,423
9076,514
9077,512
9078,391
9079,550
9080,472
9081,459
9082,583
9083,435
9084,499
9085,529
9086,403
9087,537
9088,486
9089,444
9090,570
9091,449
9092,485
9093,545
9094,415
9095,523
9096,502
9097,422
9098,559
9099,463
9100,469
9101,590
9102,427
9103,509
9104,518
9105,394
9106,546
9107,478
9108,455
9109,579
9110,441
9111,496
9112,535
9113,408
9114,532
9115,491
9116,435
9117,566
9118,453
9119,480
9120,554
9121,419
9122,518
9123,508
9124,418
9125,554
9126,469
9127,464
9128,586
9129,432
9130,504
9131,521
9132,399
9133,541
9134,481
9135,448
9136,574
9137,446
9138,490
9139,542
9140,413
9141,527
9142,498
9143,429
9144,562
9145,460
9146,476
9147,560
9148,423
9149,513
9150,511
9151,390
9152,549
9153,474
9154,459
9155,582
9156,437
9157,499
9158,530
9159,404
9160,536
9161,488
9162,442
9163,572
9164,451
9165,484
9166,548
9167,416
9168,522
9169,503
9170,421
9171,559
9172,465
9173,469
9174,589
9175,429
9176,508
9177,518
9178,396
9179,544
9180,478
9181,452
9182,577
9183,441
9184,493
9185,536
9186,408
9187,531
9188,492
9189,434
9190,565
9191,455
9192,479
9193,554
9194,421
9195,518
9196,508
9197,414
9198,553
9199,469
9200,464
9201,585
9202,432
9203,503
9204,525
9205,400
9206,540
9207,483
9208,446
9209,574
9210,447
9211,488
9212,543
9213,413
9214,526
9215,497
9216,430
9217,561
9218,460
9219,474
9220,564
9221,426
9222,512
9223,515
9224,392
9225,549
9226,475
9227,457
9228,582
9229,437
9230,498
9231,530
9232,404
9233,535
9234,489
9235,439
9236,570
9237,452
9238,483
9239,550
9240,417
9241,521
9242,505
9243,420
9244,558
9245,466
9246,467
9247,588
9248,429
9249,507
9250,520
9251,396
9252,544
9253,479
9254,451
9255,578
9256,443
9257,493
9258,538
9259,409
9260,531
9261,494
9262,435
9263,565
9264,456
9265,478
9266,557
9267,421
9268,516
9269,510
9270,389
9271,552
9272,470
9273,462
9274,584
9275,435
9276,502
9277,527
9278,402
9279,539
9280,484
9281,445
9282,573
9283,448
9284,487
9285,544
9286,413
9287,525
9288,500
9289,426
9290,561
9291,462
9292,472
9293,562
9294,427
9295,512
9296,516
9297,392
9298,548
9299,475
9300,456
9301,581
9302,438
9303,498
9304,531
9305,406
9306,535
9307,489
9308,439
9309,569
9310,453
9311,482
9312,551
9313,417
9314,520
9315,505
9316,419
9317,556
9318,467
9319,466
9320,589
9321,430
9322,506
9323,522
9324,399
9325,543
9326,481
9327,450
9328,576
9329,444
9330,492
9331,538
9332,410
9333,528
9334,495
9335,431
9336,563
9337,457
9338,476
9339,557
9340,422
9341,515
9342,510
9343,389
9344,552
9345,472
9346,462
9347,584
9348,436
9349,502
9350,526
9351,402
9352,538
9353,485
9354,443
9355,572
9356,449
9357,486
9358,546
9359,415
9360,526
9361,501
9362,424
9363,560
9364,462
9365,471
9366,590
9367,427
9368,510
9369,517
9370,393
9371,547
9372,477
9373,455
9374,580
9375,441
9376,496
9377,534
9378,406
9379,533
9380,492
9381,437
9382,568
9383,454
9384,481
9385,552
9386,419
9387,521
9388,507
9389,417
9390,555
9391,469
9392,467
9393,589
9394,432
9395,506
9396,523
9397,399
9398,543
9399,482
9400,448
9401,576
9402,445
9403,490
9404,540
9405,411
9406,528
9407,496
9408,430
9409,564
9410,459
9411,476
9412,560
9413,423
9414,514
9415,512
9416,390
9417,550
9418,471
9419,458
9420,582
9421,436
9422,500
9423,528
9424,403
9425,537
9426,486
9427,442
9428,571
9429,450
9430,488
9431,547
9432,415
9433,524
9434,501
9435,424
9436,559
9437,463
9438,471
9439,590
9440,427
9441,509
9442,518
9443,395
9444,546
9445,478
9446,453
9447,579
9448,441
9449,495
9450,535
9451,408
9452,533
9453,493
9454,436
9455,567
9456,454
9457,480
9458,555
9459,420
9460,519
9461,508
9462,415
9463,554
9464,467
9465,464
9466,585
9467,433
9468,505
9469,524
9470,400
9471,540
9472,482
9473,448
9474,574
9475,446
9476,491
9477,541
9478,412
9479,527
9480,498
9481,428
9482,563
9483,459
9484,474
9485,558
9486,424
9487,514
9488,514
9489,391
9490,550
9491,474
9492,459
9493,582
9494,437
9495,499
9496,530
9497,404
9498,536
9499,488
9500,441
9501,570
9502,450
9503,484
9504,548
9505,417
9506,522
9507,502
9508,421
9509,557
9510,464
9511,469
9512,589
9513,429
9514,509
9515,517
9516,396
9517,544
9518,478
9519,452
9520,577
9521,442
9522,495
9523,536
9524,409
9525,531
9526,493
9527,435
9528,565
9529,456
9530,480
9531,556
9532,421
9533,518
9534,509
9535,388
9536,553
9537,468
9538,463
9539,585
9540,433
9541,503
9542,525
9543,401
9544,540
9545,483
9546,446
9547,574
9548,447
9549,488
9550,543
9551,413
9552,527
9553,499
9554,429
9555,562
9556,461
9557,475
9558,560
9559,425
9560,514
9561,514
9562,393
9563,548
9564,474
9565,457
9566,581
9567,437
9568,498
9569,531
9570,405
9571,535
9572,489
9573,440
9574,570
9575,451
9576,484
9577,550
9578,418
9579,522
9580,505
9581,421
9582,557
9583,465
9584,467
9585,588
9586,430
9587,508
9588,520
9589,398
9590,543
9591,479
9592,450
9593,576
9594,442
9595,492
9596,536
9597,408
9598,529
9599,493
9600,435
9601,565
9602,455
9603,478
9604,555
9605,422
9606,517
9607,510
9608,389
9609,553
9610,471
9611,462
9612,585
9613,434
9614,502
9615,525
9616,400
9617,539
9618,485
9619,444
9620,573
9621,448
9622,487
9623,544
9624,413
9625,525
9626,500
9627,426
9628,561
9629,462
9630,472
9631,562
9632,426
9633,511
9634,516
9635,393
9636,548
9637,476
9638,456
9639,581
9640,440
9641,497
9642,533
9643,406
9644,535
9645,489
9646,440
9647,568
9648,452
9649,482
9650,551
9651,417
9652,520
9653,505
9654,421
9655,555
9656,466
9657,467
9658,587
9659,430
9660,506
9661,522
9662,398
9663,544
9664,481
9665,450
9666,576
9667,444
9668,491
9669,538
9670,409
9671,529
9672,495
9673,431
9674,564
9675,457
9676,476
9677,559
9678,423
9679,516
9680,511
9681,389
9682,552
9683,472
9684,461
9685,584
9686,436
9687,502
9688,526
9689,403
9690,539
9691,485
9692,444
9693,573
9694,450
9695,487
9696,546
9697,414
9698,524
9699,501
9700,425
9701,560
9702,462
9703,471
9704,590
9705,427
9706,510
9707,517
9708,394
9709,546
9710,476
9711,455
9712,579
9713,440
9714,496
9715,533
9716,407
9717,533
9718,490
9719,437
9720,567
9721,454
9722,481
9723,552
9724,419
9725,520
9726,507
9727,416
9728,555
9729,467
9730,466
9731,586
9732,432
9733,506
9734,521
9735,398
9736,542
9737,482
9738,448
9739,576
9740,445
9741,490
9742,540
9743,411
9744,529
9745,497
9746,430
9747,564
9748,459
9749,475
9750,558
9751,422
9752,514
9753,512
9754,391
9755,550
9756,471
9757,459
9758,582
9759,437
9760,500
9761,529
9762,403
9763,537
9764,487
9765,441
9766,571
9767,450
9768,485
9769,547
9770,414
9771,524
9772,501
9773,424
9774,558
9775,464
9776,471
9777,590
9778,427
9779,509
9780,518
9781,394
9782,546
9783,477
9784,453
9785,578
9786,440
9787,494
9788,535
9789,407
9790,532
9791,492
9792,436
9793,567
9794,455
9795,480
9796,554
9797,419
9798,518
9799,508
9800,414
9801,554
9802,470
9803,465
9804,587
9805,432
9806,504
9807,524
9808,400
9809,541
9810,483
9811,448
9812,575
9813,446
9814,490
9815,540
9816,411
9817,527
9818,496
9819,429
9820,562
9821,460
9822,474
9823,560
9824,424
9825,513
9826,513
9827,391
9828,550
9829,473
9830,458
9831,582
9832,436
9833,499
9834,530
9835,404
9836,536
9837,488
9838,441
9839,571
9840,451
9841,485
9842,549
9843,416
9844,523
9845,504
9846,421
9847,558
9848,464
9849,468
9850,590
9851,428
9852,508
9853,519
9854,396
9855,544
9856,477
9857,453
9858,578
9859,441
9860,495
9861,535
9862,409
9863,531
9864,493
9865,434
9866,566
9867,455
9868,478
9869,555
9870,421
9871,518
9872,509
9873,415
9874,554
9875,470
9876,463
9877,586
9878,433
9879,503
9880,524
9881,400
9882,539
9883,484
9884,446
9885,574
9886,447
9887,488
9888,543
9889,412
9890,526
9891,499
9892,427
9893,562
9894,461
9895,473
9896,564
9897,424
9898,512
9899,513
9900,392
9901,548
9902,474
9903,457
9904,580
9905,438
9906,498
9907,532
9908,405
9909,535
9910,489
9911,440
9912,569
9913,451
9914,483
9915,548
9916,416
9917,521
9918,503
9919,419
9920,556
9921,465
9922,468
9923,589
9924,430
9925,508
9926,521
9927,396
9928,544
9929,480
9930,451
9931,577
9932,443
9933,493
9934,538
9935,409
9936,530
9937,494
9938,432
9939,564
9940,456
9941,478
9942,557
9943,422
9944,516
9945,509
9946,389
9947,552
9948,469
9949,461
9950,584
9951,434
9952,503
9953,526
9954,401
9955,538
9956,484
9957,445
9958,572
9959,448
9960,486
9961,543
9962,413
9963,524
9964,498
9965,425
9966,560
9967,461
9968,473
9969,563
9970,425
9971,509
9972,513
9973,392
9974,547
9975,475
9976,457
9977,580
9978,439
9979,498
9980,532
9981,406
9982,535
9983,490
9984,439
9985,568
9986,451
9987,483
9988,549
9989,418
9990,520
9991,505
9992,418
9993,556
9994,467
9995,467
9996,587
9997,431
9998,507
9999,521
10000,398
