1,89
2,70
3,54
4,41
5,32
6,26
7,179
8,346
9,480
10,587
11,673
12,741
13,795
14,839
15,873
16,900
17,922
18,895
19,705
20,553
21,432
22,338
23,265
24,208
25,163
26,129
27,103
28,81
29,65
30,183
31,352
32,487
33,595
34,681
35,748
36,802
37,844
38,878
39,905
40,926
41,943
42,739
43,581
44,457
45,358
46,280
47,220
48,174
49,137
50,109
51,86
52,69
53,152
54,328
55,468
56,580
57,668
58,738
59,794
60,838
61,873
62,901
63,923
64,941
65,771
66,607
67,476
68,372
69,292
70,230
71,181
72,143
73,114
74,90
75,72
76,121
77,303
78,448
79,564
80,656
81,729
82,786
83,832
84,869
85,897
86,920
87,939
88,803
89,633
90,495
91,389
92,305
93,240
94,189
95,149
96,119
97,94
98,75
99,83
100,275
101,425
102,546
103,642
104,717
105,778
106,825
107,863
108,893
109,917
110,936
111,837
112,659
113,517
114,405
115,317
116,250
117,196
118,155
119,123
120,98
121,78
122,63
123,245
124,403
125,528
126,627
127,706
128,768
129,818
130,857
131,888
132,914
133,934
134,869
135,685
136,538
137,421
138,330
139,260
140,204
141,161
142,128
143,102
144,81
145,65
146,215
147,379
148,509
149,613
150,694
151,759
152,811
153,852
154,884
155,910
156,930
157,904
158,714
159,561
160,439
161,345
162,270
163,213
164,168
165,133
166,106
167,84
168,67
169,184
170,354
171,490
172,597
173,681
174,749
175,802
176,845
177,879
178,906
179,927
180,944
181,743
182,584
183,458
184,359
185,282
186,222
187,175
188,138
189,110
190,88
191,70
192,152
193,328
194,468
195,580
196,669
197,739
198,795
199,840
200,874
201,902
202,924
203,942
204,774
205,607
206,476
207,373
208,293
209,230
210,181
211,144
212,114
213,91
214,73
215,117
216,300
217,446
218,562
219,655
220,729
221,787
222,833
223,869
224,897
225,921
226,939
227,805
228,633
229,497
230,389
231,305
232,240
233,189
234,149
235,118
236,94
237,76
238,83
239,274
240,425
241,544
242,641
243,716
244,777
245,825
246,863
247,893
248,918
249,936
250,838
251,660
252,517
253,405
254,318
255,250
256,197
257,155
258,123
259,98
260,79
261,63
262,245
263,400
264,527
265,627
266,705
267,768
268,818
269,858
270,889
271,914
272,934
273,871
274,687
275,540
276,423
277,331
278,260
279,205
280,161
281,128
282,102
283,82
284,65
285,215
286,378
287,508
288,612
289,694
290,759
291,811
292,852
293,884
294,910
295,930
296,907
297,716
298,563
299,441
300,346
301,272
302,214
303,169
304,134
305,107
306,85
307,68
308,183
309,353
310,488
311,596
312,681
313,749
314,803
315,845
316,879
317,906
318,927
319,945
320,743
321,585
322,458
323,360
324,282
325,222
326,175
327,139
328,110
329,88
330,70
331,152
332,327
333,466
334,579
335,668
336,738
337,794
338,839
339,874
340,901
341,924
342,942
343,774
344,611
345,479
346,375
347,295
348,231
349,182
350,144
351,114
352,91
353,73
354,116
355,301
356,446
357,562
358,655
359,728
360,785
361,831
362,868
363,897
364,921
365,939
366,807
367,635
368,499
369,391
370,307
371,241
372,190
373,150
374,120
375,95
376,76
377,80
378,273
379,424
380,545
381,641
382,717
383,777
384,825
385,863
386,893
387,917
388,936
389,838
390,662
391,519
392,407
393,319
394,250
395,197
396,156
397,124
398,98
399,78
400,63
401,242
402,401
403,525
404,626
405,705
406,768
407,817
408,857
409,888
410,913
411,933
412,872
413,688
414,540
415,423
416,332
417,261
418,205
419,163
420,129
421,103
422,82
423,65
424,212
425,377
426,507
427,611
428,693
429,758
430,810
431,851
432,883
433,910
434,930
435,908
436,716
437,562
438,440
439,345
440,271
441,213
442,168
443,134
444,106
445,85
446,68
447,181
448,352
449,487
450,594
451,681
452,749
453,802
454,845
455,879
456,906
457,927
458,944
459,745
460,586
461,460
462,360
463,283
464,222
465,175
466,139
467,110
468,88
469,70
470,152
471,326
472,466
473,578
474,667
475,737
476,794
477,838
478,873
479,901
480,924
481,942
482,778
483,612
484,480
485,377
486,295
487,232
488,183
489,145
490,115
491,91
492,73
493,114
494,299
495,445
496,561
497,654
498,727
499,785
500,832
501,868
502,898
503,921
504,939
505,809
506,636
507,499
508,391
509,307
510,241
511,189
512,150
513,119
514,95
515,76
516,54
517,270
518,423
519,544
520,640
521,715
522,777
523,824
524,863
525,893
526,917
527,936
528,841
529,663
530,520
531,407
532,320
533,251
534,198
535,156
536,124
537,98
538,79
539,63
540,241
541,399
542,525
543,625
544,704
545,767
546,817
547,857
548,888
549,913
550,933
551,874
552,689
553,541
554,424
555,333
556,261
557,206
558,163
559,129
560,102
561,82
562,65
563,210
564,375
565,506
566,610
567,693
568,758
569,810
570,851
571,884
572,909
573,930
574,910
575,720
576,564
577,442
578,346
579,272
580,214
581,169
582,133
583,106
584,85
585,68
586,180
587,350
588,487
589,594
590,680
591,748
592,801
593,844
594,878
595,905
596,927
597,944
598,749
599,589
600,462
601,362
602,284
603,224
604,176
605,140
606,111
607,88
608,70
609,147
610,325
611,466
612,578
613,667
614,738
615,794
616,838
617,873
618,901
619,924
620,942
621,778
622,612
623,480
624,376
625,295
626,232
627,183
628,144
629,114
630,92
631,73
632,113
633,297
634,444
635,561
636,654
637,727
638,785
639,831
640,868
641,897
642,920
643,938
644,808
645,638
646,500
647,391
648,307
649,241
650,191
651,150
652,119
653,95
654,76
655,55
656,270
657,421
658,543
659,639
660,715
661,776
662,824
663,862
664,893
665,917
666,936
667,843
668,664
669,521
670,408
671,320
672,252
673,198
674,156
675,125
676,99
677,79
678,63
679,240
680,399
681,525
682,625
683,705
684,766
685,817
686,857
687,888
688,913
689,933
690,877
691,691
692,543
693,425
694,334
695,262
696,206
697,162
698,129
699,102
700,82
701,65
702,209
703,374
704,505
705,609
706,692
707,757
708,809
709,850
710,883
711,909
712,930
713,912
714,719
715,565
716,443
717,347
718,273
719,215
720,169
721,134
722,107
723,85
724,68
725,178
726,348
727,484
728,593
729,679
730,747
731,802
732,844
733,878
734,905
735,927
736,944
737,750
738,588
739,461
740,361
741,284
742,223
743,176
744,139
745,110
746,88
747,70
748,145
749,323
750,464
751,577
752,666
753,737
754,793
755,838
756,873
757,901
758,924
759,942
760,780
761,613
762,481
763,376
764,295
765,232
766,183
767,145
768,115
769,92
770,73
771,111
772,295
773,442
774,560
775,653
776,726
777,784
778,831
779,868
780,897
781,920
782,938
783,812
784,639
785,501
786,393
787,308
788,242
789,191
790,151
791,120
792,95
793,76
794,56
795,269
796,420
797,542
798,639
799,715
800,776
801,824
802,862
803,892
804,916
805,936
806,844
807,665
808,522
809,409
810,322
811,252
812,199
813,157
814,124
815,99
816,79
817,63
818,238
819,397
820,523
821,624
822,703
823,766
824,816
825,856
826,888
827,912
828,932
829,878
830,693
831,544
832,427
833,334
834,263
835,207
836,164
837,130
838,103
839,82
840,66
841,208
842,373
843,504
844,609
845,691
846,757
847,809
848,850
849,883
850,909
851,930
852,915
853,721
854,568
855,445
856,349
857,274
858,215
859,170
860,134
861,107
862,85
863,68
864,176
865,348
866,484
867,593
868,679
869,747
870,801
871,844
872,878
873,905
874,926
875,944
876,751
877,590
878,462
879,362
880,284
881,223
882,176
883,140
884,111
885,88
886,71
887,144
888,322
889,463
890,576
891,665
892,736
893,792
894,837
895,873
896,901
897,923
898,941
899,781
900,616
901,484
902,378
903,297
904,233
905,184
906,146
907,116
908,92
909,74
910,109
911,296
912,442
913,559
914,653
915,726
916,785
917,831
918,868
919,897
920,920
921,939
922,814
923,641
924,503
925,394
926,309
927,243
928,191
929,151
930,120
931,95
932,76
933,56
934,267
935,419
936,541
937,638
938,714
939,775
940,824
941,861
942,892
943,916
944,935
945,846
946,666
947,523
948,410
949,321
950,252
951,199
952,157
953,125
954,99
955,79
956,63
957,237
958,396
959,522
960,623
961,703
962,766
963,816
964,856
965,888
966,913
967,933
968,880
969,694
970,544
971,426
972,334
973,263
974,207
975,163
976,129
977,103
978,82
979,66
980,206
981,372
982,502
983,607
984,690
985,756
986,808
987,850
988,883
989,909
990,930
991,915
992,723
993,568
994,445
995,348
996,274
997,215
998,170
999,134
1000,107
1001,85
1002,68
1003,175
1004,347
1005,482
1006,592
1007,677
1008,746
1009,800
1010,843
1011,878
1012,904
1013,926
1014,944
1015,753
1016,592
1017,465
1018,364
1019,286
1020,225
1021,177
1022,140
1023,112
1024,89
1025,71
1026,142
1027,321
1028,463
1029,575
1030,665
1031,735
1032,792
1033,837
1034,872
1035,901
1036,923
1037,941
1038,782
1039,617
1040,483
1041,380
1042,298
1043,234
1044,184
1045,146
1046,116
1047,92
1048,73
1049,109
1050,292
1051,440
1052,557
1053,651
1054,725
1055,784
1056,830
1057,867
1058,896
1059,919
1060,938
1061,813
1062,642
1063,503
1064,394
1065,310
1066,243
1067,192
1068,152
1069,120
1070,96
1071,76
1072,56
1073,265
1074,417
1075,539
1076,637
1077,713
1078,775
1079,823
1080,861
1081,892
1082,916
1083,935
1084,847
1085,669
1086,525
1087,410
1088,322
1089,253
1090,200
1091,158
1092,125
1093,99
1094,79
1095,64
1096,235
1097,394
1098,521
1099,622
1100,702
1101,765
1102,816
1103,855
1104,888
1105,912
1106,932
1107,879
1108,697
1109,546
1110,427
1111,336
1112,264
1113,208
1114,164
1115,130
1116,104
1117,82
1118,66
1119,206
1120,371
1121,502
1122,607
1123,690
1124,756
1125,808
1126,849
1127,882
1128,908
1129,929
1130,917
1131,723
1132,570
1133,446
1134,350
1135,275
1136,217
1137,171
1138,135
1139,108
1140,86
1141,69
1142,173
1143,346
1144,481
1145,590
1146,678
1147,745
1148,801
1149,844
1150,878
1151,904
1152,927
1153,944
1154,754
1155,593
1156,465
1157,364
1158,286
1159,225
1160,177
1161,140
1162,111
1163,89
1164,71
1165,141
1166,320
1167,460
1168,574
1169,664
1170,735
1171,792
1172,837
1173,872
1174,900
1175,923
1176,941
1177,783
1178,618
1179,483
1180,379
1181,297
1182,234
1183,184
1184,146
1185,116
1186,92
1187,74
1188,106
1189,291
1190,440
1191,556
1192,650
1193,724
1194,783
1195,830
1196,867
1197,896
1198,920
1199,939
1200,815
1201,644
1202,505
1203,395
1204,311
1205,244
1206,192
1207,151
1208,121
1209,96
1210,76
1211,56
1212,264
1213,416
1214,539
1215,636
1216,714
1217,774
1218,823
1219,861
1220,892
1221,916
1222,936
1223,848
1224,671
1225,526
1226,413
1227,323
1228,254
1229,199
1230,158
1231,125
1232,99
1233,80
1234,64
1235,234
1236,394
1237,520
1238,621
1239,701
1240,765
1241,815
1242,855
1243,887
1244,912
1245,932
1246,883
1247,696
1248,548
1249,429
1250,337
1251,264
1252,208
1253,164
1254,130
1255,103
1256,83
1257,66
1258,204
1259,370
1260,500
1261,606
1262,689
1263,755
1264,808
1265,849
1266,882
1267,908
1268,929
1269,919
1270,724
1271,570
1272,446
1273,350
1274,275
1275,216
1276,170
1277,135
1278,107
1279,86
1280,68
1281,172
1282,344
1283,481
1284,590
1285,677
1286,745
1287,799
1288,843
1289,877
1290,904
1291,926
1292,943
1293,755
1294,593
1295,466
1296,365
1297,286
1298,225
1299,178
1300,140
1301,112
1302,88
1303,71
1304,139
1305,317
1306,460
1307,573
1308,664
1309,734
1310,792
1311,836
1312,872
1313,900
1314,923
1315,941
1316,786
1317,618
1318,486
1319,381
1320,298
1321,235
1322,185
1323,146
1324,116
1325,93
1326,74
1327,104
1328,291
1329,438
1330,555
1331,650
1332,724
1333,783
1334,830
1335,867
1336,896
1337,919
1338,938
1339,817
1340,644
1341,506
1342,396
1343,311
1344,244
1345,192
1346,152
1347,121
1348,96
1349,77
1350,57
1351,263
1352,415
1353,537
1354,636
1355,712
1356,774
1357,822
1358,861
1359,891
1360,915
1361,935
1362,850
1363,670
1364,527
1365,413
1366,323
1367,255
1368,200
1369,158
1370,125
1371,100
1372,80
1373,64
1374,232
1375,392
1376,519
1377,621
1378,700
1379,765
1380,815
1381,855
1382,887
1383,912
1384,932
1385,884
1386,697
1387,549
1388,429
1389,337
1390,264
1391,209
1392,164
1393,130
1394,103
1395,83
1396,66
1397,202
1398,368
1399,499
1400,605
1401,688
1402,755
1403,807
1404,849
1405,882
1406,908
1407,930
1408,920
1409,727
1410,571
1411,448
1412,351
1413,275
1414,217
1415,171
1416,135
1417,108
1418,86
1419,69
1420,171
1421,342
1422,480
1423,589
1424,676
1425,744
1426,799
1427,842
1428,877
1429,904
1430,926
1431,943
1432,757
1433,595
1434,468
1435,366
1436,288
1437,226
1438,178
1439,141
1440,112
1441,90
1442,71
1443,138
1444,316
1445,460
1446,572
1447,663
1448,734
1449,791
1450,836
1451,872
1452,900
1453,923
1454,941
1455,787
1456,620
1457,485
1458,381
1459,298
1460,235
1461,185
1462,146
1463,116
1464,92
1465,74
1466,102
1467,290
1468,437
1469,556
1470,649
1471,724
1472,782
1473,829
1474,866
1475,896
1476,919
1477,938
1478,817
1479,646
1480,505
1481,397
1482,311
1483,245
1484,192
1485,153
1486,121
1487,96
1488,77
1489,60
1490,262
1491,414
1492,537
1493,634
1494,711
1495,773
1496,821
1497,860
1498,891
1499,915
1500,936
1501,851
1502,673
1503,527
1504,414
1505,324
1506,255
1507,200
1508,158
1509,126
1510,100
1511,80
1512,64
1513,231
1514,392
1515,518
1516,620
1517,700
1518,764
1519,814
1520,855
1521,886
1522,912
1523,932
1524,886
1525,700
1526,551
1527,430
1528,338
1529,265
1530,209
1531,164
1532,130
1533,104
1534,83
1535,66
1536,202
1537,367
1538,499
1539,605
1540,688
1541,754
1542,807
1543,848
1544,882
1545,908
1546,929
1547,921
1548,729
1549,572
1550,450
1551,352
1552,277
1553,218
1554,172
1555,136
1556,108
1557,86
1558,69
1559,169
1560,342
1561,478
1562,589
1563,675
1564,744
1565,799
1566,842
1567,877
1568,904
1569,926
1570,944
1571,757
1572,596
1573,467
1574,366
1575,287
1576,226
1577,178
1578,141
1579,112
1580,89
1581,72
1582,137
1583,316
1584,458
1585,571
1586,663
1587,733
1588,791
1589,835
1590,871
1591,899
1592,923
1593,940
1594,789
1595,621
1596,487
1597,381
1598,300
1599,235
1600,186
1601,147
1602,116
1603,93
1604,74
1605,102
1606,287
1607,436
1608,554
1609,648
1610,722
1611,781
1612,829
1613,866
1614,896
1615,919
1616,938
1617,819
1618,648
1619,508
1620,398
1621,313
1622,246
1623,193
1624,153
1625,121
1626,96
1627,77
1628,62
1629,260
1630,413
1631,537
1632,634
1633,712
1634,773
1635,822
1636,860
1637,892
1638,915
1639,935
1640,852
1641,674
1642,528
1643,415
1644,325
1645,256
1646,201
1647,159
1648,126
1649,100
1650,80
1651,64
1652,230
1653,389
1654,518
1655,619
1656,700
1657,764
1658,814
1659,854
1660,886
1661,911
1662,932
1663,886
1664,699
1665,551
1666,432
1667,338
1668,266
1669,209
1670,165
1671,131
1672,104
1673,83
1674,66
1675,199
1676,366
1677,498
1678,604
1679,687
1680,754
1681,806
1682,848
1683,882
1684,908
1685,929
1686,925
1687,728
1688,574
1689,450
1690,353
1691,277
1692,217
1693,172
1694,136
1695,108
1696,86
1697,69
1698,169
1699,339
1700,477
1701,588
1702,674
1703,744
1704,799
1705,842
1706,877
1707,904
1708,926
1709,943
1710,760
1711,598
1712,469
1713,366
1714,288
1715,226
1716,178
1717,141
1718,112
1719,89
1720,71
1721,134
1722,315
1723,456
1724,571
1725,661
1726,734
1727,789
1728,836
1729,871
1730,900
1731,922
1732,941
1733,790
1734,623
1735,488
1736,383
1737,300
1738,236
1739,186
1740,147
1741,117
1742,93
1743,74
1744,99
1745,287
1746,434
1747,554
1748,647
1749,723
1750,782
1751,828
1752,866
1753,895
1754,919
1755,938
1756,821
1757,649
1758,508
1759,399
1760,313
1761,246
1762,193
1763,153
1764,121
1765,96
1766,77
1767,62
1768,257
1769,411
1770,536
1771,633
1772,711
1773,772
1774,821
1775,860
1776,891
1777,915
1778,934
1779,854
1780,676
1781,529
1782,416
1783,325
1784,257
1785,201
1786,159
1787,126
1788,100
1789,80
1790,64
1791,228
1792,389
1793,517
1794,619
1795,699
1796,763
1797,814
1798,854
1799,886
1800,912
1801,932
1802,889
1803,703
1804,551
1805,432
1806,339
1807,266
1808,209
1809,165
1810,131
1811,104
1812,83
1813,66
1814,198
1815,365
1816,496
1817,602
1818,687
1819,753
1820,806
1821,848
1822,881
1823,908
1824,929
1825,946
1826,730
1827,575
1828,450
1829,353
1830,277
1831,218
1832,172
1833,136
1834,108
1835,86
1836,69
1837,166
1838,338
1839,476
1840,586
1841,674
1842,743
1843,798
1844,841
1845,876
1846,903
1847,925
1848,943
1849,760
1850,600
1851,470
1852,369
1853,289
1854,228
1855,179
1856,143
1857,113
1858,90
1859,72
1860,133
1861,312
1862,456
1863,570
1864,661
1865,733
1866,790
1867,835
1868,871
1869,899
1870,922
1871,940
1872,793
1873,624
1874,490
1875,383
1876,302
1877,237
1878,186
1879,147
1880,117
1881,93
1882,74
1883,99
1884,286
1885,433
1886,553
1887,647
1888,722
1889,781
1890,829
1891,866
1892,895
1893,918
1894,937
1895,822
1896,650
1897,508
1898,399
1899,313
1900,246
1901,194
1902,153
1903,121
1904,97
1905,77
1906,62
1907,258
1908,410
1909,535
1910,632
1911,711
1912,772
1913,821
1914,860
1915,891
1916,915
1917,935
1918,855
1919,677
1920,530
1921,415
1922,326
1923,256
1924,202
1925,159
1926,126
1927,100
1928,80
1929,64
1930,227
1931,388
1932,515
1933,618
1934,699
1935,763
1936,813
1937,854
1938,886
1939,912
1940,931
1941,890
1942,705
1943,553
1944,434
1945,339
1946,267
1947,209
1948,165
1949,131
1950,104
1951,83
1952,66
1953,196
1954,364
1955,496
1956,603
1957,686
1958,753
1959,805
1960,848
1961,880
1962,908
1963,929
1964,945
1965,734
1966,577
1967,453
1968,355
1969,278
1970,219
1971,173
1972,137
1973,109
1974,87
1975,70
1976,164
1977,339
1978,475
1979,586
1980,673
1981,743
1982,797
1983,841
1984,876
1985,903
1986,926
1987,943
1988,761
1989,601
1990,470
1991,369
1992,289
1993,228
1994,179
1995,142
1996,112
1997,89
1998,72
1999,131
2000,312
2001,454
2002,569
2003,660
2004,732
2005,789
2006,834
2007,870
2008,899
2009,922
2010,940
2011,792
2012,625
2013,489
2014,384
2015,301
2016,237
2017,186
2018,147
2019,117
2020,94
2021,75
2022,95
2023,285
2024,432
2025,552
2026,646
2027,721
2028,780
2029,828
2030,865
2031,895
2032,918
2033,938
2034,824
2035,652
2036,511
2037,401
2038,314
2039,247
2040,195
2041,154
2042,122
2043,97
2044,78
2045,62
2046,256
2047,409
2048,534
2049,632
2050,710
2051,772
2052,821
2053,860
2054,890
2055,915
2056,935
2057,857
2058,678
2059,533
2060,416
2061,327
2062,257
2063,202
2064,160
2065,127
2066,101
2067,80
2068,64
2069,225
2070,387
2071,514
2072,617
2073,698
2074,762
2075,813
2076,854
2077,885
2078,911
2079,931
2080,893
2081,706
2082,554
2083,435
2084,341
2085,268
2086,211
2087,167
2088,132
2089,105
2090,84
2091,67
2092,195
2093,362
2094,496
2095,602
2096,686
2097,752
2098,806
2099,847
2100,881
2101,907
2102,928
2103,945
2104,733
2105,577
2106,452
2107,355
2108,278
2109,219
2110,173
2111,137
2112,108
2113,87
2114,69
2115,163
2116,336
2117,474
2118,586
2119,672
2120,742
2121,797
2122,841
2123,876
2124,903
2125,925
2126,943
2127,762
2128,601
2129,471
2130,369
2131,290
2132,227
2133,179
2134,142
2135,113
2136,90
2137,72
2138,131
2139,311
2140,453
2141,569
2142,659
2143,732
2144,788
2145,834
2146,870
2147,899
2148,922
2149,940
2150,794
2151,627
2152,491
2153,386
2154,302
2155,238
2156,187
2157,148
2158,117
2159,94
2160,75
2161,93
2162,283
2163,432
2164,551
2165,646
2166,721
2167,780
2168,828
2169,865
2170,895
2171,919
2172,938
2173,827
2174,654
2175,512
2176,401
2177,316
2178,248
2179,195
2180,154
2181,122
2182,97
2183,78
2184,62
2185,254
2186,409
2187,532
2188,632
2189,709
2190,771
2191,821
2192,859
2193,890
2194,914
2195,935
2196,859
2197,679
2198,532
2199,418
2200,327
2201,257
2202,202
2203,160
2204,127
2205,101
2206,81
2207,65
2208,224
2209,385
2210,514
2211,616
2212,697
2213,761
2214,813
2215,853
2216,885
2217,911
2218,931
2219,893
2220,705
2221,554
2222,434
2223,341
2224,267
2225,211
2226,166
2227,132
2228,104
2229,84
2230,67
2231,193
2232,361
2233,493
2234,601
2235,685
2236,752
2237,805
2238,847
2239,880
2240,907
2241,928
2242,945
2243,736
2244,577
2245,454
2246,354
2247,279
2248,219
2249,173
2250,137
2251,109
2252,87
2253,69
2254,161
2255,336
2256,473
2257,585
2258,672
2259,741
2260,796
2261,840
2262,875
2263,903
2264,925
2265,943
2266,765
2267,603
2268,474
2269,371
2270,292
2271,229
2272,181
2273,143
2274,114
2275,90
2276,72
2277,128
2278,310
2279,452
2280,568
2281,659
2282,731
2283,788
2284,835
2285,870
2286,899
2287,922
2288,941
2289,795
2290,628
2291,491
2292,386
2293,302
2294,238
2295,187
2296,148
2297,117
2298,94
2299,75
2300,91
2301,282
2302,430
2303,550
2304,646
2305,720
2306,779
2307,827
2308,864
2309,894
2310,918
2311,937
2312,828
2313,652
2314,512
2315,401
2316,315
2317,247
2318,195
2319,154
2320,123
2321,97
2322,78
2323,63
2324,252
2325,408
2326,532
2327,631
2328,709
2329,771
2330,820
2331,859
2332,890
2333,915
2334,934
2335,863
2336,680
2337,535
2338,418
2339,329
2340,258
2341,203
2342,160
2343,127
2344,101
2345,81
2346,64
2347,224
2348,385
2349,514
2350,616
2351,697
2352,762
2353,812
2354,853
2355,885
2356,911
2357,931
2358,896
2359,707
2360,557
2361,436
2362,341
2363,269
2364,211
2365,167
2366,132
2367,105
2368,84
2369,67
2370,191
2371,360
2372,493
2373,600
2374,684
2375,751
2376,804
2377,847
2378,880
2379,907
2380,928
2381,945
2382,738
2383,579
2384,455
2385,356
2386,280
2387,220
2388,174
2389,138
2390,109
2391,87
2392,70
2393,161
2394,335
2395,474
2396,583
2397,672
2398,741
2399,797
2400,840
2401,875
2402,903
2403,925
2404,943
2405,765
2406,604
2407,473
2408,372
2409,291
2410,229
2411,180
2412,143
2413,113
2414,91
2415,72
2416,126
2417,307
2418,452
2419,566
2420,658
2421,730
2422,788
2423,833
2424,870
2425,898
2426,921
2427,939
2428,798
2429,628
2430,493
2431,386
2432,302
2433,238
2434,187
2435,148
2436,117
2437,94
2438,75
2439,89
2440,281
2441,429
2442,549
2443,644
2444,719
2445,779
2446,826
2447,864
2448,894
2449,918
2450,937
2451,829
2452,656
2453,513
2454,403
2455,316
2456,249
2457,195
2458,155
2459,122
2460,98
2461,78
2462,62
2463,251
2464,407
2465,530
2466,630
2467,708
2468,770
2469,819
2470,859
2471,889
2472,914
2473,934
2474,863
2475,681
2476,535
2477,419
2478,329
2479,258
2480,203
2481,160
2482,128
2483,101
2484,81
2485,65
2486,222
2487,384
2488,511
2489,615
2490,696
2491,760
2492,812
2493,852
2494,885
2495,910
2496,930
2497,896
2498,710
2499,556
2500,437
2501,342
2502,269
2503,211
2504,167
2505,132
2506,106
2507,84
2508,68
2509,190
2510,359
2511,492
2512,600
2513,684
2514,751
2515,804
2516,847
2517,880
2518,907
2519,928
2520,945
2521,739
2522,581
2523,456
2524,356
2525,281
2526,221
2527,174
2528,137
2529,109
2530,87
2531,70
2532,158
2533,333
2534,472
2535,583
2536,671
2537,741
2538,796
2539,840
2540,875
2541,902
2542,924
2543,942
2544,767
2545,605
2546,473
2547,371
2548,291
2549,229
2550,180
2551,143
2552,113
2553,90
2554,72
2555,125
2556,307
2557,450
2558,566
2559,657
2560,730
2561,787
2562,834
2563,869
2564,898
2565,921
2566,940
2567,798
2568,631
2569,494
2570,388
2571,304
2572,239
2573,189
2574,149
2575,118
2576,94
2577,75
2578,87
2579,279
2580,428
2581,548
2582,644
2583,719
2584,779
2585,826
2586,864
2587,894
2588,918
2589,937
2590,831
2591,657
2592,515
2593,404
2594,317
2595,248
2596,196
2597,155
2598,123
2599,98
2600,78
2601,63
2602,249
2603,407
2604,530
2605,630
2606,708
2607,770
2608,819
2609,858
2610,889
2611,914
2612,934
2613,865
2614,682
2615,536
2616,419
2617,330
2618,258
2619,204
2620,161
2621,128
2622,101
2623,81
2624,65
2625,220
2626,381
2627,510
2628,614
2629,695
2630,760
2631,812
2632,852
2633,885
2634,910
2635,931
2636,898
2637,711
2638,557
2639,438
2640,343
2641,270
2642,212
2643,167
2644,132
2645,105
2646,83
2647,67
2648,188
2649,357
2650,491
2651,598
2652,683
2653,750
2654,803
2655,846
2656,879
2657,906
2658,928
2659,945
2660,740
2661,580
2662,456
2663,357
2664,280
2665,221
2666,174
2667,138
2668,110
2669,87
2670,70
2671,157
2672,332
2673,470
2674,582
2675,670
2676,740
2677,795
2678,840
2679,874
2680,902
2681,924
2682,942
2683,769
2684,607
2685,475
2686,373
2687,293
2688,230
2689,182
2690,144
2691,114
2692,91
2693,73
2694,123
2695,304
2696,450
2697,565
2698,657
2699,729
2700,788
2701,833
2702,870
2703,898
2704,921
2705,940
2706,800
2707,632
2708,495
2709,389
2710,304
2711,240
2712,189
2713,150
2714,119
2715,95
2716,75
2717,86
2718,277
2719,427
2720,548
2721,643
2722,718
2723,779
2724,826
2725,863
2726,894
2727,917
2728,936
2729,831
2730,657
2731,514
2732,403
2733,317
2734,249
2735,196
2736,155
2737,123
2738,98
2739,78
2740,63
2741,248
2742,405
2743,528
2744,629
2745,706
2746,769
2747,818
2748,858
2749,889
2750,914
2751,934
2752,866
2753,683
2754,537
2755,420
2756,330
2757,259
2758,204
2759,160
2760,128
2761,102
2762,81
2763,65
2764,220
2765,380
2766,510
2767,613
2768,695
2769,759
2770,811
2771,852
2772,885
2773,910
2774,931
2775,899
2776,711
2777,559
2778,438
2779,343
2780,270
2781,212
2782,167
2783,133
2784,105
2785,84
2786,67
2787,187
2788,356
2789,490
2790,598
2791,683
2792,750
2793,803
2794,846
2795,880
2796,906
2797,928
2798,945
2799,742
2800,582
2801,458
2802,358
2803,282
2804,221
2805,175
2806,138
2807,110
2808,87
2809,70
2810,155
2811,331
2812,470
2813,582
2814,669
2815,740
2816,796
2817,839
2818,875
2819,903
2820,925
2821,942
2822,771
2823,607
2824,476
2825,373
2826,293
2827,230
2828,181
2829,143
2830,114
2831,90
2832,72
2833,121
2834,304
2835,448
2836,564
2837,656
2838,729
2839,786
2840,833
2841,869
2842,898
2843,921
2844,939
2845,801
2846,632
2847,495
2848,388
2849,304
2850,240
2851,188
2852,149
2853,118
2854,94
2855,75
2856,85
2857,275
2858,427
2859,547
2860,641
2861,717
2862,778
2863,825
2864,863
2865,893
2866,918
2867,937
2868,833
2869,659
2870,517
2871,406
2872,318
2873,250
2874,197
2875,156
2876,123
2877,98
2878,78
2879,63
2880,246
2881,403
2882,528
2883,627
2884,706
2885,769
2886,819
2887,858
2888,889
2889,914
2890,934
2891,868
2892,687
2893,540
2894,422
2895,331
2896,260
2897,205
2898,161
2899,128
2900,102
2901,81
2902,65
2903,218
2904,380
2905,510
2906,613
2907,695
2908,759
2909,811
2910,851
2911,884
2912,910
2913,931
2914,901
2915,714
2916,560
2917,440
2918,344
2919,271
2920,213
2921,168
2922,133
2923,106
2924,84
2925,68
2926,185
2927,355
2928,489
2929,596
2930,682
2931,749
2932,803
2933,845
2934,879
2935,906
2936,928
2937,945
2938,741
2939,584
2940,457
2941,359
2942,281
2943,222
2944,174
2945,138
2946,110
2947,88
2948,70
2949,154
2950,330
2951,469
2952,581
2953,669
2954,739
2955,795
2956,839
2957,874
2958,902
2959,924
2960,942
2961,773
2962,607
2963,477
2964,373
2965,293
2966,231
2967,182
2968,144
2969,114
2970,91
2971,73
2972,119
2973,303
2974,447
2975,564
2976,655
2977,729
2978,786
2979,833
2980,869
2981,898
2982,921
2983,939
2984,803
2985,634
2986,497
2987,389
2988,306
2989,241
2990,190
2991,150
2992,119
2993,95
2994,76
2995,84
2996,275
2997,425
2998,546
2999,641
3000,718
3001,777
3002,826
3003,863
3004,893
3005,917
3006,936
3007,835
3008,661
3009,518
3010,406
3011,318
3012,250
3013,196
3014,156
3015,123
3016,98
3017,78
3018,63
3019,245
3020,402
3021,527
3022,627
3023,706
3024,768
3025,818
3026,858
3027,889
3028,914
3029,933
3030,866
3031,686
3032,538
3033,422
3034,331
3035,260
3036,205
3037,161
3038,128
3039,102
3040,81
3041,65
3042,215
3043,379
3044,508
3045,612
3046,693
3047,759
3048,810
3049,852
3050,884
3051,911
3052,931
3053,905
3054,714
3055,562
3056,440
3057,345
3058,271
3059,213
3060,168
3061,133
3062,106
3063,84
3064,68
3065,184
3066,353
3067,488
3068,596
3069,681
3070,749
3071,803
3072,845
3073,879
3074,906
3075,927
3076,945
3077,743
3078,585
3079,459
3080,359
3081,282
3082,222
3083,175
3084,138
3085,110
3086,88
3087,70
3088,152
3089,328
3090,467
3091,580
3092,668
3093,738
3094,794
3095,839
3096,874
3097,902
3098,924
3099,942
3100,773
3101,611
3102,478
3103,376
3104,295
3105,232
3106,183
3107,145
3108,115
3109,92
3110,73
3111,118
3112,302
3113,446
3114,563
3115,656
3116,728
3117,786
3118,832
3119,869
3120,898
3121,921
3122,940
3123,804
3124,635
3125,498
3126,391
3127,306
3128,241
3129,190
3130,150
3131,119
3132,95
3133,76
3134,80
3135,274
3136,423
3137,545
3138,640
3139,717
3140,777
3141,825
3142,863
3143,893
3144,917
3145,936
3146,836
3147,661
3148,518
3149,406
3150,318
3151,250
3152,197
3153,156
3154,123
3155,99
3156,79
3157,63
3158,245
3159,401
3160,527
3161,626
3162,705
3163,768
3164,817
3165,857
3166,888
3167,914
3168,934
3169,871
3170,687
3171,541
3172,423
3173,332
3174,261
3175,205
3176,162
3177,129
3178,102
3179,82
3180,65
3181,213
3182,377
3183,507
3184,611
3185,693
3186,759
3187,810
3188,851
3189,884
3190,910
3191,930
3192,906
3193,715
3194,563
3195,440
3196,346
3197,271
3198,213
3199,169
3200,133
3201,106
3202,84
3203,68
3204,182
3205,353
3206,488
3207,595
3208,681
3209,748
3210,802
3211,844
3212,878
3213,905
3214,927
3215,945
3216,746
3217,587
3218,460
3219,361
3220,283
3221,223
3222,175
3223,139
3224,111
3225,88
3226,70
3227,150
3228,327
3229,466
3230,579
3231,668
3232,738
3233,794
3234,839
3235,874
3236,902
3237,924
3238,942
3239,774
3240,611
3241,478
3242,376
3243,293
3244,231
3245,182
3246,144
3247,115
3248,91
3249,73
3250,116
3251,299
3252,446
3253,561
3254,655
3255,727
3256,786
3257,832
3258,868
3259,898
3260,920
3261,939
3262,808
3263,636
3264,499
3265,390
3266,307
3267,241
3268,190
3269,150
3270,119
3271,95
3272,76
3273,55
3274,273
3275,423
3276,544
3277,640
3278,716
3279,776
3280,825
3281,862
3282,893
3283,917
3284,937
3285,839
3286,661
3287,521
3288,408
3289,320
3290,251
3291,198
3292,157
3293,124
3294,99
3295,79
3296,63
3297,242
3298,399
3299,526
3300,625
3301,705
3302,768
3303,817
3304,857
3305,889
3306,913
3307,933
3308,871
3309,690
3310,541
3311,425
3312,332
3313,261
3314,206
3315,162
3316,128
3317,102
3318,81
3319,65
3320,212
3321,376
3322,506
3323,611
3324,692
3325,758
3326,809
3327,851
3328,883
3329,909
3330,930
3331,906
3332,716
3333,563
3334,442
3335,347
3336,272
3337,214
3338,169
3339,134
3340,106
3341,85
3342,68
3343,181
3344,352
3345,486
3346,595
3347,680
3348,748
3349,802
3350,845
3351,879
3352,906
3353,927
3354,944
3355,747
3356,587
3357,461
3358,361
3359,284
3360,223
3361,176
3362,139
3363,111
3364,88
3365,70
3366,148
3367,326
3368,465
3369,578
3370,667
3371,738
3372,794
3373,838
3374,874
3375,901
3376,924
3377,941
3378,777
3379,611
3380,480
3381,375
3382,295
3383,231
3384,183
3385,144
3386,115
3387,91
3388,73
3389,114
3390,299
3391,444
3392,561
3393,653
3394,727
3395,784
3396,831
3397,868
3398,897
3399,920
3400,939
3401,807
3402,638
3403,499
3404,392
3405,307
3406,242
3407,191
3408,151
3409,120
3410,96
3411,76
3412,55
3413,271
3414,422
3415,543
3416,639
3417,716
3418,776
3419,824
3420,863
3421,893
3422,917
3423,936
3424,841
3425,663
3426,521
3427,408
3428,321
3429,251
3430,198
3431,156
3432,124
3433,99
3434,79
3435,63
3436,241
3437,400
3438,524
3439,626
3440,704
3441,767
3442,816
3443,857
3444,888
3445,913
3446,933
3447,876
3448,690
3449,543
3450,425
3451,334
3452,262
3453,207
3454,163
3455,129
3456,103
3457,82
3458,66
3459,210
3460,373
3461,504
3462,609
3463,691
3464,757
3465,809
3466,851
3467,883
3468,910
3469,930
3470,910
3471,718
3472,565
3473,442
3474,347
3475,272
3476,214
3477,169
3478,134
3479,106
3480,85
3481,68
3482,179
3483,350
3484,485
3485,594
3486,679
3487,748
3488,801
3489,844
3490,879
3491,905
3492,927
3493,944
3494,749
3495,587
3496,462
3497,361
3498,284
3499,223
3500,175
3501,139
3502,110
3503,88
3504,71
3505,148
3506,324
3507,464
3508,578
3509,666
3510,737
3511,793
3512,838
3513,873
3514,901
3515,923
3516,942
3517,779
3518,614
3519,481
3520,378
3521,296
3522,234
3523,183
3524,146
3525,115
3526,92
3527,73
3528,113
3529,298
3530,443
3531,560
3532,653
3533,727
3534,784
3535,831
3536,868
3537,897
3538,920
3539,939
3540,809
3541,639
3542,501
3543,393
3544,308
3545,242
3546,191
3547,151
3548,119
3549,95
3550,76
3551,55
3552,270
3553,420
3554,542
3555,638
3556,715
3557,775
3558,825
3559,862
3560,892
3561,916
3562,936
3563,841
3564,665
3565,520
3566,409
3567,320
3568,252
3569,198
3570,157
3571,124
3572,99
3573,79
3574,63
3575,239
3576,398
3577,523
3578,624
3579,703
3580,766
3581,816
3582,856
3583,888
3584,913
3585,934
3586,876
3587,692
3588,544
3589,426
3590,334
3591,262
3592,207
3593,163
3594,129
3595,103
3596,82
3597,66
3598,208
3599,373
3600,503
3601,609
3602,691
3603,757
3604,809
3605,850
3606,883
3607,909
3608,930
3609,910
3610,721
3611,565
3612,444
3613,347
3614,273
3615,214
3616,169
3617,134
3618,106
3619,85
3620,68
3621,178
3622,349
3623,484
3624,593
3625,679
3626,747
3627,801
3628,844
3629,878
3630,905
3631,926
3632,944
3633,751
3634,590
3635,464
3636,363
3637,285
3638,224
3639,177
3640,140
3641,112
3642,89
3643,71
3644,146
3645,324
3646,464
3647,577
3648,666
3649,737
3650,793
3651,838
3652,873
3653,902
3654,924
3655,941
3656,778
3657,615
3658,481
3659,378
3660,296
3661,233
3662,183
3663,145
3664,115
3665,92
3666,74
3667,111
3668,297
3669,442
3670,559
3671,652
3672,725
3673,784
3674,830
3675,867
3676,897
3677,920
3678,938
3679,810
3680,640
3681,501
3682,392
3683,308
3684,242
3685,191
3686,151
3687,120
3688,95
3689,76
3690,56
3691,269
3692,419
3693,542
3694,638
3695,715
3696,775
3697,823
3698,862
3699,892
3700,916
3701,936
3702,843
3703,667
3704,523
3705,410
3706,322
3707,253
3708,199
3709,157
3710,125
3711,99
3712,79
3713,64
3714,239
3715,397
3716,523
3717,624
3718,703
3719,766
3720,816
3721,856
3722,888
3723,913
3724,933
3725,876
3726,694
3727,544
3728,427
3729,334
3730,263
3731,206
3732,163
3733,129
3734,103
3735,82
3736,65
3737,208
3738,373
3739,503
3740,608
3741,690
3742,757
3743,808
3744,850
3745,882
3746,909
3747,929
3748,913
3749,721
3750,568
3751,445
3752,349
3753,274
3754,216
3755,170
3756,135
3757,107
3758,85
3759,68
3760,178
3761,347
3762,484
3763,592
3764,679
3765,746
3766,801
3767,844
3768,878
3769,905
3770,927
3771,944
3772,751
3773,590
3774,464
3775,363
3776,285
3777,224
3778,177
3779,139
3780,111
3781,88
3782,71
3783,144
3784,322
3785,462
3786,576
3787,665
3788,736
3789,792
3790,837
3791,872
3792,901
3793,923
3794,941
3795,780
3796,616
3797,481
3798,376
3799,296
3800,233
3801,184
3802,145
3803,115
3804,92
3805,73
3806,109
3807,295
3808,441
3809,558
3810,651
3811,725
3812,783
3813,830
3814,867
3815,896
3816,920
3817,938
3818,813
3819,642
3820,503
3821,395
3822,310
3823,244
3824,192
3825,152
3826,120
3827,96
3828,76
3829,56
3830,267
3831,418
3832,541
3833,637
3834,714
3835,775
3836,824
3837,862
3838,892
3839,916
3840,936
3841,846
3842,667
3843,524
3844,410
3845,322
3846,252
3847,199
3848,157
3849,125
3850,99
3851,79
3852,63
3853,237
3854,396
3855,521
3856,623
3857,702
3858,765
3859,815
3860,856
3861,887
3862,912
3863,932
3864,879
3865,693
3866,546
3867,427
3868,335
3869,263
3870,207
3871,163
3872,130
3873,103
3874,83
3875,66
3876,206
3877,371
3878,502
3879,607
3880,690
3881,756
3882,808
3883,850
3884,883
3885,909
3886,930
3887,915
3888,723
3889,567
3890,446
3891,349
3892,274
3893,216
3894,170
3895,135
3896,107
3897,86
3898,69
3899,175
3900,347
3901,482
3902,592
3903,677
3904,747
3905,800
3906,843
3907,877
3908,905
3909,926
3910,944
3911,751
3912,592
3913,463
3914,363
3915,285
3916,224
3917,176
3918,140
3919,111
3920,89
3921,71
3922,142
3923,321
3924,461
3925,575
3926,666
3927,735
3928,792
3929,836
3930,872
3931,900
3932,923
3933,941
3934,784
3935,617
3936,485
3937,379
3938,299
3939,234
3940,185
3941,146
3942,116
3943,92
3944,74
3945,108
3946,294
3947,440
3948,558
3949,651
3950,725
3951,784
3952,830
3953,868
3954,897
3955,921
3956,938
3957,813
3958,643
3959,503
3960,396
3961,309
3962,244
3963,191
3964,151
3965,120
3966,96
3967,76
3968,56
3969,266
3970,418
3971,540
3972,637
3973,714
3974,774
3975,822
3976,862
3977,891
3978,917
3979,935
3980,847
3981,668
3982,525
3983,410
3984,322
3985,253
3986,200
3987,158
3988,125
3989,99
3990,79
3991,63
3992,235
3993,395
3994,520
3995,622
3996,701
3997,765
3998,815
3999,855
4000,887
4001,912
4002,933
4003,880
4004,697
4005,546
4006,429
4007,336
4008,264
4009,208
4010,164
4011,130
4012,104
4013,83
4014,66
4015,206
4016,370
4017,501
4018,607
4019,689
4020,756
4021,808
4022,849
4023,882
4024,908
4025,929
4026,917
4027,723
4028,569
4029,446
4030,350
4031,274
4032,216
4033,170
4034,135
4035,107
4036,86
4037,68
4038,173
4039,345
4040,481
4041,590
4042,677
4043,745
4044,799
4045,843
4046,877
4047,904
4048,926
4049,943
4050,754
4051,593
4052,466
4053,365
4054,286
4055,226
4056,178
4057,141
4058,112
4059,89
4060,71
4061,141
4062,320
4063,460
4064,574
4065,664
4066,735
4067,791
4068,837
4069,872
4070,901
4071,923
4072,941
4073,783
4074,618
4075,484
4076,380
4077,298
4078,234
4079,184
4080,146
4081,115
4082,92
4083,74
4084,106
4085,292
4086,439
4087,557
4088,650
4089,724
4090,783
4091,830
4092,866
4093,896
4094,919
4095,938
4096,814
4097,642
4098,503
4099,394
4100,310
4101,243
4102,192
4103,152
4104,120
4105,96
4106,77
4107,57
4108,264
4109,416
4110,538
4111,636
4112,713
4113,774
4114,823
4115,861
4116,891
4117,916
4118,936
4119,849
4120,670
4121,527
4122,412
4123,324
4124,255
4125,200
4126,158
4127,125
4128,100
4129,80
4130,64
4131,234
4132,394
4133,520
4134,622
4135,701
4136,765
4137,815
4138,856
4139,887
4140,912
4141,932
4142,881
4143,697
4144,548
4145,430
4146,336
4147,264
4148,208
4149,164
4150,130
4151,104
4152,82
4153,66
4154,203
4155,369
4156,500
4157,606
4158,689
4159,755
4160,807
4161,849
4162,882
4163,908
4164,929
4165,917
4166,726
4167,571
4168,447
4169,351
4170,276
4171,217
4172,171
4173,136
4174,108
4175,86
4176,69
4177,172
4178,343
4179,480
4180,590
4181,676
4182,745
4183,800
4184,843
4185,877
4186,904
4187,926
4188,944
4189,756
4190,594
4191,467
4192,365
4193,287
4194,225
4195,178
4196,140
4197,112
4198,89
4199,71
4200,139
4201,317
4202,460
4203,573
4204,664
4205,734
4206,792
4207,836
4208,872
4209,900
4210,923
4211,941
4212,786
4213,618
4214,485
4215,380
4216,298
4217,234
4218,185
4219,146
4220,116
4221,92
4222,74
4223,104
4224,291
4225,439
4226,556
4227,650
4228,724
4229,782
4230,829
4231,866
4232,896
4233,919
4234,938
4235,816
4236,646
4237,505
4238,397
4239,311
4240,245
4241,193
4242,153
4243,121
4244,96
4245,77
4246,57
4247,263
4248,415
4249,537
4250,636
4251,712
4252,774
4253,822
4254,861
4255,891
4256,916
4257,935
4258,850
4259,671
4260,528
4261,413
4262,324
4263,254
4264,200
4265,158
4266,125
4267,99
4268,80
4269,64
4270,232
4271,391
4272,519
4273,621
4274,700
4275,764
4276,814
4277,855
4278,886
4279,912
4280,932
4281,884
4282,698
4283,549
4284,430
4285,337
4286,265
4287,209
4288,164
4289,130
4290,104
4291,83
4292,66
4293,202
4294,368
4295,499
4296,605
4297,688
4298,755
4299,807
4300,849
4301,882
4302,908
4303,929
4304,919
4305,727
4306,571
4307,448
4308,351
4309,276
4310,217
4311,171
4312,136
4313,108
4314,86
4315,69
4316,171
4317,343
4318,479
4319,589
4320,676
4321,745
4322,799
4323,842
4324,877
4325,904
4326,926
4327,943
4328,755
4329,595
4330,466
4331,366
4332,287
4333,226
4334,177
4335,141
4336,112
4337,89
4338,71
4339,137
4340,317
4341,458
4342,573
4343,662
4344,734
4345,790
4346,836
4347,871
4348,900
4349,923
4350,941
4351,788
4352,620
4353,486
4354,381
4355,299
4356,235
4357,185
4358,147
4359,116
4360,93
4361,74
4362,102
4363,290
4364,437
4365,556
4366,649
4367,723
4368,782
4369,829
4370,866
4371,896
4372,919
4373,938
4374,819
4375,647
4376,507
4377,398
4378,312
4379,245
4380,193
4381,153
4382,121
4383,96
4384,77
4385,60
4386,261
4387,414
4388,537
4389,634
4390,712
4391,773
4392,822
4393,860
4394,891
4395,915
4396,935
4397,852
4398,673
4399,528
4400,413
4401,324
4402,255
4403,200
4404,158
4405,126
4406,100
4407,80
4408,64
4409,231
4410,391
4411,518
4412,620
4413,700
4414,764
4415,814
4416,855
4417,886
4418,912
4419,932
4420,886
4421,699
4422,550
4423,430
4424,338
4425,265
4426,209
4427,165
4428,131
4429,104
4430,83
4431,66
4432,200
4433,367
4434,498
4435,605
4436,688
4437,754
4438,807
4439,848
4440,881
4441,908
4442,929
4443,923
4444,727
4445,573
4446,448
4447,352
4448,276
4449,217
4450,171
4451,136
4452,108
4453,86
4454,69
4455,169
4456,342
4457,478
4458,589
4459,675
4460,744
4461,799
4462,842
4463,877
4464,904
4465,926
4466,943
4467,757
4468,598
4469,468
4470,367
4471,288
4472,227
4473,179
4474,142
4475,112
4476,90
4477,72
4478,136
4479,316
4480,459
4481,571
4482,663
4483,734
4484,791
4485,836
4486,872
4487,900
4488,924
4489,941
4490,791
4491,622
4492,489
4493,384
4494,300
4495,236
4496,186
4497,147
4498,116
4499,93
4500,74
4501,100
4502,288
4503,435
4504,554
4505,648
4506,723
4507,781
4508,829
4509,866
4510,895
4511,919
4512,938
4513,819
4514,647
4515,507
4516,398
4517,312
4518,245
4519,193
4520,153
4521,121
4522,97
4523,77
4524,62
4525,259
4526,413
4527,535
4528,633
4529,711
4530,772
4531,821
4532,860
4533,891
4534,915
4535,935
4536,852
4537,675
4538,529
4539,416
4540,325
4541,256
4542,201
4543,159
4544,126
4545,100
4546,80
4547,64
4548,230
4549,390
4550,517
4551,619
4552,699
4553,763
4554,815
4555,854
4556,886
4557,912
4558,932
4559,888
4560,701
4561,552
4562,431
4563,339
4564,266
4565,209
4566,165
4567,131
4568,104
4569,83
4570,67
4571,201
4572,365
4573,498
4574,603
4575,688
4576,753
4577,806
4578,848
4579,881
4580,907
4581,929
4582,925
4583,729
4584,574
4585,450
4586,353
4587,277
4588,218
4589,172
4590,136
4591,108
4592,87
4593,69
4594,167
4595,341
4596,477
4597,588
4598,674
4599,743
4600,798
4601,842
4602,877
4603,904
4604,925
4605,943
4606,758
4607,598
4608,468
4609,367
4610,288
4611,227
4612,178
4613,141
4614,112
4615,90
4616,71
4617,135
4618,314
4619,457
4620,571
4621,661
4622,733
4623,790
4624,835
4625,871
4626,899
4627,922
4628,941
4629,790
4630,621
4631,488
4632,382
4633,300
4634,235
4635,186
4636,147
4637,117
4638,93
4639,75
4640,99
4641,288
4642,434
4643,554
4644,647
4645,721
4646,782
4647,828
4648,865
4649,895
4650,919
4651,938
4652,823
4653,649
4654,509
4655,399
4656,314
4657,246
4658,194
4659,153
4660,121
4661,97
4662,77
4663,62
4664,259
4665,411
4666,536
4667,633
4668,711
4669,772
4670,821
4671,860
4672,891
4673,915
4674,935
4675,854
4676,676
4677,530
4678,416
4679,325
4680,256
4681,201
4682,159
4683,126
4684,100
4685,80
4686,64
4687,228
4688,389
4689,516
4690,619
4691,699
4692,763
4693,813
4694,854
4695,886
4696,912
4697,932
4698,888
4699,702
4700,553
4701,432
4702,340
4703,266
4704,210
4705,165
4706,131
4707,104
4708,83
4709,67
4710,198
4711,365
4712,496
4713,603
4714,686
4715,753
4716,806
4717,849
4718,881
4719,909
4720,929
4721,926
4722,732
4723,574
4724,451
4725,353
4726,278
4727,218
4728,172
4729,136
4730,108
4731,86
4732,69
4733,166
4734,340
4735,476
4736,587
4737,674
4738,744
4739,798
4740,842
4741,876
4742,904
4743,926
4744,943
4745,760
4746,599
4747,469
4748,368
4749,288
4750,227
4751,179
4752,141
4753,112
4754,89
4755,72
4756,132
4757,313
4758,455
4759,570
4760,660
4761,732
4762,789
4763,835
4764,870
4765,899
4766,922
4767,940
4768,793
4769,623
4770,491
4771,383
4772,302
4773,237
4774,187
4775,147
4776,118
4777,93
4778,75
4779,99
4780,285
4781,433
4782,552
4783,647
4784,721
4785,781
4786,828
4787,866
4788,895
4789,919
4790,938
4791,824
4792,650
4793,511
4794,400
4795,314
4796,246
4797,194
4798,153
4799,122
4800,96
4801,77
4802,62
4803,256
4804,411
4805,534
4806,633
4807,710
4808,772
4809,820
4810,860
4811,890
4812,915
4813,934
4814,856
4815,675
4816,531
4817,415
4818,327
4819,256
4820,202
4821,159
4822,127
4823,101
4824,81
4825,64
4826,228
4827,388
4828,515
4829,618
4830,698
4831,763
4832,813
4833,854
4834,886
4835,911
4836,932
4837,890
4838,704
4839,552
4840,434
4841,339
4842,267
4843,210
4844,166
4845,131
4846,104
4847,84
4848,66
4849,196
4850,364
4851,496
4852,602
4853,686
4854,753
4855,806
4856,848
4857,881
4858,907
4859,929
4860,945
4861,733
4862,575
4863,452
4864,353
4865,277
4866,218
4867,172
4868,136
4869,109
4870,87
4871,69
4872,164
4873,337
4874,476
4875,585
4876,674
4877,742
4878,797
4879,841
4880,876
4881,904
4882,925
4883,943
4884,762
4885,601
4886,471
4887,370
4888,290
4889,228
4890,179
4891,143
4892,113
4893,90
4894,72
4895,131
4896,312
4897,454
4898,570
4899,660
4900,732
4901,789
4902,835
4903,870
4904,900
4905,922
4906,940
4907,793
4908,625
4909,491
4910,385
4911,302
4912,237
4913,187
4914,147
4915,117
4916,93
4917,75
4918,95
4919,285
4920,432
4921,552
4922,647
4923,721
4924,781
4925,828
4926,865
4927,895
4928,918
4929,937
4930,827
4931,650
4932,511
4933,399
4934,314
4935,247
4936,194
4937,153
4938,122
4939,97
4940,77
4941,62
4942,256
4943,409
4944,534
4945,631
4946,710
4947,771
4948,821
4949,859
4950,890
4951,915
4952,935
4953,858
4954,678
4955,532
4956,418
4957,328
4958,257
4959,202
4960,160
4961,127
4962,101
4963,80
4964,64
4965,225
4966,387
4967,514
4968,618
4969,698
4970,762
4971,813
4972,854
4973,886
4974,911
4975,931
4976,893
4977,704
4978,554
4979,434
4980,340
4981,267
4982,210
4983,166
4984,132
4985,104
4986,83
4987,67
4988,195
4989,362
4990,494
4991,602
4992,686
4993,752
4994,804
4995,847
4996,880
4997,907
4998,928
4999,945
5000,733
5001,578
5002,452
5003,356
5004,279
5005,220
5006,173
5007,137
5008,109
5009,87
5010,69
5011,162
5012,337
5013,474
5014,585
5015,672
5016,742
5017,797
5018,841
5019,876
5020,903
5021,925
5022,943
5023,763
5024,602
5025,471
5026,370
5027,290
5028,228
5029,179
5030,142
5031,113
5032,90
5033,73
5034,129
5035,310
5036,454
5037,569
5038,660
5039,732
5040,789
5041,834
5042,870
5043,898
5044,921
5045,940
5046,795
5047,625
5048,491
5049,384
5050,301
5051,237
5052,187
5053,148
5054,117
5055,93
5056,75
5057,93
5058,283
5059,431
5060,551
5061,645
5062,720
5063,780
5064,827
5065,864
5066,895
5067,918
5068,937
5069,826
5070,653
5071,511
5072,402
5073,315
5074,248
5075,195
5076,154
5077,122
5078,97
5079,78
5080,63
5081,255
5082,409
5083,533
5084,631
5085,709
5086,771
5087,820
5088,859
5089,890
5090,915
5091,935
5092,858
5093,680
5094,532
5095,418
5096,327
5097,257
5098,202
5099,160
5100,127
5101,101
5102,81
5103,64
5104,224
5105,386
5106,513
5107,616
5108,697
5109,762
5110,812
5111,853
5112,885
5113,911
5114,931
5115,895
5116,706
5117,556
5118,435
5119,342
5120,268
5121,211
5122,166
5123,132
5124,105
5125,84
5126,67
5127,195
5128,360
5129,494
5130,600
5131,685
5132,752
5133,805
5134,847
5135,881
5136,907
5137,928
5138,946
5139,734
5140,579
5141,453
5142,356
5143,279
5144,220
5145,173
5146,137
5147,109
5148,87
5149,69
5150,161
5151,336
5152,473
5153,585
5154,672
5155,742
5156,797
5157,841
5158,876
5159,903
5160,925
5161,942
5162,764
5163,600
5164,472
5165,370
5166,290
5167,228
5168,180
5169,142
5170,113
5171,90
5172,72
5173,128
5174,309
5175,452
5176,568
5177,659
5178,731
5179,788
5180,834
5181,870
5182,899
5183,921
5184,941
5185,796
5186,628
5187,492
5188,386
5189,303
5190,238
5191,188
5192,149
5193,118
5194,94
5195,75
5196,91
5197,282
5198,430
5199,550
5200,645
5201,720
5202,780
5203,827
5204,865
5205,894
5206,918
5207,937
5208,827
5209,653
5210,512
5211,402
5212,316
5213,247
5214,195
5215,154
5216,122
5217,97
5218,77
5219,62
5220,252
5221,408
5222,531
5223,631
5224,708
5225,770
5226,819
5227,859
5228,889
5229,914
5230,934
5231,861
5232,679
5233,534
5234,418
5235,329
5236,257
5237,204
5238,160
5239,128
5240,101
5241,81
5242,65
5243,222
5244,385
5245,512
5246,616
5247,696
5248,761
5249,812
5250,853
5251,885
5252,911
5253,931
5254,896
5255,707
5256,557
5257,436
5258,342
5259,268
5260,212
5261,167
5262,132
5263,105
5264,84
5265,67
5266,191
5267,360
5268,493
5269,600
5270,684
5271,751
5272,804
5273,847
5274,880
5275,907
5276,928
5277,945
5278,737
5279,579
5280,454
5281,356
5282,279
5283,220
5284,173
5285,137
5286,109
5287,87
5288,70
5289,159
5290,334
5291,475
5292,583
5293,671
5294,740
5295,796
5296,840
5297,875
5298,903
5299,925
5300,942
5301,768
5302,604
5303,475
5304,371
5305,292
5306,230
5307,181
5308,143
5309,114
5310,91
5311,73
5312,126
5313,308
5314,452
5315,567
5316,658
5317,731
5318,788
5319,834
5320,870
5321,899
5322,921
5323,940
5324,797
5325,630
5326,493
5327,387
5328,303
5329,239
5330,188
5331,148
5332,118
5333,94
5334,75
5335,91
5336,279
5337,429
5338,548
5339,644
5340,720
5341,779
5342,827
5343,864
5344,894
5345,918
5346,937
5347,829
5348,655
5349,513
5350,402
5351,315
5352,248
5353,195
5354,155
5355,122
5356,98
5357,78
5358,62
5359,251
5360,407
5361,530
5362,630
5363,707
5364,770
5365,819
5366,859
5367,889
5368,914
5369,934
5370,863
5371,681
5372,535
5373,419
5374,329
5375,258
5376,203
5377,161
5378,127
5379,101
5380,81
5381,65
5382,221
5383,383
5384,511
5385,615
5386,696
5387,761
5388,812
5389,853
5390,885
5391,911
5392,931
5393,898
5394,708
5395,558
5396,436
5397,342
5398,268
5399,212
5400,166
5401,132
5402,105
5403,84
5404,67
5405,190
5406,359
5407,492
5408,599
5409,683
5410,751
5411,804
5412,846
5413,880
5414,907
5415,928
5416,945
5417,739
5418,581
5419,454
5420,357
5421,280
5422,221
5423,174
5424,138
5425,110
5426,87
5427,70
5428,158
5429,333
5430,471
5431,583
5432,671
5433,741
5434,796
5435,840
5436,875
5437,902
5438,925
5439,942
5440,768
5441,604
5442,475
5443,371
5444,292
5445,229
5446,181
5447,143
5448,113
5449,90
5450,72
5451,124
5452,306
5453,450
5454,566
5455,657
5456,730
5457,787
5458,833
5459,869
5460,898
5461,921
5462,939
5463,798
5464,628
5465,493
5466,386
5467,303
5468,239
5469,188
5470,148
5471,118
5472,94
5473,75
5474,88
5475,279
5476,428
5477,548
5478,643
5479,719
5480,778
5481,826
5482,864
5483,894
5484,918
5485,937
5486,831
5487,658
5488,515
5489,405
5490,317
5491,249
5492,196
5493,155
5494,123
5495,98
5496,78
5497,63
5498,249
5499,406
5500,530
5501,630
5502,707
5503,771
5504,820
5505,858
5506,889
5507,914
5508,934
5509,863
5510,683
5511,537
5512,420
5513,330
5514,258
5515,204
5516,160
5517,128
5518,101
5519,81
5520,65
5521,219
5522,382
5523,510
5524,614
5525,695
5526,760
5527,811
5528,852
5529,884
5530,910
5531,931
5532,899
5533,710
5534,559
5535,437
5536,344
5537,269
5538,212
5539,167
5540,133
5541,105
5542,84
5543,67
5544,187
5545,357
5546,490
5547,598
5548,683
5549,750
5550,803
5551,846
5552,880
5553,907
5554,928
5555,945
5556,738
5557,583
5558,456
5559,358
5560,280
5561,221
5562,174
5563,138
5564,109
5565,87
5566,70
5567,156
5568,332
5569,470
5570,582
5571,670
5572,740
5573,795
5574,840
5575,874
5576,902
5577,924
5578,943
5579,769
5580,606
5581,474
5582,372
5583,292
5584,229
5585,181
5586,144
5587,114
5588,91
5589,72
5590,124
5591,306
5592,450
5593,565
5594,657
5595,729
5596,786
5597,833
5598,869
5599,898
5600,921
5601,940
5602,800
5603,632
5604,495
5605,389
5606,305
5607,240
5608,189
5609,150
5610,118
5611,94
5612,75
5613,85
5614,278
5615,427
5616,548
5617,642
5618,719
5619,778
5620,826
5621,864
5622,894
5623,918
5624,937
5625,832
5626,659
5627,516
5628,405
5629,317
5630,250
5631,196
5632,154
5633,124
5634,98
5635,79
5636,62
5637,249
5638,405
5639,528
5640,629
5641,706
5642,769
5643,818
5644,858
5645,889
5646,914
5647,934
5648,864
5649,684
5650,537
5651,421
5652,330
5653,259
5654,204
5655,161
5656,128
5657,102
5658,81
5659,65
5660,219
5661,380
5662,510
5663,613
5664,695
5665,759
5666,811
5667,852
5668,885
5669,910
5670,931
5671,901
5672,713
5673,559
5674,439
5675,344
5676,270
5677,213
5678,167
5679,133
5680,106
5681,84
5682,68
5683,186
5684,356
5685,489
5686,597
5687,682
5688,750
5689,803
5690,846
5691,879
5692,906
5693,927
5694,945
5695,741
5696,582
5697,457
5698,357
5699,281
5700,221
5701,174
5702,138
5703,110
5704,87
5705,70
5706,155
5707,331
5708,469
5709,582
5710,670
5711,739
5712,795
5713,840
5714,874
5715,902
5716,925
5717,942
5718,772
5719,608
5720,477
5721,374
5722,294
5723,231
5724,182
5725,144
5726,114
5727,91
5728,73
5729,121
5730,305
5731,448
5732,565
5733,656
5734,729
5735,786
5736,833
5737,869
5738,898
5739,921
5740,940
5741,803
5742,632
5743,497
5744,388
5745,305
5746,240
5747,189
5748,149
5749,119
5750,94
5751,75
5752,85
5753,276
5754,426
5755,547
5756,642
5757,718
5758,778
5759,826
5760,864
5761,893
5762,917
5763,936
5764,833
5765,657
5766,516
5767,405
5768,317
5769,249
5770,196
5771,155
5772,123
5773,98
5774,78
5775,63
5776,246
5777,403
5778,527
5779,628
5780,706
5781,769
5782,818
5783,858
5784,889
5785,914
5786,934
5787,868
5788,685
5789,539
5790,421
5791,331
5792,260
5793,205
5794,161
5795,128
5796,102
5797,81
5798,65
5799,217
5800,380
5801,509
5802,613
5803,695
5804,759
5805,810
5806,851
5807,884
5808,910
5809,931
5810,902
5811,714
5812,560
5813,439
5814,344
5815,270
5816,212
5817,168
5818,132
5819,106
5820,84
5821,67
5822,186
5823,355
5824,489
5825,597
5826,681
5827,749
5828,803
5829,845
5830,879
5831,906
5832,928
5833,945
5834,743
5835,584
5836,459
5837,359
5838,283
5839,222
5840,176
5841,139
5842,110
5843,88
5844,70
5845,153
5846,328
5847,468
5848,580
5849,669
5850,739
5851,794
5852,839
5853,874
5854,902
5855,924
5856,942
5857,772
5858,609
5859,477
5860,375
5861,293
5862,231
5863,182
5864,144
5865,114
5866,92
5867,73
5868,120
5869,303
5870,447
5871,563
5872,655
5873,729
5874,786
5875,832
5876,868
5877,897
5878,920
5879,939
5880,802
5881,634
5882,496
5883,389
5884,305
5885,240
5886,189
5887,150
5888,119
5889,95
5890,76
5891,81
5892,274
5893,424
5894,546
5895,641
5896,717
5897,777
5898,825
5899,863
5900,893
5901,917
5902,937
5903,837
5904,659
5905,519
5906,406
5907,319
5908,250
5909,198
5910,156
5911,124
5912,98
5913,79
5914,63
5915,245
5916,403
5917,527
5918,627
5919,706
5920,768
5921,818
5922,858
5923,889
5924,914
5925,934
5926,870
5927,686
5928,540
5929,422
5930,331
5931,260
5932,205
5933,161
5934,128
5935,102
5936,81
5937,65
5938,215
5939,379
5940,508
5941,612
5942,694
5943,759
5944,810
5945,851
5946,884
5947,909
5948,930
5949,903
5950,715
5951,561
5952,441
5953,345
5954,272
5955,213
5956,169
5957,133
5958,106
5959,85
5960,68
5961,184
5962,354
5963,488
5964,596
5965,681
5966,749
5967,802
5968,846
5969,879
5970,907
5971,927
5972,945
5973,744
5974,586
5975,459
5976,360
5977,282
5978,222
5979,175
5980,138
5981,110
5982,87
5983,70
5984,152
5985,328
5986,467
5987,580
5988,668
5989,739
5990,794
5991,839
5992,874
5993,902
5994,924
5995,941
5996,774
5997,608
5998,478
5999,373
6000,294
6001,230
6002,181
6003,144
6004,115
6005,91
6006,73
6007,117
6008,302
6009,446
6010,563
6011,654
6012,728
6013,785
6014,832
6015,869
6016,897
6017,921
6018,939
6019,806
6020,636
6021,499
6022,390
6023,307
6024,241
6025,190
6026,150
6027,119
6028,95
6029,76
6030,81
6031,274
6032,423
6033,545
6034,640
6035,717
6036,777
6037,825
6038,863
6039,894
6040,917
6041,936
6042,837
6043,663
6044,520
6045,408
6046,319
6047,251
6048,198
6049,156
6050,123
6051,98
6052,78
6053,63
6054,243
6055,401
6056,526
6057,626
6058,705
6059,768
6060,817
6061,857
6062,888
6063,913
6064,933
6065,869
6066,689
6067,539
6068,423
6069,332
6070,261
6071,205
6072,162
6073,129
6074,102
6075,81
6076,65
6077,213
6078,377
6079,506
6080,611
6081,692
6082,758
6083,810
6084,851
6085,883
6086,910
6087,930
6088,906
6089,715
6090,563
6091,441
6092,347
6093,271
6094,215
6095,168
6096,134
6097,106
6098,85
6099,68
6100,182
6101,353
6102,489
6103,595
6104,681
6105,749
6106,802
6107,845
6108,879
6109,906
6110,927
6111,944
6112,745
6113,585
6114,460
6115,359
6116,283
6117,222
6118,175
6119,138
6120,110
6121,88
6122,71
6123,150
6124,327
6125,466
6126,579
6127,667
6128,738
6129,793
6130,838
6131,873
6132,901
6133,924
6134,942
6135,777
6136,611
6137,480
6138,376
6139,296
6140,232
6141,183
6142,145
6143,115
6144,92
6145,73
6146,116
6147,299
6148,445
6149,561
6150,655
6151,727
6152,786
6153,831
6154,868
6155,898
6156,921
6157,939
6158,807
6159,636
6160,499
6161,391
6162,307
6163,241
6164,190
6165,150
6166,119
6167,95
6168,76
6169,79
6170,272
6171,423
6172,544
6173,640
6174,717
6175,777
6176,825
6177,863
6178,893
6179,917
6180,936
6181,838
6182,662
6183,519
6184,407
6185,319
6186,251
6187,197
6188,156
6189,123
6190,98
6191,79
6192,63
6193,242
6194,401
6195,525
6196,626
6197,704
6198,768
6199,817
6200,858
6201,888
6202,914
6203,933
6204,873
6205,689
6206,542
6207,424
6208,333
6209,262
6210,206
6211,162
6212,129
6213,102
6214,82
6215,65
6216,212
6217,377
6218,506
6219,611
6220,692
6221,758
6222,809
6223,851
6224,883
6225,910
6226,930
6227,909
6228,717
6229,565
6230,442
6231,347
6232,272
6233,214
6234,169
6235,134
6236,106
6237,85
6238,68
6239,181
6240,351
6241,486
6242,595
6243,680
6244,748
6245,802
6246,844
6247,879
6248,905
6249,927
6250,945
6251,748
6252,587
6253,462
6254,361
6255,284
6256,223
6257,176
6258,139
6259,111
6260,88
6261,71
6262,149
6263,326
6264,465
6265,578
6266,667
6267,738
6268,793
6269,838
6270,873
6271,902
6272,924
6273,942
6274,777
6275,612
6276,481
6277,377
6278,296
6279,232
6280,182
6281,145
6282,115
6283,91
6284,73
6285,114
6286,299
6287,445
6288,560
6289,654
6290,726
6291,785
6292,831
6293,868
6294,896
6295,920
6296,938
6297,808
6298,636
6299,499
6300,391
6301,307
6302,241
6303,190
6304,150
6305,119
6306,95
6307,76
6308,55
6309,271
6310,421
6311,543
6312,639
6313,716
6314,776
6315,824
6316,862
6317,893
6318,917
6319,936
6320,841
6321,663
6322,521
6323,408
6324,321
6325,252
6326,199
6327,157
6328,124
6329,99
6330,79
6331,63
6332,241
6333,399
6334,524
6335,625
6336,704
6337,767
6338,817
6339,857
6340,888
6341,913
6342,933
6343,875
6344,690
6345,543
6346,425
6347,334
6348,261
6349,206
6350,163
6351,129
6352,102
6353,82
6354,66
6355,209
6356,374
6357,504
6358,608
6359,691
6360,756
6361,808
6362,850
6363,883
6364,909
6365,930
6366,910
6367,718
6368,565
6369,443
6370,348
6371,272
6372,215
6373,169
6374,134
6375,107
6376,85
6377,68
6378,180
6379,350
6380,485
6381,594
6382,679
6383,748
6384,801
6385,845
6386,878
6387,905
6388,927
6389,945
6390,747
6391,589
6392,461
6393,362
6394,284
6395,223
6396,176
6397,139
6398,111
6399,89
6400,70
6401,147
6402,324
6403,465
6404,577
6405,667
6406,737
6407,793
6408,838
6409,873
6410,901
6411,924
6412,942
6413,778
6414,614
6415,480
6416,377
6417,295
6418,232
6419,183
6420,145
6421,115
6422,92
6423,73
6424,113
6425,296
6426,444
6427,559
6428,654
6429,726
6430,785
6431,831
6432,868
6433,897
6434,921
6435,939
6436,811
6437,639
6438,501
6439,393
6440,308
6441,243
6442,191
6443,150
6444,120
6445,95
6446,76
6447,55
6448,270
6449,420
6450,542
6451,639
6452,715
6453,776
6454,824
6455,862
6456,893
6457,917
6458,936
6459,843
6460,665
6461,523
6462,408
6463,321
6464,251
6465,198
6466,157
6467,124
6468,99
6469,79
6470,63
6471,239
6472,398
6473,523
6474,624
6475,703
6476,766
6477,816
6478,856
6479,888
6480,913
6481,933
6482,877
6483,691
6484,544
6485,425
6486,333
6487,263
6488,207
6489,163
6490,129
6491,103
6492,82
6493,65
6494,208
6495,373
6496,503
6497,608
6498,691
6499,756
6500,809
6501,850
6502,883
6503,909
6504,930
6505,910
6506,721
6507,566
6508,444
6509,348
6510,273
6511,215
6512,170
6513,134
6514,107
6515,85
6516,68
6517,178
6518,349
6519,484
6520,593
6521,678
6522,747
6523,801
6524,844
6525,878
6526,905
6527,926
6528,944
6529,749
6530,590
6531,462
6532,362
6533,284
6534,223
6535,176
6536,139
6537,111
6538,88
6539,71
6540,145
6541,323
6542,463
6543,576
6544,665
6545,736
6546,792
6547,837
6548,872
6549,901
6550,923
6551,942
6552,779
6553,616
6554,482
6555,379
6556,297
6557,234
6558,184
6559,146
6560,115
6561,92
6562,73
6563,112
6564,296
6565,442
6566,559
6567,652
6568,726
6569,784
6570,831
6571,868
6572,897
6573,920
6574,938
6575,810
6576,639
6577,503
6578,393
6579,309
6580,242
6581,191
6582,151
6583,120
6584,96
6585,76
6586,56
6587,269
6588,419
6589,542
6590,638
6591,715
6592,775
6593,824
6594,862
6595,892
6596,916
6597,936
6598,843
6599,667
6600,522
6601,410
6602,321
6603,253
6604,199
6605,157
6606,125
6607,99
6608,79
6609,64
6610,238
6611,397
6612,522
6613,623
6614,704
6615,766
6616,816
6617,856
6618,888
6619,913
6620,933
6621,878
6622,692
6623,545
6624,426
6625,335
6626,263
6627,207
6628,163
6629,130
6630,103
6631,82
6632,66
6633,208
6634,373
6635,503
6636,608
6637,691
6638,757
6639,808
6640,850
6641,883
6642,909
6643,930
6644,914
6645,721
6646,568
6647,444
6648,348
6649,273
6650,215
6651,169
6652,134
6653,106
6654,85
6655,68
6656,178
6657,348
6658,484
6659,593
6660,679
6661,746
6662,801
6663,843
6664,878
6665,904
6666,927
6667,944
6668,752
6669,591
6670,464
6671,363
6672,286
6673,224
6674,177
6675,140
6676,112
6677,89
6678,71
6679,144
6680,322
6681,462
6682,576
6683,665
6684,737
6685,792
6686,837
6687,872
6688,901
6689,923
6690,941
6691,780
6692,616
6693,482
6694,379
6695,297
6696,233
6697,184
6698,145
6699,115
6700,92
6701,73
6702,111
6703,295
6704,442
6705,558
6706,652
6707,725
6708,784
6709,830
6710,867
6711,896
6712,920
6713,938
6714,813
6715,640
6716,503
6717,393
6718,309
6719,242
6720,192
6721,151
6722,120
6723,96
6724,76
6725,56
6726,266
6727,419
6728,540
6729,637
6730,713
6731,775
6732,823
6733,862
6734,892
6735,917
6736,936
6737,846
6738,667
6739,525
6740,411
6741,323
6742,254
6743,200
6744,158
6745,125
6746,100
6747,79
6748,64
6749,237
6750,396
6751,521
6752,623
6753,702
6754,766
6755,816
6756,856
6757,887
6758,912
6759,933
6760,879
6761,694
6762,546
6763,427
6764,335
6765,263
6766,207
6767,163
6768,130
6769,103
6770,82
6771,66
6772,206
6773,371
6774,502
6775,607
6776,690
6777,756
6778,807
6779,849
6780,882
6781,908
6782,929
6783,916
6784,723
6785,568
6786,446
6787,349
6788,274
6789,216
6790,170
6791,136
6792,107
6793,86
6794,69
6795,176
6796,347
6797,482
6798,592
6799,678
6800,746
6801,800
6802,843
6803,878
6804,905
6805,926
6806,944
6807,753
6808,591
6809,465
6810,363
6811,286
6812,224
6813,177
6814,140
6815,111
6816,89
6817,71
6818,142
6819,321
6820,461
6821,575
6822,664
6823,736
6824,792
6825,837
6826,872
6827,901
6828,923
6829,941
6830,783
6831,617
6832,483
6833,378
6834,297
6835,233
6836,184
6837,145
6838,115
6839,92
6840,74
6841,107
6842,294
6843,439
6844,558
6845,650
6846,725
6847,783
6848,830
6849,867
6850,896
6851,920
6852,939
6853,814
6854,643
6855,504
6856,395
6857,310
6858,244
6859,192
6860,152
6861,120
6862,96
6863,77
6864,56
6865,266
6866,417
6867,540
6868,637
6869,714
6870,775
6871,823
6872,862
6873,892
6874,916
6875,936
6876,846
6877,670
6878,525
6879,412
6880,322
6881,254
6882,199
6883,158
6884,125
6885,99
6886,79
6887,64
6888,235
6889,395
6890,520
6891,622
6892,701
6893,765
6894,815
6895,856
6896,887
6897,913
6898,932
6899,881
6900,695
6901,547
6902,428
6903,336
6904,264
6905,208
6906,164
6907,130
6908,103
6909,83
6910,66
6911,205
6912,370
6913,502
6914,607
6915,690
6916,756
6917,808
6918,849
6919,882
6920,909
6921,929
6922,917
6923,723
6924,570
6925,446
6926,350
6927,275
6928,216
6929,170
6930,135
6931,107
6932,85
6933,68
6934,173
6935,345
6936,481
6937,591
6938,677
6939,746
6940,799
6941,843
6942,877
6943,904
6944,926
6945,943
6946,752
6947,593
6948,464
6949,365
6950,285
6951,225
6952,177
6953,140
6954,111
6955,89
6956,71
6957,142
6958,319
6959,461
6960,574
6961,664
6962,735
6963,791
6964,836
6965,872
6966,900
6967,923
6968,941
6969,785
6970,619
6971,486
6972,381
6973,299
6974,235
6975,186
6976,147
6977,117
6978,92
6979,74
6980,106
6981,292
6982,439
6983,557
6984,650
6985,725
6986,783
6987,830
6988,867
6989,896
6990,919
6991,938
6992,816
6993,643
6994,505
6995,395
6996,311
6997,244
6998,192
6999,152
7000,120
7001,96
7002,77
7003,56
7004,264
7005,416
7006,539
7007,636
7008,713
7009,774
7010,822
7011,861
7012,891
7013,915
7014,935
7015,847
7016,670
7017,525
7018,412
7019,323
7020,254
7021,200
7022,159
7023,125
7024,100
7025,80
7026,64
7027,234
7028,394
7029,520
7030,622
7031,701
7032,765
7033,815
7034,855
7035,887
7036,912
7037,933
7038,883
7039,697
7040,546
7041,430
7042,337
7043,265
7044,208
7045,164
7046,130
7047,103
7048,83
7049,66
7050,203
7051,370
7052,500
7053,607
7054,689
7055,755
7056,807
7057,849
7058,882
7059,908
7060,929
7061,920
7062,725
7063,571
7064,446
7065,351
7066,275
7067,216
7068,170
7069,135
7070,107
7071,86
7072,68
7073,172
7074,344
7075,480
7076,590
7077,676
7078,745
7079,799
7080,842
7081,877
7082,904
7083,926
7084,944
7085,756
7086,595
7087,467
7088,366
7089,287
7090,226
7091,178
7092,141
7093,112
7094,89
7095,71
7096,139
7097,318
7098,460
7099,573
7100,664
7101,735
7102,792
7103,836
7104,872
7105,901
7106,923
7107,941
7108,787
7109,619
7110,486
7111,380
7112,299
7113,234
7114,185
7115,146
7116,116
7117,92
7118,74
7119,104
7120,291
7121,437
7122,556
7123,649
7124,724
7125,782
7126,829
7127,866
7128,895
7129,919
7130,938
7131,816
7132,645
7133,505
7134,396
7135,310
7136,244
7137,192
7138,152
7139,120
7140,96
7141,77
7142,56
7143,263
7144,415
7145,538
7146,635
7147,713
7148,773
7149,822
7150,861
7151,892
7152,915
7153,935
7154,852
7155,672
7156,528
7157,413
7158,325
7159,255
7160,201
7161,159
7162,125
7163,99
7164,80
7165,64
7166,232
7167,392
7168,520
7169,620
7170,700
7171,764
7172,815
7173,855
7174,887
7175,912
7176,932
7177,883
7178,699
7179,548
7180,431
7181,337
7182,265
7183,208
7184,164
7185,130
7186,104
7187,82
7188,66
7189,202
7190,368
7191,499
7192,605
7193,688
7194,754
7195,806
7196,849
7197,881
7198,908
7199,929
7200,917
7201,728
7202,571
7203,449
7204,351
7205,276
7206,217
7207,172
7208,136
7209,108
7210,86
7211,69
7212,170
7213,342
7214,479
7215,588
7216,676
7217,745
7218,799
7219,843
7220,877
7221,904
7222,926
7223,944
7224,756
7225,596
7226,467
7227,366
7228,287
7229,226
7230,178
7231,141
7232,112
7233,89
7234,71
7235,137
7236,317
7237,458
7238,573
7239,662
7240,734
7241,790
7242,836
7243,871
7244,900
7245,922
7246,940
7247,787
7248,619
7249,486
7250,380
7251,299
7252,234
7253,185
7254,146
7255,116
7256,93
7257,74
7258,104
7259,290
7260,436
7261,555
7262,648
7263,723
7264,782
7265,829
7266,866
7267,896
7268,919
7269,938
7270,818
7271,647
7272,507
7273,398
7274,312
7275,245
7276,193
7277,153
7278,121
7279,96
7280,77
7281,57
7282,262
7283,414
7284,537
7285,634
7286,712
7287,773
7288,822
7289,860
7290,891
7291,916
7292,935
7293,851
7294,673
7295,528
7296,413
7297,325
7298,255
7299,201
7300,159
7301,126
7302,100
7303,80
7304,64
7305,231
7306,391
7307,518
7308,620
7309,700
7310,764
7311,814
7312,854
7313,886
7314,911
7315,932
7316,884
7317,700
7318,549
7319,431
7320,337
7321,265
7322,209
7323,165
7324,131
7325,104
7326,83
7327,66
7328,201
7329,367
7330,498
7331,605
7332,687
7333,754
7334,806
7335,849
7336,882
7337,908
7338,929
7339,922
7340,728
7341,573
7342,449
7343,352
7344,277
7345,218
7346,172
7347,136
7348,108
7349,86
7350,69
7351,169
7352,342
7353,478
7354,589
7355,675
7356,744
7357,798
7358,842
7359,876
7360,904
7361,925
7362,943
7363,757
7364,597
7365,467
7366,366
7367,287
7368,226
7369,178
7370,141
7371,112
7372,89
7373,71
7374,136
7375,316
7376,457
7377,572
7378,661
7379,733
7380,790
7381,835
7382,872
7383,900
7384,923
7385,941
7386,788
7387,622
7388,489
7389,383
7390,301
7391,236
7392,186
7393,147
7394,117
7395,93
7396,74
7397,100
7398,289
7399,435
7400,555
7401,648
7402,723
7403,782
7404,829
7405,866
7406,896
7407,919
7408,938
7409,821
7410,647
7411,509
7412,398
7413,313
7414,245
7415,193
7416,152
7417,121
7418,96
7419,77
7420,60
7421,260
7422,412
7423,536
7424,635
7425,711
7426,773
7427,821
7428,860
7429,891
7430,915
7431,935
7432,854
7433,673
7434,529
7435,414
7436,325
7437,255
7438,201
7439,158
7440,126
7441,100
7442,80
7443,64
7444,229
7445,390
7446,517
7447,620
7448,699
7449,763
7450,814
7451,854
7452,886
7453,912
7454,932
7455,888
7456,700
7457,552
7458,431
7459,339
7460,266
7461,210
7462,165
7463,131
7464,104
7465,83
7466,66
7467,200
7468,366
7469,498
7470,604
7471,688
7472,754
7473,806
7474,848
7475,881
7476,908
7477,928
7478,923
7479,730
7480,573
7481,450
7482,352
7483,277
7484,217
7485,172
7486,136
7487,109
7488,86
7489,69
7490,167
7491,341
7492,477
7493,588
7494,674
7495,743
7496,798
7497,841
7498,876
7499,904
7500,925
7501,943
7502,760
7503,598
7504,470
7505,368
7506,289
7507,227
7508,179
7509,142
7510,112
7511,90
7512,72
7513,136
7514,314
7515,457
7516,570
7517,662
7518,733
7519,790
7520,835
7521,871
7522,900
7523,922
7524,941
7525,792
7526,623
7527,489
7528,383
7529,301
7530,236
7531,187
7532,147
7533,117
7534,93
7535,74
7536,99
7537,287
7538,435
7539,554
7540,647
7541,722
7542,781
7543,828
7544,865
7545,895
7546,919
7547,937
7548,822
7549,648
7550,509
7551,398
7552,312
7553,245
7554,194
7555,153
7556,122
7557,97
7558,77
7559,62
7560,259
7561,411
7562,536
7563,633
7564,711
7565,772
7566,821
7567,860
7568,891
7569,915
7570,935
7571,854
7572,676
7573,530
7574,416
7575,326
7576,257
7577,202
7578,159
7579,126
7580,100
7581,80
7582,64
7583,228
7584,389
7585,516
7586,619
7587,698
7588,763
7589,814
7590,854
7591,886
7592,911
7593,932
7594,889
7595,702
7596,551
7597,432
7598,338
7599,266
7600,209
7601,165
7602,131
7603,104
7604,83
7605,66
7606,198
7607,365
7608,497
7609,603
7610,687
7611,753
7612,806
7613,848
7614,881
7615,907
7616,929
7617,946
7618,730
7619,576
7620,451
7621,354
7622,277
7623,219
7624,172
7625,137
7626,108
7627,87
7628,69
7629,166
7630,339
7631,476
7632,587
7633,674
7634,743
7635,798
7636,842
7637,876
7638,904
7639,926
7640,943
7641,760
7642,599
7643,469
7644,369
7645,289
7646,227
7647,179
7648,142
7649,112
7650,90
7651,72
7652,132
7653,313
7654,455
7655,570
7656,660
7657,733
7658,789
7659,835
7660,871
7661,899
7662,921
7663,940
7664,792
7665,622
7666,489
7667,382
7668,301
7669,236
7670,186
7671,147
7672,117
7673,93
7674,75
7675,96
7676,286
7677,433
7678,552
7679,646
7680,721
7681,781
7682,828
7683,865
7684,895
7685,919
7686,938
7687,823
7688,651
7689,511
7690,400
7691,315
7692,246
7693,194
7694,153
7695,122
7696,97
7697,78
7698,62
7699,256
7700,412
7701,534
7702,633
7703,710
7704,772
7705,821
7706,860
7707,890
7708,915
7709,934
7710,858
7711,677
7712,532
7713,416
7714,327
7715,257
7716,202
7717,159
7718,127
7719,100
7720,80
7721,64
7722,227
7723,388
7724,516
7725,618
7726,699
7727,762
7728,813
7729,853
7730,885
7731,911
7732,931
7733,889
7734,704
7735,552
7736,434
7737,340
7738,267
7739,210
7740,166
7741,132
7742,105
7743,84
7744,67
7745,196
7746,363
7747,495
7748,602
7749,686
7750,753
7751,805
7752,848
7753,881
7754,908
7755,928
7756,946
7757,733
7758,575
7759,452
7760,354
7761,279
7762,219
7763,173
7764,136
7765,109
7766,87
7767,70
7768,165
7769,338
7770,476
7771,586
7772,673
7773,742
7774,797
7775,841
7776,876
7777,903
7778,925
7779,943
7780,761
7781,600
7782,470
7783,368
7784,289
7785,227
7786,179
7787,142
7788,113
7789,90
7790,72
7791,131
7792,312
7793,454
7794,569
7795,659
7796,732
7797,788
7798,835
7799,870
7800,899
7801,922
7802,940
7803,794
7804,627
7805,491
7806,386
7807,303
7808,237
7809,187
7810,148
7811,118
7812,94
7813,75
7814,95
7815,284
7816,432
7817,552
7818,646
7819,721
7820,780
7821,828
7822,865
7823,895
7824,918
7825,937
7826,826
7827,651
7828,512
7829,400
7830,314
7831,247
7832,195
7833,153
7834,122
7835,97
7836,77
7837,62
7838,256
7839,409
7840,534
7841,632
7842,710
7843,771
7844,820
7845,859
7846,890
7847,915
7848,934
7849,857
7850,678
7851,531
7852,416
7853,326
7854,256
7855,202
7856,160
7857,127
7858,101
7859,80
7860,64
7861,225
7862,387
7863,514
7864,617
7865,697
7866,762
7867,813
7868,854
7869,885
7870,912
7871,931
7872,893
7873,705
7874,555
7875,434
7876,341
7877,268
7878,211
7879,166
7880,131
7881,104
7882,83
7883,67
7884,194
7885,362
7886,494
7887,602
7888,685
7889,752
7890,805
7891,847
7892,880
7893,907
7894,929
7895,945
7896,733
7897,577
7898,452
7899,354
7900,279
7901,219
7902,173
7903,137
7904,109
7905,86
7906,69
7907,163
7908,337
7909,474
7910,585
7911,672
7912,742
7913,797
7914,841
7915,875
7916,903
7917,925
7918,943
7919,765
7920,601
7921,473
7922,369
7923,291
7924,228
7925,180
7926,143
7927,113
7928,90
7929,72
7930,130
7931,311
7932,453
7933,568
7934,659
7935,732
7936,789
7937,834
7938,870
7939,899
7940,922
7941,940
7942,795
7943,626
7944,492
7945,385
7946,303
7947,238
7948,187
7949,148
7950,118
7951,93
7952,75
7953,93
7954,283
7955,431
7956,551
7957,645
7958,721
7959,780
7960,827
7961,864
7962,894
7963,918
7964,937
7965,825
7966,652
7967,511
7968,401
7969,314
7970,247
7971,194
7972,154
7973,122
7974,97
7975,78
7976,62
7977,253
7978,409
7979,534
7980,631
7981,709
7982,771
7983,820
7984,859
7985,890
7986,915
7987,934
7988,860
7989,679
7990,534
7991,418
7992,328
7993,258
7994,203
7995,161
7996,127
7997,101
7998,81
7999,65
8000,224
8001,386
8002,514
8003,616
8004,697
8005,762
8006,813
8007,854
8008,885
8009,911
8010,931
8011,895
8012,706
8013,555
8014,434
8015,341
8016,267
8017,211
8018,166
8019,132
8020,105
8021,84
8022,67
8023,195
8024,361
8025,495
8026,601
8027,685
8028,751
8029,805
8030,846
8031,880
8032,907
8033,928
8034,945
8035,735
8036,580
8037,453
8038,356
8039,279
8040,220
8041,173
8042,138
8043,109
8044,87
8045,70
8046,161
8047,336
8048,473
8049,585
8050,672
8051,742
8052,797
8053,841
8054,875
8055,903
8056,925
8057,942
8058,764
8059,603
8060,472
8061,371
8062,290
8063,229
8064,179
8065,142
8066,113
8067,90
8068,72
8069,129
8070,309
8071,452
8072,568
8073,658
8074,731
8075,788
8076,834
8077,870
8078,898
8079,922
8080,940
8081,797
8082,626
8083,492
8084,385
8085,303
8086,238
8087,188
8088,148
8089,118
8090,94
8091,75
8092,91
8093,282
8094,430
8095,550
8096,644
8097,720
8098,779
8099,827
8100,864
8101,895
8102,918
8103,938
8104,828
8105,654
8106,513
8107,401
8108,316
8109,248
8110,195
8111,154
8112,123
8113,97
8114,78
8115,62
8116,252
8117,408
8118,531
8119,631
8120,708
8121,771
8122,820
8123,859
8124,890
8125,914
8126,934
8127,860
8128,681
8129,534
8130,419
8131,328
8132,258
8133,203
8134,160
8135,127
8136,101
8137,81
8138,65
8139,222
8140,384
8141,512
8142,616
8143,696
8144,761
8145,811
8146,853
8147,885
8148,910
8149,931
8150,892
8151,707
8152,556
8153,436
8154,342
8155,268
8156,212
8157,167
8158,132
8159,105
8160,84
8161,67
8162,192
8163,360
8164,493
8165,600
8166,684
8167,751
8168,804
8169,847
8170,880
8171,907
8172,928
8173,946
8174,737
8175,579
8176,455
8177,356
8178,280
8179,220
8180,174
8181,138
8182,109
8183,87
8184,69
8185,159
8186,334
8187,472
8188,584
8189,671
8190,741
8191,796
8192,840
8193,875
8194,903
8195,925
8196,942
8197,767
8198,602
8199,473
8200,370
8201,291
8202,228
8203,180
8204,143
8205,113
8206,90
8207,72
8208,126
8209,307
8210,452
8211,566
8212,658
8213,730
8214,788
8215,833
8216,870
8217,898
8218,921
8219,940
8220,798
8221,628
8222,494
8223,386
8224,304
8225,239
8226,189
8227,149
8228,118
8229,94
8230,75
8231,90
8232,281
8233,429
8234,550
8235,645
8236,719
8237,779
8238,827
8239,865
8240,894
8241,919
8242,937
8243,830
8244,655
8245,514
8246,402
8247,316
8248,248
8249,195
8250,154
8251,122
8252,98
8253,78
8254,63
8255,251
8256,408
8257,530
8258,630
8259,707
8260,770
8261,819
8262,858
8263,889
8264,914
8265,934
8266,864
8267,681
8268,536
8269,419
8270,329
8271,258
8272,204
8273,160
8274,127
8275,102
8276,81
8277,65
8278,221
8279,382
8280,511
8281,614
8282,695
8283,760
8284,812
8285,852
8286,885
8287,910
8288,931
8289,896
8290,711
8291,557
8292,437
8293,343
8294,269
8295,212
8296,167
8297,132
8298,105
8299,84
8300,67
8301,190
8302,359
8303,492
8304,599
8305,683
8306,751
8307,804
8308,847
8309,880
8310,907
8311,928
8312,945
8313,739
8314,579
8315,455
8316,356
8317,280
8318,220
8319,174
8320,137
8321,109
8322,87
8323,69
8324,158
8325,333
8326,472
8327,582
8328,671
8329,740
8330,796
8331,839
8332,875
8333,902
8334,925
8335,943
8336,769
8337,605
8338,476
8339,372
8340,293
8341,230
8342,182
8343,143
8344,114
8345,91
8346,73
8347,125
8348,307
8349,450
8350,566
8351,657
8352,730
8353,787
8354,833
8355,869
8356,898
8357,921
8358,940
8359,798
8360,631
8361,494
8362,388
8363,304
8364,239
8365,188
8366,148
8367,118
8368,94
8369,75
8370,87
8371,279
8372,428
8373,548
8374,643
8375,719
8376,778
8377,826
8378,864
8379,894
8380,917
8381,937
8382,830
8383,656
8384,513
8385,403
8386,316
8387,249
8388,195
8389,155
8390,123
8391,98
8392,78
8393,62
8394,250
8395,406
8396,530
8397,629
8398,707
8399,770
8400,819
8401,858
8402,889
8403,914
8404,934
8405,863
8406,681
8407,537
8408,421
8409,330
8410,260
8411,204
8412,160
8413,128
8414,101
8415,81
8416,64
8417,220
8418,383
8419,510
8420,614
8421,695
8422,760
8423,811
8424,853
8425,884
8426,910
8427,931
8428,900
8429,710
8430,559
8431,437
8432,343
8433,269
8434,212
8435,167
8436,132
8437,105
8438,84
8439,67
8440,187
8441,356
8442,490
8443,598
8444,682
8445,750
8446,803
8447,846
8448,880
8449,906
8450,928
8451,945
8452,741
8453,583
8454,456
8455,358
8456,281
8457,222
8458,175
8459,138
8460,110
8461,87
8462,70
8463,157
8464,332
8465,471
8466,582
8467,670
8468,740
8469,796
8470,840
8471,875
8472,903
8473,925
8474,942
8475,769
8476,607
8477,475
8478,373
8479,292
8480,230
8481,181
8482,144
8483,114
8484,91
8485,72
8486,123
8487,304
8488,450
8489,564
8490,657
8491,730
8492,787
8493,833
8494,869
8495,898
8496,921
8497,940
8498,800
8499,631
8500,494
8501,388
8502,304
8503,239
8504,188
8505,149
8506,118
8507,94
8508,75
8509,85
8510,278
8511,427
8512,548
8513,642
8514,718
8515,778
8516,826
8517,863
8518,894
8519,917
8520,937
8521,832
8522,658
8523,516
8524,405
8525,317
8526,250
8527,196
8528,155
8529,123
8530,98
8531,78
8532,63
8533,248
8534,404
8535,528
8536,628
8537,706
8538,769
8539,818
8540,858
8541,889
8542,914
8543,933
8544,867
8545,684
8546,538
8547,420
8548,331
8549,259
8550,204
8551,161
8552,128
8553,101
8554,81
8555,65
8556,218
8557,381
8558,509
8559,613
8560,695
8561,760
8562,810
8563,852
8564,884
8565,910
8566,930
8567,901
8568,711
8569,560
8570,439
8571,344
8572,270
8573,213
8574,168
8575,133
8576,106
8577,84
8578,68
8579,187
8580,355
8581,490
8582,598
8583,682
8584,750
8585,804
8586,846
8587,880
8588,906
8589,928
8590,945
8591,740
8592,583
8593,457
8594,359
8595,281
8596,222
8597,174
8598,138
8599,110
8600,87
8601,70
8602,155
8603,331
8604,469
8605,581
8606,669
8607,740
8608,795
8609,839
8610,874
8611,902
8612,924
8613,942
8614,770
8615,607
8616,475
8617,372
8618,292
8619,229
8620,181
8621,143
8622,114
8623,91
8624,73
8625,122
8626,304
8627,448
8628,564
8629,656
8630,729
8631,787
8632,832
8633,869
8634,898
8635,921
8636,939
8637,802
8638,634
8639,496
8640,390
8641,305
8642,241
8643,189
8644,150
8645,119
8646,95
8647,75
8648,86
8649,275
8650,427
8651,546
8652,643
8653,718
8654,779
8655,825
8656,864
8657,894
8658,918
8659,937
8660,835
8661,658
8662,515
8663,405
8664,318
8665,249
8666,196
8667,156
8668,123
8669,98
8670,78
8671,63
8672,246
8673,404
8674,527
8675,628
8676,706
8677,769
8678,818
8679,858
8680,888
8681,913
8682,934
8683,868
8684,685
8685,538
8686,421
8687,331
8688,260
8689,205
8690,161
8691,128
8692,102
8693,81
8694,65
8695,217
8696,380
8697,508
8698,612
8699,694
8700,759
8701,811
8702,852
8703,884
8704,910
8705,931
8706,903
8707,714
8708,561
8709,440
8710,344
8711,271
8712,213
8713,168
8714,133
8715,106
8716,84
8717,67
8718,185
8719,355
8720,489
8721,596
8722,682
8723,749
8724,803
8725,845
8726,880
8727,906
8728,928
8729,945
8730,742
8731,584
8732,457
8733,359
8734,281
8735,221
8736,174
8737,138
8738,110
8739,88
8740,70
8741,153
8742,329
8743,468
8744,581
8745,668
8746,739
8747,795
8748,839
8749,874
8750,902
8751,924
8752,942
8753,772
8754,610
8755,477
8756,375
8757,293
8758,232
8759,182
8760,144
8761,114
8762,91
8763,73
8764,120
8765,303
8766,447
8767,564
8768,655
8769,729
8770,786
8771,832
8772,869
8773,898
8774,921
8775,939
8776,803
8777,635
8778,497
8779,390
8780,305
8781,241
8782,189
8783,150
8784,119
8785,94
8786,75
8787,83
8788,275
8789,424
8790,545
8791,641
8792,717
8793,777
8794,826
8795,863
8796,893
8797,917
8798,937
8799,836
8800,658
8801,518
8802,405
8803,318
8804,250
8805,197
8806,156
8807,124
8808,98
8809,79
8810,63
8811,245
8812,402
8813,527
8814,627
8815,705
8816,768
8817,818
8818,858
8819,888
8820,914
8821,933
8822,871
8823,687
8824,541
8825,423
8826,332
8827,261
8828,206
8829,162
8830,128
8831,102
8832,82
8833,65
8834,217
8835,379
8836,509
8837,612
8838,694
8839,759
8840,810
8841,851
8842,884
8843,910
8844,930
8845,903
8846,715
8847,561
8848,440
8849,344
8850,271
8851,213
8852,169
8853,133
8854,106
8855,84
8856,68
8857,184
8858,353
8859,488
8860,596
8861,681
8862,749
8863,803
8864,845
8865,879
8866,906
8867,927
8868,945
8869,745
8870,585
8871,460
8872,360
8873,283
8874,222
8875,175
8876,139
8877,110
8878,88
8879,70
8880,153
8881,327
8882,469
8883,579
8884,669
8885,738
8886,795
8887,838
8888,874
8889,902
8890,925
8891,942
8892,775
8893,609
8894,479
8895,374
8896,294
8897,231
8898,182
8899,144
8900,115
8901,91
8902,73
8903,118
8904,301
8905,446
8906,563
8907,654
8908,728
8909,785
8910,832
8911,868
8912,897
8913,920
8914,939
8915,804
8916,635
8917,497
8918,388
8919,305
8920,240
8921,189
8922,150
8923,119
8924,95
8925,75
8926,81
8927,274
8928,423
8929,545
8930,640
8931,717
8932,777
8933,825
8934,863
8935,893
8936,917
8937,936
8938,837
8939,663
8940,519
8941,408
8942,319
8943,252
8944,197
8945,156
8946,124
8947,98
8948,79
8949,63
8950,244
8951,401
8952,526
8953,626
8954,705
8955,768
8956,817
8957,857
8958,889
8959,914
8960,933
8961,870
8962,687
8963,540
8964,423
8965,332
8966,261
8967,205
8968,162
8969,128
8970,102
8971,82
8972,65
8973,214
8974,378
8975,506
8976,611
8977,692
8978,758
8979,809
8980,851
8981,883
8982,909
8983,930
8984,906
8985,715
8986,563
8987,441
8988,346
8989,272
8990,214
8991,169
8992,134
8993,106
8994,85
8995,68
8996,183
8997,353
8998,487
8999,596
9000,680
9001,749
9002,802
9003,845
9004,879
9005,906
9006,928
9007,945
9008,745
9009,588
9010,460
9011,361
9012,283
9013,223
9014,176
9015,139
9016,110
9017,88
9018,70
9019,150
9020,327
9021,466
9022,579
9023,667
9024,738
9025,794
9026,838
9027,873
9028,901
9029,924
9030,941
9031,774
9032,611
9033,478
9034,375
9035,294
9036,231
9037,182
9038,144
9039,115
9040,91
9041,73
9042,116
9043,300
9044,445
9045,562
9046,655
9047,727
9048,785
9049,831
9050,868
9051,897
9052,921
9053,939
9054,807
9055,636
9056,500
9057,391
9058,308
9059,241
9060,191
9061,150
9062,119
9063,95
9064,76
9065,80
9066,273
9067,422
9068,544
9069,640
9070,716
9071,776
9072,825
9073,863
9074,893
9075,917
9076,936
9077,838
9078,663
9079,519
9080,408
9081,319
9082,251
9083,197
9084,156
9085,124
9086,98
9087,78
9088,63
9089,242
9090,400
9091,525
9092,625
9093,705
9094,767
9095,817
9096,857
9097,888
9098,913
9099,933
9100,873
9101,688
9102,542
9103,424
9104,333
9105,261
9106,206
9107,162
9108,129
9109,103
9110,82
9111,65
9112,212
9113,377
9114,506
9115,610
9116,692
9117,758
9118,809
9119,851
9120,883
9121,910
9122,930
9123,908
9124,717
9125,565
9126,442
9127,347
9128,272
9129,214
9130,169
9131,133
9132,106
9133,85
9134,68
9135,182
9136,351
9137,486
9138,595
9139,680
9140,748
9141,801
9142,845
9143,878
9144,905
9145,927
9146,944
9147,747
9148,586
9149,461
9150,360
9151,284
9152,222
9153,176
9154,139
9155,111
9156,88
9157,71
9158,149
9159,326
9160,465
9161,578
9162,666
9163,737
9164,793
9165,838
9166,873
9167,901
9168,924
9169,942
9170,777
9171,613
9172,480
9173,378
9174,296
9175,233
9176,184
9177,145
9178,115
9179,92
9180,73
9181,114
9182,299
9183,444
9184,561
9185,653
9186,727
9187,785
9188,832
9189,868
9190,898
9191,920
9192,939
9193,810
9194,638
9195,501
9196,392
9197,308
9198,242
9199,191
9200,150
9201,120
9202,95
9203,76
9204,56
9205,271
9206,421
9207,543
9208,639
9209,716
9210,776
9211,824
9212,862
9213,892
9214,916
9215,936
9216,839
9217,662
9218,520
9219,407
9220,320
9221,251
9222,198
9223,157
9224,124
9225,99
9226,79
9227,63
9228,241
9229,399
9230,524
9231,625
9232,703
9233,767
9234,816
9235,857
9236,888
9237,913
9238,933
9239,875
9240,690
9241,543
9242,425
9243,334
9244,262
9245,207
9246,163
9247,130
9248,103
9249,82
9250,65
9251,210
9252,374
9253,504
9254,609
9255,691
9256,757
9257,809
9258,850
9259,883
9260,909
9261,930
9262,910
9263,719
9264,565
9265,442
9266,347
9267,272
9268,214
9269,169
9270,134
9271,107
9272,85
9273,68
9274,179
9275,351
9276,485
9277,594
9278,679
9279,747
9280,801
9281,844
9282,878
9283,905
9284,927
9285,944
9286,749
9287,588
9288,463
9289,362
9290,285
9291,223
9292,177
9293,140
9294,111
9295,88
9296,71
9297,147
9298,324
9299,464
9300,577
9301,666
9302,737
9303,793
9304,838
9305,873
9306,902
9307,924
9308,942
9309,778
9310,614
9311,481
9312,377
9313,296
9314,232
9315,183
9316,145
9317,115
9318,92
9319,73
9320,113
9321,297
9322,443
9323,560
9324,653
9325,726
9326,785
9327,831
9328,868
9329,897
9330,921
9331,938
9332,808
9333,639
9334,499
9335,393
9336,307
9337,242
9338,190
9339,151
9340,119
9341,95
9342,76
9343,56
9344,270
9345,421
9346,543
9347,640
9348,715
9349,776
9350,824
9351,862
9352,893
9353,916
9354,937
9355,842
9356,666
9357,522
9358,410
9359,321
9360,253
9361,199
9362,157
9363,124
9364,99
9365,79
9366,63
9367,239
9368,398
9369,523
9370,624
9371,703
9372,766
9373,816
9374,856
9375,888
9376,913
9377,933
9378,877
9379,692
9380,544
9381,426
9382,335
9383,262
9384,207
9385,163
9386,129
9387,103
9388,83
9389,65
9390,211
9391,374
9392,505
9393,608
9394,691
9395,756
9396,809
9397,850
9398,883
9399,909
9400,930
9401,910
9402,719
9403,567
9404,444
9405,349
9406,273
9407,216
9408,169
9409,134
9410,107
9411,86
9412,69
9413,178
9414,349
9415,484
9416,593
9417,679
9418,747
9419,801
9420,844
9421,879
9422,906
9423,927
9424,944
9425,748
9426,590
9427,463
9428,363
9429,284
9430,223
9431,176
9432,140
9433,111
9434,88
9435,71
9436,145
9437,323
9438,463
9439,576
9440,665
9441,737
9442,792
9443,837
9444,873
9445,901
9446,923
9447,941
9448,778
9449,614
9450,481
9451,377
9452,295
9453,233
9454,183
9455,145
9456,115
9457,92
9458,74
9459,111
9460,296
9461,441
9462,559
9463,652
9464,726
9465,784
9466,831
9467,867
9468,897
9469,920
9470,939
9471,812
9472,640
9473,502
9474,393
9475,309
9476,243
9477,191
9478,151
9479,121
9480,95
9481,76
9482,56
9483,269
9484,420
9485,542
9486,638
9487,715
9488,775
9489,824
9490,862
9491,892
9492,916
9493,936
9494,843
9495,667
9496,522
9497,410
9498,321
9499,253
9500,199
9501,157
9502,125
9503,99
9504,79
9505,64
9506,238
9507,397
9508,522
9509,624
9510,702
9511,766
9512,816
9513,856
9514,887
9515,913
9516,932
9517,878
9518,693
9519,545
9520,427
9521,334
9522,263
9523,207
9524,163
9525,130
9526,103
9527,82
9528,66
9529,208
9530,373
9531,503
9532,608
9533,690
9534,756
9535,808
9536,850
9537,883
9538,909
9539,930
9540,914
9541,721
9542,568
9543,444
9544,349
9545,274
9546,216
9547,170
9548,135
9549,107
9550,85
9551,68
9552,176
9553,348
9554,483
9555,592
9556,678
9557,746
9558,801
9559,844
9560,878
9561,905
9562,926
9563,944
9564,752
9565,590
9566,464
9567,362
9568,285
9569,224
9570,176
9571,140
9572,111
9573,88
9574,71
9575,144
9576,322
9577,462
9578,576
9579,664
9580,736
9581,792
9582,837
9583,872
9584,901
9585,923
9586,942
9587,783
9588,616
9589,484
9590,379
9591,298
9592,234
9593,185
9594,146
9595,116
9596,92
9597,74
9598,110
9599,295
9600,443
9601,558
9602,651
9603,725
9604,784
9605,830
9606,867
9607,896
9608,920
9609,939
9610,813
9611,641
9612,504
9613,394
9614,309
9615,243
9616,192
9617,151
9618,120
9619,95
9620,76
9621,56
9622,267
9623,418
9624,541
9625,637
9626,714
9627,774
9628,823
9629,861
9630,892
9631,916
9632,935
9633,844
9634,667
9635,523
9636,411
9637,321
9638,254
9639,199
9640,158
9641,125
9642,100
9643,79
9644,64
9645,238
9646,396
9647,522
9648,623
9649,702
9650,766
9651,815
9652,856
9653,887
9654,912
9655,933
9656,879
9657,694
9658,545
9659,428
9660,336
9661,264
9662,208
9663,164
9664,130
9665,103
9666,82
9667,66
9668,206
9669,372
9670,502
9671,607
9672,690
9673,756
9674,808
9675,850
9676,882
9677,909
9678,929
9679,916
9680,722
9681,568
9682,444
9683,349
9684,274
9685,215
9686,170
9687,134
9688,107
9689,85
9690,68
9691,177
9692,345
9693,483
9694,591
9695,678
9696,745
9697,800
9698,843
9699,877
9700,904
9701,926
9702,944
9703,753
9704,592
9705,465
9706,364
9707,287
9708,225
9709,178
9710,140
9711,112
9712,89
9713,71
9714,143
9715,321
9716,461
9717,575
9718,665
9719,736
9720,792
9721,837
9722,873
9723,901
9724,923
9725,941
9726,783
9727,616
9728,483
9729,380
9730,298
9731,234
9732,184
9733,146
9734,116
9735,92
9736,74
9737,108
9738,294
9739,439
9740,558
9741,650
9742,725
9743,783
9744,830
9745,867
9746,896
9747,920
9748,938
9749,815
9750,642
9751,504
9752,394
9753,310
9754,243
9755,192
9756,151
9757,120
9758,96
9759,77
9760,56
9761,264
9762,418
9763,539
9764,637
9765,713
9766,774
9767,823
9768,861
9769,892
9770,916
9771,936
9772,848
9773,670
9774,526
9775,412
9776,323
9777,254
9778,200
9779,158
9780,125
9781,100
9782,79
9783,64
9784,235
9785,395
9786,521
9787,622
9788,702
9789,765
9790,815
9791,856
9792,887
9793,913
9794,933
9795,879
9796,697
9797,546
9798,428
9799,335
9800,264
9801,207
9802,164
9803,129
9804,103
9805,82
9806,66
9807,205
9808,371
9809,501
9810,607
9811,689
9812,756
9813,807
9814,849
9815,882
9816,908
9817,929
9818,916
9819,724
9820,570
9821,447
9822,351
9823,275
9824,217
9825,171
9826,136
9827,108
9828,86
9829,68
9830,173
9831,345
9832,481
9833,591
9834,677
9835,746
9836,800
9837,843
9838,877
9839,905
9840,926
9841,944
9842,753
9843,594
9844,465
9845,365
9846,286
9847,225
9848,177
9849,141
9850,112
9851,89
9852,71
9853,141
9854,319
9855,460
9856,574
9857,664
9858,735
9859,792
9860,836
9861,872
9862,900
9863,923
9864,941
9865,783
9866,618
9867,483
9868,380
9869,297
9870,234
9871,184
9872,146
9873,116
9874,92
9875,73
9876,106
9877,292
9878,438
9879,557
9880,650
9881,724
9882,782
9883,830
9884,866
9885,896
9886,920
9887,938
9888,815
9889,645
9890,505
9891,396
9892,310
9893,244
9894,193
9895,152
9896,121
9897,96
9898,76
9899,56
9900,263
9901,416
9902,538
9903,636
9904,713
9905,774
9906,822
9907,861
9908,892
9909,916
9910,935
9911,849
9912,670
9913,527
9914,412
9915,323
9916,254
9917,200
9918,158
9919,125
9920,99
9921,79
9922,64
9923,233
9924,393
9925,519
9926,621
9927,701
9928,765
9929,815
9930,855
9931,886
9932,912
9933,932
9934,883
9935,697
9936,548
9937,429
9938,337
9939,264
9940,208
9941,164
9942,130
9943,104
9944,83
9945,67
9946,205
9947,369
9948,500
9949,606
9950,689
9951,755
9952,807
9953,850
9954,882
9955,909
9956,929
9957,920
9958,725
9959,571
9960,447
9961,351
9962,275
9963,217
9964,171
9965,135
9966,108
9967,86
9968,69
9969,172
9970,345
9971,480
9972,590
9973,676
9974,745
9975,799
9976,843
9977,877
9978,904
9979,926
9980,943
9981,755
9982,593
9983,466
9984,364
9985,286
9986,225
9987,177
9988,140
9989,111
9990,89
9991,71
9992,139
9993,318
9994,459
9995,573
9996,663
9997,734
9998,790
9999,836
10000,872
