1,840
2,689
3,726
4,620
5,652
6,580
7,597
8,558
9,555
10,549
11,520
12,550
13,490
14,617
15,420
16,599
17,423
18,584
19,430
20,569
21,438
22,555
23,447
24,541
25,457
26,527
27,468
28,514
29,481
30,500
31,494
32,486
33,508
34,469
35,525
36,393
37,587
38,404
39,575
40,414
41,564
42,425
43,554
44,436
45,542
46,448
47,529
48,460
49,516
50,472
51,503
52,486
53,489
54,499
55,474
56,516
57,459
58,589
59,398
60,580
61,409
62,568
63,420
64,558
65,432
66,546
67,445
68,535
69,456
70,523
71,468
72,509
73,480
74,496
75,494
76,481
77,509
78,465
79,525
80,393
81,583
82,404
83,572
84,415
85,561
86,427
87,550
88,438
89,538
90,450
91,526
92,461
93,513
94,474
95,500
96,487
97,486
98,502
99,471
100,518
101,453
102,587
103,400
104,577
105,411
106,566
107,421
108,555
109,433
110,544
111,445
112,530
113,456
114,519
115,469
116,506
117,482
118,493
119,496
120,478
121,512
122,461
123,591
124,394
125,581
126,406
127,571
128,415
129,559
130,430
131,549
132,441
133,535
134,451
135,524
136,464
137,511
138,476
139,498
140,489
141,484
142,504
143,468
144,521
145,390
146,586
147,402
148,574
149,412
150,564
151,423
152,551
153,433
154,540
155,445
156,528
157,457
158,516
159,470
160,503
161,484
162,489
163,499
164,476
165,515
166,458
167,589
168,396
169,580
170,408
171,569
172,418
173,558
174,429
175,546
176,440
177,533
178,452
179,521
180,464
181,508
182,478
183,495
184,491
185,481
186,506
187,464
188,526
189,392
190,583
191,403
192,573
193,414
194,562
195,426
196,551
197,437
198,540
199,449
200,528
201,461
202,515
203,474
204,502
205,487
206,487
207,501
208,472
209,518
210,452
211,587
212,399
213,577
214,410
215,566
216,421
217,554
218,432
219,543
220,442
221,531
222,454
223,519
224,467
225,506
226,480
227,493
228,494
229,478
230,509
231,462
232,591
233,394
234,581
235,405
236,571
237,415
238,560
239,426
240,548
241,437
242,536
243,451
244,526
245,463
246,513
247,475
248,499
249,489
250,485
251,503
252,469
253,520
254,389
255,586
256,400
257,576
258,410
259,565
260,421
261,554
262,433
263,542
264,445
265,529
266,457
267,517
268,469
269,505
270,482
271,490
272,496
273,476
274,512
275,458
276,590
277,396
278,580
279,406
280,569
281,417
282,558
283,428
284,547
285,440
286,533
287,450
288,522
289,463
290,509
291,476
292,496
293,490
294,482
295,505
296,466
297,523
298,391
299,585
300,403
301,573
302,414
303,563
304,424
305,552
306,435
307,541
308,449
309,530
310,460
311,517
312,473
313,503
314,486
315,490
316,500
317,475
318,517
319,457
320,589
321,398
322,578
323,409
324,568
325,419
326,557
327,431
328,546
329,442
330,533
331,454
332,521
333,467
334,509
335,480
336,495
337,494
338,481
339,509
340,463
341,526
342,392
343,581
344,403
345,572
346,414
347,561
348,426
349,550
350,438
351,539
352,450
353,526
354,462
355,514
356,475
357,501
358,488
359,487
360,502
361,472
362,520
363,389
364,586
365,400
366,577
367,411
368,566
369,422
370,555
371,433
372,544
373,444
374,530
375,455
376,519
377,468
378,506
379,482
380,493
381,496
382,479
383,512
384,462
385,590
386,395
387,580
388,406
389,570
390,416
391,559
392,427
393,547
394,438
395,535
396,452
397,524
398,464
399,511
400,476
401,498
402,490
403,484
404,504
405,468
406,521
407,390
408,585
409,401
410,574
411,411
412,563
413,422
414,550
415,433
416,540
417,445
418,528
419,457
420,516
421,470
422,503
423,483
424,489
425,497
426,474
427,514
428,458
429,589
430,398
431,579
432,407
433,568
434,418
435,557
436,429
437,546
438,441
439,532
440,451
441,521
442,464
443,508
444,477
445,495
446,491
447,481
448,506
449,465
450,527
451,392
452,583
453,404
454,574
455,414
456,563
457,425
458,551
459,436
460,540
461,448
462,528
463,461
464,515
465,474
466,502
467,487
468,488
469,501
470,472
471,518
472,454
473,587
474,398
475,576
476,408
477,565
478,419
479,555
480,431
481,543
482,442
483,532
484,455
485,520
486,467
487,507
488,480
489,493
490,494
491,478
492,509
493,461
494,591
495,394
496,581
497,404
498,571
499,415
500,560
501,426
502,548
503,438
504,537
505,451
506,526
507,463
508,513
509,475
510,500
511,488
512,487
513,504
514,470
515,522
516,390
517,585
518,402
519,576
520,412
521,565
522,422
523,554
524,434
525,542
526,445
527,529
528,457
529,517
530,470
531,505
532,483
533,492
534,497
535,478
536,513
537,460
538,590
539,395
540,580
541,407
542,569
543,417
544,558
545,430
546,549
547,442
548,536
549,453
550,524
551,465
552,511
553,478
554,498
555,489
556,483
557,505
558,467
559,523
560,391
561,584
562,403
563,574
564,413
565,563
566,425
567,552
568,436
569,541
570,449
571,529
572,460
573,517
574,473
575,503
576,486
577,490
578,500
579,475
580,516
581,454
582,589
583,399
584,578
585,408
586,567
587,419
588,556
589,430
590,545
591,441
592,533
593,453
594,521
595,466
596,507
597,479
598,496
599,493
600,481
601,508
602,464
603,529
604,393
605,582
606,404
607,572
608,415
609,561
610,425
611,549
612,437
613,539
614,449
615,526
616,462
617,514
618,475
619,501
620,488
621,487
622,502
623,472
624,519
625,389
626,586
627,400
628,577
629,410
630,566
631,422
632,555
633,433
634,544
635,445
636,530
637,455
638,518
639,468
640,505
641,480
642,492
643,495
644,478
645,510
646,461
647,591
648,394
649,581
650,406
651,571
652,417
653,560
654,428
655,549
656,440
657,537
658,451
659,524
660,464
661,512
662,477
663,499
664,490
665,485
666,506
667,469
668,523
669,391
670,585
671,402
672,575
673,412
674,564
675,423
676,553
677,435
678,541
679,448
680,531
681,460
682,518
683,470
684,505
685,484
686,491
687,498
688,476
689,516
690,458
691,590
692,396
693,579
694,408
695,569
696,419
697,558
698,430
699,547
700,442
701,535
702,454
703,523
704,466
705,510
706,479
707,496
708,493
709,482
710,508
711,466
712,523
713,392
714,584
715,403
716,572
717,413
718,562
719,424
720,550
721,436
722,539
723,448
724,527
725,460
726,516
727,473
728,502
729,486
730,488
731,500
732,472
733,517
734,457
735,588
736,399
737,578
738,410
739,567
740,420
741,555
742,431
743,543
744,443
745,532
746,455
747,520
748,468
749,508
750,482
751,494
752,495
753,480
754,511
755,463
756,528
757,393
758,582
759,405
760,571
761,416
762,560
763,428
764,550
765,439
766,538
767,451
768,526
769,463
770,514
771,475
772,500
773,488
774,486
775,504
776,471
777,521
778,390
779,585
780,401
781,576
782,412
783,565
784,423
785,552
786,432
787,542
788,444
789,527
790,455
791,516
792,468
793,503
794,481
795,490
796,496
797,475
798,512
799,458
800,589
801,396
802,579
803,406
804,569
805,417
806,558
807,428
808,546
809,439
810,533
811,450
812,522
813,463
814,510
815,476
816,497
817,492
818,483
819,507
820,468
821,521
822,390
823,584
824,402
825,574
826,412
827,563
828,423
829,551
830,435
831,540
832,447
833,528
834,459
835,515
836,471
837,502
838,484
839,488
840,498
841,473
842,515
843,458
844,589
845,398
846,579
847,409
848,568
849,420
850,557
851,431
852,546
853,442
854,532
855,454
856,520
857,466
858,507
859,480
860,495
861,493
862,481
863,509
864,464
865,527
866,393
867,583
868,404
869,572
870,414
871,560
872,426
873,550
874,437
875,538
876,449
877,525
878,460
879,513
880,473
881,499
882,487
883,486
884,501
885,470
886,518
887,452
888,587
889,399
890,577
891,410
892,566
893,421
894,555
895,433
896,543
897,444
898,532
899,456
900,519
901,468
902,506
903,483
904,493
905,496
906,478
907,512
908,461
909,591
910,394
911,581
912,406
913,570
914,417
915,559
916,428
917,548
918,440
919,535
920,450
921,524
922,463
923,511
924,476
925,498
926,490
927,485
928,505
929,469
930,523
931,390
932,584
933,402
934,575
935,413
936,564
937,423
938,553
939,432
940,541
941,447
942,530
943,459
944,518
945,472
946,505
947,485
948,491
949,499
950,476
951,515
952,458
953,590
954,396
955,579
956,408
957,569
958,419
959,558
960,429
961,545
962,441
963,533
964,453
965,522
966,465
967,509
968,478
969,495
970,492
971,481
972,506
973,464
974,525
975,392
976,584
977,402
978,573
979,413
980,561
981,425
982,552
983,436
984,540
985,448
986,528
987,460
988,514
989,472
990,501
991,485
992,487
993,500
994,472
995,516
996,456
997,588
998,399
999,578
1000,410
1001,566
1002,421
1003,555
1004,431
1005,543
1006,443
1007,531
1008,455
1009,519
1010,468
1011,506
1012,480
1013,493
1014,495
1015,478
1016,510
1017,461
1018,529
1019,393
1020,582
1021,404
1022,570
1023,416
1024,562
1025,427
1026,548
1027,438
1028,537
1029,449
1030,524
1031,463
1032,512
1033,476
1034,499
1035,489
1036,485
1037,504
1038,469
1039,519
1040,389
1041,585
1042,400
1043,575
1044,411
1045,564
1046,422
1047,554
1048,435
1049,542
1050,446
1051,530
1052,459
1053,518
1054,471
1055,505
1056,484
1057,491
1058,498
1059,476
1060,514
1061,459
1062,590
1063,395
1064,580
1065,407
1066,569
1067,416
1068,558
1069,429
1070,547
1071,439
1072,535
1073,452
1074,522
1075,465
1076,509
1077,478
1078,496
1079,491
1080,482
1081,506
1082,466
1083,521
1084,392
1085,585
1086,402
1087,573
1088,413
1089,562
1090,424
1091,551
1092,436
1093,540
1094,447
1095,527
1096,460
1097,515
1098,472
1099,502
1100,486
1101,488
1102,500
1103,473
1104,516
1105,458
1106,588
1107,396
1108,578
1109,409
1110,569
1111,419
1112,557
1113,430
1114,545
1115,441
1116,532
1117,455
1118,520
1119,467
1120,507
1121,480
1122,494
1123,494
1124,481
1125,509
1126,463
1127,525
1128,393
1129,583
1130,404
1131,571
1132,415
1133,561
1134,426
1135,550
1136,438
1137,538
1138,450
1139,526
1140,462
1141,513
1142,475
1143,500
1144,488
1145,485
1146,502
1147,470
1148,519
1149,452
1150,587
1151,399
1152,576
1153,409
1154,565
1155,420
1156,555
1157,432
1158,544
1159,444
1160,530
1161,456
1162,518
1163,469
1164,505
1165,482
1166,492
1167,496
1168,477
1169,512
1170,460
1171,591
1172,394
1173,581
1174,406
1175,569
1176,417
1177,559
1178,427
1179,546
1180,439
1181,535
1182,451
1183,522
1184,463
1185,510
1186,476
1187,497
1188,490
1189,483
1190,505
1191,467
1192,523
1193,389
1194,585
1195,401
1196,575
1197,411
1198,564
1199,422
1200,553
1201,436
1202,541
1203,447
1204,529
1205,459
1206,516
1207,471
1208,503
1209,484
1210,490
1211,499
1212,475
1213,515
1214,460
1215,589
1216,396
1217,580
1218,408
1219,568
1220,419
1221,557
1222,429
1223,545
1224,442
1225,533
1226,453
1227,521
1228,466
1229,509
1230,479
1231,495
1232,493
1233,481
1234,508
1235,465
1236,523
1237,392
1238,583
1239,404
1240,574
1241,414
1242,562
1243,424
1244,550
1245,437
1246,539
1247,448
1248,526
1249,461
1250,514
1251,474
1252,502
1253,487
1254,487
1255,501
1256,472
1257,518
1258,456
1259,587
1260,398
1261,577
1262,410
1263,566
1264,420
1265,555
1266,431
1267,544
1268,444
1269,532
1270,456
1271,519
1272,468
1273,506
1274,481
1275,493
1276,495
1277,478
1278,510
1279,461
1280,528
1281,393
1282,582
1283,405
1284,571
1285,416
1286,559
1287,427
1288,548
1289,438
1290,537
1291,450
1292,525
1293,463
1294,512
1295,474
1296,499
1297,489
1298,485
1299,504
1300,469
1301,521
1302,389
1303,586
1304,400
1305,575
1306,411
1307,564
1308,422
1309,554
1310,435
1311,542
1312,446
1313,530
1314,459
1315,518
1316,471
1317,505
1318,484
1319,491
1320,498
1321,476
1322,514
1323,461
1324,590
1325,396
1326,579
1327,406
1328,569
1329,418
1330,558
1331,428
1332,546
1333,440
1334,534
1335,452
1336,522
1337,463
1338,509
1339,478
1340,497
1341,491
1342,482
1343,506
1344,466
1345,521
1346,391
1347,584
1348,402
1349,573
1350,414
1351,563
1352,425
1353,551
1354,436
1355,540
1356,447
1357,528
1358,460
1359,515
1360,472
1361,502
1362,485
1363,488
1364,500
1365,473
1366,514
1367,458
1368,589
1369,399
1370,578
1371,408
1372,568
1373,419
1374,556
1375,431
1376,545
1377,442
1378,532
1379,455
1380,521
1381,467
1382,508
1383,480
1384,494
1385,494
1386,480
1387,509
1388,463
1389,525
1390,393
1391,583
1392,404
1393,571
1394,415
1395,560
1396,426
1397,549
1398,438
1399,538
1400,450
1401,526
1402,462
1403,513
1404,475
1405,500
1406,488
1407,486
1408,500
1409,470
1410,518
1411,389
1412,586
1413,400
1414,575
1415,410
1416,565
1417,421
1418,554
1419,433
1420,542
1421,444
1422,530
1423,455
1424,518
1425,469
1426,505
1427,482
1428,492
1429,496
1430,477
1431,512
1432,460
1433,591
1434,394
1435,581
1436,406
1437,570
1438,417
1439,558
1440,427
1441,546
1442,438
1443,535
1444,451
1445,522
1446,463
1447,511
1448,477
1449,498
1450,491
1451,486
1452,505
1453,469
1454,521
1455,391
1456,584
1457,401
1458,574
1459,412
1460,563
1461,423
1462,553
1463,436
1464,541
1465,446
1466,529
1467,460
1468,517
1469,472
1470,503
1471,485
1472,490
1473,499
1474,475
1475,515
1476,460
1477,588
1478,396
1479,580
1480,408
1481,568
1482,419
1483,557
1484,429
1485,545
1486,442
1487,534
1488,453
1489,521
1490,466
1491,508
1492,479
1493,495
1494,490
1495,481
1496,506
1497,466
1498,527
1499,392
1500,584
1501,403
1502,572
1503,414
1504,561
1505,425
1506,550
1507,437
1508,540
1509,448
1510,526
1511,461
1512,514
1513,473
1514,501
1515,487
1516,487
1517,501
1518,472
1519,518
1520,452
1521,588
1522,398
1523,577
1524,410
1525,566
1526,421
1527,555
1528,431
1529,544
1530,444
1531,532
1532,456
1533,520
1534,469
1535,506
1536,479
1537,493
1538,493
1539,480
1540,510
1541,463
1542,591
1543,393
1544,582
1545,404
1546,570
1547,416
1548,559
1549,427
1550,548
1551,438
1552,536
1553,450
1554,524
1555,463
1556,512
1557,475
1558,498
1559,489
1560,484
1561,504
1562,469
1563,521
1564,389
1565,586
1566,400
1567,575
1568,412
1569,564
1570,422
1571,554
1572,435
1573,543
1574,446
1575,530
1576,459
1577,518
1578,471
1579,507
1580,484
1581,492
1582,497
1583,477
1584,512
1585,458
1586,590
1587,395
1588,580
1589,407
1590,569
1591,418
1592,558
1593,428
1594,546
1595,440
1596,534
1597,453
1598,522
1599,465
1600,509
1601,478
1602,497
1603,491
1604,483
1605,507
1606,466
1607,521
1608,392
1609,584
1610,403
1611,573
1612,413
1613,562
1614,424
1615,551
1616,436
1617,540
1618,448
1619,528
1620,460
1621,515
1622,470
1623,502
1624,484
1625,488
1626,499
1627,473
1628,516
1629,458
1630,588
1631,398
1632,579
1633,409
1634,567
1635,420
1636,558
1637,431
1638,544
1639,442
1640,532
1641,454
1642,520
1643,467
1644,507
1645,480
1646,494
1647,494
1648,480
1649,509
1650,463
1651,525
1652,393
1653,583
1654,404
1655,571
1656,415
1657,560
1658,426
1659,549
1660,438
1661,537
1662,449
1663,525
1664,460
1665,513
1666,474
1667,501
1668,489
1669,487
1670,502
1671,470
1672,519
1673,452
1674,587
1675,399
1676,577
1677,410
1678,565
1679,420
1680,554
1681,434
1682,543
1683,445
1684,531
1685,457
1686,519
1687,470
1688,506
1689,482
1690,492
1691,496
1692,477
1693,512
1694,460
1695,591
1696,394
1697,581
1698,406
1699,570
1700,417
1701,559
1702,427
1703,546
1704,439
1705,535
1706,451
1707,524
1708,463
1709,512
1710,475
1711,499
1712,489
1713,483
1714,505
1715,467
1716,523
1717,390
1718,585
1719,401
1720,574
1721,413
1722,564
1723,423
1724,553
1725,435
1726,540
1727,446
1728,528
1729,459
1730,516
1731,471
1732,503
1733,485
1734,490
1735,499
1736,475
1737,515
1738,460
1739,589
1740,396
1741,579
1742,408
1743,568
1744,418
1745,557
1746,429
1747,545
1748,442
1749,534
1750,452
1751,521
1752,464
1753,509
1754,478
1755,496
1756,492
1757,480
1758,508
1759,464
1760,523
1761,393
1762,584
1763,403
1764,573
1765,415
1766,562
1767,426
1768,550
1769,437
1770,539
1771,448
1772,525
1773,459
1774,513
1775,472
1776,500
1777,486
1778,487
1779,501
1780,472
1781,518
1782,456
1783,587
1784,399
1785,578
1786,410
1787,566
1788,420
1789,555
1790,432
1791,543
1792,441
1793,531
1794,454
1795,520
1796,467
1797,508
1798,480
1799,493
1800,495
1801,479
1802,511
1803,462
1804,529
1805,393
1806,582
1807,404
1808,570
1809,416
1810,559
1811,427
1812,547
1813,438
1814,536
1815,449
1816,523
1817,462
1818,511
1819,475
1820,498
1821,489
1822,484
1823,503
1824,469
1825,521
1826,388
1827,586
1828,400
1829,575
1830,411
1831,564
1832,422
1833,554
1834,435
1835,544
1836,446
1837,531
1838,457
1839,519
1840,469
1841,505
1842,484
1843,491
1844,498
1845,476
1846,514
1847,458
1848,591
1849,395
1850,580
1851,407
1852,569
1853,418
1854,558
1855,428
1856,546
1857,440
1858,534
1859,453
1860,523
1861,465
1862,510
1863,478
1864,497
1865,492
1866,482
1867,507
1868,466
1869,521
1870,392
1871,585
1872,402
1873,573
1874,413
1875,562
1876,424
1877,552
1878,435
1879,541
1880,447
1881,528
1882,458
1883,516
1884,472
1885,502
1886,485
1887,488
1888,500
1889,473
1890,516
1891,458
1892,587
1893,398
1894,578
1895,409
1896,567
1897,420
1898,556
1899,431
1900,544
1901,443
1902,532
1903,456
1904,522
1905,468
1906,508
1907,480
1908,494
1909,494
1910,480
1911,509
1912,463
1913,525
1914,393
1915,582
1916,405
1917,572
1918,414
1919,561
1920,424
1921,549
1922,437
1923,538
1924,448
1925,524
1926,461
1927,512
1928,474
1929,499
1930,488
1931,485
1932,502
1933,470
1934,519
1935,389
1936,587
1937,399
1938,577
1939,410
1940,565
1941,421
1942,554
1943,434
1944,543
1945,445
1946,531
1947,457
1948,519
1949,470
1950,505
1951,482
1952,492
1953,496
1954,477
1955,512
1956,459
1957,591
1958,394
1959,581
1960,406
1961,569
1962,417
1963,560
1964,428
1965,548
1966,439
1967,537
1968,451
1969,524
1970,464
1971,511
1972,477
1973,497
1974,490
1975,483
1976,505
1977,469
1978,523
1979,390
1980,585
1981,401
1982,574
1983,413
1984,563
1985,424
1986,553
1987,435
1988,541
1989,446
1990,528
1991,458
1992,516
1993,471
1994,503
1995,484
1996,489
1997,499
1998,475
1999,515
2000,460
2001,589
2002,396
2003,579
2004,408
2005,568
2006,417
2007,557
2008,430
2009,546
2010,440
2011,534
2012,453
2013,521
2014,466
2015,508
2016,479
2017,495
2018,493
2019,481
2020,506
2021,465
2022,523
2023,392
2024,584
2025,402
2026,572
2027,414
2028,561
2029,425
2030,550
2031,436
2032,538
2033,448
2034,525
2035,460
2036,513
2037,473
2038,500
2039,486
2040,487
2041,501
2042,471
2043,518
2044,456
2045,587
2046,398
2047,577
2048,409
2049,566
2050,420
2051,555
2052,431
2053,543
2054,444
2055,532
2056,457
2057,520
2058,469
2059,507
2060,482
2061,493
2062,495
2063,480
2064,511
2065,462
2066,529
2067,394
2068,582
2069,405
2070,571
2071,416
2072,560
2073,427
2074,547
2075,438
2076,536
2077,450
2078,524
2079,462
2080,511
2081,476
2082,498
2083,489
2084,484
2085,503
2086,468
2087,521
2088,388
2089,585
2090,400
2091,576
2092,410
2093,564
2094,421
2095,554
2096,434
2097,542
2098,446
2099,530
2100,458
2101,518
2102,471
2103,505
2104,483
2105,492
2106,497
2107,476
2108,513
2109,458
2110,590
2111,395
2112,580
2113,407
2114,569
2115,418
2116,558
2117,428
2118,547
2119,441
2120,535
2121,453
2122,523
2123,465
2124,510
2125,478
2126,496
2127,491
2128,482
2129,506
2130,466
2131,521
2132,392
2133,584
2134,403
2135,574
2136,413
2137,563
2138,423
2139,552
2140,436
2141,539
2142,447
2143,528
2144,459
2145,515
2146,472
2147,502
2148,485
2149,488
2150,500
2151,473
2152,516
2153,458
2154,588
2155,398
2156,579
2157,408
2158,567
2159,419
2160,556
2161,431
2162,545
2163,443
2164,533
2165,456
2166,522
2167,468
2168,509
2169,481
2170,495
2171,494
2172,480
2173,509
2174,463
2175,525
2176,391
2177,583
2178,405
2179,572
2180,414
2181,562
2182,425
2183,548
2184,437
2185,537
2186,449
2187,524
2188,460
2189,512
2190,473
2191,500
2192,487
2193,485
2194,502
2195,470
2196,519
2197,452
2198,587
2199,399
2200,577
2201,411
2202,566
2203,422
2204,554
2205,434
2206,544
2207,445
2208,531
2209,457
2210,518
2211,469
2212,506
2213,483
2214,492
2215,496
2216,477
2217,513
2218,459
2219,590
2220,395
2221,580
2222,405
2223,571
2224,416
2225,559
2226,428
2227,546
2228,439
2229,535
2230,451
2231,523
2232,464
2233,512
2234,477
2235,498
2236,490
2237,483
2238,505
2239,468
2240,523
2241,390
2242,585
2243,401
2244,574
2245,412
2246,563
2247,423
2248,553
2249,435
2250,541
2251,447
2252,528
2253,458
2254,516
2255,471
2256,503
2257,484
2258,489
2259,498
2260,474
2261,515
2262,460
2263,589
2264,398
2265,579
2266,407
2267,569
2268,419
2269,557
2270,430
2271,545
2272,441
2273,533
2274,453
2275,522
2276,465
2277,509
2278,479
2279,495
2280,493
2281,482
2282,508
2283,465
2284,523
2285,393
2286,584
2287,403
2288,572
2289,414
2290,561
2291,425
2292,551
2293,437
2294,539
2295,448
2296,525
2297,460
2298,513
2299,473
2300,500
2301,486
2302,487
2303,501
2304,474
2305,518
2306,452
2307,587
2308,399
2309,576
2310,409
2311,566
2312,420
2313,555
2314,431
2315,543
2316,444
2317,532
2318,457
2319,522
2320,469
2321,507
2322,481
2323,493
2324,495
2325,478
2326,511
2327,461
2328,528
2329,393
2330,582
2331,405
2332,571
2333,416
2334,560
2335,427
2336,547
2337,438
2338,536
2339,450
2340,524
2341,462
2342,511
2343,475
2344,498
2345,489
2346,484
2347,501
2348,469
2349,520
2350,390
2351,585
2352,401
2353,574
2354,411
2355,564
2356,422
2357,553
2358,435
2359,542
2360,446
2361,531
2362,458
2363,518
2364,471
2365,504
2366,484
2367,491
2368,498
2369,476
2370,514
2371,458
2372,590
2373,395
2374,580
2375,407
2376,569
2377,418
2378,558
2379,428
2380,546
2381,441
2382,535
2383,453
2384,522
2385,465
2386,510
2387,478
2388,496
2389,491
2390,485
2391,506
2392,467
2393,523
2394,391
2395,584
2396,403
2397,574
2398,413
2399,562
2400,425
2401,552
2402,436
2403,540
2404,446
2405,527
2406,460
2407,515
2408,472
2409,502
2410,485
2411,488
2412,500
2413,473
2414,516
2415,458
2416,588
2417,398
2418,579
2419,409
2420,567
2421,420
2422,556
2423,430
2424,544
2425,442
2426,532
2427,456
2428,521
2429,468
2430,508
2431,481
2432,497
2433,494
2434,481
2435,510
2436,465
2437,529
2438,393
2439,583
2440,403
2441,572
2442,415
2443,561
2444,426
2445,549
2446,438
2447,539
2448,450
2449,525
2450,461
2451,513
2452,474
2453,500
2454,488
2455,486
2456,502
2457,470
2458,519
2459,452
2460,587
2461,399
2462,577
2463,410
2464,565
2465,422
2466,554
2467,434
2468,544
2469,445
2470,531
2471,457
2472,519
2473,469
2474,505
2475,480
2476,492
2477,495
2478,478
2479,511
2480,461
2481,591
2482,394
2483,581
2484,406
2485,570
2486,417
2487,558
2488,427
2489,548
2490,439
2491,535
2492,451
2493,523
2494,464
2495,511
2496,476
2497,497
2498,490
2499,483
2500,505
2501,468
2502,523
2503,390
2504,585
2505,401
2506,574
2507,412
2508,563
2509,423
2510,553
2511,435
2512,540
2513,447
2514,528
2515,459
2516,516
2517,472
2518,505
2519,485
2520,490
2521,497
2522,476
2523,513
2524,458
2525,589
2526,396
2527,579
2528,408
2529,568
2530,419
2531,557
2532,429
2533,546
2534,442
2535,534
2536,453
2537,522
2538,466
2539,509
2540,478
2541,495
2542,492
2543,481
2544,507
2545,464
2546,523
2547,392
2548,583
2549,403
2550,572
2551,414
2552,562
2553,425
2554,551
2555,437
2556,539
2557,448
2558,527
2559,460
2560,516
2561,473
2562,502
2563,487
2564,488
2565,502
2566,472
2567,518
2568,454
2569,587
2570,398
2571,578
2572,410
2573,566
2574,420
2575,556
2576,432
2577,543
2578,444
2579,531
2580,457
2581,520
2582,469
2583,507
2584,482
2585,493
2586,495
2587,479
2588,510
2589,462
2590,529
2591,393
2592,582
2593,404
2594,570
2595,416
2596,560
2597,427
2598,547
2599,438
2600,536
2601,450
2602,524
2603,461
2604,512
2605,475
2606,500
2607,488
2608,486
2609,504
2610,469
2611,521
2612,389
2613,586
2614,400
2615,575
2616,412
2617,564
2618,423
2619,554
2620,435
2621,542
2622,446
2623,529
2624,458
2625,517
2626,470
2627,504
2628,483
2629,491
2630,498
2631,476
2632,514
2633,458
2634,590
2635,395
2636,580
2637,407
2638,569
2639,418
2640,558
2641,428
2642,546
2643,440
2644,534
2645,453
2646,525
2647,465
2648,511
2649,477
2650,498
2651,491
2652,483
2653,507
2654,466
2655,521
2656,391
2657,584
2658,402
2659,573
2660,412
2661,562
2662,424
2663,551
2664,436
2665,540
2666,448
2667,528
2668,460
2669,515
2670,473
2671,502
2672,486
2673,489
2674,500
2675,473
2676,516
2677,458
2678,588
2679,397
2680,578
2681,409
2682,567
2683,420
2684,556
2685,430
2686,544
2687,443
2688,534
2689,455
2690,522
2691,466
2692,509
2693,479
2694,495
2695,494
2696,480
2697,509
2698,463
2699,525
2700,394
2701,583
2702,404
2703,572
2704,414
2705,561
2706,426
2707,549
2708,438
2709,537
2710,448
2711,524
2712,460
2713,512
2714,474
2715,499
2716,488
2717,486
2718,502
2719,470
2720,519
2721,452
2722,587
2723,399
2724,577
2725,410
2726,565
2727,421
2728,554
2729,434
2730,543
2731,443
2732,531
2733,456
2734,520
2735,469
2736,507
2737,482
2738,492
2739,496
2740,477
2741,512
2742,460
2743,591
2744,394
2745,581
2746,406
2747,570
2748,417
2749,559
2750,427
2751,546
2752,439
2753,535
2754,451
2755,523
2756,463
2757,510
2758,476
2759,497
2760,490
2761,483
2762,505
2763,467
2764,523
2765,390
2766,585
2767,401
2768,574
2769,413
2770,564
2771,423
2772,553
2773,435
2774,542
2775,446
2776,529
2777,458
2778,518
2779,471
2780,503
2781,485
2782,490
2783,499
2784,475
2785,515
2786,460
2787,589
2788,397
2789,579
2790,408
2791,568
2792,419
2793,557
2794,429
2795,545
2796,440
2797,534
2798,453
2799,522
2800,466
2801,509
2802,479
2803,496
2804,493
2805,481
2806,508
2807,464
2808,523
2809,392
2810,584
2811,403
2812,572
2813,414
2814,561
2815,426
2816,552
2817,437
2818,539
2819,448
2820,527
2821,460
2822,515
2823,473
2824,501
2825,487
2826,487
2827,501
2828,471
2829,518
2830,456
2831,588
2832,399
2833,578
2834,410
2835,566
2836,421
2837,555
2838,431
2839,543
2840,443
2841,531
2842,455
2843,519
2844,468
2845,506
2846,481
2847,493
2848,495
2849,479
2850,511
2851,462
2852,529
2853,394
2854,583
2855,405
2856,571
2857,416
2858,559
2859,425
2860,548
2861,437
2862,537
2863,449
2864,525
2865,463
2866,512
2867,476
2868,499
2869,489
2870,485
2871,504
2872,469
2873,521
2874,390
2875,586
2876,400
2877,575
2878,411
2879,564
2880,422
2881,554
2882,435
2883,542
2884,446
2885,530
2886,459
2887,518
2888,471
2889,504
2890,483
2891,490
2892,497
2893,476
2894,513
2895,458
2896,590
2897,395
2898,580
2899,407
2900,569
2901,418
2902,560
2903,429
2904,547
2905,440
2906,536
2907,451
2908,523
2909,465
2910,510
2911,478
2912,497
2913,492
2914,482
2915,507
2916,468
2917,523
2918,391
2919,584
2920,402
2921,573
2922,413
2923,562
2924,424
2925,552
2926,435
2927,540
2928,447
2929,527
2930,460
2931,515
2932,472
2933,502
2934,486
2935,488
2936,500
2937,473
2938,517
2939,458
2940,588
2941,397
2942,578
2943,409
2944,568
2945,419
2946,557
2947,430
2948,545
2949,442
2950,534
2951,455
2952,521
2953,467
2954,508
2955,480
2956,494
2957,494
2958,479
2959,508
2960,463
2961,525
2962,393
2963,583
2964,403
2965,571
2966,415
2967,560
2968,427
2969,550
2970,438
2971,538
2972,449
2973,525
2974,461
2975,513
2976,474
2977,500
2978,488
2979,486
2980,502
2981,471
2982,520
2983,452
2984,587
2985,399
2986,577
2987,410
2988,566
2989,421
2990,555
2991,432
2992,544
2993,444
2994,530
2995,456
2996,518
2997,469
2998,505
2999,482
3000,492
3001,496
3002,479
3003,512
3004,460
3005,591
3006,394
3007,581
3008,406
3009,569
3010,417
3011,559
3012,427
3013,546
3014,439
3015,535
3016,450
3017,523
3018,464
3019,511
3020,477
3021,497
3022,490
3023,482
3024,504
3025,467
3026,522
3027,389
3028,585
3029,400
3030,575
3031,411
3032,564
3033,423
3034,553
3035,434
3036,541
3037,446
3038,529
3039,459
3040,517
3041,471
3042,503
3043,484
3044,490
3045,498
3046,474
3047,515
3048,460
3049,589
3050,396
3051,580
3052,408
3053,568
3054,419
3055,557
3056,429
3057,545
3058,441
3059,533
3060,452
3061,521
3062,466
3063,509
3064,479
3065,495
3066,493
3067,482
3068,508
3069,465
3070,527
3071,393
3072,584
3073,404
3074,573
3075,413
3076,562
3077,424
3078,551
3079,438
3080,540
3081,450
3082,528
3083,462
3084,515
3085,474
3086,501
3087,486
3088,487
3089,501
3090,472
3091,518
3092,456
3093,587
3094,400
3095,577
3096,410
3097,566
3098,421
3099,555
3100,431
3101,544
3102,444
3103,532
3104,456
3105,519
3106,468
3107,506
3108,481
3109,493
3110,495
3111,478
3112,510
3113,462
3114,529
3115,393
3116,581
3117,405
3118,572
3119,415
3120,561
3121,427
3122,548
3123,438
3124,536
3125,450
3126,524
3127,463
3128,512
3129,475
3130,499
3131,489
3132,485
3133,504
3134,469
3135,521
3136,389
3137,586
3138,400
3139,575
3140,411
3141,564
3142,422
3143,554
3144,435
3145,542
3146,446
3147,530
3148,459
3149,519
3150,472
3151,506
3152,485
3153,492
3154,498
3155,476
3156,514
3157,457
3158,589
3159,396
3160,579
3161,406
3162,569
3163,417
3164,558
3165,428
3166,545
3167,440
3168,534
3169,452
3170,522
3171,464
3172,510
3173,477
3174,496
3175,491
3176,482
3177,506
3178,466
3179,521
3180,391
3181,585
3182,402
3183,573
3184,413
3185,562
3186,425
3187,552
3188,436
3189,539
3190,447
3191,528
3192,459
3193,515
3194,471
3195,502
3196,484
3197,488
3198,500
3199,475
3200,514
3201,457
3202,589
3203,398
3204,578
3205,408
3206,567
3207,420
3208,556
3209,432
3210,545
3211,443
3212,533
3213,455
3214,521
3215,467
3216,508
3217,480
3218,494
3219,494
3220,480
3221,509
3222,463
3223,525
3224,393
3225,583
3226,403
3227,572
3228,415
3229,560
3230,427
3231,550
3232,438
3233,538
3234,450
3235,526
3236,462
3237,513
3238,474
3239,500
3240,488
3241,486
3242,503
3243,473
3244,519
3245,389
3246,586
3247,400
3248,577
3249,411
3250,565
3251,422
3252,554
3253,433
3254,543
3255,445
3256,530
3257,456
3258,518
3259,469
3260,505
3261,482
3262,492
3263,496
3264,477
3265,512
3266,460
3267,591
3268,395
3269,581
3270,406
3271,570
3272,417
3273,559
3274,427
3275,546
3276,438
3277,535
3278,451
3279,522
3280,463
3281,510
3282,476
3283,497
3284,490
3285,483
3286,503
3287,467
3288,521
3289,390
3290,584
3291,401
3292,573
3293,412
3294,562
3295,423
3296,553
3297,435
3298,541
3299,447
3300,530
3301,459
3302,517
3303,471
3304,504
3305,485
3306,489
3307,498
3308,475
3309,515
3310,460
3311,589
3312,396
3313,579
3314,408
3315,568
3316,419
3317,557
3318,429
3319,546
3320,442
3321,534
3322,454
3323,522
3324,466
3325,509
3326,479
3327,495
3328,490
3329,481
3330,507
3331,466
3332,527
3333,393
3334,584
3335,403
3336,572
3337,414
3338,562
3339,425
3340,548
3341,435
3342,537
3343,447
3344,525
3345,460
3346,513
3347,473
3348,501
3349,487
3350,487
3351,501
3352,472
3353,518
3354,456
3355,587
3356,398
3357,578
3358,410
3359,566
3360,420
3361,555
3362,432
3363,543
3364,443
3365,532
3366,456
3367,520
3368,469
3369,507
3370,481
3371,495
3372,495
3373,480
3374,509
3375,463
3376,591
3377,393
3378,582
3379,404
3380,570
3381,416
3382,560
3383,428
3384,548
3385,438
3386,537
3387,451
3388,525
3389,463
3390,512
3391,476
3392,499
3393,489
3394,485
3395,504
3396,469
3397,521
3398,389
3399,586
3400,400
3401,575
3402,412
3403,564
3404,422
3405,554
3406,435
3407,542
3408,446
3409,530
3410,459
3411,518
3412,471
3413,505
3414,482
3415,491
3416,497
3417,478
3418,512
3419,460
3420,590
3421,395
3422,580
3423,407
3424,569
3425,418
3426,557
3427,427
3428,546
3429,439
3430,534
3431,452
3432,522
3433,465
3434,509
3435,478
3436,497
3437,491
3438,482
3439,506
3440,466
3441,521
3442,391
3443,584
3444,402
3445,573
3446,413
3447,562
3448,425
3449,552
3450,436
3451,540
3452,448
3453,528
3454,460
3455,515
3456,470
3457,502
3458,484
3459,489
3460,499
3461,474
3462,515
3463,456
3464,588
3465,398
3466,579
3467,409
3468,568
3469,420
3470,556
3471,431
3472,545
3473,442
3474,532
3475,454
3476,520
3477,467
3478,507
3479,480
3480,494
3481,494
3482,480
3483,509
3484,463
3485,525
3486,394
3487,583
3488,404
3489,571
3490,415
3491,560
3492,426
3493,550
3494,438
3495,537
3496,449
3497,524
3498,461
3499,514
3500,474
3501,501
3502,487
3503,487
3504,501
3505,470
3506,519
3507,452
3508,587
3509,399
3510,577
3511,410
3512,565
3513,422
3514,555
3515,433
3516,543
3517,444
3518,531
3519,456
3520,518
3521,469
3522,505
3523,482
3524,492
3525,496
3526,477
3527,512
3528,459
3529,591
3530,394
3531,581
3532,406
3533,569
3534,417
3535,559
3536,427
3537,546
3538,439
3539,535
3540,450
3541,523
3542,461
3543,511
3544,475
3545,498
3546,489
3547,485
3548,505
3549,468
3550,523
3551,390
3552,585
3553,401
3554,574
3555,412
3556,564
3557,423
3558,553
3559,435
3560,540
3561,446
3562,528
3563,459
3564,516
3565,472
3566,503
3567,485
3568,490
3569,499
3570,475
3571,515
3572,460
3573,589
3574,396
3575,578
3576,408
3577,568
3578,418
3579,557
3580,429
3581,545
3582,442
3583,534
3584,453
3585,523
3586,465
3587,510
3588,478
3589,496
3590,491
3591,481
3592,507
3593,464
3594,523
3595,392
3596,584
3597,403
3598,572
3599,413
3600,561
3601,426
3602,550
3603,437
3604,539
3605,448
3606,525
3607,459
3608,513
3609,472
3610,500
3611,486
3612,486
3613,501
3614,471
3615,518
3616,456
3617,587
3618,399
3619,578
3620,410
3621,566
3622,421
3623,556
3624,431
3625,544
3626,444
3627,533
3628,456
3629,521
3630,467
3631,507
3632,480
3633,493
3634,495
3635,479
3636,511
3637,461
3638,529
3639,393
3640,582
3641,404
3642,570
3643,416
3644,559
3645,427
3646,547
3647,438
3648,536
3649,449
3650,524
3651,463
3652,512
3653,476
3654,498
3655,489
3656,484
3657,504
3658,469
3659,521
3660,389
3661,586
3662,400
3663,575
3664,412
3665,564
3666,423
3667,554
3668,435
3669,543
3670,445
3671,530
3672,458
3673,519
3674,470
3675,506
3676,484
3677,491
3678,498
3679,476
3680,512
3681,458
3682,590
3683,395
3684,580
3685,408
3686,569
3687,418
3688,558
3689,428
3690,546
3691,440
3692,534
3693,453
3694,522
3695,465
3696,510
3697,478
3698,496
3699,492
3700,482
3701,507
3702,467
3703,521
3704,392
3705,584
3706,402
3707,574
3708,413
3709,562
3710,424
3711,552
3712,434
3713,539
3714,446
3715,528
3716,458
3717,516
3718,471
3719,502
3720,486
3721,488
3722,500
3723,473
3724,516
3725,458
3726,587
3727,398
3728,579
3729,409
3730,567
3731,420
3732,556
3733,431
3734,544
3735,442
3736,532
3737,456
3738,522
3739,468
3740,508
3741,480
3742,494
3743,494
3744,480
3745,509
3746,463
3747,526
3748,394
3749,584
3750,404
3751,572
3752,415
3753,561
3754,426
3755,550
3756,437
3757,538
3758,448
3759,525
3760,459
3761,512
3762,474
3763,499
3764,487
3765,485
3766,502
3767,470
3768,519
3769,452
3770,587
3771,399
3772,577
3773,410
3774,565
3775,422
3776,554
3777,434
3778,543
3779,445
3780,532
3781,458
3782,519
3783,470
3784,507
3785,483
3786,492
3787,497
3788,478
3789,512
3790,460
3791,591
3792,394
3793,581
3794,406
3795,569
3796,417
3797,559
3798,428
3799,548
3800,439
3801,537
3802,451
3803,525
3804,464
3805,511
3806,476
3807,497
3808,490
3809,483
3810,505
3811,467
3812,521
3813,390
3814,585
3815,401
3816,574
3817,413
3818,563
3819,424
3820,553
3821,435
3822,542
3823,446
3824,529
3825,459
3826,516
3827,471
3828,503
3829,484
3830,489
3831,499
3832,476
3833,515
3834,458
3835,589
3836,396
3837,579
3838,408
3839,569
3840,417
3841,557
3842,430
3843,546
3844,440
3845,533
3846,453
3847,521
3848,466
3849,509
3850,479
3851,495
3852,493
3853,481
3854,508
3855,466
3856,523
3857,393
3858,584
3859,402
3860,572
3861,415
3862,562
3863,426
3864,551
3865,437
3866,539
3867,449
3868,525
3869,460
3870,513
3871,473
3872,501
3873,486
3874,487
3875,501
3876,472
3877,518
3878,456
3879,587
3880,399
3881,578
3882,410
3883,568
3884,421
3885,556
3886,432
3887,545
3888,443
3889,532
3890,457
3891,520
3892,469
3893,507
3894,481
3895,493
3896,495
3897,480
3898,511
3899,462
3900,529
3901,394
3902,582
3903,405
3904,571
3905,416
3906,560
3907,427
3908,547
3909,437
3910,536
3911,449
3912,524
3913,462
3914,512
3915,476
3916,499
3917,489
3918,485
3919,504
3920,469
3921,521
3922,389
3923,586
3924,400
3925,575
3926,410
3927,564
3928,421
3929,554
3930,434
3931,543
3932,447
3933,531
3934,458
3935,518
3936,470
3937,505
3938,484
3939,491
3940,496
3941,476
3942,513
3943,458
3944,590
3945,395
3946,580
3947,407
3948,569
3949,418
3950,558
3951,428
3952,546
3953,441
3954,535
3955,452
3956,522
3957,465
3958,510
3959,477
3960,496
3961,491
3962,481
3963,506
3964,466
3965,521
3966,392
3967,584
3968,402
3969,574
3970,412
3971,563
3972,423
3973,552
3974,435
3975,539
3976,447
3977,527
3978,459
3979,515
3980,472
3981,502
3982,486
3983,489
3984,500
3985,473
3986,516
3987,458
3988,588
3989,398
3990,578
3991,409
3992,567
3993,419
3994,556
3995,431
3996,544
3997,441
3998,533
3999,454
4000,520
4001,467
4002,508
4003,480
4004,494
4005,494
4006,480
4007,509
4008,463
4009,525
4010,393
4011,583
4012,404
4013,572
4014,414
4015,561
4016,425
4017,548
4018,437
4019,537
4020,449
4021,524
4022,461
4023,512
4024,474
4025,500
4026,487
4027,485
4028,502
4029,470
4030,519
4031,452
4032,587
4033,399
4034,577
4035,411
4036,566
4037,422
4038,554
4039,434
4040,543
4041,445
4042,531
4043,457
4044,519
4045,469
4046,506
4047,483
4048,492
4049,497
4050,477
4051,512
4052,460
4053,591
4054,395
4055,580
4056,405
4057,570
4058,416
4059,560
4060,428
4061,546
4062,439
4063,535
4064,450
4065,523
4066,464
4067,511
4068,476
4069,498
4070,490
4071,483
4072,505
4073,467
4074,523
4075,390
4076,585
4077,401
4078,574
4079,412
4080,563
4081,424
4082,553
4083,435
4084,540
4085,447
4086,528
4087,458
4088,516
4089,471
4090,503
4091,484
4092,489
4093,499
4094,474
4095,515
4096,458
4097,589
4098,396
4099,578
4100,407
4101,568
4102,419
4103,557
4104,429
4105,545
4106,441
4107,533
4108,454
4109,522
4110,466
4111,510
4112,479
4113,495
4114,493
4115,481
4116,508
4117,465
4118,523
4119,393
4120,584
4121,403
4122,573
4123,414
4124,561
4125,425
4126,550
4127,436
4128,538
4129,448
4130,525
4131,460
4132,513
4133,473
4134,500
4135,487
4136,487
4137,501
4138,472
4139,515
4140,454
4141,587
4142,399
4143,576
4144,409
4145,566
4146,421
4147,555
4148,431
4149,543
4150,444
4151,532
4152,457
4153,521
4154,469
4155,507
4156,481
4157,493
4158,495
4159,479
4160,511
4161,461
4162,529
4163,394
4164,582
4165,405
4166,571
4167,417
4168,560
4169,428
4170,547
4171,438
4172,537
4173,450
4174,525
4175,463
4176,512
4177,476
4178,499
4179,489
4180,484
4181,504
4182,472
4183,521
4184,390
4185,585
4186,401
4187,576
4188,411
4189,564
4190,422
4191,553
4192,435
4193,542
4194,446
4195,530
4196,457
4197,517
4198,471
4199,504
4200,484
4201,491
4202,498
4203,476
4204,514
4205,458
4206,590
4207,395
4208,580
4209,407
4210,569
4211,418
4212,558
4213,428
4214,546
4215,441
4216,535
4217,453
4218,523
4219,466
4220,510
4221,478
4222,496
4223,492
4224,485
4225,506
4226,468
4227,523
4228,392
4229,584
4230,402
4231,573
4232,413
4233,562
4234,424
4235,552
4236,436
4237,539
4238,447
4239,528
4240,460
4241,515
4242,472
4243,502
4244,485
4245,488
4246,500
4247,473
4248,516
4249,458
4250,588
4251,398
4252,579
4253,409
4254,567
4255,420
4256,556
4257,432
4258,545
4259,443
4260,532
4261,456
4262,521
4263,468
4264,508
4265,481
4266,495
4267,492
4268,480
4269,508
4270,465
4271,529
4272,393
4273,583
4274,403
4275,571
4276,415
4277,560
4278,426
4279,549
4280,438
4281,539
4282,450
4283,524
4284,461
4285,512
4286,474
4287,499
4288,488
4289,486
4290,502
4291,470
4292,519
4293,452
4294,587
4295,399
4296,577
4297,411
4298,566
4299,422
4300,554
4301,434
4302,544
4303,445
4304,531
4305,457
4306,519
4307,469
4308,505
4309,482
4310,494
4311,496
4312,478
4313,511
4314,461
4315,590
4316,395
4317,581
4318,406
4319,570
4320,416
4321,559
4322,428
4323,546
4324,438
4325,535
4326,451
4327,523
4328,464
4329,511
4330,477
4331,498
4332,491
4333,484
4334,506
4335,468
4336,523
4337,390
4338,585
4339,401
4340,574
4341,412
4342,563
4343,423
4344,553
4345,435
4346,540
4347,447
4348,528
4349,458
4350,516
4351,471
4352,504
4353,484
4354,491
4355,498
4356,476
4357,514
4358,458
4359,589
4360,396
4361,579
4362,408
4363,568
4364,419
4365,556
4366,429
4367,545
4368,441
4369,533
4370,454
4371,521
4372,466
4373,509
4374,479
4375,495
4376,493
4377,481
4378,508
4379,464
4380,523
4381,392
4382,584
4383,403
4384,572
4385,414
4386,562
4387,425
4388,551
4389,437
4390,539
4391,448
4392,525
4393,459
4394,513
4395,470
4396,500
4397,485
4398,488
4399,500
4400,473
4401,518
4402,456
4403,587
4404,398
4405,578
4406,410
4407,566
4408,421
4409,555
4410,431
4411,544
4412,444
4413,531
4414,457
4415,520
4416,469
4417,507
4418,482
4419,494
4420,495
4421,479
4422,511
4423,462
4424,528
4425,393
4426,582
4427,404
4428,570
4429,416
4430,560
4431,427
4432,547
4433,438
4434,536
4435,450
4436,524
4437,463
4438,514
4439,475
4440,499
4441,488
4442,486
4443,502
4444,469
4445,521
4446,389
4447,586
4448,400
4449,575
4450,412
4451,564
4452,422
4453,553
4454,434
4455,541
4456,445
4457,529
4458,458
4459,517
4460,469
4461,504
4462,483
4463,490
4464,498
4465,476
4466,514
4467,458
4468,590
4469,395
4470,580
4471,407
4472,569
4473,418
4474,558
4475,428
4476,546
4477,440
4478,534
4479,452
4480,524
4481,465
4482,511
4483,477
4484,497
4485,492
4486,483
4487,507
4488,466
4489,521
4490,392
4491,584
4492,402
4493,573
4494,413
4495,563
4496,424
4497,551
4498,436
4499,539
4500,447
4501,527
4502,460
4503,515
4504,472
4505,502
4506,485
4507,488
4508,500
4509,473
4510,516
4511,458
4512,588
4513,398
4514,579
4515,409
4516,567
4517,420
4518,556
4519,431
4520,544
4521,442
4522,532
4523,454
4524,521
4525,467
4526,509
4527,480
4528,496
4529,494
4530,480
4531,510
4532,464
4533,526
4534,394
4535,583
4536,404
4537,572
4538,414
4539,561
4540,427
4541,549
4542,438
4543,537
4544,449
4545,525
4546,462
4547,513
4548,475
4549,500
4550,488
4551,486
4552,503
4553,471
4554,519
4555,452
4556,587
4557,399
4558,577
4559,410
4560,565
4561,422
4562,554
4563,434
4564,543
4565,446
4566,533
4567,459
4568,521
4569,469
4570,508
4571,482
4572,493
4573,497
4574,477
4575,512
4576,460
4577,591
4578,394
4579,581
4580,406
4581,570
4582,417
4583,559
4584,427
4585,546
4586,439
4587,535
4588,451
4589,523
4590,463
4591,510
4592,476
4593,497
4594,490
4595,483
4596,505
4597,467
4598,523
4599,390
4600,585
4601,401
4602,574
4603,413
4604,563
4605,424
4606,553
4607,435
4608,542
4609,446
4610,529
4611,458
4612,517
4613,470
4614,504
4615,485
4616,490
4617,499
4618,475
4619,515
4620,460
4621,589
4622,396
4623,580
4624,408
4625,568
4626,419
4627,557
4628,429
4629,545
4630,442
4631,534
4632,453
4633,521
4634,466
4635,508
4636,479
4637,495
4638,492
4639,481
4640,508
4641,465
4642,523
4643,392
4644,584
4645,402
4646,573
4647,415
4648,562
4649,426
4650,550
4651,435
4652,539
4653,448
4654,527
4655,460
4656,515
4657,474
4658,501
4659,487
4660,487
4661,501
4662,472
4663,518
4664,456
4665,587
4666,400
4667,578
4668,410
4669,566
4670,421
4671,555
4672,431
4673,543
4674,443
4675,531
4676,455
4677,519
4678,468
4679,507
4680,481
4681,493
4682,495
4683,479
4684,511
4685,462
4686,529
4687,393
4688,582
4689,404
4690,571
4691,416
4692,559
4693,427
4694,549
4695,438
4696,537
4697,449
4698,525
4699,462
4700,511
4701,476
4702,498
4703,489
4704,484
4705,504
4706,469
4707,521
4708,389
4709,585
4710,400
4711,575
4712,411
4713,564
4714,422
4715,554
4716,435
4717,543
4718,446
4719,531
4720,459
4721,519
4722,472
4723,506
4724,485
4725,491
4726,498
4727,476
4728,514
4729,458
4730,590
4731,395
4732,580
4733,407
4734,569
4735,418
4736,560
4737,429
4738,547
4739,440
4740,536
4741,451
4742,522
4743,464
4744,509
4745,477
4746,496
4747,491
4748,482
4749,506
4750,466
4751,523
4752,391
4753,585
4754,402
4755,573
4756,413
4757,562
4758,424
4759,552
4760,435
4761,539
4762,447
4763,527
4764,460
4765,515
4766,473
4767,501
4768,485
4769,488
4770,500
4771,473
4772,516
4773,458
4774,587
4775,398
4776,577
4777,409
4778,567
4779,418
4780,556
4781,432
4782,546
4783,442
4784,534
4785,455
4786,521
4787,467
4788,508
4789,480
4790,494
4791,494
4792,480
4793,509
4794,464
4795,527
4796,392
4797,583
4798,404
4799,572
4800,415
4801,561
4802,427
4803,550
4804,438
4805,538
4806,450
4807,525
4808,462
4809,513
4810,474
4811,500
4812,488
4813,486
4814,503
4815,470
4816,520
4817,452
4818,587
4819,399
4820,577
4821,411
4822,567
4823,421
4824,555
4825,432
4826,544
4827,444
4828,530
4829,456
4830,518
4831,469
4832,505
4833,482
4834,492
4835,496
4836,479
4837,512
4838,460
4839,591
4840,394
4841,581
4842,406
4843,570
4844,417
4845,558
4846,427
4847,546
4848,439
4849,535
4850,451
4851,522
4852,463
4853,510
4854,476
4855,497
4856,490
4857,483
4858,505
4859,467
4860,522
4861,389
4862,585
4863,401
4864,575
4865,411
4866,564
4867,423
4868,553
4869,434
4870,542
4871,447
4872,528
4873,459
4874,516
4875,471
4876,503
4877,485
4878,490
4879,497
4880,475
4881,515
4882,460
4883,589
4884,396
4885,580
4886,409
4887,568
4888,419
4889,557
4890,429
4891,545
4892,441
4893,533
4894,453
4895,521
4896,466
4897,509
4898,479
4899,495
4900,493
4901,480
4902,507
4903,464
4904,523
4905,392
4906,584
4907,403
4908,573
4909,413
4910,562
4911,424
4912,551
4913,437
4914,539
4915,449
4916,526
4917,461
4918,514
4919,474
4920,501
4921,486
4922,487
4923,501
4924,472
4925,518
4926,456
4927,587
4928,398
4929,578
4930,410
4931,566
4932,421
4933,556
4934,431
4935,544
4936,444
4937,532
4938,456
4939,519
4940,468
4941,506
4942,481
4943,493
4944,495
4945,478
4946,510
4947,461
4948,529
4949,393
4950,581
4951,405
4952,572
4953,415
4954,561
4955,426
4956,548
4957,439
4958,537
4959,449
4960,523
4961,462
4962,511
4963,475
4964,499
4965,489
4966,484
4967,504
4968,469
4969,521
4970,389
4971,586
4972,400
4973,575
4974,411
4975,564
4976,422
4977,554
4978,435
4979,542
4980,446
4981,530
4982,459
4983,518
4984,471
4985,505
4986,484
4987,491
4988,498
4989,476
4990,514
4991,460
4992,590
4993,396
4994,579
4995,406
4996,570
4997,417
4998,559
4999,429
5000,546
5001,441
5002,535
5003,453
5004,522
5005,464
5006,509
5007,476
5008,496
5009,491
5010,482
5011,506
5012,466
5013,521
5014,392
5015,584
5016,403
5017,573
5018,413
5019,562
5020,424
5021,552
5022,436
5023,539
5024,446
5025,527
5026,459
5027,514
5028,472
5029,502
5030,485
5031,488
5032,500
5033,473
5034,515
5035,457
5036,588
5037,398
5038,577
5039,409
5040,568
5041,419
5042,556
5043,430
5044,544
5045,442
5046,532
5047,454
5048,520
5049,467
5050,509
5051,480
5052,494
5053,494
5054,480
5055,509
5056,465
5057,527
5058,392
5059,583
5060,403
5061,571
5062,414
5063,560
5064,426
5065,549
5066,438
5067,538
5068,449
5069,524
5070,461
5071,513
5072,474
5073,499
5074,487
5075,485
5076,502
5077,470
5078,519
5079,389
5080,586
5081,400
5082,577
5083,410
5084,565
5085,422
5086,554
5087,432
5088,543
5089,445
5090,530
5091,455
5092,518
5093,468
5094,505
5095,482
5096,492
5097,496
5098,477
5099,511
5100,460
5101,590
5102,395
5103,580
5104,405
5105,570
5106,416
5107,559
5108,427
5109,546
5110,437
5111,535
5112,450
5113,523
5114,463
5115,510
5116,476
5117,497
5118,489
5119,483
5120,504
5121,467
5122,521
5123,390
5124,584
5125,402
5126,574
5127,412
5128,563
5129,423
5130,553
5131,435
5132,541
5133,447
5134,529
5135,459
5136,517
5137,472
5138,504
5139,485
5140,490
5141,499
5142,475
5143,515
5144,460
5145,589
5146,396
5147,579
5148,408
5149,568
5150,419
5151,557
5152,429
5153,546
5154,442
5155,534
5156,454
5157,521
5158,466
5159,509
5160,479
5161,495
5162,493
5163,483
5164,508
5165,466
5166,527
5167,393
5168,583
5169,403
5170,572
5171,414
5172,561
5173,425
5174,548
5175,435
5176,537
5177,447
5178,525
5179,460
5180,513
5181,473
5182,500
5183,487
5184,487
5185,501
5186,472
5187,518
5188,456
5189,587
5190,398
5191,578
5192,410
5193,566
5194,420
5195,555
5196,431
5197,543
5198,444
5199,531
5200,456
5201,519
5202,468
5203,507
5204,481
5205,493
5206,493
5207,478
5208,509
5209,463
5210,591
5211,394
5212,582
5213,404
5214,571
5215,416
5216,560
5217,427
5218,548
5219,439
5220,538
5221,451
5222,524
5223,463
5224,512
5225,475
5226,498
5227,489
5228,484
5229,504
5230,469
5231,521
5232,389
5233,586
5234,400
5235,575
5236,412
5237,564
5238,423
5239,554
5240,435
5241,542
5242,447
5243,530
5244,459
5245,518
5246,471
5247,505
5248,482
5249,491
5250,497
5251,478
5252,512
5253,460
5254,590
5255,395
5256,580
5257,407
5258,569
5259,418
5260,558
5261,428
5262,545
5263,440
5264,534
5265,452
5266,522
5267,465
5268,510
5269,478
5270,496
5271,491
5272,482
5273,506
5274,466
5275,521
5276,391
5277,584
5278,401
5279,573
5280,413
5281,562
5282,424
5283,551
5284,436
5285,540
5286,448
5287,528
5288,460
5289,515
5290,472
5291,504
5292,486
5293,489
5294,498
5295,474
5296,515
5297,456
5298,589
5299,398
5300,579
5301,409
5302,567
5303,420
5304,555
5305,430
5306,544
5307,442
5308,532
5309,454
5310,520
5311,467
5312,507
5313,480
5314,494
5315,494
5316,480
5317,510
5318,464
5319,525
5320,394
5321,583
5322,404
5323,571
5324,415
5325,561
5326,426
5327,549
5328,438
5329,538
5330,449
5331,525
5332,462
5333,513
5334,473
5335,500
5336,487
5337,487
5338,501
5339,472
5340,519
5341,452
5342,587
5343,399
5344,577
5345,411
5346,565
5347,422
5348,556
5349,433
5350,543
5351,445
5352,531
5353,457
5354,518
5355,470
5356,507
5357,482
5358,492
5359,496
5360,477
5361,512
5362,460
5363,591
5364,395
5365,581
5366,406
5367,570
5368,417
5369,559
5370,427
5371,546
5372,439
5373,535
5374,450
5375,523
5376,461
5377,510
5378,475
5379,498
5380,489
5381,484
5382,504
5383,468
5384,523
5385,390
5386,585
5387,401
5388,574
5389,412
5390,563
5391,422
5392,552
5393,435
5394,540
5395,447
5396,528
5397,460
5398,517
5399,472
5400,504
5401,485
5402,490
5403,499
5404,475
5405,515
5406,460
5407,589
5408,396
5409,579
5410,408
5411,568
5412,419
5413,557
5414,429
5415,545
5416,442
5417,533
5418,454
5419,523
5420,466
5421,510
5422,478
5423,497
5424,492
5425,481
5426,508
5427,464
5428,523
5429,392
5430,584
5431,403
5432,572
5433,414
5434,562
5435,426
5436,551
5437,437
5438,538
5439,448
5440,527
5441,460
5442,513
5443,473
5444,501
5445,486
5446,487
5447,501
5448,472
5449,518
5450,456
5451,587
5452,399
5453,578
5454,410
5455,566
5456,420
5457,555
5458,432
5459,543
5460,443
5461,531
5462,453
5463,519
5464,467
5465,508
5466,480
5467,494
5468,495
5469,479
5470,511
5471,462
5472,529
5473,393
5474,582
5475,404
5476,571
5477,415
5478,560
5479,428
5480,547
5481,438
5482,536
5483,450
5484,524
5485,463
5486,512
5487,475
5488,498
5489,489
5490,484
5491,504
5492,469
5493,521
5494,389
5495,586
5496,400
5497,575
5498,412
5499,564
5500,423
5501,555
5502,435
5503,543
5504,446
5505,531
5506,457
5507,519
5508,469
5509,505
5510,483
5511,491
5512,497
5513,476
5514,514
5515,458
5516,590
5517,395
5518,581
5519,407
5520,570
5521,418
5522,558
5523,428
5524,546
5525,440
5526,534
5527,452
5528,522
5529,465
5530,510
5531,478
5532,498
5533,492
5534,482
5535,506
5536,466
5537,521
5538,392
5539,584
5540,402
5541,573
5542,413
5543,562
5544,424
5545,552
5546,436
5547,542
5548,448
5549,529
5550,459
5551,516
5552,472
5553,503
5554,486
5555,488
5556,500
5557,474
5558,515
5559,458
5560,588
5561,397
5562,578
5563,409
5564,567
5565,420
5566,556
5567,431
5568,544
5569,443
5570,532
5571,456
5572,521
5573,468
5574,508
5575,480
5576,494
5577,494
5578,480
5579,509
5580,463
5581,525
5582,394
5583,582
5584,405
5585,572
5586,415
5587,561
5588,426
5589,550
5590,435
5591,538
5592,449
5593,527
5594,461
5595,514
5596,475
5597,501
5598,488
5599,486
5600,503
5601,471
5602,520
5603,452
5604,587
5605,399
5606,577
5607,411
5608,565
5609,422
5610,554
5611,434
5612,543
5613,445
5614,531
5615,457
5616,519
5617,470
5618,506
5619,483
5620,492
5621,496
5622,477
5623,512
5624,460
5625,591
5626,394
5627,581
5628,406
5629,570
5630,417
5631,559
5632,427
5633,547
5634,438
5635,536
5636,450
5637,524
5638,463
5639,511
5640,476
5641,498
5642,490
5643,483
5644,505
5645,467
5646,523
5647,391
5648,585
5649,401
5650,574
5651,413
5652,564
5653,424
5654,553
5655,435
5656,540
5657,446
5658,528
5659,458
5660,516
5661,471
5662,503
5663,485
5664,489
5665,499
5666,475
5667,515
5668,460
5669,589
5670,396
5671,579
5672,408
5673,568
5674,419
5675,559
5676,429
5677,546
5678,441
5679,534
5680,453
5681,522
5682,466
5683,509
5684,479
5685,496
5686,493
5687,481
5688,508
5689,466
5690,523
5691,392
5692,584
5693,403
5694,572
5695,414
5696,561
5697,425
5698,550
5699,436
5700,539
5701,448
5702,525
5703,459
5704,513
5705,473
5706,499
5707,486
5708,486
5709,501
5710,472
5711,518
5712,452
5713,587
5714,398
5715,578
5716,410
5717,567
5718,419
5719,555
5720,432
5721,544
5722,443
5723,532
5724,456
5725,519
5726,468
5727,506
5728,481
5729,493
5730,495
5731,478
5732,509
5733,462
5734,529
5735,394
5736,583
5737,405
5738,570
5739,416
5740,561
5741,427
5742,547
5743,437
5744,537
5745,450
5746,525
5747,462
5748,512
5749,476
5750,499
5751,489
5752,485
5753,504
5754,469
5755,521
5756,390
5757,585
5758,401
5759,575
5760,410
5761,565
5762,421
5763,554
5764,434
5765,543
5766,445
5767,530
5768,458
5769,518
5770,471
5771,505
5772,484
5773,491
5774,497
5775,477
5776,513
5777,458
5778,590
5779,395
5780,580
5781,407
5782,569
5783,418
5784,558
5785,428
5786,547
5787,441
5788,535
5789,454
5790,523
5791,466
5792,510
5793,478
5794,497
5795,492
5796,482
5797,507
5798,466
5799,521
5800,392
5801,584
5802,402
5803,574
5804,412
5805,563
5806,423
5807,552
5808,435
5809,539
5810,447
5811,527
5812,459
5813,515
5814,473
5815,502
5816,486
5817,490
5818,500
5819,473
5820,517
5821,458
5822,588
5823,398
5824,578
5825,409
5826,567
5827,420
5828,556
5829,430
5830,544
5831,442
5832,532
5833,456
5834,522
5835,468
5836,508
5837,481
5838,495
5839,494
5840,479
5841,509
5842,463
5843,524
5844,393
5845,583
5846,404
5847,572
5848,414
5849,561
5850,425
5851,550
5852,438
5853,537
5854,450
5855,524
5856,461
5857,512
5858,474
5859,499
5860,486
5861,485
5862,502
5863,470
5864,519
5865,452
5866,587
5867,399
5868,577
5869,411
5870,566
5871,422
5872,554
5873,435
5874,544
5875,445
5876,532
5877,457
5878,519
5879,469
5880,507
5881,483
5882,492
5883,497
5884,477
5885,512
5886,460
5887,591
5888,394
5889,580
5890,405
5891,571
5892,416
5893,560
5894,428
5895,547
5896,440
5897,535
5898,452
5899,523
5900,464
5901,511
5902,477
5903,499
5904,491
5905,483
5906,505
5907,468
5908,523
5909,390
5910,585
5911,401
5912,574
5913,412
5914,563
5915,423
5916,553
5917,435
5918,542
5919,447
5920,528
5921,459
5922,516
5923,471
5924,503
5925,484
5926,489
5927,498
5928,474
5929,515
5930,460
5931,590
5932,396
5933,579
5934,407
5935,569
5936,418
5937,557
5938,429
5939,545
5940,441
5941,533
5942,453
5943,521
5944,466
5945,509
5946,478
5947,496
5948,493
5949,482
5950,508
5951,466
5952,523
5953,393
5954,583
5955,403
5956,573
5957,414
5958,561
5959,425
5960,550
5961,437
5962,538
5963,449
5964,525
5965,460
5966,513
5967,472
5968,500
5969,486
5970,487
5971,501
5972,471
5973,518
5974,448
5975,586
5976,398
5977,576
5978,408
5979,567
5980,420
5981,555
5982,431
5983,543
5984,442
5985,532
5986,457
5987,520
5988,468
5989,507
5990,481
5991,493
5992,494
5993,478
5994,509
5995,462
5996,591
5997,394
5998,581
5999,405
6000,571
6001,416
6002,560
6003,427
6004,547
6005,438
6006,536
6007,449
6008,524
6009,462
6010,511
6011,475
6012,499
6013,489
6014,484
6015,504
6016,470
6017,520
6018,390
6019,585
6020,401
6021,576
6022,410
6023,564
6024,423
6025,553
6026,435
6027,542
6028,447
6029,530
6030,458
6031,519
6032,471
6033,505
6034,484
6035,491
6036,498
6037,476
6038,512
6039,458
6040,589
6041,395
6042,580
6043,407
6044,569
6045,418
6046,558
6047,428
6048,546
6049,441
6050,535
6051,453
6052,522
6053,465
6054,510
6055,477
6056,496
6057,491
6058,482
6059,504
6060,466
6061,523
6062,391
6063,584
6064,403
6065,573
6066,414
6067,562
6068,425
6069,552
6070,436
6071,541
6072,447
6073,528
6074,460
6075,517
6076,472
6077,503
6078,486
6079,489
6080,499
6081,473
6082,517
6083,458
6084,588
6085,398
6086,579
6087,409
6088,567
6089,420
6090,556
6091,430
6092,544
6093,442
6094,532
6095,456
6096,521
6097,468
6098,508
6099,481
6100,495
6101,494
6102,483
6103,510
6104,464
6105,529
6106,394
6107,582
6108,405
6109,571
6110,414
6111,560
6112,425
6113,549
6114,438
6115,537
6116,449
6117,526
6118,461
6119,513
6120,473
6121,500
6122,488
6123,486
6124,501
6125,470
6126,518
6127,452
6128,587
6129,400
6130,577
6131,411
6132,567
6133,422
6134,555
6135,434
6136,544
6137,445
6138,532
6139,456
6140,518
6141,468
6142,506
6143,481
6144,494
6145,496
6146,478
6147,511
6148,462
6149,590
6150,395
6151,581
6152,406
6153,570
6154,417
6155,559
6156,428
6157,546
6158,439
6159,536
6160,451
6161,523
6162,463
6163,511
6164,477
6165,497
6166,490
6167,483
6168,505
6169,468
6170,523
6171,390
6172,585
6173,401
6174,574
6175,412
6176,563
6177,423
6178,553
6179,435
6180,540
6181,447
6182,528
6183,458
6184,516
6185,471
6186,503
6187,482
6188,489
6189,497
6190,476
6191,513
6192,458
6193,589
6194,396
6195,579
6196,408
6197,568
6198,419
6199,557
6200,429
6201,545
6202,441
6203,534
6204,453
6205,521
6206,466
6207,509
6208,479
6209,495
6210,493
6211,481
6212,508
6213,464
6214,523
6215,392
6216,583
6217,403
6218,572
6219,414
6220,562
6221,425
6222,551
6223,437
6224,539
6225,448
6226,525
6227,459
6228,513
6229,473
6230,502
6231,486
6232,489
6233,500
6234,473
6235,516
6236,455
6237,588
6238,398
6239,578
6240,410
6241,566
6242,420
6243,554
6244,430
6245,543
6246,443
6247,531
6248,457
6249,520
6250,469
6251,507
6252,482
6253,494
6254,495
6255,479
6256,511
6257,462
6258,529
6259,393
6260,582
6261,404
6262,570
6263,416
6264,559
6265,427
6266,547
6267,438
6268,536
6269,449
6270,524
6271,461
6272,514
6273,475
6274,499
6275,488
6276,485
6277,502
6278,470
6279,521
6280,389
6281,586
6282,400
6283,575
6284,412
6285,565
6286,423
6287,554
6288,435
6289,543
6290,446
6291,530
6292,458
6293,517
6294,470
6295,504
6296,484
6297,491
6298,498
6299,476
6300,513
6301,459
6302,589
6303,396
6304,580
6305,407
6306,569
6307,418
6308,558
6309,428
6310,546
6311,439
6312,534
6313,452
6314,522
6315,463
6316,510
6317,478
6318,496
6319,492
6320,482
6321,506
6322,466
6323,522
6324,391
6325,584
6326,403
6327,573
6328,412
6329,562
6330,423
6331,551
6332,436
6333,540
6334,447
6335,528
6336,459
6337,516
6338,472
6339,502
6340,486
6341,488
6342,500
6343,473
6344,515
6345,456
6346,589
6347,398
6348,579
6349,409
6350,568
6351,419
6352,556
6353,431
6354,545
6355,441
6356,533
6357,453
6358,522
6359,467
6360,507
6361,479
6362,495
6363,493
6364,480
6365,509
6366,465
6367,527
6368,393
6369,583
6370,404
6371,571
6372,415
6373,560
6374,426
6375,548
6376,436
6377,536
6378,448
6379,524
6380,460
6381,512
6382,473
6383,499
6384,487
6385,486
6386,502
6387,472
6388,520
6389,389
6390,586
6391,400
6392,576
6393,410
6394,566
6395,421
6396,555
6397,433
6398,543
6399,445
6400,532
6401,457
6402,520
6403,469
6404,507
6405,482
6406,492
6407,496
6408,477
6409,512
6410,460
6411,591
6412,395
6413,581
6414,406
6415,570
6416,417
6417,559
6418,427
6419,546
6420,439
6421,535
6422,451
6423,522
6424,463
6425,511
6426,477
6427,498
6428,490
6429,483
6430,505
6431,468
6432,523
6433,390
6434,585
6435,401
6436,574
6437,413
6438,563
6439,423
6440,553
6441,435
6442,540
6443,444
6444,528
6445,458
6446,517
6447,470
6448,504
6449,485
6450,490
6451,499
6452,475
6453,515
6454,460
6455,589
6456,396
6457,580
6458,408
6459,568
6460,418
6461,557
6462,429
6463,545
6464,442
6465,534
6466,454
6467,522
6468,466
6469,509
6470,479
6471,495
6472,493
6473,481
6474,508
6475,464
6476,523
6477,392
6478,584
6479,403
6480,572
6481,414
6482,561
6483,426
6484,550
6485,437
6486,540
6487,449
6488,526
6489,459
6490,514
6491,472
6492,500
6493,486
6494,487
6495,501
6496,471
6497,518
6498,456
6499,587
6500,399
6501,577
6502,410
6503,566
6504,421
6505,555
6506,431
6507,544
6508,444
6509,532
6510,456
6511,519
6512,468
6513,506
6514,481
6515,493
6516,495
6517,479
6518,511
6519,461
6520,529
6521,393
6522,582
6523,404
6524,570
6525,416
6526,559
6527,427
6528,549
6529,438
6530,537
6531,449
6532,525
6533,462
6534,513
6535,476
6536,499
6537,489
6538,485
6539,504
6540,469
6541,521
6542,389
6543,586
6544,400
6545,575
6546,411
6547,564
6548,423
6549,554
6550,435
6551,543
6552,447
6553,530
6554,459
6555,518
6556,471
6557,505
6558,484
6559,491
6560,497
6561,476
6562,514
6563,458
6564,590
6565,395
6566,580
6567,407
6568,569
6569,418
6570,558
6571,428
6572,547
6573,440
6574,535
6575,451
6576,522
6577,464
6578,509
6579,477
6580,496
6581,491
6582,482
6583,507
6584,466
6585,523
6586,391
6587,584
6588,402
6589,573
6590,414
6591,562
6592,424
6593,552
6594,436
6595,540
6596,447
6597,528
6598,460
6599,515
6600,473
6601,503
6602,486
6603,488
6604,500
6605,474
6606,516
6607,458
6608,588
6609,397
6610,579
6611,409
6612,567
6613,420
6614,558
6615,430
6616,545
6617,441
6618,534
6619,454
6620,520
6621,467
6622,507
6623,480
6624,494
6625,494
6626,479
6627,509
6628,464
6629,526
6630,392
6631,583
6632,404
6633,571
6634,415
6635,561
6636,426
6637,549
6638,437
6639,537
6640,448
6641,524
6642,460
6643,512
6644,474
6645,498
6646,487
6647,485
6648,502
6649,470
6650,519
6651,452
6652,587
6653,399
6654,576
6655,410
6656,567
6657,421
6658,555
6659,432
6660,543
6661,443
6662,531
6663,458
6664,519
6665,471
6666,507
6667,483
6668,492
6669,497
6670,478
6671,511
6672,460
6673,591
6674,394
6675,581
6676,406
6677,570
6678,417
6679,558
6680,427
6681,546
6682,439
6683,535
6684,451
6685,522
6686,463
6687,511
6688,476
6689,497
6690,490
6691,483
6692,505
6693,467
6694,523
6695,389
6696,585
6697,401
6698,574
6699,411
6700,563
6701,423
6702,553
6703,435
6704,542
6705,447
6706,528
6707,460
6708,517
6709,471
6710,503
6711,484
6712,489
6713,499
6714,476
6715,515
6716,457
6717,589
6718,396
6719,580
6720,408
6721,568
6722,419
6723,557
6724,429
6725,545
6726,441
6727,533
6728,454
6729,521
6730,466
6731,508
6732,479
6733,495
6734,493
6735,481
6736,508
6737,465
6738,523
6739,392
6740,584
6741,403
6742,573
6743,413
6744,562
6745,424
6746,551
6747,436
6748,539
6749,449
6750,527
6751,461
6752,515
6753,474
6754,501
6755,487
6756,488
6757,501
6758,472
6759,518
6760,456
6761,587
6762,398
6763,578
6764,410
6765,566
6766,421
6767,555
6768,432
6769,544
6770,444
6771,532
6772,456
6773,519
6774,468
6775,506
6776,481
6777,493
6778,495
6779,477
6780,510
6781,461
6782,528
6783,393
6784,582
6785,405
6786,571
6787,415
6788,560
6789,426
6790,549
6791,439
6792,536
6793,450
6794,524
6795,463
6796,512
6797,476
6798,499
6799,488
6800,485
6801,504
6802,469
6803,522
6804,389
6805,586
6806,400
6807,575
6808,412
6809,564
6810,422
6811,554
6812,435
6813,542
6814,446
6815,530
6816,459
6817,519
6818,471
6819,505
6820,484
6821,491
6822,498
6823,477
6824,514
6825,458
6826,590
6827,395
6828,579
6829,406
6830,570
6831,417
6832,559
6833,430
6834,547
6835,441
6836,535
6837,453
6838,522
6839,464
6840,509
6841,477
6842,496
6843,491
6844,482
6845,506
6846,466
6847,521
6848,392
6849,585
6850,402
6851,573
6852,413
6853,562
6854,425
6855,552
6856,436
6857,540
6858,447
6859,527
6860,459
6861,515
6862,472
6863,504
6864,486
6865,488
6866,500
6867,473
6868,516
6869,458
6870,590
6871,398
6872,578
6873,408
6874,568
6875,418
6876,556
6877,430
6878,544
6879,443
6880,533
6881,455
6882,520
6883,467
6884,509
6885,480
6886,494
6887,494
6888,480
6889,509
6890,463
6891,525
6892,393
6893,583
6894,403
6895,572
6896,416
6897,561
6898,426
6899,550
6900,438
6901,538
6902,449
6903,524
6904,460
6905,512
6906,474
6907,499
6908,487
6909,485
6910,502
6911,472
6912,516
6913,448
6914,585
6915,400
6916,576
6917,409
6918,566
6919,422
6920,554
6921,433
6922,542
6923,444
6924,530
6925,457
6926,518
6927,468
6928,505
6929,482
6930,492
6931,496
6932,477
6933,512
6934,462
6935,591
6936,394
6937,581
6938,406
6939,570
6940,417
6941,558
6942,427
6943,546
6944,438
6945,535
6946,451
6947,522
6948,463
6949,510
6950,476
6951,497
6952,490
6953,483
6954,505
6955,470
6956,523
6957,390
6958,584
6959,401
6960,575
6961,413
6962,563
6963,423
6964,553
6965,436
6966,541
6967,447
6968,529
6969,459
6970,517
6971,472
6972,504
6973,485
6974,490
6975,499
6976,475
6977,515
6978,457
6979,590
6980,396
6981,579
6982,408
6983,568
6984,419
6985,557
6986,429
6987,546
6988,442
6989,534
6990,453
6991,521
6992,465
6993,509
6994,479
6995,495
6996,493
6997,481
6998,505
6999,465
7000,525
7001,393
7002,583
7003,404
7004,572
7005,414
7006,561
7007,425
7008,550
7009,437
7010,538
7011,448
7012,528
7013,461
7014,514
7015,472
7016,501
7017,487
7018,487
7019,501
7020,473
7021,518
7022,452
7023,587
7024,399
7025,577
7026,409
7027,566
7028,420
7029,555
7030,431
7031,543
7032,443
7033,531
7034,455
7035,520
7036,467
7037,507
7038,480
7039,493
7040,494
7041,480
7042,509
7043,463
7044,591
7045,394
7046,582
7047,404
7048,570
7049,416
7050,559
7051,427
7052,548
7053,439
7054,537
7055,449
7056,523
7057,462
7058,511
7059,475
7060,498
7061,489
7062,484
7063,504
7064,469
7065,521
7066,389
7067,586
7068,400
7069,575
7070,412
7071,564
7072,423
7073,554
7074,435
7075,542
7076,446
7077,530
7078,459
7079,518
7080,470
7081,505
7082,484
7083,494
7084,498
7085,478
7086,513
7087,460
7088,590
7089,396
7090,580
7091,407
7092,569
7093,418
7094,558
7095,428
7096,545
7097,440
7098,535
7099,452
7100,523
7101,464
7102,511
7103,478
7104,497
7105,491
7106,482
7107,506
7108,466
7109,521
7110,391
7111,584
7112,403
7113,573
7114,412
7115,562
7116,424
7117,551
7118,436
7119,540
7120,447
7121,527
7122,460
7123,515
7124,471
7125,502
7126,483
7127,488
7128,498
7129,475
7130,515
7131,456
7132,589
7133,398
7134,578
7135,409
7136,568
7137,420
7138,556
7139,430
7140,545
7141,442
7142,533
7143,454
7144,520
7145,467
7146,508
7147,479
7148,494
7149,494
7150,480
7151,508
7152,463
7153,529
7154,394
7155,582
7156,404
7157,571
7158,414
7159,560
7160,425
7161,548
7162,436
7163,537
7164,449
7165,523
7166,460
7167,512
7168,473
7169,501
7170,487
7171,487
7172,501
7173,472
7174,518
7175,452
7176,587
7177,399
7178,576
7179,410
7180,565
7181,421
7182,553
7183,433
7184,543
7185,445
7186,531
7187,457
7188,519
7189,469
7190,507
7191,482
7192,492
7193,496
7194,477
7195,510
7196,460
7197,591
7198,394
7199,581
7200,406
7201,570
7202,417
7203,559
7204,427
7205,546
7206,438
7207,535
7208,451
7209,522
7210,463
7211,512
7212,476
7213,498
7214,489
7215,485
7216,504
7217,468
7218,523
7219,390
7220,585
7221,401
7222,574
7223,412
7224,563
7225,423
7226,553
7227,435
7228,541
7229,447
7230,529
7231,460
7232,517
7233,472
7234,504
7235,485
7236,490
7237,499
7238,475
7239,515
7240,456
7241,590
7242,396
7243,580
7244,408
7245,568
7246,419
7247,557
7248,429
7249,545
7250,442
7251,534
7252,453
7253,522
7254,464
7255,509
7256,478
7257,496
7258,491
7259,482
7260,508
7261,464
7262,523
7263,392
7264,583
7265,403
7266,572
7267,415
7268,562
7269,426
7270,551
7271,437
7272,539
7273,449
7274,527
7275,461
7276,515
7277,473
7278,502
7279,487
7280,487
7281,501
7282,472
7283,518
7284,456
7285,587
7286,399
7287,578
7288,410
7289,566
7290,420
7291,555
7292,431
7293,543
7294,444
7295,533
7296,453
7297,519
7298,467
7299,508
7300,480
7301,494
7302,494
7303,479
7304,511
7305,461
7306,528
7307,393
7308,582
7309,404
7310,570
7311,415
7312,559
7313,427
7314,547
7315,438
7316,535
7317,449
7318,522
7319,461
7320,511
7321,475
7322,498
7323,488
7324,484
7325,503
7326,469
7327,521
7328,389
7329,586
7330,400
7331,575
7332,411
7333,564
7334,423
7335,554
7336,435
7337,543
7338,446
7339,532
7340,458
7341,519
7342,470
7343,506
7344,482
7345,491
7346,498
7347,476
7348,512
7349,458
7350,590
7351,396
7352,580
7353,406
7354,569
7355,417
7356,558
7357,428
7358,546
7359,439
7360,534
7361,452
7362,522
7363,465
7364,510
7365,478
7366,497
7367,492
7368,482
7369,507
7370,466
7371,521
7372,392
7373,584
7374,402
7375,573
7376,414
7377,563
7378,424
7379,552
7380,436
7381,540
7382,446
7383,528
7384,459
7385,516
7386,471
7387,503
7388,486
7389,488
7390,500
7391,473
7392,515
7393,456
7394,589
7395,398
7396,579
7397,409
7398,567
7399,420
7400,556
7401,431
7402,544
7403,443
7404,534
7405,454
7406,520
7407,467
7408,509
7409,480
7410,494
7411,494
7412,480
7413,509
7414,465
7415,527
7416,393
7417,583
7418,404
7419,572
7420,414
7421,561
7422,425
7423,549
7424,436
7425,538
7426,448
7427,525
7428,459
7429,513
7430,472
7431,499
7432,487
7433,485
7434,502
7435,470
7436,518
7437,452
7438,587
7439,399
7440,577
7441,410
7442,565
7443,421
7444,554
7445,434
7446,543
7447,444
7448,531
7449,457
7450,518
7451,470
7452,506
7453,483
7454,492
7455,497
7456,477
7457,512
7458,460
7459,591
7460,394
7461,581
7462,406
7463,570
7464,417
7465,559
7466,427
7467,547
7468,438
7469,536
7470,450
7471,524
7472,462
7473,510
7474,475
7475,497
7476,490
7477,483
7478,505
7479,467
7480,522
7481,390
7482,585
7483,402
7484,574
7485,413
7486,563
7487,423
7488,552
7489,434
7490,541
7491,446
7492,528
7493,458
7494,517
7495,471
7496,504
7497,484
7498,489
7499,499
7500,475
7501,514
7502,460
7503,589
7504,398
7505,579
7506,407
7507,568
7508,418
7509,557
7510,431
7511,545
7512,441
7513,533
7514,453
7515,521
7516,465
7517,509
7518,478
7519,495
7520,491
7521,481
7522,507
7523,464
7524,525
7525,391
7526,584
7527,402
7528,572
7529,414
7530,562
7531,424
7532,551
7533,436
7534,539
7535,448
7536,527
7537,461
7538,514
7539,472
7540,501
7541,487
7542,487
7543,501
7544,473
7545,518
7546,452
7547,587
7548,399
7549,577
7550,409
7551,566
7552,420
7553,557
7554,432
7555,545
7556,443
7557,533
7558,455
7559,519
7560,467
7561,507
7562,481
7563,493
7564,495
7565,479
7566,509
7567,462
7568,591
7569,394
7570,581
7571,404
7572,571
7573,415
7574,560
7575,426
7576,548
7577,437
7578,536
7579,449
7580,524
7581,462
7582,512
7583,475
7584,498
7585,489
7586,484
7587,504
7588,470
7589,521
7590,390
7591,585
7592,401
7593,575
7594,411
7595,566
7596,422
7597,553
7598,434
7599,541
7600,446
7601,530
7602,458
7603,517
7604,469
7605,504
7606,484
7607,491
7608,498
7609,476
7610,512
7611,458
7612,590
7613,396
7614,580
7615,406
7616,569
7617,417
7618,558
7619,429
7620,546
7621,440
7622,535
7623,452
7624,522
7625,465
7626,509
7627,476
7628,496
7629,491
7630,482
7631,506
7632,468
7633,523
7634,391
7635,585
7636,402
7637,574
7638,413
7639,562
7640,424
7641,551
7642,436
7643,540
7644,447
7645,528
7646,459
7647,516
7648,472
7649,502
7650,485
7651,489
7652,499
7653,474
7654,515
7655,459
7656,588
7657,398
7658,578
7659,408
7660,567
7661,419
7662,556
7663,431
7664,544
7665,441
7666,533
7667,454
7668,520
7669,466
7670,508
7671,479
7672,494
7673,493
7674,480
7675,508
7676,463
7677,528
7678,393
7679,582
7680,404
7681,571
7682,414
7683,561
7684,426
7685,550
7686,437
7687,538
7688,450
7689,525
7690,461
7691,513
7692,474
7693,499
7694,488
7695,487
7696,502
7697,470
7698,519
7699,452
7700,587
7701,399
7702,577
7703,411
7704,565
7705,422
7706,554
7707,434
7708,543
7709,445
7710,531
7711,457
7712,519
7713,469
7714,506
7715,483
7716,492
7717,496
7718,476
7719,512
7720,459
7721,591
7722,394
7723,581
7724,405
7725,570
7726,416
7727,559
7728,427
7729,547
7730,440
7731,535
7732,450
7733,523
7734,464
7735,511
7736,476
7737,497
7738,489
7739,483
7740,505
7741,467
7742,523
7743,390
7744,585
7745,401
7746,574
7747,412
7748,563
7749,424
7750,553
7751,435
7752,541
7753,447
7754,528
7755,458
7756,516
7757,471
7758,503
7759,484
7760,489
7761,498
7762,474
7763,515
7764,460
7765,589
7766,398
7767,579
7768,407
7769,569
7770,418
7771,558
7772,430
7773,545
7774,441
7775,534
7776,453
7777,521
7778,466
7779,509
7780,478
7781,495
7782,493
7783,481
7784,508
7785,465
7786,523
7787,393
7788,583
7789,404
7790,572
7791,414
7792,561
7793,425
7794,551
7795,437
7796,540
7797,449
7798,525
7799,460
7800,514
7801,473
7802,500
7803,486
7804,487
7805,501
7806,472
7807,516
7808,454
7809,587
7810,399
7811,576
7812,409
7813,567
7814,420
7815,555
7816,431
7817,543
7818,444
7819,532
7820,457
7821,520
7822,469
7823,508
7824,482
7825,494
7826,495
7827,479
7828,511
7829,462
7830,591
7831,394
7832,581
7833,406
7834,571
7835,415
7836,560
7837,427
7838,548
7839,438
7840,537
7841,450
7842,524
7843,462
7844,512
7845,476
7846,498
7847,489
7848,485
7849,504
7850,469
7851,518
7852,389
7853,585
7854,400
7855,575
7856,410
7857,564
7858,422
7859,553
7860,434
7861,542
7862,445
7863,530
7864,457
7865,518
7866,470
7867,505
7868,483
7869,491
7870,498
7871,476
7872,513
7873,458
7874,589
7875,396
7876,579
7877,407
7878,569
7879,418
7880,558
7881,428
7882,546
7883,441
7884,535
7885,453
7886,522
7887,464
7888,509
7889,478
7890,496
7891,492
7892,482
7893,506
7894,466
7895,523
7896,392
7897,584
7898,403
7899,574
7900,414
7901,563
7902,425
7903,552
7904,436
7905,540
7906,447
7907,528
7908,458
7909,515
7910,471
7911,502
7912,484
7913,488
7914,499
7915,473
7916,515
7917,458
7918,588
7919,399
7920,578
7921,409
7922,567
7923,420
7924,557
7925,431
7926,545
7927,443
7928,533
7929,455
7930,521
7931,468
7932,509
7933,480
7934,496
7935,494
7936,481
7937,508
7938,465
7939,529
7940,393
7941,582
7942,404
7943,571
7944,414
7945,560
7946,426
7947,550
7948,438
7949,538
7950,449
7951,526
7952,462
7953,513
7954,474
7955,500
7956,487
7957,486
7958,501
7959,470
7960,518
7961,452
7962,587
7963,399
7964,577
7965,411
7966,566
7967,422
7968,555
7969,433
7970,543
7971,444
7972,530
7973,456
7974,518
7975,468
7976,505
7977,482
7978,492
7979,495
7980,478
7981,511
7982,462
7983,590
7984,395
7985,581
7986,406
7987,569
7988,415
7989,558
7990,427
7991,547
7992,438
7993,535
7994,450
7995,523
7996,463
7997,511
7998,476
7999,498
8000,489
8001,484
8002,506
8003,468
8004,523
8005,390
8006,585
8007,401
8008,574
8009,412
8010,563
8011,423
8012,553
8013,435
8014,541
8015,447
8016,528
8017,459
8018,516
8019,471
8020,503
8021,484
8022,492
8023,498
8024,476
8025,513
8026,458
8027,588
8028,396
8029,579
8030,408
8031,568
8032,419
8033,557
8034,429
8035,545
8036,441
8037,534
8038,454
8039,522
8040,466
8041,509
8042,479
8043,495
8044,493
8045,481
8046,508
8047,464
8048,523
8049,393
8050,584
8051,403
8052,573
8053,415
8054,562
8055,425
8056,551
8057,437
8058,539
8059,449
8060,525
8061,459
8062,513
8063,473
8064,503
8065,487
8066,488
8067,500
8068,473
8069,516
8070,452
8071,588
8072,398
8073,577
8074,409
8075,566
8076,420
8077,555
8078,431
8079,543
8080,443
8081,532
8082,457
8083,520
8084,469
8085,507
8086,482
8087,494
8088,495
8089,479
8090,511
8091,461
8092,529
8093,393
8094,582
8095,404
8096,570
8097,416
8098,560
8099,427
8100,547
8101,438
8102,536
8103,449
8104,524
8105,463
8106,512
8107,473
8108,498
8109,488
8110,486
8111,502
8112,470
8113,521
8114,389
8115,586
8116,400
8117,575
8118,412
8119,564
8120,423
8121,552
8122,432
8123,541
8124,445
8125,529
8126,457
8127,517
8128,469
8129,504
8130,483
8131,490
8132,497
8133,476
8134,513
8135,458
8136,589
8137,395
8138,580
8139,407
8140,569
8141,418
8142,558
8143,428
8144,546
8145,440
8146,534
8147,452
8148,522
8149,465
8150,512
8151,478
8152,496
8153,490
8154,483
8155,505
8156,466
8157,525
8158,392
8159,584
8160,403
8161,573
8162,413
8163,562
8164,423
8165,551
8166,437
8167,540
8168,448
8169,528
8170,460
8171,515
8172,471
8173,502
8174,486
8175,488
8176,500
8177,473
8178,516
8179,454
8180,588
8181,398
8182,578
8183,408
8184,567
8185,420
8186,556
8187,431
8188,544
8189,442
8190,532
8191,453
8192,522
8193,467
8194,508
8195,479
8196,495
8197,493
8198,481
8199,509
8200,463
8201,527
8202,393
8203,583
8204,404
8205,572
8206,415
8207,561
8208,426
8209,549
8210,438
8211,537
8212,449
8213,524
8214,461
8215,512
8216,474
8217,499
8218,488
8219,486
8220,503
8221,470
8222,519
8223,452
8224,587
8225,399
8226,576
8227,411
8228,565
8229,421
8230,554
8231,434
8232,543
8233,445
8234,531
8235,455
8236,519
8237,469
8238,507
8239,481
8240,493
8241,496
8242,477
8243,512
8244,460
8245,591
8246,394
8247,581
8248,406
8249,570
8250,416
8251,559
8252,427
8253,546
8254,439
8255,534
8256,450
8257,522
8258,463
8259,510
8260,476
8261,497
8262,490
8263,483
8264,505
8265,468
8266,523
8267,390
8268,585
8269,401
8270,574
8271,413
8272,563
8273,423
8274,553
8275,435
8276,540
8277,447
8278,530
8279,458
8280,517
8281,470
8282,504
8283,483
8284,490
8285,499
8286,475
8287,516
8288,460
8289,588
8290,396
8291,579
8292,408
8293,568
8294,419
8295,557
8296,429
8297,545
8298,442
8299,534
8300,453
8301,522
8302,467
8303,509
8304,479
8305,496
8306,493
8307,481
8308,508
8309,465
8310,523
8311,392
8312,583
8313,403
8314,572
8315,415
8316,561
8317,426
8318,551
8319,437
8320,541
8321,449
8322,527
8323,459
8324,514
8325,472
8326,501
8327,486
8328,486
8329,501
8330,472
8331,518
8332,457
8333,587
8334,399
8335,578
8336,410
8337,566
8338,421
8339,555
8340,432
8341,543
8342,443
8343,532
8344,457
8345,521
8346,469
8347,507
8348,482
8349,493
8350,496
8351,479
8352,511
8353,462
8354,529
8355,394
8356,582
8357,404
8358,571
8359,416
8360,559
8361,428
8362,547
8363,436
8364,536
8365,449
8366,525
8367,462
8368,513
8369,476
8370,499
8371,489
8372,485
8373,504
8374,469
8375,521
8376,389
8377,586
8378,400
8379,575
8380,412
8381,564
8382,423
8383,554
8384,435
8385,543
8386,447
8387,531
8388,459
8389,517
8390,470
8391,504
8392,483
8393,491
8394,497
8395,476
8396,513
8397,458
8398,590
8399,395
8400,580
8401,408
8402,569
8403,418
8404,558
8405,428
8406,547
8407,440
8408,535
8409,451
8410,522
8411,463
8412,509
8413,477
8414,496
8415,491
8416,482
8417,506
8418,466
8419,522
8420,392
8421,584
8422,402
8423,573
8424,413
8425,562
8426,424
8427,552
8428,435
8429,539
8430,447
8431,527
8432,460
8433,515
8434,473
8435,502
8436,486
8437,489
8438,500
8439,473
8440,517
8441,458
8442,588
8443,397
8444,579
8445,409
8446,567
8447,420
8448,558
8449,431
8450,545
8451,442
8452,534
8453,454
8454,521
8455,467
8456,508
8457,480
8458,494
8459,494
8460,479
8461,509
8462,463
8463,528
8464,393
8465,583
8466,404
8467,571
8468,416
8469,561
8470,426
8471,549
8472,438
8473,538
8474,449
8475,525
8476,462
8477,513
8478,474
8479,500
8480,488
8481,486
8482,503
8483,471
8484,520
8485,452
8486,587
8487,399
8488,577
8489,411
8490,565
8491,420
8492,554
8493,433
8494,544
8495,444
8496,532
8497,458
8498,519
8499,470
8500,506
8501,483
8502,492
8503,497
8504,478
8505,511
8506,460
8507,591
8508,394
8509,581
8510,406
8511,569
8512,417
8513,559
8514,427
8515,546
8516,439
8517,535
8518,450
8519,523
8520,464
8521,511
8522,477
8523,497
8524,490
8525,483
8526,505
8527,467
8528,523
8529,390
8530,585
8531,401
8532,574
8533,413
8534,565
8535,424
8536,552
8537,434
8538,541
8539,446
8540,528
8541,459
8542,516
8543,472
8544,503
8545,484
8546,489
8547,499
8548,476
8549,515
8550,460
8551,589
8552,398
8553,580
8554,408
8555,568
8556,418
8557,557
8558,429
8559,545
8560,441
8561,533
8562,453
8563,521
8564,466
8565,509
8566,479
8567,496
8568,493
8569,481
8570,508
8571,465
8572,523
8573,392
8574,583
8575,403
8576,574
8577,414
8578,562
8579,424
8580,551
8581,436
8582,540
8583,449
8584,527
8585,461
8586,514
8587,474
8588,501
8589,487
8590,487
8591,500
8592,472
8593,518
8594,456
8595,587
8596,398
8597,578
8598,410
8599,566
8600,421
8601,555
8602,431
8603,544
8604,444
8605,532
8606,456
8607,519
8608,468
8609,507
8610,481
8611,493
8612,495
8613,478
8614,510
8615,462
8616,528
8617,394
8618,582
8619,405
8620,572
8621,415
8622,561
8623,426
8624,550
8625,438
8626,536
8627,450
8628,523
8629,462
8630,511
8631,475
8632,499
8633,489
8634,486
8635,504
8636,471
8637,521
8638,390
8639,585
8640,401
8641,575
8642,411
8643,564
8644,422
8645,554
8646,435
8647,542
8648,446
8649,530
8650,459
8651,518
8652,471
8653,505
8654,484
8655,491
8656,498
8657,475
8658,513
8659,458
8660,590
8661,395
8662,579
8663,406
8664,569
8665,417
8666,559
8667,428
8668,545
8669,440
8670,534
8671,451
8672,522
8673,464
8674,509
8675,478
8676,497
8677,491
8678,482
8679,506
8680,466
8681,521
8682,391
8683,584
8684,402
8685,573
8686,414
8687,563
8688,424
8689,552
8690,436
8691,539
8692,447
8693,527
8694,460
8695,515
8696,471
8697,502
8698,486
8699,488
8700,500
8701,473
8702,515
8703,458
8704,590
8705,398
8706,578
8707,408
8708,568
8709,419
8710,557
8711,431
8712,544
8713,442
8714,532
8715,454
8716,520
8717,467
8718,508
8719,480
8720,494
8721,494
8722,480
8723,509
8724,463
8725,525
8726,393
8727,583
8728,403
8729,571
8730,415
8731,561
8732,426
8733,550
8734,438
8735,538
8736,449
8737,524
8738,461
8739,512
8740,474
8741,499
8742,487
8743,485
8744,502
8745,470
8746,519
8747,452
8748,586
8749,400
8750,577
8751,410
8752,566
8753,422
8754,554
8755,432
8756,542
8757,445
8758,531
8759,457
8760,518
8761,468
8762,506
8763,482
8764,492
8765,497
8766,477
8767,512
8768,462
8769,591
8770,394
8771,581
8772,407
8773,570
8774,417
8775,559
8776,427
8777,546
8778,438
8779,535
8780,450
8781,523
8782,464
8783,511
8784,476
8785,498
8786,490
8787,483
8788,505
8789,467
8790,519
8791,390
8792,584
8793,401
8794,575
8795,411
8796,563
8797,423
8798,553
8799,436
8800,542
8801,447
8802,529
8803,459
8804,518
8805,472
8806,503
8807,485
8808,490
8809,499
8810,474
8811,515
8812,456
8813,589
8814,396
8815,579
8816,408
8817,568
8818,419
8819,557
8820,429
8821,546
8822,442
8823,533
8824,453
8825,521
8826,466
8827,508
8828,479
8829,495
8830,493
8831,481
8832,505
8833,465
8834,525
8835,393
8836,583
8837,404
8838,572
8839,415
8840,562
8841,425
8842,548
8843,436
8844,537
8845,448
8846,526
8847,459
8848,514
8849,473
8850,501
8851,487
8852,487
8853,501
8854,472
8855,518
8856,456
8857,587
8858,398
8859,578
8860,410
8861,566
8862,421
8863,555
8864,431
8865,543
8866,444
8867,532
8868,456
8869,520
8870,468
8871,506
8872,481
8873,493
8874,495
8875,481
8876,511
8877,463
8878,591
8879,394
8880,581
8881,405
8882,571
8883,416
8884,560
8885,427
8886,548
8887,439
8888,537
8889,450
8890,523
8891,461
8892,511
8893,475
8894,498
8895,488
8896,484
8897,503
8898,469
8899,521
8900,389
8901,586
8902,400
8903,575
8904,412
8905,564
8906,422
8907,554
8908,435
8909,542
8910,446
8911,530
8912,458
8913,519
8914,472
8915,506
8916,484
8917,492
8918,496
8919,477
8920,514
8921,460
8922,590
8923,396
8924,579
8925,407
8926,568
8927,417
8928,557
8929,427
8930,545
8931,440
8932,535
8933,452
8934,522
8935,464
8936,510
8937,477
8938,498
8939,491
8940,483
8941,506
8942,468
8943,521
8944,391
8945,584
8946,403
8947,573
8948,413
8949,562
8950,425
8951,552
8952,436
8953,540
8954,447
8955,527
8956,458
8957,514
8958,471
8959,502
8960,484
8961,488
8962,498
8963,474
8964,515
8965,454
8966,588
8967,398
8968,578
8969,409
8970,567
8971,420
8972,556
8973,432
8974,546
8975,442
8976,533
8977,455
8978,521
8979,467
8980,508
8981,480
8982,494
8983,494
8984,480
8985,510
8986,463
8987,525
8988,394
8989,584
8990,404
8991,572
8992,415
8993,561
8994,427
8995,550
8996,438
8997,538
8998,450
8999,526
9000,462
9001,513
9002,475
9003,502
9004,488
9005,487
9006,501
9007,472
9008,518
9009,452
9010,587
9011,399
9012,576
9013,411
9014,565
9015,422
9016,554
9017,433
9018,543
9019,445
9020,532
9021,458
9022,520
9023,470
9024,507
9025,483
9026,492
9027,496
9028,477
9029,512
9030,460
9031,591
9032,394
9033,581
9034,407
9035,570
9036,417
9037,559
9038,427
9039,546
9040,438
9041,535
9042,451
9043,522
9044,463
9045,510
9046,474
9047,497
9048,489
9049,484
9050,504
9051,470
9052,523
9053,390
9054,585
9055,401
9056,574
9057,412
9058,563
9059,423
9060,552
9061,434
9062,540
9063,446
9064,529
9065,459
9066,516
9067,471
9068,504
9069,485
9070,490
9071,499
9072,475
9073,515
9074,457
9075,589
9076,396
9077,579
9078,408
9079,568
9080,419
9081,557
9082,429
9083,545
9084,441
9085,534
9086,453
9087,522
9088,464
9089,509
9090,478
9091,496
9092,491
9093,482
9094,507
9095,465
9096,523
9097,393
9098,584
9099,403
9100,573
9101,415
9102,562
9103,425
9104,550
9105,437
9106,539
9107,449
9108,526
9109,461
9110,515
9111,473
9112,502
9113,487
9114,487
9115,501
9116,474
9117,518
9118,453
9119,587
9120,400
9121,578
9122,410
9123,566
9124,421
9125,555
9126,431
9127,543
9128,444
9129,532
9130,456
9131,521
9132,468
9133,508
9134,480
9135,494
9136,494
9137,479
9138,511
9139,461
9140,591
9141,394
9142,581
9143,405
9144,570
9145,416
9146,560
9147,427
9148,547
9149,438
9150,537
9151,451
9152,525
9153,463
9154,513
9155,476
9156,500
9157,489
9158,485
9159,504
9160,470
9161,521
9162,389
9163,586
9164,400
9165,575
9166,411
9167,564
9168,423
9169,554
9170,435
9171,543
9172,446
9173,530
9174,460
9175,518
9176,471
9177,506
9178,483
9179,493
9180,498
9181,476
9182,512
9183,459
9184,590
9185,396
9186,580
9187,407
9188,570
9189,418
9190,558
9191,428
9192,546
9193,440
9194,534
9195,451
9196,521
9197,463
9198,509
9199,476
9200,496
9201,491
9202,482
9203,506
9204,466
9205,522
9206,392
9207,584
9208,402
9209,573
9210,413
9211,562
9212,423
9213,551
9214,435
9215,540
9216,447
9217,528
9218,459
9219,516
9220,471
9221,503
9222,484
9223,488
9224,500
9225,473
9226,516
9227,458
9228,588
9229,397
9230,578
9231,409
9232,568
9233,420
9234,556
9235,431
9236,545
9237,443
9238,533
9239,454
9240,521
9241,467
9242,508
9243,480
9244,494
9245,494
9246,480
9247,509
9248,463
9249,525
9250,394
9251,583
9252,404
9253,572
9254,415
9255,560
9256,426
9257,550
9258,437
9259,539
9260,450
9261,526
9262,461
9263,514
9264,474
9265,500
9266,488
9267,486
9268,503
9269,471
9270,520
9271,452
9272,587
9273,399
9274,576
9275,410
9276,565
9277,421
9278,554
9279,433
9280,543
9281,446
9282,531
9283,457
9284,520
9285,470
9286,506
9287,483
9288,492
9289,496
9290,477
9291,512
9292,460
9293,591
9294,394
9295,581
9296,406
9297,570
9298,417
9299,559
9300,427
9301,546
9302,437
9303,535
9304,451
9305,523
9306,462
9307,511
9308,476
9309,497
9310,490
9311,483
9312,505
9313,467
9314,523
9315,390
9316,585
9317,401
9318,575
9319,413
9320,564
9321,423
9322,553
9323,435
9324,541
9325,446
9326,528
9327,458
9328,515
9329,470
9330,502
9331,484
9332,489
9333,499
9334,475
9335,515
9336,458
9337,590
9338,396
9339,580
9340,408
9341,568
9342,418
9343,557
9344,429
9345,547
9346,440
9347,534
9348,454
9349,523
9350,466
9351,509
9352,480
9353,496
9354,493
9355,481
9356,508
9357,464
9358,523
9359,392
9360,583
9361,403
9362,572
9363,414
9364,561
9365,425
9366,551
9367,437
9368,539
9369,449
9370,525
9371,460
9372,513
9373,473
9374,500
9375,486
9376,487
9377,501
9378,472
9379,518
9380,452
9381,587
9382,398
9383,578
9384,410
9385,566
9386,421
9387,557
9388,431
9389,544
9390,442
9391,532
9392,454
9393,519
9394,468
9395,506
9396,480
9397,493
9398,495
9399,478
9400,509
9401,462
9402,591
9403,394
9404,582
9405,405
9406,571
9407,415
9408,559
9409,426
9410,548
9411,439
9412,536
9413,449
9414,524
9415,463
9416,514
9417,476
9418,500
9419,489
9420,485
9421,504
9422,469
9423,520
9424,389
9425,586
9426,400
9427,575
9428,411
9429,564
9430,422
9431,553
9432,434
9433,542
9434,446
9435,530
9436,457
9437,517
9438,469
9439,504
9440,483
9441,490
9442,497
9443,476
9444,512
9445,458
9446,590
9447,395
9448,580
9449,407
9450,569
9451,418
9452,559
9453,429
9454,546
9455,440
9456,535
9457,452
9458,522
9459,464
9460,509
9461,478
9462,496
9463,491
9464,482
9465,506
9466,467
9467,521
9468,392
9469,584
9470,403
9471,574
9472,412
9473,562
9474,423
9475,552
9476,435
9477,540
9478,446
9479,527
9480,460
9481,515
9482,473
9483,502
9484,486
9485,488
9486,500
9487,475
9488,516
9489,458
9490,588
9491,398
9492,578
9493,409
9494,567
9495,419
9496,556
9497,431
9498,544
9499,442
9500,533
9501,456
9502,522
9503,468
9504,508
9505,481
9506,495
9507,494
9508,480
9509,510
9510,465
9511,527
9512,393
9513,583
9514,404
9515,573
9516,415
9517,561
9518,426
9519,549
9520,438
9521,538
9522,448
9523,525
9524,461
9525,513
9526,473
9527,500
9528,487
9529,486
9530,501
9531,470
9532,518
9533,453
9534,587
9535,400
9536,577
9537,411
9538,565
9539,421
9540,554
9541,433
9542,543
9543,444
9544,531
9545,457
9546,520
9547,469
9548,507
9549,483
9550,492
9551,496
9552,478
9553,511
9554,460
9555,591
9556,396
9557,581
9558,406
9559,570
9560,417
9561,559
9562,427
9563,547
9564,439
9565,536
9566,451
9567,524
9568,464
9569,511
9570,475
9571,498
9572,489
9573,483
9574,504
9575,467
9576,521
9577,390
9578,586
9579,401
9580,574
9581,412
9582,563
9583,423
9584,552
9585,434
9586,541
9587,446
9588,529
9589,458
9590,516
9591,470
9592,503
9593,483
9594,489
9595,497
9596,473
9597,513
9598,459
9599,589
9600,396
9601,578
9602,407
9603,569
9604,418
9605,558
9606,429
9607,545
9608,441
9609,533
9610,454
9611,521
9612,466
9613,509
9614,479
9615,496
9616,493
9617,481
9618,508
9619,465
9620,524
9621,392
9622,583
9623,403
9624,573
9625,414
9626,561
9627,425
9628,550
9629,436
9630,538
9631,449
9632,525
9633,460
9634,514
9635,473
9636,501
9637,487
9638,487
9639,501
9640,471
9641,518
9642,456
9643,588
9644,398
9645,577
9646,409
9647,567
9648,419
9649,555
9650,431
9651,543
9652,444
9653,532
9654,457
9655,520
9656,469
9657,507
9658,481
9659,493
9660,495
9661,479
9662,511
9663,461
9664,591
9665,395
9666,581
9667,406
9668,571
9669,416
9670,560
9671,427
9672,547
9673,438
9674,536
9675,449
9676,524
9677,462
9678,511
9679,474
9680,498
9681,489
9682,484
9683,504
9684,469
9685,521
9686,390
9687,585
9688,401
9689,576
9690,410
9691,565
9692,422
9693,553
9694,435
9695,542
9696,446
9697,530
9698,458
9699,517
9700,470
9701,505
9702,484
9703,491
9704,498
9705,476
9706,514
9707,458
9708,590
9709,396
9710,580
9711,406
9712,569
9713,418
9714,558
9715,428
9716,547
9717,440
9718,535
9719,453
9720,522
9721,465
9722,510
9723,477
9724,496
9725,491
9726,482
9727,506
9728,467
9729,523
9730,392
9731,583
9732,402
9733,574
9734,412
9735,562
9736,425
9737,552
9738,436
9739,539
9740,447
9741,527
9742,459
9743,516
9744,472
9745,502
9746,485
9747,488
9748,500
9749,473
9750,515
9751,458
9752,588
9753,398
9754,579
9755,409
9756,567
9757,420
9758,556
9759,431
9760,544
9761,442
9762,532
9763,456
9764,521
9765,468
9766,508
9767,481
9768,495
9769,495
9770,480
9771,507
9772,463
9773,529
9774,393
9775,582
9776,404
9777,571
9778,415
9779,560
9780,426
9781,550
9782,438
9783,538
9784,450
9785,525
9786,460
9787,513
9788,474
9789,500
9790,488
9791,486
9792,503
9793,471
9794,520
9795,452
9796,587
9797,399
9798,577
9799,411
9800,565
9801,422
9802,554
9803,434
9804,544
9805,445
9806,531
9807,457
9808,519
9809,469
9810,506
9811,482
9812,492
9813,496
9814,480
9815,512
9816,462
9817,590
9818,395
9819,580
9820,406
9821,570
9822,416
9823,559
9824,427
9825,547
9826,439
9827,535
9828,451
9829,523
9830,464
9831,511
9832,476
9833,498
9834,490
9835,484
9836,504
9837,468
9838,522
9839,390
9840,585
9841,401
9842,574
9843,412
9844,563
9845,423
9846,553
9847,435
9848,541
9849,447
9850,529
9851,459
9852,518
9853,472
9854,505
9855,485
9856,492
9857,499
9858,476
9859,513
9860,458
9861,588
9862,396
9863,579
9864,408
9865,568
9866,418
9867,557
9868,429
9869,546
9870,442
9871,534
9872,454
9873,522
9874,466
9875,509
9876,479
9877,495
9878,493
9879,481
9880,508
9881,464
9882,523
9883,393
9884,583
9885,404
9886,573
9887,413
9888,562
9889,425
9890,550
9891,436
9892,538
9893,448
9894,524
9895,459
9896,513
9897,472
9898,501
9899,484
9900,487
9901,500
9902,473
9903,517
9904,452
9905,587
9906,399
9907,577
9908,409
9909,566
9910,419
9911,555
9912,431
9913,543
9914,442
9915,531
9916,456
9917,521
9918,468
9919,508
9920,481
9921,494
9922,495
9923,479
9924,511
9925,462
9926,529
9927,393
9928,582
9929,405
9930,570
9931,416
9932,560
9933,427
9934,547
9935,437
9936,536
9937,449
9938,524
9939,462
9940,511
9941,475
9942,499
9943,488
9944,486
9945,502
9946,470
9947,519
9948,389
9949,586
9950,400
9951,576
9952,411
9953,565
9954,422
9955,553
9956,433
9957,541
9958,444
9959,529
9960,457
9961,517
9962,470
9963,504
9964,482
9965,491
9966,498
9967,476
9968,513
9969,458
9970,590
9971,396
9972,579
9973,407
9974,569
9975,417
9976,558
9977,428
9978,546
9979,440
9980,534
9981,452
9982,522
9983,464
9984,512
9985,478
9986,498
9987,490
9988,483
9989,506
9990,467
9991,523
9992,391
9993,585
9994,402
9995,573
9996,412
9997,562
9998,424
9999,551
10000,435
