1,541
2,470
3,514
4,481
5,499
6,491
7,485
8,503
9,471
10,517
11,455
12,532
13,438
14,571
15,414
16,561
17,424
18,549
19,436
20,538
21,447
22,526
23,459
24,514
25,471
26,502
27,483
28,489
29,497
30,475
31,510
32,461
33,525
34,445
35,542
36,408
37,565
38,419
39,554
40,430
41,542
42,442
43,533
44,453
45,520
46,466
47,508
48,478
49,494
50,491
51,481
52,504
53,467
54,518
55,452
56,534
57,437
58,569
59,414
60,559
61,426
62,547
63,437
64,536
65,449
66,524
67,461
68,512
69,473
70,499
71,486
72,486
73,498
74,472
75,512
76,458
77,527
78,442
79,547
80,411
81,563
82,422
83,553
84,433
85,542
86,443
87,530
88,456
89,517
90,469
91,505
92,480
93,492
94,493
95,479
96,507
97,465
98,521
99,450
100,537
101,433
102,568
103,417
104,558
105,429
106,546
107,440
108,535
109,451
110,523
111,464
112,509
113,475
114,498
115,488
116,485
117,502
118,472
119,516
120,457
121,531
122,441
123,572
124,411
125,562
126,424
127,551
128,433
129,539
130,449
131,529
132,459
133,517
134,472
135,505
136,484
137,491
138,496
139,477
140,509
141,463
142,524
143,447
144,540
145,407
146,566
147,419
148,555
149,430
150,544
151,441
152,531
153,452
154,519
155,464
156,507
157,476
158,495
159,489
160,482
161,504
162,468
163,519
164,455
165,534
166,438
167,571
168,414
169,560
170,426
171,549
172,436
173,538
174,448
175,526
176,460
177,512
178,471
179,500
180,484
181,487
182,497
183,474
184,511
185,460
186,526
187,444
188,545
189,410
190,564
191,421
192,554
193,432
194,542
195,444
196,531
197,456
198,519
199,468
200,507
201,480
202,494
203,493
204,481
205,507
206,466
207,520
208,451
209,537
210,432
211,568
212,417
213,557
214,428
215,547
216,439
217,535
218,450
219,523
220,461
221,511
222,474
223,498
224,486
225,485
226,499
227,472
228,514
229,457
230,529
231,441
232,572
233,412
234,562
235,423
236,551
237,434
238,540
239,445
240,528
241,457
242,516
243,470
244,505
245,482
246,492
247,495
248,478
249,508
250,464
251,523
252,449
253,539
254,407
255,567
256,418
257,557
258,429
259,545
260,440
261,534
262,452
263,521
264,464
265,509
266,476
267,497
268,489
269,483
270,502
271,470
272,516
273,455
274,532
275,438
276,570
277,413
278,560
279,424
280,549
281,436
282,538
283,447
284,527
285,459
286,513
287,470
288,501
289,482
290,489
291,496
292,475
293,510
294,461
295,525
296,445
297,542
298,408
299,565
300,421
301,554
302,432
303,543
304,443
305,532
306,455
307,520
308,468
309,509
310,480
311,496
312,493
313,483
314,506
315,469
316,520
317,454
318,536
319,436
320,570
321,415
322,559
323,427
324,548
325,438
326,537
327,449
328,525
329,462
330,513
331,473
332,501
333,486
334,488
335,500
336,474
337,514
338,460
339,529
340,443
341,544
342,410
343,562
344,422
345,553
346,432
347,542
348,445
349,530
350,457
351,518
352,469
353,506
354,481
355,493
356,494
357,480
358,507
359,466
360,522
361,451
362,539
363,406
364,567
365,418
366,558
367,429
368,547
369,440
370,535
371,452
372,523
373,463
374,509
375,475
376,497
377,488
378,485
379,501
380,471
381,516
382,457
383,531
384,441
385,572
386,413
387,561
388,424
389,550
390,434
391,539
392,446
393,527
394,458
395,515
396,472
397,504
398,483
399,491
400,496
401,477
402,509
403,463
404,524
405,447
406,540
407,407
408,566
409,419
410,555
411,430
412,544
413,441
414,531
415,451
416,519
417,464
418,507
419,477
420,495
421,489
422,482
423,503
424,468
425,517
426,453
427,533
428,438
429,570
430,415
431,559
432,426
433,549
434,437
435,538
436,450
437,527
438,461
439,515
440,473
441,502
442,485
443,489
444,499
445,476
446,513
447,462
448,528
449,445
450,542
451,409
452,565
453,421
454,553
455,432
456,542
457,443
458,530
459,454
460,518
461,467
462,506
463,480
464,494
465,492
466,480
467,506
468,466
469,521
470,454
471,537
472,433
473,569
474,417
475,557
476,426
477,546
478,438
479,535
480,450
481,523
482,462
483,511
484,474
485,499
486,487
487,486
488,500
489,472
490,514
491,457
492,529
493,441
494,572
495,412
496,562
497,423
498,551
499,434
500,540
501,445
502,528
503,457
504,517
505,470
506,505
507,482
508,492
509,495
510,478
511,508
512,466
513,524
514,448
515,541
516,407
517,566
518,419
519,557
520,430
521,546
522,441
523,534
524,453
525,522
526,465
527,509
528,476
529,497
530,490
531,484
532,503
533,471
534,517
535,456
536,533
537,439
538,571
539,413
540,561
541,425
542,550
543,436
544,539
545,450
546,529
547,461
548,516
549,473
550,504
551,485
552,491
553,498
554,477
555,509
556,463
557,525
558,446
559,542
560,409
561,564
562,421
563,555
564,432
565,544
566,443
567,532
568,455
569,520
570,468
571,509
572,480
573,496
574,493
575,482
576,506
577,468
578,520
579,453
580,536
581,434
582,569
583,416
584,559
585,426
586,547
587,437
588,536
589,449
590,524
591,460
592,512
593,473
594,499
595,485
596,487
597,499
598,476
599,513
600,460
601,528
602,444
603,547
604,412
605,563
606,423
607,553
608,433
609,541
610,444
611,530
612,456
613,518
614,469
615,506
616,481
617,493
618,494
619,480
620,508
621,466
622,522
623,451
624,539
625,406
626,567
627,418
628,558
629,429
630,547
631,441
632,536
633,452
634,523
635,464
636,511
637,476
638,499
639,489
640,485
641,501
642,472
643,515
644,457
645,530
646,441
647,572
648,412
649,562
650,424
651,551
652,435
653,540
654,447
655,528
656,459
657,516
658,471
659,504
660,483
661,491
662,496
663,478
664,510
665,464
666,525
667,448
668,542
669,408
670,565
671,420
672,556
673,431
674,544
675,442
676,533
677,454
678,521
679,468
680,510
681,479
682,497
683,489
684,483
685,505
686,469
687,519
688,454
689,533
690,439
691,570
692,413
693,560
694,426
695,549
696,437
697,538
698,449
699,526
700,461
701,514
702,473
703,502
704,486
705,489
706,498
707,476
708,512
709,461
710,527
711,446
712,542
713,409
714,565
715,421
716,553
717,432
718,542
719,443
720,530
721,455
722,518
723,467
724,506
725,479
726,496
727,492
728,481
729,506
730,468
731,520
732,451
733,536
734,436
735,569
736,416
737,559
738,428
739,547
740,439
741,535
742,450
743,523
744,461
745,511
746,474
747,499
748,487
749,486
750,501
751,473
752,515
753,459
754,530
755,442
756,547
757,410
758,563
759,424
760,552
761,434
762,541
763,447
764,530
765,459
766,518
767,470
768,505
769,481
770,492
771,494
772,479
773,508
774,464
775,523
776,449
777,540
778,407
779,566
780,419
781,557
782,430
783,546
784,441
785,533
786,451
787,521
788,463
789,506
790,474
791,495
792,487
793,482
794,501
795,469
796,516
797,455
798,531
799,437
800,570
801,414
802,560
803,425
804,549
805,435
806,538
807,447
808,526
809,458
810,512
811,469
812,502
813,482
814,489
815,496
816,476
817,511
818,462
819,526
820,447
821,540
822,408
823,565
824,419
825,554
826,430
827,542
828,442
829,531
830,454
831,519
832,466
833,507
834,478
835,495
836,491
837,481
838,504
839,468
840,518
841,452
842,534
843,437
844,570
845,415
846,559
847,427
848,548
849,438
850,537
851,450
852,525
853,462
854,511
855,473
856,499
857,486
858,486
859,499
860,474
861,513
862,460
863,529
864,445
865,546
866,410
867,564
868,422
869,552
870,433
871,541
872,445
873,530
874,456
875,518
876,468
877,504
878,480
879,492
880,493
881,479
882,507
883,465
884,521
885,450
886,537
887,433
888,568
889,417
890,557
891,429
892,546
893,441
894,535
895,452
896,523
897,463
898,511
899,475
900,499
901,488
902,486
903,502
904,472
905,516
906,457
907,531
908,441
909,572
910,412
911,562
912,425
913,551
914,436
915,540
916,447
917,528
918,459
919,515
920,470
921,503
922,482
923,490
924,496
925,477
926,510
927,463
928,524
929,448
930,542
931,408
932,565
933,420
934,556
935,431
936,545
937,442
938,533
939,451
940,521
941,467
942,511
943,478
944,497
945,491
946,484
947,505
948,470
949,519
950,455
951,535
952,438
953,571
954,414
955,560
956,426
957,549
958,437
959,538
960,448
961,525
962,460
963,513
964,472
965,501
966,484
967,488
968,498
969,474
970,511
971,460
972,526
973,444
974,543
975,409
976,564
977,420
978,553
979,432
980,542
981,443
982,532
983,455
984,519
985,467
986,507
987,479
988,493
989,492
990,480
991,505
992,466
993,520
994,451
995,536
996,436
997,569
998,416
999,559
1000,428
1001,547
1002,440
1003,535
1004,451
1005,523
1006,463
1007,511
1008,475
1009,498
1010,488
1011,485
1012,500
1013,472
1014,515
1015,457
1016,531
1017,441
1018,547
1019,411
1020,564
1021,423
1022,551
1023,434
1024,542
1025,446
1026,528
1027,457
1028,517
1029,469
1030,503
1031,482
1032,491
1033,495
1034,478
1035,509
1036,464
1037,524
1038,448
1039,539
1040,406
1041,566
1042,418
1043,556
1044,430
1045,544
1046,441
1047,534
1048,454
1049,522
1050,465
1051,510
1052,478
1053,497
1054,491
1055,484
1056,504
1057,470
1058,518
1059,455
1060,533
1061,438
1062,572
1063,413
1064,561
1065,425
1066,549
1067,435
1068,538
1069,448
1070,527
1071,459
1072,515
1073,472
1074,502
1075,484
1076,489
1077,498
1078,476
1079,511
1080,461
1081,525
1082,445
1083,540
1084,409
1085,565
1086,420
1087,554
1088,432
1089,543
1090,443
1091,531
1092,455
1093,519
1094,467
1095,507
1096,479
1097,494
1098,492
1099,481
1100,506
1101,467
1102,520
1103,452
1104,536
1105,438
1106,569
1107,414
1108,559
1109,427
1110,549
1111,438
1112,537
1113,449
1114,525
1115,460
1116,512
1117,474
1118,499
1119,486
1120,487
1121,500
1122,473
1123,513
1124,460
1125,528
1126,442
1127,545
1128,410
1129,563
1130,422
1131,552
1132,433
1133,541
1134,445
1135,529
1136,457
1137,517
1138,469
1139,505
1140,481
1141,492
1142,494
1143,479
1144,507
1145,464
1146,522
1147,449
1148,538
1149,432
1150,568
1151,417
1152,557
1153,428
1154,546
1155,439
1156,535
1157,451
1158,523
1159,464
1160,510
1161,476
1162,497
1163,489
1164,485
1165,502
1166,471
1167,515
1168,456
1169,532
1170,440
1171,572
1172,412
1173,562
1174,424
1175,550
1176,435
1177,539
1178,446
1179,526
1180,458
1181,515
1182,470
1183,502
1184,482
1185,489
1186,496
1187,476
1188,510
1189,462
1190,525
1191,446
1192,541
1193,407
1194,566
1195,419
1196,556
1197,430
1198,544
1199,441
1200,533
1201,455
1202,521
1203,466
1204,508
1205,478
1206,496
1207,491
1208,482
1209,503
1210,468
1211,519
1212,454
1213,535
1214,440
1215,570
1216,414
1217,560
1218,426
1219,548
1220,437
1221,537
1222,448
1223,525
1224,460
1225,513
1226,473
1227,501
1228,486
1229,488
1230,499
1231,475
1232,513
1233,460
1234,528
1235,444
1236,542
1237,411
1238,564
1239,422
1240,554
1241,431
1242,542
1243,443
1244,530
1245,455
1246,518
1247,468
1248,506
1249,480
1250,493
1251,493
1252,481
1253,507
1254,466
1255,521
1256,451
1257,537
1258,436
1259,568
1260,416
1261,559
1262,428
1263,546
1264,439
1265,535
1266,451
1267,523
1268,463
1269,511
1270,475
1271,499
1272,488
1273,486
1274,501
1275,472
1276,515
1277,457
1278,530
1279,440
1280,546
1281,411
1282,563
1283,423
1284,552
1285,434
1286,540
1287,446
1288,528
1289,458
1290,516
1291,469
1292,504
1293,482
1294,491
1295,495
1296,478
1297,509
1298,464
1299,523
1300,448
1301,540
1302,407
1303,567
1304,418
1305,556
1306,430
1307,545
1308,441
1309,533
1310,453
1311,521
1312,465
1313,509
1314,478
1315,497
1316,491
1317,484
1318,504
1319,470
1320,518
1321,455
1322,533
1323,441
1324,571
1325,413
1326,560
1327,424
1328,550
1329,436
1330,538
1331,447
1332,526
1333,459
1334,514
1335,472
1336,501
1337,484
1338,489
1339,497
1340,475
1341,511
1342,461
1343,526
1344,445
1345,540
1346,409
1347,565
1348,420
1349,554
1350,432
1351,543
1352,443
1353,531
1354,455
1355,520
1356,468
1357,507
1358,479
1359,494
1360,492
1361,481
1362,505
1363,467
1364,520
1365,453
1366,533
1367,438
1368,570
1369,416
1370,558
1371,426
1372,548
1373,438
1374,536
1375,451
1376,525
1377,462
1378,513
1379,474
1380,501
1381,487
1382,487
1383,500
1384,473
1385,514
1386,459
1387,530
1388,443
1389,546
1390,410
1391,564
1392,421
1393,552
1394,434
1395,541
1396,445
1397,529
1398,457
1399,517
1400,469
1401,505
1402,481
1403,492
1404,494
1405,479
1406,508
1407,465
1408,520
1409,449
1410,537
1411,406
1412,567
1413,418
1414,556
1415,429
1416,545
1417,440
1418,534
1419,452
1420,522
1421,464
1422,510
1423,475
1424,497
1425,489
1426,484
1427,502
1428,471
1429,516
1430,456
1431,532
1432,440
1433,572
1434,412
1435,562
1436,425
1437,550
1438,435
1439,539
1440,446
1441,526
1442,458
1443,514
1444,470
1445,502
1446,483
1447,489
1448,496
1449,477
1450,510
1451,465
1452,525
1453,448
1454,540
1455,408
1456,565
1457,419
1458,554
1459,430
1460,543
1461,442
1462,533
1463,454
1464,521
1465,465
1466,508
1467,479
1468,496
1469,492
1470,483
1471,505
1472,469
1473,519
1474,454
1475,534
1476,439
1477,570
1478,413
1479,560
1480,426
1481,548
1482,437
1483,538
1484,448
1485,525
1486,461
1487,513
1488,473
1489,500
1490,485
1491,488
1492,498
1493,474
1494,510
1495,460
1496,526
1497,446
1498,545
1499,410
1500,565
1501,421
1502,553
1503,433
1504,542
1505,444
1506,530
1507,455
1508,519
1509,467
1510,506
1511,480
1512,493
1513,493
1514,480
1515,507
1516,466
1517,521
1518,451
1519,537
1520,433
1521,569
1522,416
1523,558
1524,428
1525,546
1526,439
1527,535
1528,450
1529,523
1530,463
1531,511
1532,475
1533,498
1534,488
1535,485
1536,499
1537,472
1538,514
1539,459
1540,529
1541,442
1542,572
1543,411
1544,563
1545,422
1546,551
1547,435
1548,539
1549,446
1550,528
1551,456
1552,516
1553,470
1554,504
1555,482
1556,491
1557,495
1558,477
1559,509
1560,463
1561,524
1562,448
1563,540
1564,406
1565,567
1566,418
1567,556
1568,430
1569,545
1570,441
1571,534
1572,454
1573,522
1574,465
1575,509
1576,478
1577,497
1578,490
1579,486
1580,504
1581,471
1582,517
1583,457
1584,532
1585,438
1586,572
1587,413
1588,561
1589,425
1590,549
1591,436
1592,538
1593,447
1594,526
1595,459
1596,514
1597,472
1598,501
1599,484
1600,489
1601,497
1602,475
1603,511
1604,461
1605,526
1606,445
1607,540
1608,409
1609,565
1610,420
1611,554
1612,431
1613,542
1614,443
1615,531
1616,455
1617,520
1618,467
1619,507
1620,479
1621,494
1622,490
1623,481
1624,504
1625,467
1626,519
1627,453
1628,536
1629,438
1630,569
1631,415
1632,559
1633,427
1634,548
1635,439
1636,537
1637,450
1638,524
1639,462
1640,512
1641,474
1642,499
1643,486
1644,487
1645,500
1646,473
1647,514
1648,459
1649,529
1650,443
1651,547
1652,411
1653,564
1654,422
1655,552
1656,434
1657,541
1658,445
1659,529
1660,456
1661,517
1662,469
1663,505
1664,479
1665,492
1666,493
1667,479
1668,507
1669,465
1670,523
1671,450
1672,539
1673,433
1674,568
1675,417
1676,557
1677,429
1678,545
1679,439
1680,534
1681,453
1682,522
1683,464
1684,511
1685,476
1686,498
1687,489
1688,485
1689,502
1690,471
1691,516
1692,456
1693,531
1694,439
1695,572
1696,412
1697,561
1698,425
1699,550
1700,436
1701,539
1702,446
1703,527
1704,458
1705,515
1706,470
1707,503
1708,483
1709,490
1710,495
1711,477
1712,508
1713,462
1714,525
1715,447
1716,542
1717,407
1718,566
1719,419
1720,555
1721,431
1722,545
1723,442
1724,533
1725,454
1726,520
1727,466
1728,508
1729,478
1730,495
1731,491
1732,482
1733,504
1734,469
1735,519
1736,454
1737,535
1738,439
1739,570
1740,414
1741,560
1742,426
1743,548
1744,437
1745,537
1746,448
1747,525
1748,461
1749,513
1750,471
1751,500
1752,484
1753,489
1754,497
1755,475
1756,512
1757,460
1758,527
1759,444
1760,542
1761,410
1762,564
1763,420
1764,553
1765,433
1766,542
1767,444
1768,530
1769,455
1770,518
1771,468
1772,504
1773,479
1774,492
1775,492
1776,479
1777,506
1778,465
1779,521
1780,451
1781,537
1782,436
1783,568
1784,416
1785,559
1786,428
1787,547
1788,440
1789,535
1790,450
1791,523
1792,460
1793,511
1794,474
1795,499
1796,486
1797,486
1798,501
1799,472
1800,515
1801,458
1802,530
1803,441
1804,547
1805,412
1806,563
1807,422
1808,551
1809,434
1810,540
1811,446
1812,527
1813,457
1814,515
1815,468
1816,502
1817,481
1818,490
1819,495
1820,477
1821,508
1822,463
1823,524
1824,448
1825,540
1826,406
1827,567
1828,418
1829,555
1830,430
1831,544
1832,441
1833,534
1834,454
1835,525
1836,466
1837,511
1838,476
1839,498
1840,489
1841,483
1842,503
1843,470
1844,517
1845,455
1846,533
1847,438
1848,572
1849,413
1850,561
1851,425
1852,549
1853,436
1854,538
1855,447
1856,526
1857,460
1858,514
1859,472
1860,502
1861,485
1862,490
1863,498
1864,476
1865,512
1866,462
1867,527
1868,446
1869,540
1870,410
1871,565
1872,420
1873,554
1874,432
1875,543
1876,443
1877,532
1878,453
1879,520
1880,466
1881,507
1882,478
1883,495
1884,492
1885,481
1886,505
1887,467
1888,520
1889,452
1890,536
1891,437
1892,569
1893,416
1894,559
1895,427
1896,547
1897,438
1898,536
1899,449
1900,524
1901,462
1902,512
1903,476
1904,501
1905,488
1906,487
1907,500
1908,474
1909,514
1910,459
1911,529
1912,442
1913,544
1914,411
1915,564
1916,422
1917,552
1918,433
1919,541
1920,444
1921,530
1922,456
1923,518
1924,467
1925,504
1926,479
1927,491
1928,493
1929,478
1930,507
1931,464
1932,522
1933,449
1934,539
1935,407
1936,568
1937,417
1938,558
1939,429
1940,546
1941,440
1942,534
1943,453
1944,523
1945,464
1946,511
1947,477
1948,498
1949,489
1950,484
1951,502
1952,471
1953,516
1954,456
1955,531
1956,439
1957,572
1958,412
1959,562
1960,424
1961,550
1962,435
1963,541
1964,447
1965,529
1966,458
1967,517
1968,470
1969,503
1970,483
1971,490
1972,497
1973,477
1974,510
1975,462
1976,525
1977,448
1978,542
1979,407
1980,566
1981,419
1982,555
1983,431
1984,544
1985,442
1986,533
1987,454
1988,520
1989,466
1990,507
1991,477
1992,495
1993,490
1994,482
1995,504
1996,468
1997,519
1998,454
1999,534
2000,439
2001,570
2002,414
2003,560
2004,426
2005,548
2006,435
2007,537
2008,449
2009,525
2010,459
2011,514
2012,473
2013,500
2014,485
2015,488
2016,498
2017,474
2018,513
2019,460
2020,526
2021,444
2022,542
2023,410
2024,564
2025,420
2026,553
2027,432
2028,542
2029,444
2030,529
2031,456
2032,518
2033,468
2034,504
2035,479
2036,492
2037,492
2038,479
2039,506
2040,465
2041,520
2042,450
2043,537
2044,436
2045,568
2046,416
2047,558
2048,426
2049,546
2050,438
2051,535
2052,450
2053,523
2054,463
2055,511
2056,476
2057,499
2058,488
2059,486
2060,501
2061,472
2062,515
2063,459
2064,530
2065,441
2066,547
2067,411
2068,563
2069,423
2070,551
2071,435
2072,540
2073,446
2074,527
2075,457
2076,515
2077,469
2078,503
2079,482
2080,491
2081,495
2082,478
2083,509
2084,463
2085,523
2086,448
2087,540
2088,406
2089,566
2090,418
2091,557
2092,429
2093,544
2094,440
2095,534
2096,453
2097,522
2098,465
2099,510
2100,478
2101,497
2102,490
2103,484
2104,504
2105,471
2106,517
2107,455
2108,533
2109,438
2110,571
2111,413
2112,561
2113,425
2114,549
2115,437
2116,538
2117,447
2118,526
2119,460
2120,514
2121,473
2122,502
2123,485
2124,489
2125,498
2126,475
2127,511
2128,461
2129,526
2130,445
2131,540
2132,409
2133,566
2134,421
2135,555
2136,431
2137,544
2138,442
2139,532
2140,455
2141,519
2142,467
2143,506
2144,479
2145,494
2146,492
2147,481
2148,504
2149,467
2150,520
2151,452
2152,536
2153,438
2154,569
2155,415
2156,559
2157,427
2158,547
2159,438
2160,536
2161,450
2162,524
2163,462
2164,512
2165,476
2166,501
2167,488
2168,488
2169,500
2170,474
2171,514
2172,459
2173,529
2174,443
2175,544
2176,409
2177,564
2178,422
2179,553
2180,433
2181,542
2182,444
2183,528
2184,456
2185,516
2186,468
2187,503
2188,480
2189,491
2190,493
2191,479
2192,507
2193,464
2194,522
2195,449
2196,538
2197,433
2198,568
2199,417
2200,558
2201,429
2202,546
2203,440
2204,534
2205,453
2206,523
2207,464
2208,511
2209,476
2210,497
2211,489
2212,484
2213,502
2214,471
2215,516
2216,456
2217,532
2218,439
2219,572
2220,413
2221,561
2222,423
2223,551
2224,434
2225,538
2226,447
2227,527
2228,458
2229,515
2230,470
2231,503
2232,483
2233,491
2234,496
2235,477
2236,510
2237,463
2238,525
2239,447
2240,542
2241,408
2242,566
2243,419
2244,554
2245,431
2246,544
2247,442
2248,533
2249,454
2250,520
2251,466
2252,507
2253,478
2254,495
2255,491
2256,482
2257,504
2258,468
2259,518
2260,453
2261,534
2262,439
2263,570
2264,414
2265,559
2266,425
2267,549
2268,438
2269,537
2270,448
2271,525
2272,461
2273,513
2274,473
2275,501
2276,484
2277,488
2278,499
2279,474
2280,513
2281,460
2282,528
2283,444
2284,542
2285,410
2286,566
2287,421
2288,553
2289,432
2290,542
2291,444
2292,530
2293,456
2294,518
2295,468
2296,504
2297,479
2298,492
2299,492
2300,480
2301,507
2302,466
2303,521
2304,453
2305,538
2306,433
2307,568
2308,417
2309,557
2310,428
2311,546
2312,439
2313,535
2314,450
2315,524
2316,463
2317,511
2318,476
2319,501
2320,488
2321,486
2322,502
2323,472
2324,515
2325,458
2326,530
2327,441
2328,547
2329,412
2330,563
2331,423
2332,551
2333,435
2334,540
2335,446
2336,527
2337,457
2338,515
2339,469
2340,503
2341,482
2342,491
2343,495
2344,477
2345,509
2346,463
2347,521
2348,448
2349,539
2350,407
2351,566
2352,419
2353,555
2354,429
2355,544
2356,441
2357,533
2358,453
2359,522
2360,465
2361,510
2362,477
2363,496
2364,490
2365,484
2366,503
2367,470
2368,518
2369,455
2370,533
2371,438
2372,572
2373,413
2374,561
2375,425
2376,549
2377,436
2378,538
2379,447
2380,527
2381,460
2382,515
2383,472
2384,502
2385,484
2386,489
2387,498
2388,476
2389,511
2390,464
2391,526
2392,446
2393,542
2394,409
2395,564
2396,419
2397,554
2398,431
2399,543
2400,443
2401,532
2402,455
2403,519
2404,466
2405,507
2406,479
2407,494
2408,492
2409,481
2410,505
2411,467
2412,520
2413,453
2414,536
2415,438
2416,569
2417,415
2418,559
2419,427
2420,547
2421,438
2422,536
2423,449
2424,524
2425,461
2426,512
2427,475
2428,501
2429,487
2430,487
2431,500
2432,477
2433,514
2434,460
2435,528
2436,444
2437,547
2438,411
2439,564
2440,422
2441,552
2442,433
2443,541
2444,445
2445,529
2446,457
2447,518
2448,469
2449,504
2450,481
2451,492
2452,494
2453,479
2454,507
2455,465
2456,522
2457,450
2458,539
2459,432
2460,568
2461,417
2462,557
2463,429
2464,546
2465,441
2466,534
2467,453
2468,523
2469,465
2470,511
2471,477
2472,498
2473,489
2474,485
2475,500
2476,471
2477,515
2478,457
2479,530
2480,441
2481,573
2482,413
2483,562
2484,424
2485,550
2486,436
2487,538
2488,447
2489,528
2490,458
2491,515
2492,470
2493,502
2494,483
2495,490
2496,496
2497,477
2498,510
2499,463
2500,525
2501,447
2502,542
2503,408
2504,566
2505,419
2506,555
2507,431
2508,544
2509,442
2510,533
2511,453
2512,520
2513,466
2514,507
2515,478
2516,495
2517,491
2518,484
2519,504
2520,469
2521,517
2522,455
2523,533
2524,438
2525,570
2526,413
2527,560
2528,426
2529,548
2530,437
2531,537
2532,448
2533,526
2534,461
2535,514
2536,473
2537,501
2538,486
2539,488
2540,499
2541,474
2542,513
2543,460
2544,528
2545,444
2546,542
2547,410
2548,564
2549,421
2550,553
2551,432
2552,542
2553,445
2554,530
2555,456
2556,519
2557,468
2558,504
2559,479
2560,493
2561,492
2562,481
2563,506
2564,467
2565,521
2566,451
2567,537
2568,434
2569,568
2570,416
2571,558
2572,428
2573,546
2574,439
2575,536
2576,451
2577,523
2578,463
2579,511
2580,476
2581,500
2582,488
2583,486
2584,501
2585,473
2586,515
2587,458
2588,530
2589,441
2590,547
2591,411
2592,563
2593,422
2594,551
2595,434
2596,540
2597,446
2598,527
2599,457
2600,516
2601,469
2602,504
2603,480
2604,491
2605,494
2606,478
2607,507
2608,465
2609,523
2610,448
2611,540
2612,406
2613,566
2614,418
2615,556
2616,431
2617,545
2618,440
2619,534
2620,453
2621,521
2622,464
2623,509
2624,477
2625,496
2626,489
2627,483
2628,503
2629,469
2630,517
2631,455
2632,533
2633,438
2634,571
2635,413
2636,561
2637,425
2638,549
2639,436
2640,538
2641,447
2642,526
2643,460
2644,514
2645,472
2646,504
2647,485
2648,490
2649,498
2650,477
2651,511
2652,461
2653,527
2654,446
2655,540
2656,409
2657,565
2658,420
2659,554
2660,431
2661,542
2662,443
2663,532
2664,455
2665,519
2666,467
2667,507
2668,479
2669,494
2670,492
2671,481
2672,506
2673,467
2674,520
2675,452
2676,535
2677,437
2678,569
2679,414
2680,559
2681,427
2682,547
2683,438
2684,536
2685,450
2686,524
2687,462
2688,515
2689,474
2690,501
2691,486
2692,488
2693,500
2694,474
2695,514
2696,459
2697,529
2698,443
2699,544
2700,411
2701,564
2702,422
2703,552
2704,433
2705,541
2706,445
2707,529
2708,457
2709,517
2710,467
2711,503
2712,480
2713,491
2714,493
2715,478
2716,507
2717,464
2718,522
2719,449
2720,538
2721,432
2722,568
2723,417
2724,558
2725,429
2726,545
2727,440
2728,534
2729,453
2730,523
2731,462
2732,511
2733,476
2734,499
2735,488
2736,486
2737,503
2738,471
2739,516
2740,456
2741,532
2742,439
2743,572
2744,412
2745,562
2746,424
2747,550
2748,436
2749,539
2750,446
2751,526
2752,458
2753,515
2754,471
2755,502
2756,482
2757,489
2758,496
2759,476
2760,510
2761,462
2762,524
2763,446
2764,542
2765,407
2766,566
2767,419
2768,555
2769,431
2770,543
2771,442
2772,533
2773,454
2774,522
2775,466
2776,508
2777,477
2778,496
2779,490
2780,483
2781,505
2782,469
2783,519
2784,454
2785,535
2786,440
2787,570
2788,416
2789,559
2790,426
2791,548
2792,437
2793,537
2794,448
2795,525
2796,461
2797,513
2798,472
2799,501
2800,486
2801,488
2802,499
2803,475
2804,513
2805,460
2806,528
2807,444
2808,542
2809,410
2810,564
2811,421
2812,553
2813,432
2814,542
2815,444
2816,532
2817,456
2818,519
2819,467
2820,507
2821,479
2822,494
2823,493
2824,480
2825,506
2826,466
2827,521
2828,451
2829,537
2830,436
2831,569
2832,416
2833,558
2834,428
2835,547
2836,439
2837,535
2838,450
2839,523
2840,463
2841,511
2842,475
2843,498
2844,487
2845,485
2846,501
2847,472
2848,515
2849,458
2850,530
2851,441
2852,547
2853,411
2854,563
2855,423
2856,551
2857,435
2858,540
2859,444
2860,528
2861,456
2862,517
2863,468
2864,504
2865,482
2866,491
2867,495
2868,478
2869,509
2870,464
2871,524
2872,448
2873,539
2874,406
2875,567
2876,418
2877,555
2878,430
2879,544
2880,441
2881,534
2882,454
2883,522
2884,466
2885,510
2886,478
2887,497
2888,491
2889,483
2890,503
2891,470
2892,517
2893,455
2894,533
2895,438
2896,572
2897,413
2898,561
2899,425
2900,549
2901,437
2902,540
2903,448
2904,527
2905,459
2906,515
2907,471
2908,502
2909,484
2910,489
2911,497
2912,475
2913,511
2914,461
2915,526
2916,447
2917,542
2918,408
2919,565
2920,420
2921,554
2922,432
2923,542
2924,443
2925,532
2926,454
2927,519
2928,467
2929,507
2930,479
2931,495
2932,492
2933,482
2934,506
2935,468
2936,520
2937,453
2938,536
2939,438
2940,569
2941,414
2942,559
2943,427
2944,549
2945,438
2946,537
2947,449
2948,524
2949,460
2950,513
2951,474
2952,500
2953,487
2954,487
2955,500
2956,473
2957,514
2958,459
2959,528
2960,442
2961,545
2962,410
2963,564
2964,422
2965,552
2966,434
2967,541
2968,445
2969,529
2970,457
2971,517
2972,468
2973,503
2974,480
2975,491
2976,493
2977,478
2978,507
2979,464
2980,522
2981,449
2982,539
2983,433
2984,568
2985,417
2986,558
2987,429
2988,546
2989,439
2990,535
2991,451
2992,523
2993,464
2994,510
2995,476
2996,497
2997,489
2998,484
2999,502
3000,471
3001,515
3002,456
3003,532
3004,439
3005,572
3006,412
3007,562
3008,424
3009,550
3010,434
3011,539
3012,446
3013,526
3014,458
3015,515
3016,469
3017,503
3018,483
3019,490
3020,496
3021,477
3022,510
3023,461
3024,524
3025,446
3026,541
3027,406
3028,566
3029,418
3030,555
3031,430
3032,544
3033,441
3034,533
3035,453
3036,520
3037,466
3038,510
3039,478
3040,496
3041,491
3042,482
3043,504
3044,469
3045,518
3046,453
3047,534
3048,439
3049,570
3050,414
3051,560
3052,426
3053,548
3054,438
3055,537
3056,448
3057,525
3058,461
3059,513
3060,472
3061,500
3062,485
3063,488
3064,498
3065,474
3066,513
3067,460
3068,528
3069,444
3070,542
3071,411
3072,565
3073,422
3074,554
3075,431
3076,542
3077,443
3078,531
3079,457
3080,519
3081,469
3082,507
3083,481
3084,494
3085,494
3086,481
3087,506
3088,467
3089,521
3090,451
3091,538
3092,436
3093,568
3094,416
3095,558
3096,428
3097,547
3098,440
3099,535
3100,450
3101,523
3102,463
3103,511
3104,475
3105,499
3106,488
3107,486
3108,501
3109,472
3110,515
3111,457
3112,530
3113,441
3114,547
3115,412
3116,562
3117,423
3118,552
3119,434
3120,541
3121,446
3122,529
3123,458
3124,516
3125,470
3126,504
3127,482
3128,491
3129,494
3130,478
3131,509
3132,464
3133,524
3134,448
3135,540
3136,408
3137,567
3138,418
3139,556
3140,430
3141,544
3142,441
3143,534
3144,454
3145,522
3146,465
3147,509
3148,479
3149,498
3150,491
3151,484
3152,504
3153,470
3154,518
3155,455
3156,533
3157,437
3158,570
3159,413
3160,560
3161,424
3162,550
3163,435
3164,537
3165,447
3166,525
3167,459
3168,514
3169,471
3170,501
3171,484
3172,490
3173,497
3174,475
3175,512
3176,461
3177,526
3178,445
3179,540
3180,410
3181,565
3182,420
3183,554
3184,431
3185,543
3186,443
3187,532
3188,455
3189,520
3190,467
3191,508
3192,479
3193,495
3194,492
3195,481
3196,505
3197,468
3198,520
3199,454
3200,533
3201,437
3202,570
3203,416
3204,558
3205,427
3206,547
3207,438
3208,536
3209,451
3210,525
3211,462
3212,513
3213,474
3214,500
3215,486
3216,487
3217,500
3218,473
3219,514
3220,459
3221,529
3222,443
3223,544
3224,411
3225,564
3226,421
3227,552
3228,433
3229,541
3230,445
3231,529
3232,457
3233,517
3234,469
3235,505
3236,481
3237,492
3238,495
3239,479
3240,508
3241,465
3242,522
3243,452
3244,538
3245,406
3246,567
3247,418
3248,557
3249,429
3250,545
3251,440
3252,534
3253,452
3254,523
3255,464
3256,511
3257,475
3258,498
3259,489
3260,485
3261,502
3262,471
3263,516
3264,456
3265,532
3266,440
3267,573
3268,412
3269,562
3270,425
3271,550
3272,436
3273,539
3274,446
3275,526
3276,457
3277,514
3278,470
3279,501
3280,482
3281,489
3282,496
3283,476
3284,510
3285,462
3286,522
3287,447
3288,540
3289,408
3290,565
3291,419
3292,554
3293,430
3294,543
3295,441
3296,532
3297,454
3298,521
3299,466
3300,509
3301,478
3302,496
3303,491
3304,482
3305,505
3306,469
3307,519
3308,454
3309,534
3310,439
3311,570
3312,414
3313,560
3314,426
3315,548
3316,437
3317,537
3318,448
3319,525
3320,461
3321,513
3322,473
3323,501
3324,485
3325,487
3326,498
3327,474
3328,510
3329,460
3330,526
3331,445
3332,546
3333,410
3334,564
3335,421
3336,554
3337,433
3338,542
3339,444
3340,530
3341,456
3342,518
3343,467
3344,505
3345,480
3346,493
3347,493
3348,480
3349,506
3350,466
3351,521
3352,451
3353,537
3354,436
3355,568
3356,416
3357,558
3358,428
3359,546
3360,439
3361,535
3362,451
3363,523
3364,463
3365,511
3366,475
3367,499
3368,488
3369,486
3370,501
3371,474
3372,515
3373,459
3374,529
3375,442
3376,572
3377,411
3378,563
3379,422
3380,551
3381,434
3382,540
3383,446
3384,529
3385,457
3386,516
3387,470
3388,504
3389,482
3390,491
3391,495
3392,478
3393,509
3394,464
3395,524
3396,448
3397,540
3398,406
3399,567
3400,418
3401,556
3402,430
3403,544
3404,441
3405,534
3406,454
3407,522
3408,465
3409,509
3410,478
3411,497
3412,490
3413,484
3414,501
3415,471
3416,517
3417,457
3418,532
3419,440
3420,572
3421,413
3422,561
3423,425
3424,550
3425,437
3426,537
3427,446
3428,525
3429,457
3430,513
3431,471
3432,501
3433,484
3434,488
3435,497
3436,475
3437,511
3438,461
3439,526
3440,445
3441,540
3442,409
3443,565
3444,420
3445,554
3446,431
3447,542
3448,443
3449,532
3450,455
3451,519
3452,467
3453,507
3454,479
3455,494
3456,490
3457,481
3458,505
3459,468
3460,518
3461,453
3462,534
3463,436
3464,570
3465,415
3466,559
3467,427
3468,547
3469,438
3470,536
3471,450
3472,524
3473,462
3474,512
3475,474
3476,499
3477,486
3478,486
3479,500
3480,473
3481,514
3482,459
3483,529
3484,442
3485,544
3486,411
3487,564
3488,422
3489,552
3490,434
3491,541
3492,445
3493,529
3494,457
3495,517
3496,468
3497,503
3498,480
3499,493
3500,494
3501,479
3502,506
3503,466
3504,521
3505,450
3506,539
3507,433
3508,568
3509,417
3510,557
3511,429
3512,545
3513,440
3514,535
3515,452
3516,524
3517,464
3518,512
3519,478
3520,500
3521,490
3522,486
3523,503
3524,471
3525,516
3526,456
3527,531
3528,439
3529,572
3530,412
3531,562
3532,425
3533,550
3534,436
3535,539
3536,447
3537,526
3538,458
3539,515
3540,469
3541,502
3542,481
3543,489
3544,495
3545,477
3546,509
3547,463
3548,525
3549,447
3550,542
3551,408
3552,566
3553,419
3554,555
3555,431
3556,544
3557,442
3558,533
3559,453
3560,519
3561,465
3562,507
3563,478
3564,496
3565,491
3566,483
3567,505
3568,469
3569,519
3570,454
3571,535
3572,440
3573,570
3574,416
3575,560
3576,426
3577,548
3578,437
3579,537
3580,448
3581,525
3582,461
3583,513
3584,472
3585,501
3586,484
3587,489
3588,497
3589,475
3590,511
3591,460
3592,527
3593,444
3594,542
3595,410
3596,565
3597,421
3598,553
3599,432
3600,542
3601,444
3602,530
3603,456
3604,518
3605,468
3606,504
3607,479
3608,492
3609,492
3610,479
3611,506
3612,465
3613,521
3614,451
3615,537
3616,436
3617,568
3618,416
3619,559
3620,428
3621,546
3622,439
3623,535
3624,450
3625,523
3626,463
3627,513
3628,475
3629,499
3630,486
3631,487
3632,500
3633,472
3634,515
3635,457
3636,530
3637,441
3638,548
3639,411
3640,563
3641,422
3642,551
3643,434
3644,540
3645,446
3646,527
3647,457
3648,516
3649,468
3650,504
3651,482
3652,492
3653,496
3654,478
3655,509
3656,464
3657,524
3658,448
3659,540
3660,406
3661,567
3662,418
3663,555
3664,430
3665,544
3666,441
3667,534
3668,454
3669,522
3670,464
3671,510
3672,478
3673,499
3674,490
3675,485
3676,503
3677,470
3678,518
3679,455
3680,533
3681,438
3682,572
3683,413
3684,561
3685,426
3686,549
3687,437
3688,538
3689,447
3690,526
3691,460
3692,514
3693,472
3694,501
3695,484
3696,489
3697,497
3698,475
3699,511
3700,461
3701,526
3702,446
3703,541
3704,409
3705,566
3706,420
3707,554
3708,431
3709,543
3710,443
3711,532
3712,453
3713,519
3714,466
3715,507
3716,478
3717,495
3718,491
3719,481
3720,505
3721,467
3722,520
3723,452
3724,536
3725,437
3726,569
3727,416
3728,559
3729,427
3730,548
3731,439
3732,536
3733,449
3734,524
3735,462
3736,512
3737,476
3738,501
3739,488
3740,487
3741,500
3742,474
3743,514
3744,460
3745,529
3746,442
3747,544
3748,411
3749,564
3750,422
3751,552
3752,433
3753,541
3754,445
3755,531
3756,457
3757,519
3758,468
3759,504
3760,479
3761,491
3762,493
3763,478
3764,507
3765,464
3766,522
3767,450
3768,539
3769,433
3770,568
3771,417
3772,557
3773,429
3774,545
3775,440
3776,534
3777,453
3778,523
3779,464
3780,510
3781,477
3782,498
3783,489
3784,485
3785,502
3786,471
3787,517
3788,457
3789,532
3790,440
3791,572
3792,412
3793,562
3794,424
3795,550
3796,434
3797,539
3798,447
3799,528
3800,458
3801,516
3802,470
3803,504
3804,484
3805,490
3806,496
3807,477
3808,509
3809,463
3810,525
3811,447
3812,540
3813,407
3814,566
3815,419
3816,555
3817,431
3818,544
3819,441
3820,532
3821,454
3822,521
3823,466
3824,508
3825,478
3826,496
3827,491
3828,481
3829,504
3830,468
3831,517
3832,453
3833,533
3834,439
3835,570
3836,415
3837,559
3838,426
3839,548
3840,436
3841,538
3842,448
3843,525
3844,460
3845,514
3846,472
3847,501
3848,485
3849,488
3850,499
3851,474
3852,513
3853,460
3854,528
3855,446
3856,542
3857,410
3858,564
3859,420
3860,553
3861,433
3862,541
3863,444
3864,530
3865,456
3866,518
3867,468
3868,505
3869,479
3870,492
3871,492
3872,480
3873,506
3874,466
3875,520
3876,450
3877,537
3878,436
3879,568
3880,416
3881,558
3882,428
3883,548
3884,439
3885,536
3886,450
3887,525
3888,462
3889,512
3890,477
3891,500
3892,489
3893,486
3894,501
3895,472
3896,515
3897,459
3898,530
3899,441
3900,547
3901,411
3902,563
3903,423
3904,551
3905,435
3906,540
3907,446
3908,527
3909,457
3910,515
3911,469
3912,503
3913,482
3914,491
3915,495
3916,478
3917,509
3918,464
3919,524
3920,448
3921,540
3922,407
3923,567
3924,418
3925,556
3926,428
3927,544
3928,440
3929,534
3930,453
3931,523
3932,466
3933,510
3934,478
3935,497
3936,490
3937,484
3938,503
3939,470
3940,516
3941,455
3942,533
3943,438
3944,571
3945,413
3946,561
3947,425
3948,549
3949,436
3950,538
3951,447
3952,526
3953,460
3954,515
3955,472
3956,502
3957,484
3958,489
3959,497
3960,475
3961,511
3962,460
3963,525
3964,445
3965,540
3966,409
3967,565
3968,420
3969,555
3970,431
3971,544
3972,442
3973,532
3974,454
3975,519
3976,467
3977,506
3978,479
3979,494
3980,492
3981,481
3982,505
3983,468
3984,520
3985,452
3986,536
3987,438
3988,569
3989,416
3990,560
3991,427
3992,547
3993,438
3994,536
3995,449
3996,524
3997,461
3998,512
3999,475
4000,501
4001,488
4002,488
4003,500
4004,474
4005,514
4006,459
4007,529
4008,443
4009,545
4010,410
4011,564
4012,422
4013,553
4014,433
4015,542
4016,444
4017,528
4018,456
4019,517
4020,468
4021,503
4022,480
4023,491
4024,493
4025,479
4026,507
4027,464
4028,522
4029,449
4030,538
4031,432
4032,568
4033,417
4034,557
4035,429
4036,546
4037,440
4038,534
4039,453
4040,523
4041,464
4042,511
4043,476
4044,498
4045,489
4046,485
4047,502
4048,471
4049,517
4050,457
4051,532
4052,440
4053,572
4054,413
4055,562
4056,424
4057,551
4058,434
4059,539
4060,447
4061,526
4062,458
4063,514
4064,469
4065,502
4066,483
4067,490
4068,496
4069,477
4070,510
4071,463
4072,525
4073,447
4074,542
4075,407
4076,567
4077,419
4078,554
4079,430
4080,543
4081,442
4082,533
4083,454
4084,520
4085,466
4086,507
4087,478
4088,495
4089,490
4090,482
4091,504
4092,468
4093,518
4094,453
4095,534
4096,438
4097,570
4098,414
4099,559
4100,425
4101,548
4102,437
4103,537
4104,448
4105,525
4106,461
4107,513
4108,473
4109,501
4110,485
4111,489
4112,498
4113,474
4114,512
4115,460
4116,527
4117,444
4118,542
4119,410
4120,565
4121,421
4122,553
4123,433
4124,542
4125,444
4126,530
4127,456
4128,518
4129,468
4130,504
4131,479
4132,492
4133,492
4134,480
4135,506
4136,466
4137,521
4138,451
4139,534
4140,434
4141,568
4142,417
4143,557
4144,427
4145,546
4146,439
4147,535
4148,450
4149,523
4150,463
4151,511
4152,476
4153,501
4154,488
4155,486
4156,501
4157,472
4158,515
4159,457
4160,530
4161,441
4162,547
4163,411
4164,563
4165,423
4166,551
4167,435
4168,540
4169,446
4170,527
4171,457
4172,516
4173,469
4174,503
4175,482
4176,490
4177,495
4178,477
4179,509
4180,463
4181,523
4182,451
4183,541
4184,408
4185,566
4186,419
4187,558
4188,430
4189,545
4190,441
4191,533
4192,453
4193,522
4194,465
4195,509
4196,476
4197,496
4198,490
4199,484
4200,504
4201,470
4202,518
4203,455
4204,533
4205,438
4206,572
4207,413
4208,561
4209,425
4210,549
4211,436
4212,537
4213,447
4214,526
4215,460
4216,514
4217,473
4218,502
4219,485
4220,490
4221,498
4222,476
4223,512
4224,464
4225,526
4226,447
4227,542
4228,409
4229,564
4230,420
4231,553
4232,431
4233,542
4234,443
4235,532
4236,454
4237,519
4238,467
4239,507
4240,479
4241,494
4242,492
4243,481
4244,505
4245,467
4246,520
4247,452
4248,536
4249,438
4250,569
4251,415
4252,559
4253,427
4254,547
4255,438
4256,536
4257,450
4258,524
4259,462
4260,512
4261,475
4262,501
4263,487
4264,487
4265,500
4266,474
4267,512
4268,459
4269,528
4270,444
4271,547
4272,411
4273,564
4274,422
4275,552
4276,433
4277,541
4278,445
4279,529
4280,457
4281,518
4282,469
4283,504
4284,481
4285,492
4286,494
4287,479
4288,508
4289,465
4290,522
4291,449
4292,538
4293,432
4294,568
4295,417
4296,557
4297,429
4298,545
4299,440
4300,534
4301,453
4302,523
4303,465
4304,511
4305,477
4306,498
4307,489
4308,485
4309,502
4310,473
4311,516
4312,458
4313,530
4314,441
4315,571
4316,413
4317,562
4318,424
4319,550
4320,435
4321,539
4322,447
4323,526
4324,457
4325,515
4326,470
4327,502
4328,483
4329,490
4330,496
4331,477
4332,510
4333,463
4334,525
4335,447
4336,542
4337,408
4338,566
4339,419
4340,555
4341,431
4342,544
4343,442
4344,533
4345,453
4346,520
4347,466
4348,507
4349,477
4350,495
4351,491
4352,484
4353,504
4354,470
4355,518
4356,455
4357,533
4358,438
4359,570
4360,413
4361,560
4362,426
4363,549
4364,437
4365,537
4366,448
4367,525
4368,461
4369,513
4370,473
4371,501
4372,486
4373,488
4374,499
4375,474
4376,512
4377,460
4378,527
4379,444
4380,542
4381,410
4382,564
4383,421
4384,553
4385,433
4386,542
4387,444
4388,530
4389,456
4390,518
4391,467
4392,504
4393,478
4394,492
4395,490
4396,479
4397,505
4398,467
4399,519
4400,453
4401,537
4402,436
4403,568
4404,416
4405,558
4406,428
4407,546
4408,439
4409,535
4410,451
4411,523
4412,462
4413,511
4414,476
4415,499
4416,488
4417,486
4418,502
4419,473
4420,516
4421,459
4422,531
4423,441
4424,547
4425,411
4426,563
4427,422
4428,551
4429,434
4430,540
4431,446
4432,527
4433,457
4434,516
4435,469
4436,504
4437,482
4438,493
4439,496
4440,479
4441,508
4442,465
4443,522
4444,448
4445,540
4446,406
4447,567
4448,418
4449,556
4450,430
4451,545
4452,440
4453,533
4454,453
4455,521
4456,465
4457,509
4458,477
4459,496
4460,489
4461,483
4462,503
4463,469
4464,517
4465,455
4466,533
4467,438
4468,571
4469,413
4470,561
4471,425
4472,549
4473,436
4474,538
4475,447
4476,526
4477,459
4478,514
4479,472
4480,503
4481,484
4482,490
4483,498
4484,477
4485,510
4486,463
4487,526
4488,446
4489,541
4490,409
4491,565
4492,419
4493,554
4494,431
4495,543
4496,443
4497,531
4498,455
4499,519
4500,467
4501,507
4502,479
4503,494
4504,492
4505,481
4506,505
4507,467
4508,520
4509,452
4510,535
4511,437
4512,568
4513,414
4514,559
4515,427
4516,548
4517,438
4518,536
4519,449
4520,525
4521,462
4522,512
4523,473
4524,501
4525,486
4526,488
4527,499
4528,474
4529,514
4530,459
4531,529
4532,443
4533,544
4534,411
4535,564
4536,422
4537,552
4538,433
4539,541
4540,445
4541,530
4542,457
4543,517
4544,469
4545,505
4546,481
4547,492
4548,494
4549,479
4550,508
4551,465
4552,523
4553,450
4554,539
4555,433
4556,568
4557,417
4558,558
4559,429
4560,545
4561,440
4562,534
4563,453
4564,523
4565,464
4566,513
4567,478
4568,500
4569,489
4570,487
4571,502
4572,472
4573,517
4574,457
4575,532
4576,440
4577,572
4578,412
4579,562
4580,424
4581,550
4582,436
4583,539
4584,446
4585,526
4586,458
4587,514
4588,469
4589,502
4590,483
4591,489
4592,496
4593,476
4594,510
4595,462
4596,525
4597,447
4598,542
4599,409
4600,566
4601,419
4602,555
4603,431
4604,544
4605,443
4606,533
4607,454
4608,522
4609,467
4610,508
4611,477
4612,496
4613,489
4614,483
4615,504
4616,469
4617,519
4618,454
4619,535
4620,440
4621,570
4622,414
4623,561
4624,426
4625,548
4626,437
4627,537
4628,448
4629,525
4630,461
4631,513
4632,472
4633,500
4634,485
4635,487
4636,498
4637,474
4638,512
4639,460
4640,527
4641,444
4642,542
4643,410
4644,564
4645,420
4646,553
4647,432
4648,541
4649,444
4650,530
4651,454
4652,518
4653,467
4654,507
4655,479
4656,495
4657,493
4658,480
4659,506
4660,466
4661,521
4662,450
4663,537
4664,436
4665,568
4666,417
4667,558
4668,428
4669,546
4670,439
4671,535
4672,450
4673,524
4674,463
4675,511
4676,476
4677,499
4678,488
4679,485
4680,501
4681,472
4682,515
4683,458
4684,531
4685,441
4686,547
4687,411
4688,563
4689,423
4690,551
4691,435
4692,540
4693,446
4694,529
4695,457
4696,516
4697,468
4698,504
4699,481
4700,491
4701,495
4702,477
4703,509
4704,464
4705,524
4706,448
4707,540
4708,407
4709,566
4710,418
4711,555
4712,429
4713,544
4714,441
4715,534
4716,454
4717,522
4718,466
4719,511
4720,478
4721,497
4722,490
4723,484
4724,503
4725,470
4726,517
4727,455
4728,533
4729,438
4730,571
4731,413
4732,561
4733,425
4734,549
4735,437
4736,539
4737,447
4738,527
4739,459
4740,515
4741,471
4742,502
4743,483
4744,488
4745,496
4746,475
4747,511
4748,461
4749,526
4750,445
4751,542
4752,408
4753,565
4754,420
4755,554
4756,432
4757,543
4758,442
4759,531
4760,456
4761,520
4762,467
4763,507
4764,479
4765,495
4766,492
4767,481
4768,505
4769,467
4770,520
4771,452
4772,536
4773,438
4774,569
4775,414
4776,559
4777,427
4778,547
4779,436
4780,536
4781,450
4782,526
4783,462
4784,514
4785,475
4786,500
4787,487
4788,487
4789,500
4790,474
4791,513
4792,459
4793,529
4794,444
4795,545
4796,410
4797,564
4798,421
4799,552
4800,433
4801,541
4802,445
4803,529
4804,457
4805,517
4806,469
4807,505
4808,481
4809,492
4810,494
4811,479
4812,508
4813,465
4814,522
4815,449
4816,539
4817,433
4818,568
4819,417
4820,558
4821,429
4822,548
4823,440
4824,535
4825,451
4826,523
4827,462
4828,510
4829,476
4830,497
4831,489
4832,485
4833,502
4834,471
4835,517
4836,458
4837,532
4838,440
4839,572
4840,412
4841,562
4842,424
4843,550
4844,435
4845,539
4846,446
4847,526
4848,458
4849,514
4850,470
4851,501
4852,482
4853,489
4854,496
4855,476
4856,510
4857,462
4858,525
4859,446
4860,541
4861,407
4862,566
4863,418
4864,556
4865,430
4866,545
4867,441
4868,533
4869,453
4870,521
4871,466
4872,508
4873,478
4874,496
4875,491
4876,482
4877,504
4878,468
4879,517
4880,453
4881,534
4882,440
4883,570
4884,414
4885,560
4886,427
4887,548
4888,438
4889,537
4890,448
4891,525
4892,461
4893,513
4894,473
4895,500
4896,485
4897,488
4898,498
4899,474
4900,513
4901,459
4902,527
4903,443
4904,542
4905,410
4906,564
4907,420
4908,554
4909,431
4910,542
4911,443
4912,531
4913,458
4914,520
4915,469
4916,507
4917,481
4918,494
4919,494
4920,481
4921,507
4922,468
4923,521
4924,451
4925,537
4926,436
4927,568
4928,416
4929,558
4930,428
4931,546
4932,439
4933,535
4934,450
4935,523
4936,463
4937,511
4938,475
4939,499
4940,488
4941,486
4942,501
4943,472
4944,515
4945,457
4946,530
4947,441
4948,547
4949,411
4950,562
4951,423
4952,552
4953,434
4954,541
4955,445
4956,528
4957,457
4958,516
4959,468
4960,502
4961,481
4962,490
4963,494
4964,478
4965,508
4966,463
4967,523
4968,448
4969,540
4970,407
4971,567
4972,418
4973,556
4974,430
4975,544
4976,441
4977,534
4978,454
4979,522
4980,465
4981,509
4982,478
4983,497
4984,491
4985,484
4986,504
4987,470
4988,518
4989,456
4990,534
4991,438
4992,572
4993,414
4994,560
4995,424
4996,550
4997,435
4998,539
4999,448
5000,526
5001,460
5002,514
5003,471
5004,502
5005,485
5006,489
5007,496
5008,475
5009,511
5010,461
5011,526
5012,445
5013,540
5014,409
5015,565
5016,420
5017,554
5018,431
5019,543
5020,443
5021,532
5022,455
5023,520
5024,466
5025,506
5026,478
5027,494
5028,491
5029,481
5030,505
5031,467
5032,520
5033,452
5034,536
5035,437
5036,569
5037,416
5038,558
5039,427
5040,547
5041,438
5042,536
5043,448
5044,524
5045,461
5046,512
5047,473
5048,499
5049,487
5050,488
5051,500
5052,473
5053,513
5054,459
5055,528
5056,443
5057,544
5058,411
5059,564
5060,421
5061,552
5062,432
5063,541
5064,444
5065,528
5066,456
5067,517
5068,468
5069,503
5070,480
5071,491
5072,493
5073,478
5074,506
5075,464
5076,521
5077,449
5078,535
5079,432
5080,567
5081,418
5082,557
5083,428
5084,545
5085,440
5086,534
5087,451
5088,522
5089,464
5090,511
5091,477
5092,499
5093,489
5094,485
5095,502
5096,472
5097,516
5098,457
5099,532
5100,441
5101,573
5102,412
5103,562
5104,425
5105,550
5106,435
5107,539
5108,446
5109,526
5110,456
5111,514
5112,469
5113,502
5114,482
5115,489
5116,495
5117,476
5118,509
5119,462
5120,524
5121,447
5122,540
5123,408
5124,565
5125,419
5126,555
5127,431
5128,544
5129,442
5130,533
5131,454
5132,521
5133,466
5134,508
5135,478
5136,496
5137,492
5138,483
5139,505
5140,469
5141,519
5142,454
5143,534
5144,439
5145,570
5146,414
5147,560
5148,426
5149,548
5150,438
5151,537
5152,448
5153,525
5154,461
5155,513
5156,473
5157,501
5158,485
5159,488
5160,498
5161,474
5162,512
5163,462
5164,527
5165,445
5166,545
5167,410
5168,564
5169,421
5170,552
5171,432
5172,542
5173,444
5174,530
5175,455
5176,518
5177,466
5178,505
5179,479
5180,492
5181,492
5182,480
5183,506
5184,466
5185,521
5186,451
5187,537
5188,436
5189,568
5190,416
5191,558
5192,428
5193,546
5194,439
5195,535
5196,451
5197,523
5198,463
5199,511
5200,475
5201,499
5202,488
5203,486
5204,501
5205,472
5206,513
5207,457
5208,529
5209,442
5210,572
5211,411
5212,563
5213,422
5214,551
5215,434
5216,540
5217,446
5218,528
5219,458
5220,517
5221,470
5222,504
5223,482
5224,491
5225,495
5226,478
5227,509
5228,463
5229,523
5230,448
5231,540
5232,407
5233,567
5234,418
5235,556
5236,430
5237,545
5238,441
5239,534
5240,454
5241,522
5242,465
5243,510
5244,479
5245,497
5246,490
5247,484
5248,501
5249,470
5250,517
5251,457
5252,532
5253,440
5254,571
5255,414
5256,561
5257,425
5258,549
5259,436
5260,538
5261,447
5262,525
5263,458
5264,513
5265,471
5266,501
5267,484
5268,489
5269,497
5270,475
5271,512
5272,462
5273,526
5274,445
5275,540
5276,409
5277,565
5278,420
5279,554
5280,432
5281,542
5282,443
5283,532
5284,455
5285,519
5286,467
5287,507
5288,480
5289,495
5290,492
5291,483
5292,506
5293,468
5294,519
5295,453
5296,534
5297,436
5298,569
5299,416
5300,560
5301,427
5302,547
5303,438
5304,535
5305,449
5306,524
5307,461
5308,512
5309,473
5310,499
5311,486
5312,486
5313,499
5314,473
5315,514
5316,459
5317,529
5318,442
5319,543
5320,411
5321,564
5322,422
5323,552
5324,433
5325,541
5326,445
5327,530
5328,457
5329,517
5330,469
5331,504
5332,481
5333,492
5334,492
5335,479
5336,507
5337,466
5338,521
5339,451
5340,539
5341,433
5342,568
5343,417
5344,557
5345,429
5346,545
5347,440
5348,535
5349,452
5350,522
5351,464
5352,511
5353,478
5354,499
5355,490
5356,486
5357,503
5358,472
5359,516
5360,457
5361,532
5362,440
5363,572
5364,412
5365,562
5366,424
5367,551
5368,436
5369,539
5370,446
5371,527
5372,458
5373,515
5374,469
5375,502
5376,481
5377,489
5378,495
5379,478
5380,509
5381,464
5382,524
5383,447
5384,542
5385,408
5386,567
5387,419
5388,555
5389,431
5390,544
5391,441
5392,532
5393,453
5394,520
5395,465
5396,508
5397,478
5398,495
5399,491
5400,482
5401,505
5402,469
5403,519
5404,454
5405,535
5406,440
5407,570
5408,414
5409,560
5410,426
5411,548
5412,437
5413,537
5414,448
5415,525
5416,461
5417,513
5418,473
5419,503
5420,486
5421,489
5422,498
5423,476
5424,511
5425,460
5426,527
5427,443
5428,541
5429,410
5430,564
5431,420
5432,553
5433,433
5434,543
5435,445
5436,531
5437,456
5438,518
5439,467
5440,505
5441,480
5442,493
5443,492
5444,480
5445,507
5446,466
5447,521
5448,451
5449,537
5450,436
5451,568
5452,416
5453,559
5454,428
5455,546
5456,440
5457,535
5458,451
5459,523
5460,463
5461,511
5462,473
5463,498
5464,487
5465,487
5466,499
5467,473
5468,515
5469,458
5470,530
5471,441
5472,547
5473,411
5474,563
5475,422
5476,551
5477,433
5478,540
5479,446
5480,527
5481,456
5482,515
5483,469
5484,503
5485,482
5486,491
5487,495
5488,478
5489,509
5490,464
5491,524
5492,448
5493,540
5494,406
5495,567
5496,418
5497,555
5498,430
5499,544
5500,441
5501,534
5502,454
5503,523
5504,465
5505,511
5506,477
5507,498
5508,489
5509,485
5510,502
5511,470
5512,518
5513,455
5514,533
5515,438
5516,571
5517,413
5518,561
5519,425
5520,550
5521,437
5522,538
5523,447
5524,526
5525,460
5526,514
5527,472
5528,501
5529,484
5530,489
5531,497
5532,475
5533,511
5534,461
5535,526
5536,446
5537,541
5538,409
5539,566
5540,420
5541,554
5542,432
5543,543
5544,443
5545,532
5546,454
5547,521
5548,467
5549,508
5550,478
5551,495
5552,491
5553,481
5554,505
5555,467
5556,520
5557,452
5558,536
5559,434
5560,569
5561,414
5562,559
5563,427
5564,547
5565,438
5566,536
5567,450
5568,524
5569,462
5570,512
5571,476
5572,500
5573,487
5574,487
5575,500
5576,474
5577,514
5578,458
5579,528
5580,442
5581,543
5582,411
5583,564
5584,422
5585,552
5586,434
5587,541
5588,445
5589,530
5590,455
5591,518
5592,469
5593,506
5594,480
5595,493
5596,494
5597,479
5598,506
5599,465
5600,521
5601,450
5602,539
5603,433
5604,568
5605,417
5606,558
5607,429
5608,545
5609,440
5610,534
5611,453
5612,524
5613,464
5614,511
5615,476
5616,498
5617,489
5618,485
5619,502
5620,471
5621,516
5622,457
5623,532
5624,440
5625,573
5626,412
5627,562
5628,424
5629,550
5630,436
5631,539
5632,446
5633,527
5634,457
5635,516
5636,469
5637,503
5638,482
5639,490
5640,496
5641,477
5642,510
5643,462
5644,525
5645,446
5646,541
5647,408
5648,566
5649,419
5650,555
5651,431
5652,544
5653,442
5654,533
5655,454
5656,520
5657,466
5658,508
5659,477
5660,495
5661,490
5662,482
5663,503
5664,468
5665,518
5666,454
5667,534
5668,439
5669,570
5670,414
5671,560
5672,427
5673,549
5674,438
5675,539
5676,448
5677,526
5678,459
5679,514
5680,473
5681,501
5682,486
5683,488
5684,499
5685,475
5686,513
5687,461
5688,528
5689,446
5690,542
5691,410
5692,564
5693,421
5694,553
5695,432
5696,541
5697,444
5698,531
5699,456
5700,518
5701,468
5702,504
5703,479
5704,492
5705,492
5706,479
5707,506
5708,465
5709,520
5710,450
5711,536
5712,432
5713,568
5714,416
5715,558
5716,428
5717,546
5718,438
5719,535
5720,451
5721,524
5722,462
5723,512
5724,475
5725,499
5726,488
5727,486
5728,501
5729,472
5730,515
5731,457
5732,529
5733,441
5734,547
5735,411
5736,563
5737,423
5738,551
5739,435
5740,541
5741,446
5742,527
5743,456
5744,516
5745,469
5746,503
5747,482
5748,490
5749,495
5750,478
5751,508
5752,465
5753,524
5754,449
5755,541
5756,408
5757,567
5758,418
5759,556
5760,429
5761,545
5762,440
5763,534
5764,453
5765,523
5766,464
5767,510
5768,478
5769,497
5770,490
5771,484
5772,503
5773,470
5774,518
5775,457
5776,533
5777,438
5778,572
5779,413
5780,561
5781,425
5782,549
5783,436
5784,538
5785,447
5786,526
5787,460
5788,514
5789,473
5790,503
5791,485
5792,489
5793,499
5794,476
5795,511
5796,461
5797,526
5798,445
5799,541
5800,409
5801,565
5802,420
5803,555
5804,431
5805,544
5806,442
5807,532
5808,454
5809,519
5810,466
5811,506
5812,479
5813,494
5814,492
5815,481
5816,505
5817,467
5818,519
5819,452
5820,536
5821,438
5822,569
5823,415
5824,559
5825,427
5826,547
5827,438
5828,536
5829,449
5830,524
5831,462
5832,512
5833,476
5834,501
5835,488
5836,488
5837,500
5838,474
5839,513
5840,458
5841,528
5842,442
5843,543
5844,410
5845,563
5846,422
5847,552
5848,432
5849,542
5850,444
5851,530
5852,457
5853,517
5854,469
5855,504
5856,480
5857,491
5858,493
5859,478
5860,506
5861,464
5862,522
5863,449
5864,538
5865,432
5866,568
5867,417
5868,557
5869,429
5870,545
5871,441
5872,534
5873,453
5874,523
5875,464
5876,512
5877,476
5878,498
5879,489
5880,485
5881,502
5882,471
5883,516
5884,458
5885,532
5886,440
5887,573
5888,412
5889,561
5890,424
5891,551
5892,434
5893,540
5894,446
5895,527
5896,458
5897,515
5898,471
5899,502
5900,483
5901,490
5902,496
5903,478
5904,510
5905,463
5906,525
5907,447
5908,542
5909,407
5910,566
5911,419
5912,555
5913,431
5914,544
5915,441
5916,532
5917,454
5918,520
5919,465
5920,509
5921,478
5922,496
5923,491
5924,482
5925,504
5926,468
5927,518
5928,453
5929,534
5930,439
5931,571
5932,414
5933,559
5934,426
5935,550
5936,437
5937,537
5938,449
5939,525
5940,461
5941,513
5942,472
5943,500
5944,485
5945,487
5946,497
5947,474
5948,512
5949,460
5950,527
5951,444
5952,545
5953,410
5954,564
5955,421
5956,553
5957,433
5958,542
5959,444
5960,530
5961,456
5962,518
5963,468
5964,504
5965,479
5966,492
5967,492
5968,480
5969,506
5970,466
5971,521
5972,451
5973,537
5974,428
5975,567
5976,416
5977,557
5978,427
5979,547
5980,439
5981,534
5982,450
5983,523
5984,462
5985,511
5986,476
5987,500
5988,488
5989,487
5990,502
5991,473
5992,514
5993,458
5994,529
5995,441
5996,572
5997,412
5998,562
5999,422
6000,551
6001,435
6002,540
6003,446
6004,527
6005,457
6006,515
6007,468
6008,503
6009,482
6010,490
6011,495
6012,477
6013,509
6014,465
6015,523
6016,450
6017,539
6018,407
6019,566
6020,419
6021,557
6022,429
6023,544
6024,441
6025,533
6026,454
6027,522
6028,465
6029,510
6030,477
6031,498
6032,490
6033,483
6034,503
6035,470
6036,516
6037,455
6038,532
6039,438
6040,571
6041,413
6042,561
6043,425
6044,549
6045,436
6046,538
6047,447
6048,526
6049,460
6050,514
6051,472
6052,501
6053,484
6054,489
6055,497
6056,476
6057,511
6058,461
6059,524
6060,445
6061,542
6062,409
6063,565
6064,420
6065,554
6066,431
6067,543
6068,442
6069,532
6070,454
6071,520
6072,466
6073,507
6074,478
6075,494
6076,491
6077,481
6078,505
6079,468
6080,519
6081,452
6082,536
6083,438
6084,569
6085,415
6086,559
6087,427
6088,548
6089,438
6090,536
6091,450
6092,524
6093,461
6094,512
6095,475
6096,501
6097,487
6098,487
6099,500
6100,474
6101,514
6102,462
6103,529
6104,443
6105,547
6106,411
6107,563
6108,423
6109,551
6110,432
6111,540
6112,443
6113,529
6114,456
6115,517
6116,467
6117,505
6118,481
6119,492
6120,494
6121,479
6122,508
6123,465
6124,521
6125,450
6126,539
6127,406
6128,568
6129,417
6130,557
6131,429
6132,546
6133,440
6134,534
6135,452
6136,524
6137,464
6138,511
6139,476
6140,498
6141,489
6142,486
6143,502
6144,472
6145,515
6146,457
6147,530
6148,441
6149,572
6150,412
6151,562
6152,425
6153,551
6154,436
6155,539
6156,447
6157,527
6158,458
6159,515
6160,470
6161,502
6162,483
6163,489
6164,496
6165,476
6166,510
6167,463
6168,525
6169,447
6170,542
6171,408
6172,567
6173,420
6174,555
6175,431
6176,543
6177,442
6178,533
6179,453
6180,520
6181,465
6182,507
6183,477
6184,495
6185,491
6186,482
6187,502
6188,468
6189,517
6190,455
6191,533
6192,438
6193,570
6194,413
6195,560
6196,426
6197,548
6198,437
6199,537
6200,448
6201,525
6202,460
6203,513
6204,472
6205,501
6206,486
6207,488
6208,499
6209,474
6210,512
6211,460
6212,527
6213,444
6214,542
6215,410
6216,564
6217,421
6218,553
6219,433
6220,542
6221,444
6222,530
6223,454
6224,518
6225,467
6226,504
6227,479
6228,492
6229,492
6230,481
6231,506
6232,465
6233,519
6234,452
6235,536
6236,434
6237,569
6238,416
6239,558
6240,428
6241,547
6242,439
6243,534
6244,449
6245,523
6246,462
6247,510
6248,476
6249,499
6250,488
6251,486
6252,502
6253,472
6254,515
6255,458
6256,531
6257,441
6258,547
6259,411
6260,563
6261,422
6262,551
6263,434
6264,540
6265,446
6266,527
6267,457
6268,515
6269,468
6270,503
6271,481
6272,493
6273,495
6274,479
6275,507
6276,464
6277,522
6278,449
6279,540
6280,407
6281,567
6282,418
6283,555
6284,430
6285,544
6286,441
6287,534
6288,455
6289,523
6290,466
6291,510
6292,477
6293,497
6294,490
6295,483
6296,503
6297,470
6298,517
6299,455
6300,532
6301,438
6302,571
6303,414
6304,560
6305,425
6306,550
6307,436
6308,538
6309,447
6310,526
6311,460
6312,515
6313,472
6314,503
6315,482
6316,489
6317,496
6318,477
6319,510
6320,463
6321,527
6322,446
6323,540
6324,409
6325,565
6326,420
6327,554
6328,431
6329,542
6330,442
6331,531
6332,454
6333,520
6334,466
6335,507
6336,479
6337,495
6338,491
6339,482
6340,506
6341,467
6342,520
6343,452
6344,534
6345,436
6346,570
6347,414
6348,559
6349,427
6350,547
6351,437
6352,536
6353,450
6354,524
6355,461
6356,512
6357,473
6358,502
6359,486
6360,486
6361,498
6362,474
6363,512
6364,458
6365,529
6366,444
6367,545
6368,410
6369,564
6370,422
6371,552
6372,433
6373,541
6374,444
6375,528
6376,455
6377,516
6378,466
6379,504
6380,479
6381,491
6382,492
6383,479
6384,506
6385,465
6386,521
6387,450
6388,537
6389,433
6390,568
6391,417
6392,558
6393,429
6394,546
6395,440
6396,535
6397,451
6398,523
6399,464
6400,511
6401,476
6402,498
6403,489
6404,486
6405,502
6406,471
6407,516
6408,456
6409,532
6410,439
6411,572
6412,412
6413,562
6414,424
6415,551
6416,435
6417,539
6418,446
6419,526
6420,458
6421,515
6422,470
6423,503
6424,483
6425,490
6426,496
6427,476
6428,510
6429,462
6430,525
6431,446
6432,542
6433,407
6434,566
6435,419
6436,555
6437,431
6438,544
6439,442
6440,533
6441,454
6442,520
6443,464
6444,508
6445,477
6446,496
6447,490
6448,483
6449,504
6450,468
6451,519
6452,454
6453,535
6454,440
6455,570
6456,414
6457,560
6458,426
6459,548
6460,437
6461,537
6462,448
6463,525
6464,460
6465,513
6466,473
6467,501
6468,486
6469,488
6470,499
6471,475
6472,513
6473,461
6474,528
6475,444
6476,542
6477,410
6478,564
6479,420
6480,553
6481,432
6482,542
6483,444
6484,530
6485,456
6486,520
6487,468
6488,506
6489,478
6490,494
6491,491
6492,479
6493,506
6494,466
6495,521
6496,450
6497,537
6498,436
6499,568
6500,417
6501,557
6502,428
6503,546
6504,439
6505,535
6506,450
6507,523
6508,463
6509,511
6510,475
6511,498
6512,487
6513,485
6514,500
6515,472
6516,515
6517,457
6518,530
6519,441
6520,547
6521,411
6522,563
6523,423
6524,551
6525,435
6526,540
6527,446
6528,529
6529,456
6530,516
6531,468
6532,504
6533,481
6534,492
6535,495
6536,478
6537,509
6538,464
6539,524
6540,448
6541,540
6542,406
6543,567
6544,418
6545,556
6546,430
6547,544
6548,441
6549,534
6550,454
6551,522
6552,466
6553,510
6554,479
6555,498
6556,491
6557,485
6558,504
6559,470
6560,518
6561,455
6562,533
6563,438
6564,571
6565,413
6566,561
6567,425
6568,549
6569,437
6570,538
6571,447
6572,528
6573,460
6574,516
6575,471
6576,502
6577,484
6578,488
6579,497
6580,475
6581,511
6582,461
6583,526
6584,445
6585,542
6586,408
6587,565
6588,420
6589,554
6590,432
6591,543
6592,443
6593,532
6594,454
6595,519
6596,467
6597,507
6598,479
6599,494
6600,492
6601,481
6602,506
6603,467
6604,520
6605,452
6606,536
6607,438
6608,569
6609,415
6610,559
6611,427
6612,547
6613,438
6614,538
6615,449
6616,524
6617,461
6618,513
6619,473
6620,499
6621,487
6622,487
6623,500
6624,474
6625,514
6626,459
6627,529
6628,444
6629,545
6630,410
6631,564
6632,421
6633,552
6634,434
6635,541
6636,444
6637,529
6638,456
6639,517
6640,468
6641,503
6642,480
6643,491
6644,493
6645,477
6646,506
6647,464
6648,521
6649,449
6650,538
6651,433
6652,568
6653,418
6654,558
6655,429
6656,547
6657,440
6658,535
6659,451
6660,523
6661,462
6662,511
6663,477
6664,498
6665,489
6666,485
6667,502
6668,471
6669,516
6670,457
6671,531
6672,440
6673,573
6674,412
6675,562
6676,424
6677,550
6678,435
6679,539
6680,446
6681,526
6682,458
6683,514
6684,470
6685,502
6686,483
6687,489
6688,496
6689,476
6690,510
6691,462
6692,524
6693,446
6694,541
6695,407
6696,566
6697,418
6698,554
6699,429
6700,543
6701,441
6702,533
6703,453
6704,521
6705,466
6706,509
6707,479
6708,496
6709,492
6710,483
6711,504
6712,469
6713,519
6714,455
6715,534
6716,436
6717,570
6718,414
6719,560
6720,426
6721,548
6722,438
6723,537
6724,448
6725,525
6726,461
6727,513
6728,473
6729,500
6730,485
6731,488
6732,498
6733,474
6734,513
6735,460
6736,528
6737,444
6738,542
6739,410
6740,565
6741,421
6742,554
6743,432
6744,543
6745,443
6746,531
6747,455
6748,518
6749,468
6750,506
6751,480
6752,493
6753,493
6754,480
6755,507
6756,467
6757,521
6758,451
6759,537
6760,436
6761,568
6762,416
6763,558
6764,428
6765,546
6766,439
6767,535
6768,450
6769,524
6770,463
6771,511
6772,475
6773,499
6774,488
6775,485
6776,501
6777,472
6778,515
6779,456
6780,529
6781,440
6782,546
6783,411
6784,562
6785,423
6786,552
6787,434
6788,541
6789,445
6790,529
6791,458
6792,516
6793,470
6794,504
6795,482
6796,491
6797,495
6798,478
6799,507
6800,464
6801,524
6802,449
6803,541
6804,407
6805,567
6806,418
6807,556
6808,430
6809,544
6810,441
6811,534
6812,454
6813,522
6814,465
6815,509
6816,478
6817,497
6818,491
6819,484
6820,504
6821,470
6822,518
6823,455
6824,533
6825,438
6826,572
6827,413
6828,560
6829,424
6830,550
6831,435
6832,539
6833,448
6834,526
6835,460
6836,514
6837,472
6838,501
6839,484
6840,489
6841,496
6842,475
6843,511
6844,461
6845,526
6846,445
6847,540
6848,409
6849,565
6850,420
6851,554
6852,432
6853,543
6854,443
6855,532
6856,455
6857,520
6858,467
6859,507
6860,479
6861,494
6862,492
6863,481
6864,506
6865,467
6866,520
6867,452
6868,536
6869,438
6870,570
6871,415
6872,559
6873,427
6874,548
6875,437
6876,536
6877,449
6878,524
6879,461
6880,513
6881,474
6882,500
6883,487
6884,488
6885,500
6886,473
6887,514
6888,459
6889,529
6890,443
6891,544
6892,411
6893,564
6894,422
6895,552
6896,433
6897,540
6898,445
6899,530
6900,457
6901,517
6902,468
6903,503
6904,480
6905,491
6906,494
6907,479
6908,507
6909,464
6910,522
6911,449
6912,535
6913,429
6914,566
6915,417
6916,557
6917,428
6918,546
6919,440
6920,534
6921,452
6922,522
6923,464
6924,510
6925,476
6926,497
6927,487
6928,484
6929,502
6930,470
6931,516
6932,456
6933,531
6934,441
6935,572
6936,412
6937,562
6938,424
6939,550
6940,435
6941,539
6942,446
6943,526
6944,458
6945,515
6946,470
6947,501
6948,482
6949,489
6950,496
6951,476
6952,509
6953,462
6954,525
6955,450
6956,542
6957,408
6958,565
6959,419
6960,555
6961,431
6962,543
6963,442
6964,533
6965,454
6966,521
6967,466
6968,510
6969,479
6970,497
6971,491
6972,483
6973,505
6974,469
6975,519
6976,455
6977,535
6978,438
6979,570
6980,414
6981,560
6982,426
6983,548
6984,437
6985,537
6986,448
6987,525
6988,461
6989,513
6990,472
6991,501
6992,485
6993,488
6994,498
6995,474
6996,512
6997,460
6998,525
6999,444
7000,543
7001,410
7002,564
7003,422
7004,553
7005,432
7006,542
7007,443
7008,530
7009,456
7010,518
7011,468
7012,507
7013,480
7014,493
7015,493
7016,481
7017,507
7018,467
7019,521
7020,452
7021,537
7022,434
7023,568
7024,418
7025,558
7026,427
7027,547
7028,438
7029,535
7030,450
7031,523
7032,461
7033,511
7034,474
7035,499
7036,487
7037,486
7038,500
7039,472
7040,514
7041,459
7042,529
7043,442
7044,572
7045,412
7046,563
7047,422
7048,550
7049,434
7050,539
7051,446
7052,528
7053,458
7054,516
7055,469
7056,502
7057,481
7058,490
7059,495
7060,477
7061,508
7062,463
7063,522
7064,448
7065,540
7066,406
7067,567
7068,418
7069,556
7070,430
7071,544
7072,440
7073,533
7074,453
7075,521
7076,464
7077,510
7078,477
7079,496
7080,490
7081,483
7082,503
7083,472
7084,517
7085,456
7086,532
7087,439
7088,571
7089,413
7090,561
7091,425
7092,549
7093,436
7094,538
7095,447
7096,525
7097,459
7098,514
7099,471
7100,502
7101,484
7102,489
7103,498
7104,477
7105,512
7106,462
7107,527
7108,445
7109,540
7110,409
7111,565
7112,419
7113,553
7114,430
7115,543
7116,442
7117,531
7118,455
7119,520
7120,467
7121,507
7122,479
7123,494
7124,492
7125,481
7126,503
7127,467
7128,519
7129,453
7130,534
7131,436
7132,570
7133,414
7134,559
7135,427
7136,549
7137,439
7138,536
7139,449
7140,525
7141,461
7142,512
7143,473
7144,499
7145,487
7146,486
7147,499
7148,474
7149,513
7150,460
7151,529
7152,444
7153,545
7154,410
7155,564
7156,422
7157,552
7158,433
7159,541
7160,444
7161,528
7162,455
7163,517
7164,467
7165,505
7166,480
7167,492
7168,493
7169,480
7170,507
7171,466
7172,521
7173,451
7174,537
7175,433
7176,568
7177,417
7178,557
7179,429
7180,546
7181,440
7182,533
7183,452
7184,523
7185,465
7186,511
7187,477
7188,498
7189,489
7190,485
7191,502
7192,472
7193,516
7194,457
7195,531
7196,441
7197,572
7198,412
7199,562
7200,424
7201,550
7202,436
7203,539
7204,447
7205,526
7206,458
7207,515
7208,470
7209,502
7210,482
7211,491
7212,495
7213,477
7214,508
7215,464
7216,523
7217,447
7218,542
7219,407
7220,566
7221,419
7222,555
7223,431
7224,544
7225,442
7226,533
7227,454
7228,521
7229,466
7230,509
7231,479
7232,495
7233,491
7234,482
7235,505
7236,469
7237,519
7238,454
7239,535
7240,438
7241,571
7242,414
7243,560
7244,426
7245,548
7246,437
7247,536
7248,448
7249,525
7250,461
7251,513
7252,472
7253,501
7254,483
7255,488
7256,498
7257,476
7258,511
7259,461
7260,527
7261,444
7262,542
7263,410
7264,564
7265,420
7266,553
7267,433
7268,542
7269,444
7270,531
7271,456
7272,519
7273,468
7274,507
7275,480
7276,493
7277,493
7278,480
7279,506
7280,466
7281,521
7282,450
7283,537
7284,436
7285,568
7286,417
7287,559
7288,428
7289,546
7290,440
7291,535
7292,450
7293,523
7294,462
7295,512
7296,472
7297,498
7298,486
7299,486
7300,500
7301,474
7302,514
7303,457
7304,530
7305,441
7306,547
7307,411
7308,563
7309,422
7310,551
7311,433
7312,540
7313,446
7314,527
7315,456
7316,514
7317,467
7318,501
7319,479
7320,490
7321,494
7322,477
7323,508
7324,463
7325,523
7326,448
7327,540
7328,407
7329,567
7330,417
7331,555
7332,428
7333,544
7334,441
7335,534
7336,455
7337,523
7338,466
7339,511
7340,477
7341,498
7342,489
7343,485
7344,502
7345,470
7346,517
7347,456
7348,533
7349,438
7350,571
7351,414
7352,560
7353,424
7354,550
7355,435
7356,538
7357,447
7358,526
7359,459
7360,514
7361,472
7362,501
7363,484
7364,489
7365,497
7366,475
7367,511
7368,461
7369,526
7370,445
7371,540
7372,409
7373,565
7374,420
7375,554
7376,431
7377,543
7378,443
7379,532
7380,454
7381,519
7382,464
7383,507
7384,478
7385,495
7386,491
7387,482
7388,506
7389,467
7390,520
7391,453
7392,534
7393,436
7394,570
7395,414
7396,559
7397,427
7398,547
7399,438
7400,536
7401,449
7402,524
7403,462
7404,513
7405,474
7406,501
7407,487
7408,487
7409,500
7410,473
7411,514
7412,460
7413,529
7414,442
7415,547
7416,411
7417,564
7418,422
7419,552
7420,433
7421,541
7422,444
7423,529
7424,455
7425,518
7426,467
7427,504
7428,479
7429,492
7430,492
7431,478
7432,507
7433,464
7434,522
7435,449
7436,539
7437,433
7438,568
7439,417
7440,558
7441,429
7442,545
7443,440
7444,534
7445,453
7446,523
7447,464
7448,512
7449,476
7450,497
7451,488
7452,484
7453,502
7454,471
7455,515
7456,456
7457,532
7458,440
7459,572
7460,412
7461,562
7462,424
7463,550
7464,434
7465,539
7466,446
7467,527
7468,457
7469,515
7470,469
7471,503
7472,482
7473,490
7474,496
7475,476
7476,509
7477,462
7478,525
7479,446
7480,540
7481,407
7482,566
7483,419
7484,555
7485,431
7486,544
7487,441
7488,532
7489,454
7490,520
7491,466
7492,508
7493,479
7494,496
7495,491
7496,483
7497,504
7498,469
7499,519
7500,455
7501,535
7502,438
7503,571
7504,414
7505,560
7506,427
7507,548
7508,437
7509,537
7510,449
7511,524
7512,460
7513,512
7514,472
7515,500
7516,484
7517,488
7518,497
7519,474
7520,512
7521,460
7522,528
7523,444
7524,544
7525,409
7526,565
7527,421
7528,553
7529,432
7530,541
7531,443
7532,530
7533,454
7534,518
7535,467
7536,506
7537,480
7538,493
7539,493
7540,480
7541,507
7542,467
7543,521
7544,452
7545,537
7546,432
7547,568
7548,417
7549,557
7550,427
7551,546
7552,438
7553,536
7554,451
7555,525
7556,462
7557,513
7558,474
7559,499
7560,487
7561,485
7562,501
7563,472
7564,514
7565,457
7566,530
7567,443
7568,547
7569,411
7570,563
7571,423
7572,551
7573,434
7574,540
7575,445
7576,529
7577,458
7578,517
7579,470
7580,505
7581,483
7582,492
7583,495
7584,478
7585,509
7586,464
7587,524
7588,449
7589,540
7590,408
7591,566
7592,419
7593,556
7594,429
7595,546
7596,441
7597,533
7598,452
7599,521
7600,465
7601,511
7602,477
7603,496
7604,490
7605,483
7606,503
7607,471
7608,517
7609,455
7610,532
7611,438
7612,570
7613,414
7614,560
7615,424
7616,549
7617,435
7618,538
7619,447
7620,526
7621,460
7622,515
7623,472
7624,503
7625,485
7626,489
7627,497
7628,475
7629,510
7630,461
7631,525
7632,445
7633,543
7634,409
7635,564
7636,421
7637,555
7638,430
7639,543
7640,443
7641,531
7642,455
7643,520
7644,466
7645,507
7646,478
7647,494
7648,491
7649,481
7650,505
7651,469
7652,520
7653,454
7654,536
7655,435
7656,569
7657,417
7658,559
7659,426
7660,547
7661,437
7662,536
7663,449
7664,524
7665,460
7666,512
7667,473
7668,499
7669,485
7670,487
7671,498
7672,473
7673,513
7674,459
7675,528
7676,442
7677,547
7678,411
7679,563
7680,422
7681,553
7682,432
7683,542
7684,445
7685,530
7686,456
7687,517
7688,469
7689,504
7690,480
7691,492
7692,494
7693,479
7694,507
7695,466
7696,522
7697,449
7698,538
7699,432
7700,568
7701,417
7702,557
7703,429
7704,546
7705,440
7706,534
7707,453
7708,523
7709,465
7710,511
7711,476
7712,499
7713,489
7714,485
7715,502
7716,471
7717,516
7718,455
7719,531
7720,439
7721,572
7722,412
7723,562
7724,424
7725,551
7726,434
7727,540
7728,445
7729,527
7730,459
7731,515
7732,470
7733,503
7734,484
7735,490
7736,497
7737,477
7738,509
7739,463
7740,525
7741,448
7742,542
7743,408
7744,566
7745,419
7746,555
7747,431
7748,543
7749,442
7750,533
7751,454
7752,520
7753,466
7754,508
7755,479
7756,497
7757,491
7758,483
7759,504
7760,470
7761,519
7762,453
7763,534
7764,439
7765,570
7766,414
7767,559
7768,426
7769,549
7770,437
7771,538
7772,449
7773,525
7774,461
7775,513
7776,472
7777,500
7778,485
7779,487
7780,498
7781,474
7782,512
7783,460
7784,527
7785,444
7786,543
7787,410
7788,564
7789,421
7790,553
7791,432
7792,542
7793,444
7794,530
7795,456
7796,518
7797,468
7798,505
7799,479
7800,493
7801,492
7802,479
7803,505
7804,466
7805,521
7806,451
7807,536
7808,434
7809,568
7810,417
7811,558
7812,428
7813,547
7814,438
7815,535
7816,450
7817,523
7818,463
7819,511
7820,477
7821,500
7822,489
7823,488
7824,502
7825,473
7826,515
7827,458
7828,530
7829,441
7830,572
7831,412
7832,562
7833,423
7834,551
7835,434
7836,540
7837,445
7838,528
7839,457
7840,517
7841,470
7842,504
7843,482
7844,491
7845,495
7846,478
7847,509
7848,463
7849,523
7850,448
7851,538
7852,407
7853,566
7854,419
7855,556
7856,429
7857,544
7858,442
7859,533
7860,453
7861,522
7862,465
7863,510
7864,477
7865,496
7866,489
7867,483
7868,503
7869,470
7870,516
7871,455
7872,532
7873,438
7874,571
7875,414
7876,561
7877,425
7878,549
7879,436
7880,539
7881,447
7882,526
7883,459
7884,514
7885,472
7886,501
7887,483
7888,489
7889,498
7890,476
7891,510
7892,461
7893,527
7894,448
7895,540
7896,408
7897,565
7898,421
7899,555
7900,432
7901,543
7902,443
7903,532
7904,455
7905,519
7906,466
7907,507
7908,478
7909,494
7910,492
7911,482
7912,505
7913,468
7914,520
7915,454
7916,536
7917,434
7918,569
7919,416
7920,558
7921,427
7922,547
7923,438
7924,536
7925,450
7926,524
7927,460
7928,512
7929,472
7930,499
7931,485
7932,486
7933,498
7934,473
7935,513
7936,461
7937,529
7938,444
7939,547
7940,411
7941,563
7942,422
7943,552
7944,433
7945,540
7946,444
7947,529
7948,456
7949,517
7950,468
7951,506
7952,481
7953,492
7954,494
7955,479
7956,507
7957,465
7958,521
7959,449
7960,537
7961,433
7962,568
7963,417
7964,557
7965,429
7966,545
7967,439
7968,534
7969,453
7970,524
7971,464
7972,511
7973,476
7974,499
7975,490
7976,486
7977,502
7978,472
7979,514
7980,456
7981,531
7982,439
7983,571
7984,413
7985,561
7986,423
7987,550
7988,434
7989,539
7990,446
7991,527
7992,458
7993,515
7994,470
7995,502
7996,482
7997,489
7998,495
7999,476
8000,509
8001,462
8002,525
8003,447
8004,542
8005,408
8006,566
8007,419
8008,555
8009,431
8010,543
8011,442
8012,533
8013,453
8014,520
8015,465
8016,507
8017,477
8018,495
8019,490
8020,482
8021,504
8022,471
8023,519
8024,455
8025,533
8026,438
8027,569
8028,413
8029,560
8030,426
8031,548
8032,437
8033,537
8034,448
8035,525
8036,460
8037,513
8038,473
8039,501
8040,486
8041,488
8042,499
8043,475
8044,511
8045,460
8046,527
8047,444
8048,542
8049,410
8050,564
8051,421
8052,553
8053,433
8054,542
8055,445
8056,531
8057,456
8058,519
8059,468
8060,504
8061,479
8062,492
8063,492
8064,481
8065,506
8066,467
8067,519
8068,452
8069,535
8070,433
8071,569
8072,416
8073,559
8074,428
8075,546
8076,439
8077,535
8078,450
8079,523
8080,463
8081,511
8082,476
8083,499
8084,488
8085,486
8086,501
8087,473
8088,515
8089,458
8090,531
8091,441
8092,547
8093,411
8094,563
8095,422
8096,551
8097,434
8098,540
8099,446
8100,527
8101,457
8102,515
8103,468
8104,503
8105,482
8106,491
8107,493
8108,478
8109,508
8110,465
8111,522
8112,449
8113,540
8114,407
8115,567
8116,418
8117,556
8118,429
8119,544
8120,440
8121,532
8122,451
8123,521
8124,465
8125,510
8126,477
8127,497
8128,489
8129,483
8130,503
8131,469
8132,517
8133,455
8134,533
8135,438
8136,571
8137,413
8138,561
8139,425
8140,549
8141,437
8142,538
8143,447
8144,526
8145,459
8146,514
8147,472
8148,501
8149,484
8150,491
8151,497
8152,476
8153,510
8154,463
8155,525
8156,445
8157,544
8158,409
8159,565
8160,420
8161,554
8162,432
8163,542
8164,442
8165,531
8166,455
8167,520
8168,467
8169,507
8170,479
8171,494
8172,492
8173,482
8174,506
8175,467
8176,519
8177,452
8178,536
8179,434
8180,569
8181,414
8182,559
8183,427
8184,547
8185,438
8186,536
8187,450
8188,524
8189,462
8190,513
8191,474
8192,501
8193,485
8194,487
8195,498
8196,474
8197,512
8198,460
8199,529
8200,442
8201,545
8202,410
8203,564
8204,422
8205,552
8206,434
8207,542
8208,445
8209,529
8210,457
8211,517
8212,468
8213,503
8214,480
8215,491
8216,493
8217,478
8218,507
8219,465
8220,522
8221,450
8222,539
8223,433
8224,568
8225,417
8226,558
8227,429
8228,545
8229,440
8230,534
8231,453
8232,523
8233,464
8234,510
8235,474
8236,498
8237,488
8238,486
8239,501
8240,472
8241,517
8242,456
8243,532
8244,439
8245,572
8246,412
8247,562
8248,424
8249,550
8250,434
8251,539
8252,446
8253,526
8254,458
8255,514
8256,469
8257,502
8258,483
8259,489
8260,496
8261,476
8262,510
8263,462
8264,525
8265,446
8266,542
8267,407
8268,566
8269,419
8270,555
8271,431
8272,544
8273,442
8274,533
8275,454
8276,520
8277,465
8278,509
8279,477
8280,496
8281,489
8282,483
8283,503
8284,468
8285,519
8286,454
8287,534
8288,440
8289,570
8290,414
8291,560
8292,426
8293,548
8294,437
8295,537
8296,448
8297,525
8298,460
8299,513
8300,472
8301,501
8302,486
8303,488
8304,499
8305,474
8306,513
8307,460
8308,527
8309,444
8310,542
8311,410
8312,564
8313,420
8314,553
8315,431
8316,541
8317,444
8318,530
8319,456
8320,519
8321,467
8322,507
8323,480
8324,494
8325,493
8326,480
8327,506
8328,466
8329,521
8330,450
8331,537
8332,436
8333,568
8334,416
8335,558
8336,429
8337,547
8338,439
8339,535
8340,451
8341,523
8342,463
8343,512
8344,477
8345,499
8346,489
8347,486
8348,501
8349,472
8350,515
8351,458
8352,531
8353,441
8354,547
8355,411
8356,564
8357,423
8358,551
8359,435
8360,540
8361,446
8362,527
8363,455
8364,515
8365,468
8366,504
8367,481
8368,492
8369,495
8370,478
8371,509
8372,464
8373,524
8374,448
8375,540
8376,406
8377,567
8378,418
8379,555
8380,429
8381,544
8382,441
8383,534
8384,454
8385,522
8386,466
8387,510
8388,479
8389,497
8390,490
8391,484
8392,503
8393,470
8394,518
8395,455
8396,533
8397,438
8398,571
8399,413
8400,561
8401,425
8402,549
8403,437
8404,538
8405,447
8406,527
8407,459
8408,515
8409,471
8410,502
8411,483
8412,488
8413,497
8414,475
8415,512
8416,461
8417,526
8418,446
8419,540
8420,409
8421,565
8422,420
8423,554
8424,432
8425,543
8426,443
8427,532
8428,455
8429,519
8430,466
8431,507
8432,479
8433,494
8434,492
8435,481
8436,506
8437,467
8438,520
8439,452
8440,536
8441,438
8442,569
8443,416
8444,559
8445,427
8446,547
8447,438
8448,538
8449,450
8450,525
8451,461
8452,513
8453,473
8454,501
8455,487
8456,487
8457,500
8458,474
8459,514
8460,459
8461,529
8462,442
8463,547
8464,410
8465,564
8466,421
8467,552
8468,433
8469,541
8470,445
8471,530
8472,457
8473,517
8474,469
8475,505
8476,481
8477,493
8478,494
8479,479
8480,507
8481,465
8482,522
8483,449
8484,539
8485,433
8486,568
8487,417
8488,557
8489,429
8490,546
8491,439
8492,534
8493,452
8494,524
8495,464
8496,512
8497,477
8498,499
8499,490
8500,485
8501,503
8502,471
8503,517
8504,457
8505,531
8506,440
8507,573
8508,412
8509,562
8510,424
8511,550
8512,435
8513,539
8514,446
8515,526
8516,458
8517,514
8518,470
8519,501
8520,483
8521,489
8522,496
8523,475
8524,509
8525,462
8526,524
8527,446
8528,541
8529,407
8530,566
8531,418
8532,554
8533,431
8534,545
8535,442
8536,532
8537,453
8538,521
8539,465
8540,508
8541,479
8542,496
8543,491
8544,482
8545,504
8546,468
8547,519
8548,455
8549,534
8550,439
8551,570
8552,415
8553,560
8554,426
8555,548
8556,437
8557,537
8558,448
8559,525
8560,460
8561,513
8562,472
8563,500
8564,485
8565,488
8566,499
8567,474
8568,513
8569,460
8570,528
8571,444
8572,542
8573,411
8574,565
8575,421
8576,554
8577,432
8578,543
8579,443
8580,531
8581,455
8582,519
8583,468
8584,506
8585,480
8586,493
8587,493
8588,480
8589,507
8590,466
8591,520
8592,451
8593,537
8594,436
8595,568
8596,416
8597,559
8598,428
8599,546
8600,439
8601,535
8602,450
8603,523
8604,463
8605,511
8606,475
8607,499
8608,488
8609,486
8610,501
8611,472
8612,515
8613,457
8614,530
8615,441
8616,547
8617,411
8618,563
8619,423
8620,552
8621,434
8622,541
8623,445
8624,529
8625,458
8626,516
8627,469
8628,502
8629,481
8630,490
8631,494
8632,477
8633,508
8634,464
8635,523
8636,448
8637,540
8638,407
8639,567
8640,418
8641,556
8642,430
8643,544
8644,441
8645,534
8646,454
8647,522
8648,465
8649,509
8650,479
8651,498
8652,491
8653,484
8654,504
8655,471
8656,518
8657,455
8658,533
8659,438
8660,571
8661,413
8662,560
8663,424
8664,550
8665,435
8666,539
8667,447
8668,525
8669,459
8670,514
8671,471
8672,501
8673,484
8674,489
8675,497
8676,477
8677,511
8678,461
8679,526
8680,445
8681,540
8682,409
8683,565
8684,420
8685,554
8686,432
8687,543
8688,443
8689,532
8690,455
8691,519
8692,467
8693,507
8694,479
8695,494
8696,492
8697,481
8698,505
8699,467
8700,520
8701,452
8702,536
8703,434
8704,570
8705,416
8706,559
8707,426
8708,548
8709,437
8710,538
8711,450
8712,524
8713,461
8714,512
8715,473
8716,499
8717,486
8718,486
8719,499
8720,473
8721,514
8722,459
8723,529
8724,443
8725,544
8726,411
8727,564
8728,421
8729,552
8730,434
8731,540
8732,445
8733,529
8734,457
8735,517
8736,468
8737,504
8738,480
8739,491
8740,494
8741,478
8742,507
8743,465
8744,522
8745,449
8746,538
8747,432
8748,567
8749,418
8750,557
8751,428
8752,546
8753,440
8754,534
8755,451
8756,522
8757,464
8758,510
8759,476
8760,497
8761,488
8762,486
8763,502
8764,471
8765,516
8766,456
8767,531
8768,439
8769,572
8770,412
8771,562
8772,425
8773,550
8774,435
8775,539
8776,446
8777,526
8778,458
8779,514
8780,469
8781,502
8782,483
8783,489
8784,496
8785,476
8786,510
8787,463
8788,525
8789,447
8790,539
8791,408
8792,565
8793,419
8794,555
8795,429
8796,543
8797,441
8798,531
8799,452
8800,520
8801,465
8802,508
8803,478
8804,497
8805,491
8806,483
8807,505
8808,469
8809,519
8810,454
8811,535
8812,436
8813,570
8814,413
8815,560
8816,426
8817,548
8818,437
8819,537
8820,448
8821,526
8822,461
8823,513
8824,473
8825,501
8826,486
8827,488
8828,498
8829,474
8830,512
8831,460
8832,525
8833,444
8834,544
8835,410
8836,564
8837,422
8838,553
8839,433
8840,542
8841,444
8842,530
8843,456
8844,518
8845,468
8846,506
8847,479
8848,493
8849,493
8850,480
8851,507
8852,466
8853,521
8854,451
8855,537
8856,437
8857,568
8858,416
8859,558
8860,428
8861,546
8862,439
8863,535
8864,450
8865,523
8866,462
8867,511
8868,475
8869,499
8870,488
8871,486
8872,501
8873,472
8874,515
8875,460
8876,530
8877,442
8878,572
8879,412
8880,562
8881,423
8882,551
8883,434
8884,539
8885,446
8886,528
8887,458
8888,517
8889,469
8890,503
8891,482
8892,490
8893,495
8894,477
8895,508
8896,463
8897,523
8898,448
8899,540
8900,406
8901,567
8902,417
8903,555
8904,430
8905,545
8906,441
8907,534
8908,454
8909,522
8910,465
8911,511
8912,477
8913,496
8914,490
8915,483
8916,503
8917,470
8918,517
8919,456
8920,532
8921,440
8922,571
8923,414
8924,561
8925,426
8926,548
8927,435
8928,537
8929,446
8930,525
8931,458
8932,514
8933,471
8934,500
8935,483
8936,488
8937,497
8938,475
8939,510
8940,461
8941,526
8942,447
8943,542
8944,408
8945,565
8946,419
8947,554
8948,431
8949,542
8950,442
8951,531
8952,455
8953,520
8954,466
8955,506
8956,478
8957,494
8958,491
8959,481
8960,504
8961,468
8962,518
8963,453
8964,534
8965,434
8966,570
8967,414
8968,559
8969,428
8970,548
8971,439
8972,537
8973,451
8974,524
8975,461
8976,512
8977,474
8978,499
8979,486
8980,486
8981,499
8982,473
8983,514
8984,459
8985,529
8986,443
8987,544
8988,411
8989,564
8990,422
8991,552
8992,434
8993,541
8994,445
8995,530
8996,457
8997,517
8998,468
8999,504
9000,481
9001,492
9002,494
9003,481
9004,508
9005,466
9006,521
9007,451
9008,538
9009,433
9010,568
9011,417
9012,557
9013,429
9014,545
9015,440
9016,534
9017,451
9018,522
9019,464
9020,510
9021,476
9022,498
9023,489
9024,485
9025,502
9026,471
9027,516
9028,456
9029,531
9030,439
9031,572
9032,412
9033,562
9034,424
9035,550
9036,435
9037,539
9038,446
9039,526
9040,458
9041,515
9042,470
9043,502
9044,483
9045,489
9046,493
9047,476
9048,508
9049,463
9050,523
9051,448
9052,542
9053,407
9054,566
9055,419
9056,555
9057,431
9058,544
9059,442
9060,532
9061,453
9062,520
9063,465
9064,508
9065,477
9066,495
9067,491
9068,482
9069,504
9070,469
9071,519
9072,455
9073,534
9074,436
9075,570
9076,414
9077,560
9078,426
9079,548
9080,436
9081,537
9082,448
9083,525
9084,461
9085,513
9086,472
9087,501
9088,485
9089,489
9090,498
9091,476
9092,511
9093,461
9094,526
9095,444
9096,542
9097,410
9098,564
9099,421
9100,553
9101,432
9102,542
9103,443
9104,530
9105,456
9106,519
9107,468
9108,507
9109,480
9110,494
9111,493
9112,480
9113,506
9114,467
9115,521
9116,452
9117,537
9118,432
9119,568
9120,417
9121,558
9122,429
9123,547
9124,439
9125,535
9126,450
9127,524
9128,463
9129,511
9130,475
9131,500
9132,488
9133,487
9134,499
9135,473
9136,514
9137,458
9138,530
9139,441
9140,547
9141,411
9142,563
9143,423
9144,551
9145,434
9146,541
9147,446
9148,526
9149,456
9150,517
9151,469
9152,505
9153,482
9154,491
9155,495
9156,478
9157,509
9158,464
9159,524
9160,450
9161,540
9162,407
9163,567
9164,418
9165,555
9166,429
9167,544
9168,440
9169,534
9170,453
9171,521
9172,465
9173,511
9174,476
9175,496
9176,490
9177,485
9178,502
9179,471
9180,517
9181,456
9182,533
9183,439
9184,571
9185,413
9186,561
9187,425
9188,550
9189,437
9190,538
9191,447
9192,526
9193,460
9194,515
9195,471
9196,502
9197,484
9198,488
9199,496
9200,475
9201,511
9202,461
9203,526
9204,446
9205,540
9206,409
9207,565
9208,420
9209,554
9210,431
9211,543
9212,442
9213,531
9214,454
9215,520
9216,466
9217,508
9218,478
9219,495
9220,491
9221,482
9222,504
9223,467
9224,520
9225,452
9226,536
9227,438
9228,569
9229,415
9230,559
9231,427
9232,548
9233,438
9234,536
9235,449
9236,524
9237,462
9238,513
9239,475
9240,500
9241,487
9242,487
9243,500
9244,473
9245,514
9246,459
9247,529
9248,442
9249,543
9250,411
9251,564
9252,422
9253,552
9254,434
9255,541
9256,445
9257,529
9258,457
9259,520
9260,469
9261,506
9262,480
9263,493
9264,493
9265,479
9266,507
9267,465
9268,522
9269,450
9270,539
9271,407
9272,568
9273,417
9274,557
9275,428
9276,546
9277,440
9278,534
9279,452
9280,523
9281,464
9282,510
9283,476
9284,498
9285,489
9286,485
9287,502
9288,471
9289,517
9290,456
9291,532
9292,440
9293,572
9294,412
9295,562
9296,425
9297,550
9298,435
9299,539
9300,446
9301,526
9302,456
9303,514
9304,471
9305,502
9306,481
9307,490
9308,496
9309,476
9310,510
9311,462
9312,524
9313,446
9314,541
9315,407
9316,566
9317,418
9318,554
9319,430
9320,543
9321,443
9322,533
9323,454
9324,522
9325,466
9326,508
9327,478
9328,495
9329,490
9330,482
9331,504
9332,468
9333,518
9334,453
9335,534
9336,438
9337,570
9338,414
9339,560
9340,426
9341,548
9342,437
9343,537
9344,448
9345,526
9346,459
9347,514
9348,472
9349,502
9350,485
9351,488
9352,499
9353,475
9354,513
9355,460
9356,528
9357,444
9358,542
9359,410
9360,565
9361,421
9362,553
9363,432
9364,541
9365,444
9366,530
9367,456
9368,519
9369,468
9370,504
9371,479
9372,493
9373,493
9374,480
9375,506
9376,467
9377,521
9378,451
9379,537
9380,432
9381,568
9382,416
9383,558
9384,428
9385,546
9386,440
9387,537
9388,450
9389,524
9390,462
9391,512
9392,475
9393,498
9394,488
9395,485
9396,501
9397,472
9398,514
9399,457
9400,529
9401,441
9402,572
9403,412
9404,563
9405,423
9406,551
9407,434
9408,540
9409,445
9410,528
9411,458
9412,516
9413,469
9414,503
9415,482
9416,491
9417,495
9418,478
9419,508
9420,464
9421,524
9422,448
9423,541
9424,408
9425,567
9426,418
9427,556
9428,429
9429,544
9430,441
9431,533
9432,453
9433,522
9434,464
9435,510
9436,477
9437,497
9438,490
9439,485
9440,503
9441,470
9442,517
9443,455
9444,532
9445,438
9446,571
9447,412
9448,561
9449,425
9450,549
9451,436
9452,539
9453,448
9454,526
9455,460
9456,516
9457,472
9458,502
9459,485
9460,489
9461,497
9462,475
9463,509
9464,461
9465,525
9466,446
9467,541
9468,408
9469,565
9470,420
9471,554
9472,432
9473,544
9474,443
9475,533
9476,454
9477,520
9478,466
9479,507
9480,479
9481,494
9482,492
9483,481
9484,505
9485,468
9486,520
9487,454
9488,536
9489,438
9490,569
9491,416
9492,559
9493,427
9494,548
9495,438
9496,536
9497,449
9498,524
9499,461
9500,512
9501,473
9502,499
9503,486
9504,488
9505,500
9506,473
9507,513
9508,459
9509,529
9510,442
9511,547
9512,411
9513,563
9514,422
9515,553
9516,434
9517,540
9518,445
9519,529
9520,457
9521,517
9522,468
9523,505
9524,481
9525,492
9526,494
9527,479
9528,506
9529,465
9530,521
9531,450
9532,537
9533,433
9534,568
9535,417
9536,557
9537,429
9538,546
9539,440
9540,534
9541,454
9542,525
9543,464
9544,512
9545,476
9546,499
9547,489
9548,485
9549,502
9550,472
9551,516
9552,457
9553,532
9554,441
9555,573
9556,413
9557,562
9558,423
9559,550
9560,436
9561,539
9562,447
9563,528
9564,458
9565,516
9566,471
9567,504
9568,483
9569,490
9570,496
9571,478
9572,510
9573,464
9574,525
9575,448
9576,542
9577,408
9578,565
9579,420
9580,556
9581,430
9582,544
9583,442
9584,533
9585,454
9586,521
9587,466
9588,508
9589,479
9590,497
9591,491
9592,484
9593,504
9594,469
9595,518
9596,454
9597,533
9598,437
9599,570
9600,413
9601,559
9602,425
9603,549
9604,436
9605,538
9606,448
9607,525
9608,461
9609,514
9610,474
9611,501
9612,486
9613,488
9614,499
9615,475
9616,512
9617,460
9618,528
9619,444
9620,542
9621,410
9622,564
9623,421
9624,553
9625,433
9626,542
9627,444
9628,529
9629,455
9630,518
9631,467
9632,504
9633,479
9634,492
9635,492
9636,479
9637,506
9638,466
9639,521
9640,451
9641,537
9642,436
9643,570
9644,416
9645,557
9646,427
9647,547
9648,438
9649,535
9650,451
9651,523
9652,463
9653,511
9654,477
9655,500
9656,489
9657,487
9658,501
9659,473
9660,515
9661,458
9662,530
9663,441
9664,547
9665,411
9666,563
9667,422
9668,551
9669,435
9670,540
9671,446
9672,527
9673,457
9674,516
9675,468
9676,503
9677,482
9678,491
9679,495
9680,477
9681,509
9682,463
9683,524
9684,448
9685,540
9686,408
9687,566
9688,419
9689,557
9690,429
9691,546
9692,442
9693,534
9694,454
9695,522
9696,465
9697,510
9698,477
9699,496
9700,488
9701,483
9702,503
9703,470
9704,516
9705,455
9706,534
9707,438
9708,571
9709,413
9710,561
9711,425
9712,549
9713,436
9714,538
9715,447
9716,526
9717,459
9718,515
9719,472
9720,503
9721,484
9722,489
9723,498
9724,476
9725,510
9726,462
9727,525
9728,448
9729,540
9730,408
9731,564
9732,420
9733,554
9734,430
9735,543
9736,443
9737,532
9738,455
9739,519
9740,467
9741,507
9742,479
9743,495
9744,492
9745,481
9746,505
9747,467
9748,520
9749,452
9750,536
9751,434
9752,570
9753,415
9754,559
9755,427
9756,547
9757,439
9758,536
9759,449
9760,524
9761,461
9762,512
9763,475
9764,501
9765,487
9766,488
9767,501
9768,474
9769,515
9770,459
9771,527
9772,443
9773,547
9774,412
9775,563
9776,423
9777,552
9778,434
9779,541
9780,445
9781,530
9782,457
9783,517
9784,469
9785,504
9786,479
9787,492
9788,494
9789,479
9790,508
9791,465
9792,521
9793,449
9794,539
9795,433
9796,568
9797,417
9798,558
9799,429
9800,545
9801,440
9802,534
9803,453
9804,523
9805,465
9806,511
9807,477
9808,499
9809,489
9810,485
9811,502
9812,471
9813,516
9814,459
9815,531
9816,439
9817,571
9818,413
9819,561
9820,424
9821,550
9822,435
9823,539
9824,446
9825,527
9826,459
9827,515
9828,470
9829,503
9830,483
9831,490
9832,496
9833,476
9834,510
9835,464
9836,525
9837,447
9838,542
9839,408
9840,566
9841,419
9842,555
9843,431
9844,543
9845,442
9846,533
9847,454
9848,520
9849,466
9850,508
9851,479
9852,497
9853,491
9854,483
9855,505
9856,470
9857,518
9858,455
9859,533
9860,438
9861,570
9862,413
9863,560
9864,426
9865,547
9866,437
9867,536
9868,447
9869,525
9870,460
9871,514
9872,473
9873,501
9874,486
9875,488
9876,499
9877,474
9878,511
9879,460
9880,527
9881,444
9882,542
9883,410
9884,564
9885,421
9886,553
9887,432
9888,542
9889,444
9890,530
9891,455
9892,518
9893,467
9894,504
9895,478
9896,493
9897,492
9898,479
9899,504
9900,465
9901,519
9902,452
9903,535
9904,433
9905,568
9906,417
9907,557
9908,427
9909,546
9910,438
9911,535
9912,450
9913,523
9914,461
9915,511
9916,475
9917,499
9918,487
9919,486
9920,500
9921,473
9922,516
9923,458
9924,531
9925,442
9926,547
9927,411
9928,563
9929,423
9930,551
9931,433
9932,540
9933,446
9934,527
9935,455
9936,515
9937,468
9938,503
9939,482
9940,491
9941,495
9942,480
9943,509
9944,464
9945,522
9946,449
9947,539
9948,406
9949,567
9950,418
9951,555
9952,429
9953,544
9954,440
9955,533
9956,452
9957,521
9958,465
9959,510
9960,477
9961,496
9962,490
9963,483
9964,502
9965,469
9966,516
9967,455
9968,531
9969,438
9970,570
9971,414
9972,560
9973,425
9974,549
9975,436
9976,538
9977,447
9978,526
9979,458
9980,514
9981,472
9982,501
9983,483
9984,491
9985,497
9986,476
9987,510
9988,463
9989,525
9990,447
9991,542
9992,409
9993,565
9994,420
9995,554
9996,431
9997,542
9998,442
9999,530
10000,454
