1,270
2,213
3,165
4,268
5,422
6,545
7,642
8,718
9,779
10,826
11,864
12,894
13,734
14,574
15,448
16,349
17,273
18,214
19,169
20,134
21,101
22,309
23,455
24,571
25,662
26,734
27,791
28,836
29,872
30,831
31,650
32,507
33,396
34,310
35,243
36,191
37,150
38,119
39,214
40,380
41,512
42,615
43,697
44,761
45,813
46,854
47,886
48,741
49,579
50,452
51,353
52,277
53,217
54,171
55,135
56,108
57,297
58,446
59,563
60,656
61,729
62,787
63,833
64,870
65,846
66,662
67,517
68,403
69,316
70,248
71,194
72,154
73,122
74,201
75,370
76,503
77,609
78,692
79,758
80,810
81,852
82,884
83,755
84,591
85,461
86,360
87,282
88,221
89,174
90,138
91,109
92,285
93,436
94,555
95,650
96,725
97,784
98,831
99,868
100,862
101,673
102,526
103,411
104,321
105,253
106,198
107,156
108,124
109,186
110,359
111,495
112,602
113,687
114,754
115,807
116,849
117,882
118,769
119,601
120,469
121,367
122,287
123,225
124,178
125,141
126,111
127,271
128,427
129,548
130,644
131,720
132,780
133,828
134,866
135,895
136,686
137,537
138,418
139,328
140,256
141,202
142,159
143,126
144,171
145,348
146,486
147,595
148,682
149,750
150,804
151,847
152,880
153,783
154,612
155,478
156,373
157,292
158,229
159,180
160,143
161,113
162,259
163,416
164,539
165,638
166,716
167,777
168,825
169,863
170,894
171,696
172,545
173,426
174,333
175,261
176,205
177,161
178,128
179,157
180,337
181,477
182,588
183,676
184,745
185,800
186,844
187,878
188,796
189,622
190,486
191,380
192,297
193,233
194,183
195,145
196,115
197,246
198,406
199,531
200,632
201,710
202,773
203,822
204,861
205,892
206,711
207,555
208,433
209,339
210,266
211,208
212,164
213,130
214,144
215,326
216,467
217,580
218,670
219,740
220,797
221,841
222,876
223,810
224,633
225,495
226,386
227,302
228,237
229,187
230,147
231,116
232,233
233,396
234,524
235,625
236,705
237,769
238,818
239,858
240,889
241,724
242,565
243,441
244,344
245,270
246,211
247,167
248,132
249,125
250,314
251,459
252,574
253,665
254,736
255,793
256,838
257,874
258,823
259,645
260,503
261,393
262,308
263,241
264,189
265,150
266,118
267,219
268,385
269,515
270,618
271,700
272,764
273,815
274,855
275,887
276,738
277,576
278,449
279,351
280,275
281,216
282,170
283,134
284,104
285,302
286,449
287,567
288,659
289,731
290,789
291,835
292,871
293,840
294,656
295,512
296,400
297,313
298,245
299,193
300,152
301,120
302,207
303,373
304,506
305,612
306,695
307,760
308,812
309,853
310,885
311,748
312,584
313,456
314,356
315,279
316,219
317,172
318,136
319,108
320,288
321,440
322,558
323,653
324,726
325,785
326,832
327,869
328,854
329,667
330,521
331,406
332,318
333,249
334,196
335,154
336,122
337,192
338,364
339,498
340,605
341,689
342,755
343,808
344,850
345,883
346,761
347,596
348,465
349,362
350,284
351,223
352,175
353,139
354,110
355,277
356,430
357,551
358,646
359,722
360,782
361,829
362,866
363,870
364,679
365,531
366,414
367,324
368,254
369,200
370,158
371,125
372,178
373,353
374,490
375,598
376,684
377,751
378,805
379,847
380,881
381,776
382,606
383,473
384,370
385,289
386,227
387,179
388,141
389,112
390,263
391,420
392,543
393,640
394,717
395,778
396,826
397,864
398,894
399,691
400,540
401,422
402,331
403,258
404,203
405,160
406,127
407,163
408,342
409,481
410,591
411,678
412,747
413,802
414,845
415,879
416,790
417,617
418,482
419,376
420,295
421,231
422,182
423,144
424,114
425,252
426,410
427,535
428,633
429,712
430,773
431,823
432,861
433,892
434,706
435,551
436,430
437,337
438,264
439,208
440,163
441,130
442,148
443,331
444,473
445,585
446,673
447,743
448,798
449,843
450,877
451,804
452,629
453,491
454,384
455,301
456,236
457,185
458,146
459,116
460,239
461,400
462,528
463,628
464,707
465,770
466,820
467,859
468,891
469,719
470,562
471,439
472,343
473,269
474,211
475,166
476,131
477,131
478,319
479,463
480,577
481,667
482,738
483,795
484,839
485,875
486,818
487,640
488,500
489,390
490,306
491,240
492,189
493,149
494,118
495,225
496,390
497,519
498,622
499,702
500,766
501,817
502,857
503,888
504,731
505,570
506,445
507,348
508,273
509,214
510,169
511,134
512,101
513,307
514,453
515,569
516,661
517,733
518,791
519,837
520,873
521,833
522,652
523,509
524,398
525,311
526,244
527,192
528,152
529,119
530,212
531,380
532,511
533,615
534,697
535,762
536,814
537,854
538,886
539,744
540,581
541,454
542,354
543,278
544,218
545,171
546,136
547,108
548,294
549,444
550,562
551,655
552,729
553,788
554,833
555,870
556,847
557,664
558,519
559,405
560,317
561,248
562,195
563,154
564,122
565,198
566,369
567,502
568,608
569,692
570,758
571,810
572,852
573,884
574,758
575,592
576,462
577,361
578,283
579,222
580,174
581,138
582,109
583,282
584,435
585,555
586,650
587,724
588,784
589,831
590,868
591,864
592,675
593,527
594,411
595,322
596,252
597,198
598,156
599,124
600,186
601,356
602,493
603,600
604,687
605,754
606,807
607,849
608,882
609,770
610,602
611,470
612,367
613,287
614,225
615,177
616,140
617,111
618,269
619,425
620,546
621,643
622,719
623,780
624,827
625,865
626,895
627,686
628,535
629,418
630,327
631,256
632,201
633,159
634,126
635,169
636,346
637,485
638,595
639,681
640,749
641,803
642,846
643,880
644,783
645,613
646,477
647,373
648,292
649,230
650,180
651,143
652,113
653,257
654,415
655,539
656,637
657,714
658,776
659,824
660,862
661,893
662,698
663,545
664,425
665,332
666,260
667,205
668,161
669,127
670,154
671,335
672,476
673,587
674,676
675,744
676,800
677,843
678,878
679,797
680,623
681,486
682,380
683,297
684,233
685,184
686,145
687,115
688,246
689,403
690,531
691,631
692,709
693,771
694,821
695,860
696,891
697,711
698,555
699,433
700,339
701,265
702,208
703,164
704,130
705,139
706,324
707,467
708,580
709,670
710,740
711,796
712,840
713,876
714,812
715,635
716,496
717,387
718,303
719,238
720,187
721,147
722,117
723,231
724,394
725,522
726,623
727,704
728,767
729,817
730,858
731,889
732,725
733,565
734,442
735,345
736,270
737,212
738,167
739,132
740,100
741,313
742,458
743,572
744,664
745,735
746,792
747,837
748,873
749,826
750,646
751,505
752,394
753,308
754,242
755,191
756,150
757,119
758,218
759,384
760,514
761,618
762,699
763,764
764,815
765,855
766,888
767,738
768,576
769,451
770,353
771,276
772,217
773,171
774,135
775,106
776,301
777,448
778,565
779,658
780,731
781,789
782,835
783,871
784,841
785,658
786,514
787,402
788,314
789,246
790,194
791,153
792,121
793,205
794,374
795,506
796,611
797,694
798,760
799,811
800,853
801,885
802,751
803,587
804,459
805,358
806,281
807,220
808,173
809,138
810,109
811,289
812,438
813,557
814,652
815,726
816,785
817,832
818,869
819,857
820,670
821,523
822,409
823,320
824,251
825,197
826,156
827,123
828,191
829,363
830,498
831,605
832,689
833,756
834,809
835,850
836,884
837,764
838,597
839,466
840,364
841,286
842,224
843,176
844,139
845,111
846,275
847,429
848,550
849,646
850,722
851,781
852,829
853,866
854,876
855,683
856,534
857,417
858,326
859,255
860,201
861,158
862,125
863,176
864,352
865,489
866,598
867,684
868,751
869,805
870,847
871,881
872,778
873,608
874,475
875,371
876,290
877,228
878,179
879,142
880,112
881,263
882,419
883,542
884,640
885,717
886,778
887,826
888,864
889,894
890,693
891,542
892,424
893,331
894,259
895,204
896,160
897,127
898,163
899,340
900,479
901,590
902,678
903,747
904,802
905,845
906,879
907,792
908,619
909,484
910,378
911,295
912,232
913,182
914,144
915,114
916,250
917,409
918,534
919,634
920,712
921,773
922,823
923,861
924,892
925,707
926,552
927,431
928,336
929,264
930,207
931,163
932,129
933,146
934,329
935,471
936,583
937,672
938,742
939,798
940,841
941,876
942,804
943,631
944,492
945,384
946,300
947,235
948,185
949,146
950,116
951,237
952,397
953,526
954,628
955,706
956,769
957,819
958,859
959,890
960,719
961,561
962,438
963,342
964,268
965,210
966,166
967,131
968,131
969,317
970,462
971,576
972,666
973,737
974,794
975,838
976,874
977,819
978,640
979,500
980,390
981,305
982,240
983,188
984,149
985,118
986,225
987,387
988,518
989,621
990,702
991,765
992,817
993,856
994,888
995,732
996,571
997,446
998,348
999,273
1000,214
1001,169
1002,134
1003,102
1004,304
1005,452
1006,568
1007,661
1008,732
1009,790
1010,835
1011,872
1012,832
1013,653
1014,509
1015,398
1016,311
1017,244
1018,192
1019,151
1020,120
1021,211
1022,377
1023,510
1024,615
1025,696
1026,761
1027,813
1028,853
1029,886
1030,744
1031,581
1032,455
1033,355
1034,278
1035,218
1036,171
1037,136
1038,108
1039,293
1040,443
1041,561
1042,654
1043,728
1044,787
1045,832
1046,869
1047,849
1048,665
1049,519
1050,404
1051,317
1052,248
1053,195
1054,154
1055,122
1056,198
1057,366
1058,500
1059,606
1060,692
1061,756
1062,810
1063,851
1064,884
1065,758
1066,592
1067,461
1068,362
1069,283
1070,222
1071,175
1072,138
1073,110
1074,281
1075,432
1076,554
1077,648
1078,723
1079,783
1080,830
1081,867
1082,864
1083,677
1084,528
1085,413
1086,323
1087,253
1088,199
1089,157
1090,125
1091,183
1092,355
1093,492
1094,600
1095,686
1096,752
1097,806
1098,848
1099,882
1100,772
1101,604
1102,473
1103,368
1104,289
1105,226
1106,179
1107,141
1108,112
1109,270
1110,425
1111,545
1112,642
1113,718
1114,779
1115,827
1116,865
1117,895
1118,688
1119,539
1120,420
1121,329
1122,258
1123,203
1124,160
1125,126
1126,168
1127,344
1128,484
1129,593
1130,680
1131,748
1132,803
1133,845
1134,880
1135,785
1136,616
1137,481
1138,376
1139,294
1140,231
1141,182
1142,144
1143,114
1144,257
1145,413
1146,538
1147,636
1148,714
1149,775
1150,824
1151,862
1152,893
1153,702
1154,549
1155,429
1156,335
1157,262
1158,206
1159,163
1160,129
1161,153
1162,335
1163,474
1164,586
1165,674
1166,744
1167,799
1168,843
1169,878
1170,800
1171,625
1172,489
1173,382
1174,299
1175,235
1176,184
1177,145
1178,115
1179,244
1180,402
1181,530
1182,629
1183,709
1184,771
1185,821
1186,860
1187,891
1188,712
1189,559
1190,435
1191,341
1192,267
1193,210
1194,165
1195,130
1196,137
1197,322
1198,465
1199,579
1200,669
1201,739
1202,796
1203,840
1204,875
1205,814
1206,636
1207,498
1208,388
1209,304
1210,238
1211,188
1212,148
1213,117
1214,230
1215,394
1216,521
1217,624
1218,703
1219,768
1220,817
1221,857
1222,889
1223,725
1224,568
1225,444
1226,347
1227,272
1228,213
1229,168
1230,133
1231,100
1232,310
1233,457
1234,571
1235,663
1236,735
1237,792
1238,838
1239,873
1240,826
1241,648
1242,506
1243,395
1244,310
1245,242
1246,191
1247,150
1248,120
1249,216
1250,383
1251,513
1252,617
1253,698
1254,763
1255,814
1256,855
1257,887
1258,740
1259,578
1260,452
1261,352
1262,276
1263,216
1264,171
1265,135
1266,108
1267,299
1268,447
1269,565
1270,657
1271,730
1272,788
1273,834
1274,871
1275,844
1276,660
1277,516
1278,402
1279,315
1280,246
1281,193
1282,153
1283,121
1284,203
1285,372
1286,505
1287,610
1288,694
1289,759
1290,811
1291,852
1292,884
1293,752
1294,587
1295,459
1296,358
1297,281
1298,220
1299,173
1300,137
1301,109
1302,286
1303,438
1304,556
1305,651
1306,725
1307,784
1308,831
1309,868
1310,858
1311,670
1312,524
1313,409
1314,320
1315,250
1316,197
1317,155
1318,123
1319,190
1320,360
1321,495
1322,603
1323,689
1324,754
1325,807
1326,849
1327,882
1328,765
1329,599
1330,466
1331,365
1332,285
1333,224
1334,176
1335,139
1336,110
1337,275
1338,427
1339,549
1340,644
1341,721
1342,780
1343,828
1344,866
1345,873
1346,683
1347,533
1348,416
1349,326
1350,256
1351,200
1352,158
1353,125
1354,174
1355,349
1356,488
1357,596
1358,682
1359,750
1360,804
1361,846
1362,880
1363,779
1364,609
1365,476
1366,372
1367,291
1368,228
1369,180
1370,142
1371,113
1372,263
1373,417
1374,542
1375,638
1376,716
1377,776
1378,825
1379,863
1380,894
1381,695
1382,542
1383,424
1384,331
1385,260
1386,204
1387,161
1388,128
1389,161
1390,338
1391,479
1392,589
1393,677
1394,745
1395,800
1396,844
1397,878
1398,791
1399,621
1400,484
1401,379
1402,296
1403,233
1404,183
1405,145
1406,115
1407,250
1408,409
1409,532
1410,633
1411,711
1412,773
1413,822
1414,861
1415,891
1416,708
1417,553
1418,433
1419,338
1420,265
1421,208
1422,165
1423,130
1424,146
1425,327
1426,469
1427,582
1428,671
1429,741
1430,797
1431,842
1432,877
1433,808
1434,631
1435,494
1436,385
1437,303
1438,236
1439,186
1440,147
1441,117
1442,236
1443,397
1444,526
1445,626
1446,706
1447,768
1448,819
1449,858
1450,890
1451,720
1452,563
1453,440
1454,344
1455,270
1456,212
1457,167
1458,132
1459,129
1460,315
1461,461
1462,575
1463,666
1464,737
1465,794
1466,838
1467,874
1468,822
1469,643
1470,503
1471,392
1472,308
1473,241
1474,190
1475,150
1476,119
1477,223
1478,388
1479,516
1480,620
1481,701
1482,766
1483,816
1484,856
1485,888
1486,734
1487,573
1488,449
1489,351
1490,274
1491,216
1492,170
1493,134
1494,104
1495,304
1496,451
1497,567
1498,660
1499,732
1500,790
1501,836
1502,872
1503,835
1504,655
1505,511
1506,400
1507,312
1508,245
1509,193
1510,152
1511,121
1512,209
1513,377
1514,508
1515,614
1516,695
1517,761
1518,812
1519,854
1520,886
1521,747
1522,584
1523,457
1524,357
1525,280
1526,220
1527,172
1528,137
1529,108
1530,292
1531,442
1532,560
1533,654
1534,727
1535,787
1536,833
1537,869
1538,852
1539,666
1540,520
1541,406
1542,318
1543,250
1544,196
1545,155
1546,122
1547,196
1548,365
1549,500
1550,606
1551,691
1552,757
1553,809
1554,851
1555,884
1556,759
1557,595
1558,464
1559,363
1560,284
1561,223
1562,175
1563,139
1564,110
1565,281
1566,431
1567,553
1568,648
1569,723
1570,783
1571,829
1572,867
1573,866
1574,678
1575,529
1576,415
1577,323
1578,254
1579,199
1580,157
1581,124
1582,181
1583,354
1584,491
1585,600
1586,685
1587,752
1588,805
1589,848
1590,881
1591,774
1592,605
1593,473
1594,368
1595,289
1596,227
1597,178
1598,141
1599,112
1600,267
1601,421
1602,544
1603,641
1604,718
1605,778
1606,827
1607,864
1608,894
1609,691
1610,540
1611,421
1612,329
1613,258
1614,203
1615,160
1616,126
1617,168
1618,343
1619,482
1620,592
1621,679
1622,748
1623,802
1624,845
1625,879
1626,787
1627,616
1628,480
1629,375
1630,293
1631,230
1632,181
1633,143
1634,113
1635,253
1636,412
1637,536
1638,635
1639,712
1640,774
1641,823
1642,862
1643,892
1644,701
1645,548
1646,427
1647,334
1648,262
1649,206
1650,162
1651,128
1652,151
1653,332
1654,473
1655,585
1656,674
1657,743
1658,799
1659,842
1660,877
1661,801
1662,627
1663,488
1664,380
1665,299
1666,233
1667,184
1668,145
1669,115
1670,241
1671,401
1672,528
1673,628
1674,708
1675,770
1676,820
1677,859
1678,891
1679,714
1680,558
1681,436
1682,341
1683,267
1684,209
1685,165
1686,131
1687,135
1688,320
1689,464
1690,577
1691,668
1692,738
1693,795
1694,839
1695,875
1696,814
1697,638
1698,497
1699,389
1700,304
1701,239
1702,188
1703,148
1704,117
1705,230
1706,391
1707,521
1708,623
1709,703
1710,767
1711,817
1712,857
1713,888
1714,727
1715,567
1716,444
1717,346
1718,272
1719,213
1720,168
1721,133
1722,101
1723,308
1724,456
1725,570
1726,662
1727,734
1728,791
1729,836
1730,873
1731,828
1732,650
1733,506
1734,396
1735,309
1736,243
1737,192
1738,151
1739,120
1740,215
1741,381
1742,512
1743,616
1744,697
1745,762
1746,813
1747,854
1748,886
1749,741
1750,579
1751,452
1752,353
1753,277
1754,217
1755,171
1756,136
1757,108
1758,297
1759,447
1760,563
1761,656
1762,729
1763,788
1764,833
1765,871
1766,843
1767,661
1768,516
1769,404
1770,315
1771,248
1772,194
1773,154
1774,121
1775,203
1776,370
1777,505
1778,609
1779,693
1780,758
1781,811
1782,852
1783,885
1784,752
1785,590
1786,460
1787,360
1788,282
1789,222
1790,174
1791,138
1792,109
1793,285
1794,437
1795,556
1796,651
1797,725
1798,784
1799,831
1800,868
1801,859
1802,674
1803,527
1804,411
1805,322
1806,252
1807,199
1808,156
1809,124
1810,187
1811,360
1812,495
1813,602
1814,687
1815,754
1816,807
1817,849
1818,883
1819,767
1820,602
1821,469
1822,367
1823,287
1824,226
1825,178
1826,140
1827,111
1828,274
1829,426
1830,549
1831,644
1832,720
1833,780
1834,828
1835,866
1836,895
1837,686
1838,536
1839,419
1840,328
1841,257
1842,202
1843,159
1844,126
1845,175
1846,348
1847,487
1848,595
1849,682
1850,750
1851,804
1852,847
1853,881
1854,780
1855,612
1856,477
1857,373
1858,292
1859,229
1860,180
1861,143
1862,113
1863,260
1864,417
1865,540
1866,639
1867,715
1868,777
1869,825
1870,863
1871,894
1872,696
1873,545
1874,425
1875,333
1876,260
1877,205
1878,161
1879,128
1880,160
1881,338
1882,478
1883,589
1884,676
1885,746
1886,800
1887,844
1888,878
1889,795
1890,621
1891,487
1892,379
1893,298
1894,233
1895,183
1896,144
1897,115
1898,247
1899,407
1900,532
1901,632
1902,710
1903,772
1904,821
1905,861
1906,892
1907,710
1908,554
1909,434
1910,339
1911,266
1912,208
1913,164
1914,130
1915,145
1916,325
1917,469
1918,581
1919,671
1920,742
1921,797
1922,841
1923,876
1924,809
1925,633
1926,494
1927,386
1928,302
1929,237
1930,186
1931,147
1932,116
1933,235
1934,395
1935,524
1936,625
1937,705
1938,768
1939,818
1940,858
1941,890
1942,721
1943,565
1944,440
1945,345
1946,269
1947,212
1948,166
1949,131
1950,126
1951,313
1952,460
1953,573
1954,665
1955,736
1956,793
1957,838
1958,874
1959,821
1960,644
1961,503
1962,392
1963,306
1964,241
1965,189
1966,149
1967,118
1968,220
1969,385
1970,516
1971,619
1972,700
1973,764
1974,816
1975,856
1976,887
1977,734
1978,573
1979,449
1980,350
1981,275
1982,215
1983,170
1984,134
1985,104
1986,303
1987,449
1988,567
1989,658
1990,732
1991,789
1992,836
1993,871
1994,837
1995,655
1996,512
1997,399
1998,313
1999,244
2000,193
2001,152
2002,120
2003,208
2004,374
2005,508
2006,613
2007,694
2008,760
2009,812
2010,852
2011,885
2012,747
2013,583
2014,456
2015,356
2016,279
2017,219
2018,172
2019,136
2020,108
2021,290
2022,441
2023,559
2024,653
2025,727
2026,786
2027,832
2028,869
2029,851
2030,667
2031,521
2032,407
2033,318
2034,249
2035,196
2036,155
2037,122
2038,195
2039,364
2040,499
2041,605
2042,690
2043,756
2044,808
2045,850
2046,883
2047,759
2048,593
2049,465
2050,362
2051,284
2052,223
2053,175
2054,138
2055,110
2056,278
2057,430
2058,551
2059,647
2060,722
2061,782
2062,829
2063,867
2064,868
2065,679
2066,531
2067,414
2068,324
2069,254
2070,200
2071,157
2072,125
2073,181
2074,353
2075,491
2076,598
2077,684
2078,751
2079,805
2080,847
2081,881
2082,776
2083,606
2084,474
2085,370
2086,290
2087,228
2088,179
2089,142
2090,113
2091,267
2092,421
2093,544
2094,641
2095,718
2096,778
2097,826
2098,864
2099,894
2100,690
2101,541
2102,422
2103,331
2104,258
2105,204
2106,160
2107,127
2108,165
2109,342
2110,482
2111,591
2112,679
2113,748
2114,802
2115,845
2116,879
2117,788
2118,619
2119,482
2120,378
2121,296
2122,232
2123,183
2124,144
2125,114
2126,253
2127,411
2128,535
2129,635
2130,712
2131,774
2132,823
2133,862
2134,893
2135,705
2136,551
2137,431
2138,337
2139,264
2140,207
2141,163
2142,129
2143,152
2144,331
2145,472
2146,585
2147,673
2148,743
2149,798
2150,843
2151,877
2152,803
2153,628
2154,492
2155,384
2156,301
2157,236
2158,186
2159,146
2160,116
2161,240
2162,400
2163,527
2164,629
2165,707
2166,770
2167,820
2168,860
2169,891
2170,717
2171,560
2172,438
2173,342
2174,268
2175,210
2176,166
2177,131
2178,133
2179,321
2180,464
2181,578
2182,668
2183,738
2184,795
2185,839
2186,875
2187,815
2188,640
2189,500
2190,390
2191,306
2192,239
2193,189
2194,148
2195,118
2196,227
2197,391
2198,519
2199,622
2200,702
2201,767
2202,817
2203,857
2204,889
2205,729
2206,570
2207,446
2208,348
2209,273
2210,214
2211,169
2212,133
2213,101
2214,309
2215,454
2216,570
2217,661
2218,734
2219,792
2220,837
2221,873
2222,831
2223,651
2224,509
2225,397
2226,311
2227,243
2228,192
2229,150
2230,120
2231,213
2232,380
2233,511
2234,616
2235,697
2236,762
2237,813
2238,854
2239,886
2240,744
2241,581
2242,455
2243,355
2244,277
2245,218
2246,171
2247,136
2248,108
2249,297
2250,444
2251,563
2252,656
2253,730
2254,787
2255,834
2256,870
2257,847
2258,663
2259,519
2260,404
2261,317
2262,248
2263,195
2264,154
2265,121
2266,199
2267,368
2268,503
2269,608
2270,692
2271,757
2272,810
2273,851
2274,884
2275,754
2276,590
2277,462
2278,360
2279,282
2280,221
2281,174
2282,138
2283,109
2284,284
2285,434
2286,555
2287,649
2288,724
2289,783
2290,831
2291,867
2292,862
2293,673
2294,526
2295,410
2296,321
2297,251
2298,198
2299,156
2300,124
2301,185
2302,358
2303,493
2304,602
2305,687
2306,754
2307,807
2308,849
2309,882
2310,768
2311,600
2312,469
2313,366
2314,287
2315,224
2316,177
2317,140
2318,111
2319,271
2320,426
2321,546
2322,644
2323,719
2324,780
2325,827
2326,865
2327,894
2328,684
2329,536
2330,417
2331,327
2332,256
2333,201
2334,158
2335,125
2336,171
2337,346
2338,486
2339,594
2340,681
2341,749
2342,803
2343,846
2344,880
2345,780
2346,612
2347,477
2348,372
2349,291
2350,228
2351,180
2352,142
2353,113
2354,258
2355,416
2356,538
2357,638
2358,714
2359,776
2360,824
2361,863
2362,893
2363,697
2364,545
2365,425
2366,333
2367,260
2368,205
2369,161
2370,128
2371,156
2372,337
2373,476
2374,588
2375,675
2376,745
2377,799
2378,843
2379,877
2380,795
2381,622
2382,486
2383,379
2384,297
2385,233
2386,183
2387,145
2388,115
2389,245
2390,404
2391,530
2392,631
2393,709
2394,772
2395,821
2396,861
2397,891
2398,712
2399,555
2400,434
2401,340
2402,267
2403,209
2404,164
2405,131
2406,141
2407,324
2408,467
2409,580
2410,670
2411,740
2412,797
2413,840
2414,875
2415,808
2416,634
2417,495
2418,387
2419,303
2420,238
2421,187
2422,147
2423,117
2424,235
2425,394
2426,524
2427,624
2428,705
2429,767
2430,818
2431,857
2432,889
2433,723
2434,566
2435,442
2436,345
2437,271
2438,212
2439,168
2440,132
2441,100
2442,314
2443,458
2444,573
2445,664
2446,736
2447,792
2448,838
2449,873
2450,825
2451,645
2452,505
2453,394
2454,309
2455,242
2456,191
2457,150
2458,119
2459,219
2460,385
2461,514
2462,618
2463,699
2464,764
2465,814
2466,855
2467,887
2468,737
2469,575
2470,451
2471,352
2472,276
2473,216
2474,171
2475,135
2476,104
2477,302
2478,449
2479,566
2480,659
2481,731
2482,789
2483,835
2484,871
2485,838
2486,659
2487,513
2488,402
2489,314
2490,246
2491,194
2492,153
2493,121
2494,206
2495,375
2496,506
2497,612
2498,694
2499,760
2500,812
2501,853
2502,885
2503,750
2504,586
2505,459
2506,358
2507,281
2508,220
2509,173
2510,137
2511,109
2512,289
2513,440
2514,558
2515,653
2516,726
2517,786
2518,832
2519,869
2520,855
2521,669
2522,523
2523,408
2524,319
2525,251
2526,197
2527,155
2528,123
2529,194
2530,363
2531,498
2532,604
2533,689
2534,755
2535,809
2536,850
2537,883
2538,762
2539,598
2540,466
2541,365
2542,285
2543,224
2544,176
2545,139
2546,110
2547,278
2548,429
2549,551
2550,647
2551,722
2552,781
2553,829
2554,867
2555,870
2556,681
2557,532
2558,416
2559,325
2560,254
2561,200
2562,158
2563,125
2564,178
2565,353
2566,490
2567,597
2568,683
2569,751
2570,805
2571,847
2572,881
2573,777
2574,608
2575,476
2576,371
2577,291
2578,228
2579,179
2580,142
2581,112
2582,264
2583,420
2584,542
2585,640
2586,717
2587,778
2588,826
2589,864
2590,894
2591,693
2592,541
2593,423
2594,331
2595,259
2596,204
2597,160
2598,127
2599,163
2600,340
2601,480
2602,590
2603,678
2604,747
2605,802
2606,845
2607,879
2608,790
2609,618
2610,483
2611,377
2612,294
2613,232
2614,182
2615,144
2616,114
2617,253
2618,409
2619,534
2620,634
2621,711
2622,774
2623,822
2624,861
2625,892
2626,705
2627,550
2628,430
2629,337
2630,263
2631,207
2632,163
2633,129
2634,147
2635,330
2636,471
2637,584
2638,672
2639,742
2640,797
2641,842
2642,876
2643,804
2644,629
2645,490
2646,382
2647,300
2648,235
2649,185
2650,146
2651,116
2652,240
2653,399
2654,527
2655,627
2656,707
2657,769
2658,819
2659,859
2660,890
2661,716
2662,561
2663,437
2664,342
2665,268
2666,210
2667,165
2668,131
2669,132
2670,317
2671,463
2672,575
2673,667
2674,737
2675,794
2676,838
2677,874
2678,817
2679,641
2680,499
2681,391
2682,305
2683,240
2684,188
2685,149
2686,118
2687,226
2688,390
2689,517
2690,620
2691,701
2692,765
2693,816
2694,856
2695,888
2696,730
2697,570
2698,446
2699,347
2700,273
2701,214
2702,169
2703,133
2704,102
2705,306
2706,453
2707,569
2708,661
2709,733
2710,790
2711,836
2712,872
2713,831
2714,652
2715,508
2716,398
2717,310
2718,244
2719,191
2720,152
2721,120
2722,212
2723,379
2724,510
2725,615
2726,696
2727,762
2728,813
2729,853
2730,886
2731,743
2732,581
2733,454
2734,355
2735,278
2736,218
2737,172
2738,136
2739,108
2740,294
2741,444
2742,561
2743,655
2744,728
2745,787
2746,833
2747,870
2748,848
2749,662
2750,518
2751,404
2752,317
2753,248
2754,195
2755,154
2756,122
2757,198
2758,368
2759,501
2760,608
2761,691
2762,757
2763,809
2764,851
2765,884
2766,757
2767,591
2768,463
2769,361
2770,283
2771,222
2772,175
2773,138
2774,109
2775,282
2776,433
2777,553
2778,648
2779,723
2780,783
2781,830
2782,868
2783,862
2784,677
2785,527
2786,413
2787,322
2788,254
2789,199
2790,157
2791,124
2792,186
2793,356
2794,494
2795,600
2796,686
2797,753
2798,806
2799,848
2800,882
2801,769
2802,604
2803,471
2804,368
2805,289
2806,227
2807,179
2808,141
2809,112
2810,271
2811,423
2812,547
2813,643
2814,719
2815,779
2816,827
2817,865
2818,896
2819,688
2820,538
2821,420
2822,329
2823,258
2824,203
2825,160
2826,127
2827,170
2828,347
2829,484
2830,594
2831,681
2832,749
2833,803
2834,846
2835,880
2836,783
2837,615
2838,479
2839,375
2840,293
2841,231
2842,181
2843,143
2844,113
2845,258
2846,413
2847,539
2848,636
2849,715
2850,775
2851,824
2852,863
2853,893
2854,700
2855,546
2856,428
2857,334
2858,262
2859,205
2860,162
2861,128
2862,155
2863,334
2864,476
2865,587
2866,675
2867,744
2868,799
2869,843
2870,878
2871,798
2872,624
2873,488
2874,381
2875,299
2876,234
2877,184
2878,145
2879,115
2880,244
2881,403
2882,530
2883,631
2884,709
2885,772
2886,821
2887,861
2888,891
2889,713
2890,557
2891,436
2892,340
2893,267
2894,209
2895,165
2896,130
2897,140
2898,323
2899,466
2900,581
2901,669
2902,740
2903,796
2904,840
2905,875
2906,810
2907,635
2908,497
2909,387
2910,304
2911,238
2912,188
2913,147
2914,117
2915,231
2916,394
2917,522
2918,624
2919,704
2920,768
2921,818
2922,858
2923,889
2924,725
2925,567
2926,443
2927,345
2928,271
2929,212
2930,167
2931,132
2932,100
2933,312
2934,457
2935,573
2936,664
2937,736
2938,793
2939,837
2940,873
2941,827
2942,647
2943,506
2944,394
2945,308
2946,242
2947,190
2948,150
2949,119
2950,217
2951,383
2952,513
2953,617
2954,698
2955,763
2956,814
2957,855
2958,887
2959,739
2960,577
2961,451
2962,352
2963,276
2964,216
2965,170
2966,135
2967,107
2968,301
2969,447
2970,565
2971,657
2972,731
2973,788
2974,834
2975,871
2976,841
2977,657
2978,514
2979,400
2980,314
2981,246
2982,193
2983,152
2984,121
2985,204
2986,373
2987,507
2988,610
2989,693
2990,759
2991,811
2992,852
2993,885
2994,749
2995,587
2996,457
2997,358
2998,280
2999,220
3000,173
3001,137
3002,109
3003,288
3004,437
3005,557
3006,651
3007,726
3008,784
3009,831
3010,868
3011,856
3012,668
3013,523
3014,407
3015,319
3016,250
3017,197
3018,155
3019,123
3020,190
3021,362
3022,496
3023,604
3024,688
3025,755
3026,808
3027,849
3028,882
3029,763
3030,597
3031,466
3032,364
3033,285
3034,224
3035,176
3036,139
3037,111
3038,275
3039,429
3040,549
3041,646
3042,721
3043,781
3044,828
3045,866
3046,873
3047,681
3048,532
3049,415
3050,325
3051,254
3052,200
3053,158
3054,125
3055,176
3056,351
3057,487
3058,597
3059,682
3060,751
3061,804
3062,847
3063,880
3064,777
3065,607
3066,475
3067,370
3068,290
3069,227
3070,179
3071,142
3072,112
3073,264
3074,419
3075,542
3076,640
3077,716
3078,777
3079,825
3080,864
3081,894
3082,693
3083,542
3084,423
3085,331
3086,259
3087,204
3088,160
3089,127
3090,161
3091,339
3092,480
3093,590
3094,678
3095,746
3096,801
3097,844
3098,879
3099,791
3100,620
3101,484
3102,379
3103,296
3104,232
3105,182
3106,144
3107,114
3108,251
3109,408
3110,534
3111,632
3112,711
3113,773
3114,822
3115,861
3116,892
3117,707
3118,553
3119,432
3120,338
3121,264
3122,208
3123,164
3124,130
3125,146
3126,329
3127,470
3128,583
3129,672
3130,742
3131,797
3132,842
3133,876
3134,806
3135,630
3136,493
3137,385
3138,302
3139,236
3140,186
3141,147
3142,117
3143,237
3144,399
3145,525
3146,627
3147,706
3148,769
3149,819
3150,859
3151,890
3152,720
3153,562
3154,441
3155,344
3156,270
3157,211
3158,166
3159,132
3160,131
3161,318
3162,462
3163,576
3164,666
3165,737
3166,794
3167,839
3168,874
3169,821
3170,642
3171,503
3172,392
3173,308
3174,241
3175,190
3176,149
3177,119
3178,224
3179,389
3180,517
3181,621
3182,701
3183,766
3184,816
3185,856
3186,888
3187,732
3188,572
3189,448
3190,349
3191,274
3192,215
3193,170
3194,134
3195,102
3196,306
3197,452
3198,569
3199,660
3200,733
3201,791
3202,836
3203,872
3204,835
3205,653
3206,510
3207,399
3208,312
3209,245
3210,193
3211,152
3212,120
3213,212
3214,377
3215,510
3216,613
3217,696
3218,761
3219,813
3220,854
3221,886
3222,744
3223,583
3224,455
3225,356
3226,278
3227,219
3228,172
3229,136
3230,107
3231,294
3232,442
3233,560
3234,655
3235,728
3236,787
3237,833
3238,870
3239,849
3240,667
3241,521
3242,406
3243,318
3244,249
3245,196
3246,154
3247,122
3248,197
3249,367
3250,501
3251,607
3252,692
3253,757
3254,810
3255,851
3256,885
3257,757
3258,594
3259,463
3260,362
3261,284
3262,223
3263,175
3264,138
3265,109
3266,282
3267,432
3268,553
3269,648
3270,723
3271,783
3272,830
3273,867
3274,865
3275,678
3276,529
3277,413
3278,323
3279,253
3280,199
3281,157
3282,124
3283,184
3284,355
3285,492
3286,601
3287,685
3288,752
3289,806
3290,848
3291,881
3292,770
3293,604
3294,471
3295,368
3296,288
3297,226
3298,178
3299,141
3300,111
3301,269
3302,422
3303,545
3304,642
3305,719
3306,778
3307,827
3308,865
3309,894
3310,689
3311,537
3312,420
3313,328
3314,258
3315,202
3316,159
3317,126
3318,169
3319,344
3320,484
3321,592
3322,680
3323,747
3324,802
3325,845
3326,880
3327,783
3328,612
3329,480
3330,374
3331,292
3332,229
3333,180
3334,143
3335,114
3336,256
3337,413
3338,536
3339,636
3340,713
3341,775
3342,823
3343,862
3344,892
3345,701
3346,546
3347,428
3348,333
3349,262
3350,205
3351,162
3352,128
3353,154
3354,333
3355,475
3356,585
3357,675
3358,743
3359,799
3360,842
3361,877
3362,799
3363,624
3364,488
3365,381
3366,298
3367,234
3368,184
3369,145
3370,115
3371,244
3372,403
3373,529
3374,630
3375,708
3376,771
3377,820
3378,860
3379,891
3380,714
3381,557
3382,436
3383,340
3384,267
3385,209
3386,165
3387,130
3388,139
3389,321
3390,466
3391,578
3392,669
3393,739
3394,795
3395,839
3396,875
3397,811
3398,636
3399,496
3400,388
3401,303
3402,238
3403,187
3404,148
3405,117
3406,231
3407,392
3408,521
3409,623
3410,703
3411,767
3412,817
3413,857
3414,889
3415,724
3416,567
3417,443
3418,346
3419,271
3420,214
3421,167
3422,133
3423,100
3424,310
3425,457
3426,571
3427,663
3428,734
3429,792
3430,837
3431,873
3432,827
3433,648
3434,506
3435,396
3436,310
3437,243
3438,191
3439,151
3440,119
3441,218
3442,381
3443,513
3444,616
3445,699
3446,763
3447,814
3448,855
3449,887
3450,738
3451,579
3452,451
3453,353
3454,276
3455,217
3456,171
3457,135
3458,107
3459,299
3460,447
3461,564
3462,657
3463,730
3464,788
3465,834
3466,871
3467,841
3468,661
3469,515
3470,403
3471,315
3472,248
3473,194
3474,154
3475,121
3476,204
3477,371
3478,505
3479,609
3480,693
3481,758
3482,811
3483,852
3484,885
3485,751
3486,590
3487,460
3488,360
3489,281
3490,221
3491,174
3492,138
3493,109
3494,287
3495,437
3496,557
3497,651
3498,726
3499,785
3500,831
3501,868
3502,859
3503,673
3504,526
3505,410
3506,322
3507,252
3508,198
3509,156
3510,124
3511,189
3512,362
3513,496
3514,604
3515,688
3516,755
3517,807
3518,850
3519,883
3520,767
3521,599
3522,469
3523,366
3524,287
3525,225
3526,177
3527,140
3528,111
3529,274
3530,428
3531,549
3532,646
3533,720
3534,781
3535,828
3536,866
3537,895
3538,683
3539,535
3540,417
3541,327
3542,256
3543,201
3544,159
3545,126
3546,176
3547,350
3548,487
3549,597
3550,682
3551,751
3552,804
3553,847
3554,880
3555,779
3556,609
3557,477
3558,372
3559,292
3560,228
3561,180
3562,142
3563,113
3564,261
3565,418
3566,541
3567,639
3568,716
3569,777
3570,825
3571,864
3572,894
3573,695
3574,545
3575,424
3576,333
3577,260
3578,205
3579,161
3580,128
3581,160
3582,339
3583,478
3584,589
3585,677
3586,746
3587,801
3588,844
3589,879
3590,793
3591,621
3592,485
3593,379
3594,297
3595,232
3596,183
3597,144
3598,114
3599,248
3600,408
3601,532
3602,633
3603,710
3604,773
3605,822
3606,861
3607,892
3608,709
3609,553
3610,433
3611,338
3612,265
3613,208
3614,164
3615,129
3616,146
3617,326
3618,469
3619,582
3620,671
3621,742
3622,797
3623,841
3624,876
3625,807
3626,631
3627,492
3628,385
3629,302
3630,236
3631,186
3632,147
3633,116
3634,237
3635,396
3636,525
3637,626
3638,706
3639,769
3640,819
3641,859
3642,889
3643,719
3644,563
3645,439
3646,344
3647,269
3648,211
3649,166
3650,132
3651,129
3652,315
3653,460
3654,574
3655,665
3656,736
3657,793
3658,838
3659,874
3660,820
3661,644
3662,501
3663,392
3664,307
3665,240
3666,189
3667,149
3668,119
3669,222
3670,387
3671,516
3672,619
3673,700
3674,764
3675,815
3676,855
3677,888
3678,732
3679,573
3680,446
3681,349
3682,273
3683,215
3684,169
3685,134
3686,102
3687,303
3688,451
3689,567
3690,660
3691,732
3692,790
3693,835
3694,871
3695,834
3696,654
3697,510
3698,399
3699,311
3700,245
3701,192
3702,152
3703,120
3704,210
3705,375
3706,508
3707,612
3708,695
3709,760
3710,812
3711,853
3712,885
3713,746
3714,583
3715,456
3716,356
3717,279
3718,218
3719,172
3720,136
3721,109
3722,291
3723,442
3724,560
3725,654
3726,727
3727,786
3728,832
3729,869
3730,850
3731,666
3732,519
3733,406
3734,317
3735,249
3736,195
3737,155
3738,122
3739,197
3740,365
3741,500
3742,606
3743,690
3744,756
3745,809
3746,850
3747,884
3748,758
3749,594
3750,464
3751,363
3752,283
3753,223
3754,175
3755,138
3756,110
3757,279
3758,431
3759,552
3760,647
3761,723
3762,782
3763,830
3764,866
3765,867
3766,677
3767,530
3768,413
3769,324
3770,253
3771,200
3772,157
3773,125
3774,181
3775,355
3776,491
3777,599
3778,684
3779,752
3780,805
3781,848
3782,881
3783,773
3784,604
3785,473
3786,369
3787,289
3788,227
3789,179
3790,141
3791,112
3792,267
3793,422
3794,544
3795,642
3796,718
3797,779
3798,827
3799,865
3800,895
3801,691
3802,540
3803,422
3804,331
3805,259
3806,204
3807,160
3808,127
3809,166
3810,344
3811,482
3812,593
3813,679
3814,748
3815,802
3816,845
3817,879
3818,787
3819,616
3820,482
3821,377
3822,295
3823,232
3824,182
3825,144
3826,114
3827,254
3828,413
3829,536
3830,636
3831,713
3832,775
3833,823
3834,862
3835,893
3836,704
3837,550
3838,430
3839,336
3840,263
3841,207
3842,163
3843,129
3844,152
3845,332
3846,474
3847,585
3848,674
3849,743
3850,799
3851,842
3852,877
3853,800
3854,628
3855,489
3856,383
3857,299
3858,235
3859,185
3860,146
3861,115
3862,243
3863,401
3864,529
3865,628
3866,708
3867,771
3868,820
3869,860
3870,891
3871,714
3872,560
3873,436
3874,342
3875,268
3876,211
3877,165
3878,132
3879,135
3880,322
3881,464
3882,578
3883,669
3884,739
3885,795
3886,840
3887,875
3888,814
3889,639
3890,498
3891,390
3892,304
3893,239
3894,188
3895,148
3896,118
3897,230
3898,392
3899,520
3900,623
3901,703
3902,767
3903,817
3904,857
3905,888
3906,728
3907,569
3908,445
3909,347
3910,273
3911,213
3912,168
3913,133
3914,101
3915,310
3916,455
3917,571
3918,662
3919,735
3920,791
3921,837
3922,872
3923,830
3924,649
3925,508
3926,397
3927,311
3928,243
3929,191
3930,151
3931,120
3932,215
3933,381
3934,512
3935,616
3936,698
3937,763
3938,814
3939,855
3940,886
3941,742
3942,580
3943,453
3944,353
3945,277
3946,217
3947,171
3948,135
3949,108
3950,297
3951,446
3952,563
3953,657
3954,730
3955,788
3956,834
3957,870
3958,843
3959,662
3960,516
3961,404
3962,315
3963,247
3964,194
3965,153
3966,121
3967,202
3968,372
3969,503
3970,609
3971,692
3972,758
3973,811
3974,852
3975,884
3976,754
3977,589
3978,460
3979,359
3980,281
3981,220
3982,174
3983,137
3984,109
3985,284
3986,436
3987,555
3988,651
3989,724
3990,784
3991,830
3992,868
3993,858
3994,673
3995,524
3996,410
3997,320
3998,251
3999,197
4000,156
4001,123
4002,188
4003,359
4004,495
4005,602
4006,687
4007,753
4008,807
4009,849
4010,882
4011,765
4012,599
4013,467
4014,365
4015,286
4016,224
4017,177
4018,139
4019,111
4020,271
4021,426
4022,547
4023,644
4024,720
4025,780
4026,828
4027,865
4028,895
4029,685
4030,533
4031,417
4032,326
4033,256
4034,201
4035,158
4036,125
4037,174
4038,348
4039,486
4040,595
4041,682
4042,749
4043,804
4044,846
4045,880
4046,779
4047,612
4048,476
4049,373
4050,291
4051,229
4052,180
4053,142
4054,113
4055,261
4056,417
4057,541
4058,639
4059,716
4060,776
4061,825
4062,863
4063,893
4064,697
4065,543
4066,425
4067,332
4068,260
4069,204
4070,161
4071,128
4072,160
4073,337
4074,478
4075,588
4076,676
4077,745
4078,800
4079,843
4080,878
4081,793
4082,623
4083,485
4084,380
4085,297
4086,233
4087,183
4088,145
4089,115
4090,248
4091,405
4092,532
4093,631
4094,710
4095,772
4096,821
4097,861
4098,892
4099,709
4100,555
4101,434
4102,338
4103,266
4104,208
4105,165
4106,130
4107,143
4108,327
4109,468
4110,581
4111,671
4112,741
4113,797
4114,841
4115,876
4116,809
4117,632
4118,495
4119,386
4120,303
4121,237
4122,187
4123,147
4124,117
4125,234
4126,397
4127,523
4128,626
4129,705
4130,769
4131,818
4132,859
4133,889
4134,723
4135,564
4136,442
4137,344
4138,271
4139,212
4140,167
4141,133
4142,128
4143,315
4144,460
4145,573
4146,665
4147,736
4148,793
4149,838
4150,874
4151,822
4152,646
4153,503
4154,394
4155,308
4156,242
4157,190
4158,150
4159,119
4160,221
4161,384
4162,515
4163,619
4164,699
4165,764
4166,815
4167,855
4168,887
4169,735
4170,575
4171,450
4172,351
4173,275
4174,216
4175,170
4176,135
4177,104
4178,302
4179,451
4180,566
4181,659
4182,733
4183,790
4184,835
4185,872
4186,839
4187,657
4188,512
4189,401
4190,314
4191,245
4192,194
4193,153
4194,121
4195,209
4196,375
4197,508
4198,612
4199,695
4200,760
4201,812
4202,853
4203,886
4204,747
4205,586
4206,457
4207,358
4208,280
4209,220
4210,173
4211,137
4212,109
4213,292
4214,440
4215,560
4216,653
4217,728
4218,786
4219,833
4220,869
4221,854
4222,668
4223,523
4224,407
4225,319
4226,250
4227,197
4228,155
4229,123
4230,194
4231,365
4232,498
4233,606
4234,689
4235,756
4236,808
4237,851
4238,883
4239,761
4240,595
4241,466
4242,363
4243,285
4244,223
4245,176
4246,139
4247,110
4248,277
4249,431
4250,551
4251,647
4252,722
4253,782
4254,829
4255,867
4256,868
4257,680
4258,531
4259,415
4260,324
4261,255
4262,199
4263,158
4264,125
4265,181
4266,353
4267,490
4268,599
4269,685
4270,752
4271,806
4272,848
4273,881
4274,775
4275,606
4276,474
4277,369
4278,290
4279,227
4280,179
4281,141
4282,112
4283,265
4284,421
4285,543
4286,642
4287,717
4288,779
4289,826
4290,864
4291,895
4292,692
4293,540
4294,422
4295,330
4296,259
4297,203
4298,160
4299,126
4300,166
4301,342
4302,482
4303,591
4304,679
4305,747
4306,802
4307,845
4308,879
4309,787
4310,615
4311,481
4312,375
4313,294
4314,230
4315,181
4316,144
4317,114
4318,253
4319,409
4320,535
4321,634
4322,712
4323,773
4324,823
4325,862
4326,892
4327,702
4328,550
4329,428
4330,335
4331,262
4332,206
4333,162
4334,129
4335,149
4336,331
4337,472
4338,584
4339,673
4340,743
4341,798
4342,842
4343,877
4344,802
4345,627
4346,490
4347,382
4348,300
4349,234
4350,185
4351,145
4352,115
4353,241
4354,401
4355,528
4356,628
4357,707
4358,770
4359,819
4360,859
4361,890
4362,717
4363,559
4364,438
4365,341
4366,268
4367,210
4368,165
4369,131
4370,133
4371,320
4372,463
4373,577
4374,667
4375,738
4376,794
4377,839
4378,874
4379,816
4380,638
4381,499
4382,389
4383,305
4384,239
4385,188
4386,148
4387,118
4388,226
4389,390
4390,518
4391,622
4392,701
4393,766
4394,816
4395,857
4396,888
4397,729
4398,570
4399,445
4400,348
4401,272
4402,213
4403,168
4404,133
4405,101
4406,308
4407,453
4408,570
4409,661
4410,734
4411,790
4412,836
4413,872
4414,831
4415,649
4416,508
4417,396
4418,311
4419,243
4420,192
4421,151
4422,120
4423,213
4424,380
4425,510
4426,615
4427,697
4428,762
4429,813
4430,854
4431,886
4432,744
4433,580
4434,454
4435,354
4436,278
4437,218
4438,171
4439,136
4440,108
4441,297
4442,446
4443,563
4444,655
4445,730
4446,787
4447,834
4448,870
4449,846
4450,661
4451,518
4452,404
4453,317
4454,248
4455,195
4456,154
4457,122
4458,200
4459,370
4460,502
4461,609
4462,691
4463,758
4464,810
4465,851
4466,884
4467,756
4468,590
4469,462
4470,360
4471,283
4472,222
4473,175
4474,138
4475,110
4476,283
4477,436
4478,554
4479,650
4480,725
4481,784
4482,830
4483,868
4484,862
4485,674
4486,527
4487,412
4488,322
4489,253
4490,199
4491,156
4492,124
4493,186
4494,359
4495,494
4496,602
4497,687
4498,754
4499,807
4500,849
4501,883
4502,770
4503,602
4504,472
4505,368
4506,289
4507,226
4508,178
4509,140
4510,112
4511,271
4512,426
4513,547
4514,644
4515,719
4516,780
4517,828
4518,866
4519,895
4520,686
4521,537
4522,420
4523,327
4524,258
4525,203
4526,160
4527,126
4528,173
4529,347
4530,486
4531,594
4532,682
4533,749
4534,804
4535,846
4536,880
4537,781
4538,612
4539,479
4540,374
4541,293
4542,230
4543,181
4544,143
4545,113
4546,258
4547,416
4548,539
4549,638
4550,714
4551,776
4552,824
4553,863
4554,894
4555,697
4556,547
4557,426
4558,334
4559,261
4560,205
4561,161
4562,128
4563,156
4564,337
4565,476
4566,587
4567,675
4568,745
4569,800
4570,843
4571,878
4572,797
4573,623
4574,488
4575,380
4576,298
4577,233
4578,184
4579,145
4580,115
4581,246
4582,405
4583,531
4584,631
4585,709
4586,772
4587,821
4588,861
4589,891
4590,711
4591,555
4592,435
4593,339
4594,266
4595,208
4596,164
4597,130
4598,143
4599,324
4600,468
4601,580
4602,671
4603,740
4604,796
4605,840
4606,876
4607,809
4608,633
4609,496
4610,387
4611,302
4612,237
4613,187
4614,147
4615,117
4616,232
4617,395
4618,522
4619,625
4620,704
4621,768
4622,818
4623,858
4624,889
4625,724
4626,565
4627,442
4628,345
4629,270
4630,211
4631,167
4632,132
4633,100
4634,314
4635,457
4636,573
4637,664
4638,736
4639,792
4640,838
4641,873
4642,825
4643,645
4644,505
4645,393
4646,309
4647,241
4648,190
4649,150
4650,119
4651,220
4652,384
4653,515
4654,618
4655,699
4656,764
4657,815
4658,855
4659,887
4660,736
4661,574
4662,449
4663,350
4664,275
4665,215
4666,170
4667,134
4668,106
4669,302
4670,448
4671,566
4672,658
4673,731
4674,788
4675,835
4676,870
4677,839
4678,656
4679,513
4680,400
4681,313
4682,245
4683,193
4684,152
4685,121
4686,206
4687,374
4688,505
4689,611
4690,694
4691,760
4692,811
4693,852
4694,885
4695,749
4696,586
4697,458
4698,357
4699,280
4700,219
4701,173
4702,136
4703,108
4704,288
4705,439
4706,558
4707,652
4708,726
4709,785
4710,831
4711,868
4712,853
4713,669
4714,521
4715,408
4716,318
4717,250
4718,196
4719,155
4720,123
4721,193
4722,362
4723,498
4724,604
4725,689
4726,755
4727,808
4728,850
4729,883
4730,761
4731,596
4732,465
4733,364
4734,284
4735,223
4736,176
4737,139
4738,110
4739,276
4740,429
4741,550
4742,646
4743,721
4744,781
4745,828
4746,866
4747,870
4748,681
4749,531
4750,415
4751,325
4752,255
4753,200
4754,158
4755,125
4756,179
4757,351
4758,490
4759,597
4760,684
4761,750
4762,805
4763,847
4764,881
4765,776
4766,609
4767,475
4768,371
4769,290
4770,228
4771,179
4772,142
4773,113
4774,266
4775,419
4776,543
4777,640
4778,717
4779,778
4780,826
4781,864
4782,894
4783,692
4784,541
4785,424
4786,331
4787,260
4788,203
4789,161
4790,127
4791,165
4792,340
4793,481
4794,591
4795,677
4796,747
4797,801
4798,845
4799,879
4800,790
4801,617
4802,484
4803,378
4804,295
4805,233
4806,182
4807,145
4808,114
4809,253
4810,409
4811,534
4812,634
4813,712
4814,774
4815,823
4816,862
4817,892
4818,706
4819,551
4820,432
4821,337
4822,264
4823,208
4824,164
4825,130
4826,148
4827,329
4828,472
4829,583
4830,673
4831,742
4832,799
4833,842
4834,877
4835,803
4836,631
4837,492
4838,385
4839,301
4840,237
4841,186
4842,147
4843,116
4844,240
4845,399
4846,527
4847,627
4848,707
4849,770
4850,820
4851,859
4852,890
4853,718
4854,563
4855,439
4856,344
4857,269
4858,211
4859,166
4860,132
4861,131
4862,319
4863,462
4864,577
4865,667
4866,738
4867,795
4868,839
4869,875
4870,818
4871,640
4872,501
4873,391
4874,306
4875,240
4876,189
4877,149
4878,118
4879,225
4880,389
4881,518
4882,621
4883,702
4884,766
4885,816
4886,857
4887,889
4888,731
4889,571
4890,447
4891,349
4892,274
4893,214
4894,169
4895,133
4896,102
4897,306
4898,454
4899,569
4900,661
4901,733
4902,791
4903,837
4904,873
4905,832
4906,653
4907,510
4908,398
4909,312
4910,244
4911,192
4912,151
4913,120
4914,212
4915,379
4916,510
4917,615
4918,696
4919,762
4920,813
4921,854
4922,886
4923,743
4924,583
4925,455
4926,356
4927,278
4928,218
4929,172
4930,136
4931,108
4932,295
4933,443
4934,562
4935,655
4936,729
4937,787
4938,833
4939,870
4940,848
4941,663
4942,520
4943,405
4944,317
4945,248
4946,195
4947,154
4948,122
4949,198
4950,367
4951,501
4952,607
4953,691
4954,757
4955,809
4956,851
4957,884
4958,757
4959,591
4960,464
4961,361
4962,283
4963,222
4964,175
4965,138
4966,110
4967,282
4968,434
4969,553
4970,649
4971,723
4972,783
4973,830
4974,867
4975,862
4976,676
4977,527
4978,412
4979,322
4980,252
4981,198
4982,157
4983,124
4984,186
4985,356
4986,494
4987,600
4988,687
4989,753
4990,807
4991,848
4992,882
4993,770
4994,602
4995,470
4996,367
4997,287
4998,225
4999,177
5000,140
5001,111
5002,269
5003,424
5004,545
5005,643
5006,718
5007,779
5008,827
5009,865
5010,894
5011,686
5012,537
5013,418
5014,328
5015,256
5016,202
5017,159
5018,126
5019,169
5020,346
5021,484
5022,594
5023,680
5024,749
5025,802
5026,846
5027,879
5028,783
5029,612
5030,479
5031,373
5032,292
5033,229
5034,181
5035,142
5036,113
5037,256
5038,413
5039,538
5040,636
5041,714
5042,775
5043,824
5044,862
5045,893
5046,699
5047,545
5048,427
5049,333
5050,261
5051,205
5052,161
5053,128
5054,155
5055,335
5056,475
5057,587
5058,674
5059,744
5060,799
5061,843
5062,877
5063,798
5064,624
5065,488
5066,381
5067,298
5068,234
5069,184
5070,145
5071,116
5072,244
5073,404
5074,530
5075,631
5076,709
5077,771
5078,821
5079,860
5080,891
5081,712
5082,557
5083,435
5084,339
5085,266
5086,209
5087,165
5088,130
5089,141
5090,323
5091,467
5092,579
5093,669
5094,739
5095,796
5096,840
5097,875
5098,810
5099,636
5100,495
5101,388
5102,303
5103,238
5104,187
5105,148
5106,117
5107,232
5108,393
5109,522
5110,623
5111,704
5112,768
5113,817
5114,858
5115,889
5116,725
5117,566
5118,443
5119,345
5120,270
5121,213
5122,168
5123,132
5124,100
5125,312
5126,457
5127,572
5128,663
5129,735
5130,792
5131,837
5132,873
5133,825
5134,648
5135,505
5136,395
5137,309
5138,243
5139,191
5140,151
5141,120
5142,218
5143,384
5144,513
5145,618
5146,698
5147,763
5148,814
5149,855
5150,887
5151,738
5152,577
5153,452
5154,352
5155,277
5156,217
5157,171
5158,135
5159,107
5160,301
5161,447
5162,565
5163,659
5164,730
5165,788
5166,834
5167,871
5168,840
5169,660
5170,515
5171,403
5172,315
5173,247
5174,194
5175,153
5176,121
5177,206
5178,372
5179,506
5180,610
5181,694
5182,759
5183,812
5184,852
5185,885
5186,750
5187,589
5188,459
5189,360
5190,281
5191,221
5192,174
5193,138
5194,109
5195,289
5196,438
5197,558
5198,652
5199,726
5200,785
5201,832
5202,869
5203,858
5204,670
5205,525
5206,410
5207,321
5208,252
5209,197
5210,156
5211,123
5212,192
5213,362
5214,498
5215,604
5216,689
5217,755
5218,808
5219,850
5220,883
5221,763
5222,599
5223,467
5224,366
5225,286
5226,225
5227,176
5228,139
5229,110
5230,277
5231,428
5232,550
5233,645
5234,721
5235,781
5236,829
5237,866
5238,872
5239,683
5240,533
5241,417
5242,326
5243,255
5244,200
5245,158
5246,125
5247,178
5248,352
5249,488
5250,597
5251,684
5252,751
5253,805
5254,847
5255,881
5256,778
5257,608
5258,476
5259,371
5260,291
5261,228
5262,180
5263,142
5264,112
5265,263
5266,419
5267,541
5268,640
5269,716
5270,777
5271,825
5272,864
5273,894
5274,694
5275,544
5276,424
5277,332
5278,259
5279,204
5280,160
5281,127
5282,161
5283,339
5284,479
5285,590
5286,677
5287,746
5288,801
5289,844
5290,878
5291,790
5292,619
5293,484
5294,378
5295,295
5296,232
5297,183
5298,144
5299,114
5300,249
5301,409
5302,533
5303,633
5304,711
5305,773
5306,822
5307,861
5308,892
5309,706
5310,553
5311,431
5312,337
5313,263
5314,207
5315,163
5316,129
5317,146
5318,329
5319,470
5320,583
5321,671
5322,742
5323,797
5324,841
5325,876
5326,805
5327,629
5328,492
5329,384
5330,301
5331,235
5332,185
5333,146
5334,116
5335,237
5336,397
5337,525
5338,626
5339,706
5340,769
5341,818
5342,859
5343,889
5344,720
5345,561
5346,439
5347,342
5348,269
5349,211
5350,166
5351,131
5352,131
5353,316
5354,462
5355,575
5356,666
5357,737
5358,794
5359,838
5360,874
5361,818
5362,642
5363,500
5364,391
5365,305
5366,240
5367,188
5368,149
5369,118
5370,225
5371,387
5372,518
5373,619
5374,701
5375,765
5376,816
5377,856
5378,888
5379,731
5380,572
5381,447
5382,348
5383,273
5384,214
5385,169
5386,133
5387,102
5388,306
5389,451
5390,568
5391,660
5392,732
5393,790
5394,836
5395,872
5396,832
5397,654
5398,509
5399,398
5400,311
5401,245
5402,192
5403,152
5404,120
5405,212
5406,377
5407,509
5408,613
5409,696
5410,760
5411,813
5412,853
5413,886
5414,743
5415,582
5416,454
5417,355
5418,278
5419,218
5420,172
5421,136
5422,108
5423,292
5424,442
5425,561
5426,654
5427,728
5428,786
5429,833
5430,869
5431,849
5432,664
5433,519
5434,405
5435,318
5436,248
5437,196
5438,154
5439,122
5440,196
5441,367
5442,500
5443,607
5444,690
5445,757
5446,809
5447,851
5448,884
5449,758
5450,592
5451,464
5452,361
5453,283
5454,222
5455,175
5456,138
5457,110
5458,280
5459,433
5460,552
5461,648
5462,724
5463,782
5464,829
5465,867
5466,864
5467,676
5468,530
5469,413
5470,324
5471,253
5472,200
5473,157
5474,125
5475,183
5476,356
5477,492
5478,600
5479,685
5480,752
5481,806
5482,848
5483,882
5484,773
5485,604
5486,473
5487,369
5488,289
5489,227
5490,179
5491,141
5492,112
5493,268
5494,424
5495,545
5496,643
5497,718
5498,779
5499,827
5500,865
5501,895
5502,688
5503,540
5504,421
5505,329
5506,258
5507,203
5508,160
5509,127
5510,168
5511,345
5512,483
5513,593
5514,679
5515,748
5516,802
5517,846
5518,879
5519,786
5520,615
5521,482
5522,376
5523,295
5524,231
5525,182
5526,143
5527,114
5528,255
5529,413
5530,536
5531,636
5532,713
5533,775
5534,823
5535,862
5536,892
5537,702
5538,548
5539,429
5540,335
5541,263
5542,206
5543,163
5544,128
5545,155
5546,333
5547,475
5548,586
5549,675
5550,744
5551,799
5552,843
5553,878
5554,800
5555,625
5556,490
5557,382
5558,300
5559,234
5560,185
5561,145
5562,115
5563,244
5564,402
5565,530
5566,629
5567,709
5568,771
5569,821
5570,860
5571,891
5572,713
5573,559
5574,436
5575,341
5576,267
5577,210
5578,165
5579,131
5580,137
5581,323
5582,465
5583,579
5584,668
5585,740
5586,796
5587,840
5588,875
5589,813
5590,638
5591,498
5592,389
5593,304
5594,239
5595,188
5596,148
5597,117
5598,230
5599,393
5600,521
5601,623
5602,703
5603,767
5604,817
5605,858
5606,889
5607,725
5608,569
5609,444
5610,347
5611,271
5612,213
5613,168
5614,133
5615,100
5616,310
5617,457
5618,571
5619,663
5620,735
5621,792
5622,837
5623,873
5624,828
5625,650
5626,507
5627,397
5628,310
5629,243
5630,191
5631,151
5632,119
5633,216
5634,381
5635,512
5636,616
5637,698
5638,763
5639,814
5640,855
5641,887
5642,741
5643,579
5644,453
5645,353
5646,277
5647,217
5648,171
5649,135
5650,108
5651,298
5652,448
5653,564
5654,658
5655,730
5656,789
5657,834
5658,871
5659,841
5660,660
5661,515
5662,402
5663,314
5664,247
5665,194
5666,153
5667,121
5668,202
5669,372
5670,504
5671,610
5672,692
5673,759
5674,810
5675,852
5676,884
5677,752
5678,588
5679,459
5680,359
5681,280
5682,220
5683,173
5684,137
5685,109
5686,287
5687,436
5688,557
5689,650
5690,725
5691,784
5692,831
5693,867
5694,858
5695,670
5696,524
5697,408
5698,320
5699,250
5700,197
5701,155
5702,123
5703,189
5704,361
5705,495
5706,603
5707,687
5708,754
5709,807
5710,850
5711,882
5712,765
5713,597
5714,467
5715,364
5716,286
5717,224
5718,176
5719,140
5720,111
5721,275
5722,428
5723,549
5724,644
5725,721
5726,780
5727,828
5728,865
5729,874
5730,683
5731,532
5732,417
5733,326
5734,255
5735,200
5736,158
5737,125
5738,176
5739,349
5740,487
5741,595
5742,682
5743,750
5744,804
5745,846
5746,880
5747,777
5748,609
5749,475
5750,372
5751,290
5752,228
5753,179
5754,142
5755,113
5756,261
5757,418
5758,540
5759,639
5760,716
5761,776
5762,824
5763,863
5764,893
5765,696
5766,543
5767,425
5768,332
5769,260
5770,204
5771,161
5772,127
5773,161
5774,338
5775,479
5776,589
5777,677
5778,746
5779,800
5780,844
5781,878
5782,791
5783,621
5784,484
5785,379
5786,296
5787,232
5788,183
5789,145
5790,114
5791,250
5792,407
5793,533
5794,632
5795,711
5796,772
5797,822
5798,861
5799,892
5800,707
5801,554
5802,432
5803,337
5804,265
5805,209
5806,164
5807,130
5808,146
5809,327
5810,470
5811,581
5812,671
5813,741
5814,797
5815,841
5816,876
5817,806
5818,633
5819,493
5820,386
5821,302
5822,237
5823,186
5824,147
5825,117
5826,237
5827,397
5828,525
5829,626
5830,706
5831,768
5832,819
5833,859
5834,890
5835,720
5836,564
5837,440
5838,345
5839,270
5840,212
5841,167
5842,132
5843,129
5844,315
5845,461
5846,576
5847,666
5848,737
5849,794
5850,839
5851,874
5852,820
5853,645
5854,503
5855,394
5856,308
5857,242
5858,190
5859,150
5860,119
5861,223
5862,387
5863,516
5864,620
5865,701
5866,765
5867,815
5868,856
5869,888
5870,734
5871,573
5872,449
5873,350
5874,275
5875,215
5876,170
5877,135
5878,104
5879,305
5880,450
5881,568
5882,659
5883,732
5884,790
5885,836
5886,872
5887,837
5888,655
5889,511
5890,399
5891,313
5892,245
5893,193
5894,152
5895,120
5896,209
5897,377
5898,508
5899,614
5900,695
5901,761
5902,812
5903,854
5904,886
5905,748
5906,584
5907,457
5908,357
5909,280
5910,219
5911,173
5912,136
5913,109
5914,292
5915,442
5916,559
5917,654
5918,727
5919,787
5920,832
5921,869
5922,850
5923,667
5924,520
5925,407
5926,318
5927,250
5928,196
5929,155
5930,122
5931,197
5932,366
5933,500
5934,607
5935,690
5936,757
5937,809
5938,851
5939,884
5940,760
5941,594
5942,466
5943,363
5944,284
5945,223
5946,175
5947,138
5948,110
5949,280
5950,431
5951,552
5952,647
5953,723
5954,782
5955,830
5956,867
5957,868
5958,678
5959,531
5960,414
5961,324
5962,254
5963,199
5964,156
5965,124
5966,181
5967,355
5968,490
5969,599
5970,684
5971,752
5972,805
5973,848
5974,882
5975,774
5976,606
5977,473
5978,369
5979,289
5980,226
5981,178
5982,141
5983,112
5984,266
5985,423
5986,544
5987,642
5988,717
5989,779
5990,826
5991,864
5992,894
5993,689
5994,539
5995,420
5996,329
5997,257
5998,203
5999,159
6000,126
6001,166
6002,344
6003,481
6004,592
6005,679
6006,748
6007,802
6008,845
6009,879
6010,787
6011,614
6012,481
6013,375
6014,294
6015,230
6016,180
6017,144
6018,114
6019,255
6020,412
6021,537
6022,635
6023,713
6024,774
6025,823
6026,862
6027,892
6028,702
6029,547
6030,428
6031,334
6032,262
6033,206
6034,162
6035,129
6036,153
6037,331
6038,474
6039,584
6040,674
6041,743
6042,799
6043,842
6044,877
6045,799
6046,627
6047,489
6048,382
6049,299
6050,235
6051,184
6052,146
6053,115
6054,243
6055,401
6056,529
6057,628
6058,708
6059,771
6060,820
6061,859
6062,890
6063,714
6064,559
6065,435
6066,341
6067,267
6068,209
6069,165
6070,131
6071,135
6072,321
6073,464
6074,578
6075,668
6076,739
6077,794
6078,839
6079,874
6080,814
6081,637
6082,498
6083,388
6084,304
6085,238
6086,188
6087,148
6088,118
6089,228
6090,392
6091,520
6092,622
6093,703
6094,766
6095,817
6096,857
6097,889
6098,728
6099,568
6100,444
6101,347
6102,271
6103,213
6104,168
6105,133
6106,100
6107,310
6108,454
6109,571
6110,662
6111,734
6112,791
6113,837
6114,872
6115,829
6116,648
6117,508
6118,396
6119,310
6120,243
6121,191
6122,151
6123,120
6124,215
6125,381
6126,511
6127,616
6128,698
6129,762
6130,813
6131,854
6132,887
6133,741
6134,579
6135,453
6136,353
6137,277
6138,217
6139,172
6140,135
6141,108
6142,297
6143,446
6144,564
6145,656
6146,729
6147,787
6148,834
6149,870
6150,845
6151,660
6152,517
6153,403
6154,316
6155,247
6156,195
6157,154
6158,122
6159,201
6160,371
6161,503
6162,609
6163,692
6164,758
6165,810
6166,852
6167,885
6168,754
6169,590
6170,462
6171,360
6172,283
6173,222
6174,175
6175,138
6176,110
6177,284
6178,436
6179,555
6180,651
6181,725
6182,784
6183,831
6184,868
6185,859
6186,675
6187,527
6188,411
6189,322
6190,252
6191,199
6192,157
6193,124
6194,188
6195,361
6196,495
6197,603
6198,688
6199,755
6200,807
6201,850
6202,883
6203,767
6204,601
6205,469
6206,367
6207,287
6208,226
6209,177
6210,141
6211,111
6212,274
6213,426
6214,548
6215,644
6216,720
6217,780
6218,828
6219,865
6220,896
6221,685
6222,535
6223,418
6224,327
6225,257
6226,201
6227,159
6228,126
6229,175
6230,350
6231,487
6232,596
6233,682
6234,750
6235,804
6236,846
6237,880
6238,779
6239,612
6240,477
6241,374
6242,292
6243,229
6244,180
6245,143
6246,113
6247,260
6248,417
6249,540
6250,638
6251,715
6252,777
6253,825
6254,863
6255,894
6256,696
6257,546
6258,425
6259,333
6260,260
6261,205
6262,161
6263,128
6264,158
6265,338
6266,477
6267,589
6268,676
6269,746
6270,800
6271,844
6272,878
6273,795
6274,623
6275,487
6276,381
6277,297
6278,233
6279,184
6280,145
6281,115
6282,247
6283,407
6284,531
6285,632
6286,710
6287,773
6288,821
6289,861
6290,892
6291,710
6292,555
6293,434
6294,338
6295,266
6296,208
6297,164
6298,129
6299,144
6300,325
6301,469
6302,581
6303,671
6304,741
6305,797
6306,841
6307,876
6308,807
6309,634
6310,494
6311,386
6312,302
6313,237
6314,186
6315,146
6316,116
6317,234
6318,395
6319,523
6320,624
6321,705
6322,768
6323,818
6324,858
6325,889
6326,721
6327,566
6328,440
6329,345
6330,269
6331,212
6332,167
6333,132
6334,128
6335,314
6336,460
6337,573
6338,665
6339,736
6340,793
6341,838
6342,874
6343,821
6344,644
6345,502
6346,393
6347,306
6348,241
6349,189
6350,150
6351,118
6352,222
6353,385
6354,516
6355,618
6356,700
6357,764
6358,815
6359,855
6360,887
6361,733
6362,573
6363,448
6364,350
6365,274
6366,215
6367,169
6368,134
6369,104
6370,302
6371,450
6372,566
6373,659
6374,731
6375,789
6376,834
6377,871
6378,836
6379,655
6380,511
6381,400
6382,312
6383,245
6384,192
6385,152
6386,120
6387,208
6388,374
6389,508
6390,611
6391,695
6392,759
6393,812
6394,852
6395,885
6396,748
6397,584
6398,457
6399,356
6400,278
6401,219
6402,172
6403,136
6404,108
6405,290
6406,440
6407,558
6408,653
6409,727
6410,785
6411,832
6412,869
6413,853
6414,666
6415,521
6416,406
6417,319
6418,249
6419,197
6420,155
6421,123
6422,193
6423,365
6424,498
6425,605
6426,689
6427,755
6428,808
6429,850
6430,883
6431,760
6432,595
6433,464
6434,363
6435,284
6436,223
6437,176
6438,139
6439,110
6440,279
6441,430
6442,551
6443,648
6444,721
6445,781
6446,829
6447,867
6448,866
6449,679
6450,530
6451,415
6452,324
6453,254
6454,199
6455,157
6456,124
6457,181
6458,353
6459,490
6460,598
6461,684
6462,751
6463,805
6464,848
6465,881
6466,774
6467,607
6468,473
6469,371
6470,290
6471,228
6472,179
6473,142
6474,112
6475,267
6476,420
6477,544
6478,640
6479,717
6480,778
6481,826
6482,864
6483,894
6484,692
6485,540
6486,421
6487,331
6488,260
6489,203
6490,160
6491,127
6492,166
6493,342
6494,482
6495,591
6496,679
6497,747
6498,802
6499,845
6500,879
6501,787
6502,618
6503,482
6504,377
6505,295
6506,232
6507,182
6508,144
6509,115
6510,254
6511,410
6512,536
6513,634
6514,713
6515,774
6516,823
6517,862
6518,893
6519,703
6520,551
6521,430
6522,337
6523,263
6524,207
6525,163
6526,129
6527,150
6528,332
6529,473
6530,585
6531,673
6532,743
6533,798
6534,843
6535,877
6536,803
6537,628
6538,492
6539,384
6540,301
6541,236
6542,186
6543,146
6544,116
6545,240
6546,401
6547,527
6548,629
6549,707
6550,771
6551,819
6552,860
6553,891
6554,717
6555,560
6556,438
6557,342
6558,268
6559,210
6560,166
6561,131
6562,133
6563,321
6564,463
6565,578
6566,668
6567,739
6568,795
6569,840
6570,875
6571,815
6572,639
6573,499
6574,390
6575,305
6576,239
6577,189
6578,148
6579,118
6580,227
6581,391
6582,519
6583,622
6584,702
6585,766
6586,817
6587,857
6588,889
6589,728
6590,571
6591,445
6592,349
6593,273
6594,214
6595,169
6596,133
6597,100
6598,307
6599,455
6600,569
6601,662
6602,734
6603,792
6604,836
6605,872
6606,830
6607,653
6608,509
6609,398
6610,311
6611,244
6612,192
6613,151
6614,120
6615,215
6616,380
6617,511
6618,615
6619,697
6620,762
6621,813
6622,854
6623,886
6624,742
6625,580
6626,454
6627,354
6628,278
6629,218
6630,171
6631,135
6632,108
6633,295
6634,445
6635,562
6636,656
6637,729
6638,787
6639,834
6640,870
6641,845
6642,664
6643,517
6644,405
6645,316
6646,248
6647,194
6648,154
6649,121
6650,201
6651,368
6652,503
6653,608
6654,692
6655,757
6656,810
6657,851
6658,884
6659,755
6660,591
6661,462
6662,360
6663,282
6664,221
6665,174
6666,138
6667,109
6668,283
6669,435
6670,554
6671,650
6672,724
6673,784
6674,830
6675,868
6676,860
6677,674
6678,526
6679,411
6680,321
6681,252
6682,197
6683,156
6684,123
6685,187
6686,357
6687,494
6688,601
6689,687
6690,753
6691,807
6692,848
6693,882
6694,767
6695,601
6696,468
6697,367
6698,286
6699,224
6700,177
6701,140
6702,111
6703,272
6704,425
6705,546
6706,644
6707,719
6708,780
6709,827
6710,865
6711,894
6712,684
6713,536
6714,417
6715,327
6716,256
6717,201
6718,158
6719,126
6720,171
6721,347
6722,485
6723,594
6724,681
6725,749
6726,803
6727,846
6728,880
6729,780
6730,612
6731,477
6732,373
6733,291
6734,229
6735,180
6736,142
6737,113
6738,258
6739,415
6740,538
6741,638
6742,715
6743,776
6744,825
6745,863
6746,893
6747,697
6748,546
6749,426
6750,333
6751,260
6752,205
6753,161
6754,128
6755,156
6756,336
6757,476
6758,588
6759,675
6760,745
6761,799
6762,843
6763,877
6764,796
6765,622
6766,486
6767,379
6768,297
6769,233
6770,184
6771,145
6772,115
6773,245
6774,405
6775,531
6776,631
6777,709
6778,772
6779,821
6780,860
6781,891
6782,710
6783,555
6784,433
6785,339
6786,266
6787,209
6788,164
6789,130
6790,140
6791,325
6792,467
6793,581
6794,670
6795,740
6796,796
6797,841
6798,876
6799,811
6800,633
6801,496
6802,387
6803,303
6804,237
6805,187
6806,147
6807,117
6808,232
6809,395
6810,522
6811,625
6812,704
6813,768
6814,818
6815,858
6816,889
6817,724
6818,565
6819,442
6820,345
6821,271
6822,213
6823,168
6824,133
6825,100
6826,314
6827,460
6828,573
6829,664
6830,736
6831,793
6832,838
6833,873
6834,825
6835,645
6836,505
6837,394
6838,309
6839,242
6840,191
6841,150
6842,119
6843,221
6844,384
6845,515
6846,618
6847,700
6848,763
6849,815
6850,855
6851,888
6852,737
6853,576
6854,451
6855,352
6856,276
6857,216
6858,171
6859,135
6860,106
6861,302
6862,448
6863,566
6864,658
6865,732
6866,789
6867,835
6868,871
6869,840
6870,659
6871,515
6872,403
6873,316
6874,247
6875,195
6876,153
6877,122
6878,206
6879,375
6880,506
6881,612
6882,694
6883,760
6884,811
6885,853
6886,886
6887,751
6888,586
6889,459
6890,358
6891,281
6892,220
6893,174
6894,137
6895,109
6896,289
6897,441
6898,558
6899,653
6900,726
6901,786
6902,832
6903,869
6904,853
6905,670
6906,523
6907,409
6908,320
6909,251
6910,197
6911,155
6912,123
6913,192
6914,363
6915,497
6916,604
6917,689
6918,756
6919,808
6920,850
6921,883
6922,763
6923,596
6924,467
6925,364
6926,286
6927,224
6928,176
6929,139
6930,111
6931,277
6932,430
6933,550
6934,647
6935,722
6936,782
6937,829
6938,866
6939,870
6940,681
6941,532
6942,416
6943,325
6944,255
6945,200
6946,158
6947,125
6948,179
6949,352
6950,490
6951,598
6952,684
6953,751
6954,805
6955,848
6956,881
6957,779
6958,610
6959,477
6960,373
6961,290
6962,228
6963,179
6964,142
6965,112
6966,265
6967,419
6968,543
6969,640
6970,717
6971,777
6972,826
6973,864
6974,894
6975,694
6976,542
6977,424
6978,331
6979,259
6980,204
6981,160
6982,127
6983,164
6984,340
6985,481
6986,590
6987,678
6988,746
6989,801
6990,844
6991,879
6992,789
6993,619
6994,482
6995,377
6996,295
6997,232
6998,182
6999,144
7000,114
7001,252
7002,409
7003,534
7004,633
7005,712
7006,773
7007,822
7008,861
7009,892
7010,703
7011,551
7012,429
7013,336
7014,263
7015,207
7016,162
7017,128
7018,147
7019,330
7020,470
7021,584
7022,672
7023,742
7024,797
7025,842
7026,876
7027,805
7028,629
7029,492
7030,383
7031,301
7032,235
7033,186
7034,145
7035,116
7036,238
7037,399
7038,526
7039,627
7040,708
7041,769
7042,819
7043,859
7044,890
7045,716
7046,560
7047,438
7048,342
7049,268
7050,210
7051,166
7052,131
7053,133
7054,317
7055,463
7056,576
7057,667
7058,737
7059,795
7060,838
7061,875
7062,816
7063,640
7064,499
7065,390
7066,305
7067,239
7068,188
7069,149
7070,118
7071,225
7072,388
7073,518
7074,620
7075,701
7076,765
7077,816
7078,856
7079,888
7080,728
7081,571
7082,445
7083,347
7084,272
7085,214
7086,168
7087,133
7088,101
7089,306
7090,453
7091,568
7092,661
7093,733
7094,790
7095,836
7096,872
7097,831
7098,651
7099,509
7100,397
7101,311
7102,243
7103,192
7104,151
7105,120
7106,212
7107,379
7108,510
7109,615
7110,696
7111,761
7112,813
7113,854
7114,886
7115,743
7116,580
7117,454
7118,354
7119,278
7120,218
7121,172
7122,136
7123,108
7124,294
7125,444
7126,562
7127,655
7128,728
7129,787
7130,833
7131,870
7132,846
7133,664
7134,518
7135,405
7136,317
7137,249
7138,195
7139,154
7140,122
7141,199
7142,367
7143,502
7144,607
7145,691
7146,757
7147,810
7148,851
7149,884
7150,755
7151,592
7152,462
7153,362
7154,283
7155,223
7156,175
7157,138
7158,110
7159,283
7160,433
7161,554
7162,649
7163,724
7164,783
7165,831
7166,867
7167,865
7168,676
7169,528
7170,413
7171,323
7172,253
7173,199
7174,157
7175,124
7176,184
7177,358
7178,493
7179,601
7180,686
7181,753
7182,806
7183,849
7184,882
7185,771
7186,603
7187,473
7188,368
7189,289
7190,226
7191,178
7192,141
7193,112
7194,270
7195,424
7196,546
7197,643
7198,719
7199,779
7200,827
7201,865
7202,895
7203,688
7204,539
7205,420
7206,329
7207,258
7208,203
7209,160
7210,126
7211,172
7212,347
7213,485
7214,594
7215,681
7216,749
7217,803
7218,846
7219,880
7220,784
7221,613
7222,480
7223,374
7224,294
7225,230
7226,181
7227,143
7228,113
7229,258
7230,413
7231,538
7232,636
7233,714
7234,775
7235,824
7236,863
7237,893
7238,700
7239,547
7240,428
7241,334
7242,262
7243,206
7244,162
7245,128
7246,156
7247,334
7248,476
7249,586
7250,675
7251,744
7252,800
7253,843
7254,877
7255,796
7256,624
7257,488
7258,381
7259,298
7260,235
7261,184
7262,146
7263,115
7264,245
7265,404
7266,531
7267,630
7268,710
7269,771
7270,821
7271,860
7272,891
7273,711
7274,558
7275,435
7276,341
7277,266
7278,209
7279,165
7280,130
7281,138
7282,324
7283,466
7284,580
7285,669
7286,741
7287,796
7288,841
7289,875
7290,812
7291,636
7292,497
7293,388
7294,304
7295,238
7296,187
7297,148
7298,117
7299,232
7300,394
7301,522
7302,624
7303,704
7304,768
7305,817
7306,858
7307,889
7308,726
7309,567
7310,444
7311,346
7312,272
7313,213
7314,168
7315,132
7316,100
7317,313
7318,457
7319,573
7320,663
7321,735
7322,792
7323,837
7324,873
7325,827
7326,646
7327,506
7328,394
7329,309
7330,242
7331,190
7332,150
7333,119
7334,217
7335,384
7336,514
7337,617
7338,698
7339,763
7340,814
7341,855
7342,887
7343,736
7344,576
7345,450
7346,351
7347,275
7348,216
7349,170
7350,134
7351,107
7352,300
7353,447
7354,565
7355,657
7356,731
7357,788
7358,834
7359,870
7360,841
7361,657
7362,514
7363,401
7364,314
7365,246
7366,193
7367,152
7368,121
7369,204
7370,373
7371,505
7372,611
7373,693
7374,759
7375,811
7376,853
7377,884
7378,750
7379,586
7380,458
7381,357
7382,279
7383,220
7384,173
7385,137
7386,108
7387,287
7388,438
7389,556
7390,652
7391,725
7392,785
7393,831
7394,868
7395,854
7396,670
7397,522
7398,408
7399,319
7400,250
7401,196
7402,155
7403,123
7404,192
7405,361
7406,497
7407,603
7408,688
7409,754
7410,807
7411,849
7412,882
7413,762
7414,598
7415,466
7416,365
7417,285
7418,224
7419,176
7420,140
7421,110
7422,276
7423,428
7424,550
7425,646
7426,721
7427,781
7428,828
7429,866
7430,871
7431,682
7432,531
7433,416
7434,324
7435,255
7436,200
7437,158
7438,125
7439,176
7440,351
7441,488
7442,598
7443,682
7444,751
7445,804
7446,847
7447,880
7448,778
7449,608
7450,476
7451,371
7452,291
7453,228
7454,179
7455,142
7456,113
7457,262
7458,419
7459,541
7460,639
7461,716
7462,777
7463,825
7464,864
7465,894
7466,693
7467,541
7468,423
7469,331
7470,259
7471,204
7472,161
7473,128
7474,161
7475,340
7476,479
7477,590
7478,677
7479,746
7480,800
7481,844
7482,879
7483,790
7484,620
7485,483
7486,378
7487,296
7488,233
7489,183
7490,145
7491,114
7492,250
7493,407
7494,534
7495,633
7496,711
7497,773
7498,822
7499,861
7500,892
7501,706
7502,553
7503,431
7504,338
7505,264
7506,208
7507,164
7508,130
7509,146
7510,328
7511,470
7512,582
7513,671
7514,741
7515,797
7516,842
7517,876
7518,806
7519,631
7520,493
7521,386
7522,302
7523,237
7524,186
7525,147
7526,117
7527,238
7528,398
7529,526
7530,626
7531,707
7532,769
7533,819
7534,859
7535,890
7536,720
7537,563
7538,440
7539,344
7540,270
7541,212
7542,167
7543,132
7544,131
7545,317
7546,462
7547,575
7548,667
7549,737
7550,794
7551,839
7552,874
7553,820
7554,643
7555,502
7556,393
7557,307
7558,241
7559,189
7560,149
7561,119
7562,224
7563,389
7564,517
7565,621
7566,701
7567,765
7568,816
7569,857
7570,888
7571,731
7572,574
7573,447
7574,351
7575,274
7576,216
7577,169
7578,134
7579,101
7580,304
7581,453
7582,568
7583,661
7584,733
7585,790
7586,836
7587,872
7588,834
7589,655
7590,511
7591,400
7592,312
7593,245
7594,193
7595,152
7596,121
7597,210
7598,377
7599,509
7600,613
7601,697
7602,761
7603,813
7604,853
7605,886
7606,745
7607,585
7608,456
7609,357
7610,279
7611,219
7612,172
7613,136
7614,108
7615,294
7616,442
7617,561
7618,654
7619,728
7620,786
7621,833
7622,869
7623,850
7624,665
7625,521
7626,406
7627,318
7628,249
7629,196
7630,154
7631,122
7632,196
7633,367
7634,500
7635,607
7636,690
7637,757
7638,810
7639,851
7640,884
7641,758
7642,594
7643,464
7644,362
7645,283
7646,222
7647,175
7648,138
7649,110
7650,281
7651,433
7652,553
7653,649
7654,723
7655,783
7656,830
7657,867
7658,866
7659,676
7660,529
7661,412
7662,323
7663,253
7664,199
7665,156
7666,124
7667,182
7668,356
7669,491
7670,600
7671,685
7672,753
7673,805
7674,849
7675,881
7676,773
7677,604
7678,472
7679,368
7680,288
7681,226
7682,178
7683,140
7684,112
7685,268
7686,423
7687,545
7688,642
7689,718
7690,779
7691,826
7692,865
7693,894
7694,687
7695,538
7696,419
7697,329
7698,257
7699,202
7700,159
7701,126
7702,168
7703,345
7704,483
7705,593
7706,679
7707,748
7708,802
7709,845
7710,879
7711,785
7712,613
7713,480
7714,374
7715,293
7716,229
7717,181
7718,143
7719,113
7720,254
7721,412
7722,535
7723,635
7724,713
7725,775
7726,823
7727,862
7728,892
7729,700
7730,548
7731,427
7732,335
7733,261
7734,206
7735,161
7736,128
7737,152
7738,334
7739,474
7740,586
7741,674
7742,744
7743,799
7744,843
7745,877
7746,799
7747,624
7748,488
7749,381
7750,298
7751,234
7752,184
7753,146
7754,115
7755,242
7756,403
7757,528
7758,630
7759,708
7760,771
7761,820
7762,860
7763,890
7764,713
7765,557
7766,434
7767,340
7768,266
7769,209
7770,165
7771,131
7772,139
7773,321
7774,466
7775,578
7776,669
7777,739
7778,795
7779,839
7780,875
7781,813
7782,636
7783,497
7784,388
7785,304
7786,238
7787,188
7788,147
7789,117
7790,229
7791,393
7792,520
7793,623
7794,703
7795,767
7796,817
7797,857
7798,888
7799,726
7800,567
7801,444
7802,346
7803,272
7804,213
7805,169
7806,133
7807,101
7808,311
7809,456
7810,572
7811,663
7812,735
7813,792
7814,837
7815,873
7816,828
7817,647
7818,507
7819,395
7820,310
7821,243
7822,191
7823,151
7824,119
7825,216
7826,383
7827,512
7828,617
7829,698
7830,763
7831,814
7832,855
7833,887
7834,740
7835,578
7836,453
7837,353
7838,277
7839,217
7840,171
7841,135
7842,107
7843,299
7844,446
7845,564
7846,657
7847,730
7848,788
7849,834
7850,870
7851,841
7852,659
7853,515
7854,403
7855,315
7856,247
7857,195
7858,153
7859,122
7860,203
7861,372
7862,504
7863,610
7864,693
7865,759
7866,811
7867,852
7868,885
7869,752
7870,590
7871,461
7872,360
7873,282
7874,221
7875,174
7876,138
7877,109
7878,287
7879,437
7880,557
7881,651
7882,726
7883,785
7884,832
7885,869
7886,859
7887,671
7888,526
7889,410
7890,322
7891,252
7892,198
7893,156
7894,123
7895,189
7896,360
7897,495
7898,603
7899,687
7900,755
7901,807
7902,850
7903,883
7904,766
7905,599
7906,469
7907,366
7908,287
7909,225
7910,177
7911,140
7912,111
7913,274
7914,428
7915,548
7916,645
7917,720
7918,781
7919,828
7920,866
7921,896
7922,683
7923,535
7924,417
7925,327
7926,256
7927,201
7928,158
7929,126
7930,175
7931,350
7932,487
7933,597
7934,682
7935,751
7936,805
7937,846
7938,880
7939,779
7940,610
7941,477
7942,373
7943,292
7944,229
7945,180
7946,142
7947,113
7948,261
7949,418
7950,540
7951,639
7952,716
7953,776
7954,825
7955,863
7956,894
7957,696
7958,543
7959,426
7960,332
7961,261
7962,204
7963,162
7964,127
7965,161
7966,338
7967,479
7968,589
7969,677
7970,746
7971,801
7972,844
7973,878
7974,792
7975,622
7976,485
7977,379
7978,296
7979,232
7980,183
7981,145
7982,115
7983,248
7984,407
7985,534
7986,632
7987,711
7988,773
7989,822
7990,861
7991,892
7992,709
7993,553
7994,432
7995,338
7996,264
7997,208
7998,164
7999,130
8000,144
8001,327
8002,469
8003,582
8004,671
8005,741
8006,797
8007,841
8008,876
8009,808
8010,632
8011,494
8012,385
8013,302
8014,236
8015,186
8016,146
8017,117
8018,235
8019,397
8020,524
8021,626
8022,706
8023,768
8024,818
8025,858
8026,889
8027,719
8028,563
8029,440
8030,343
8031,269
8032,211
8033,166
8034,132
8035,129
8036,315
8037,460
8038,574
8039,666
8040,737
8041,794
8042,838
8043,874
8044,819
8045,643
8046,501
8047,392
8048,306
8049,240
8050,189
8051,149
8052,118
8053,222
8054,384
8055,515
8056,618
8057,700
8058,764
8059,815
8060,855
8061,888
8062,732
8063,573
8064,447
8065,349
8066,273
8067,215
8068,169
8069,134
8070,102
8071,303
8072,451
8073,567
8074,660
8075,732
8076,790
8077,835
8078,872
8079,836
8080,653
8081,511
8082,398
8083,312
8084,244
8085,192
8086,151
8087,120
8088,209
8089,377
8090,508
8091,613
8092,695
8093,760
8094,812
8095,853
8096,885
8097,747
8098,583
8099,456
8100,355
8101,279
8102,219
8103,172
8104,136
8105,108
8106,291
8107,442
8108,560
8109,654
8110,727
8111,786
8112,832
8113,869
8114,851
8115,666
8116,521
8117,406
8118,318
8119,249
8120,196
8121,154
8122,122
8123,196
8124,365
8125,500
8126,605
8127,690
8128,756
8129,809
8130,850
8131,883
8132,758
8133,594
8134,464
8135,363
8136,284
8137,223
8138,176
8139,139
8140,110
8141,281
8142,431
8143,553
8144,647
8145,723
8146,782
8147,830
8148,867
8149,867
8150,676
8151,530
8152,414
8153,324
8154,254
8155,199
8156,157
8157,125
8158,183
8159,354
8160,491
8161,599
8162,685
8163,752
8164,806
8165,848
8166,881
8167,772
8168,606
8169,472
8170,370
8171,289
8172,227
8173,179
8174,141
8175,112
8176,268
8177,421
8178,545
8179,641
8180,718
8181,778
8182,826
8183,864
8184,895
8185,691
8186,539
8187,422
8188,330
8189,259
8190,203
8191,160
8192,127
8193,166
8194,344
8195,483
8196,592
8197,679
8198,748
8199,802
8200,846
8201,879
8202,787
8203,616
8204,482
8205,377
8206,295
8207,231
8208,182
8209,144
8210,114
8211,254
8212,412
8213,536
8214,636
8215,713
8216,775
8217,823
8218,862
8219,892
8220,704
8221,550
8222,431
8223,336
8224,264
8225,207
8226,163
8227,129
8228,151
8229,333
8230,473
8231,585
8232,673
8233,744
8234,798
8235,843
8236,877
8237,801
8238,628
8239,490
8240,383
8241,300
8242,235
8243,185
8244,146
8245,116
8246,241
8247,402
8248,528
8249,629
8250,708
8251,770
8252,820
8253,859
8254,891
8255,714
8256,560
8257,437
8258,342
8259,268
8260,210
8261,165
8262,131
8263,135
8264,322
8265,464
8266,578
8267,668
8268,739
8269,795
8270,840
8271,875
8272,815
8273,638
8274,499
8275,390
8276,305
8277,239
8278,187
8279,148
8280,118
8281,229
8282,392
8283,521
8284,622
8285,703
8286,766
8287,817
8288,857
8289,889
8290,727
8291,570
8292,445
8293,348
8294,272
8295,214
8296,168
8297,133
8298,100
8299,309
8300,456
8301,570
8302,663
8303,734
8304,792
8305,837
8306,873
8307,828
8308,650
8309,507
8310,397
8311,310
8312,243
8313,191
8314,151
8315,119
8316,216
8317,380
8318,512
8319,615
8320,698
8321,762
8322,814
8323,855
8324,887
8325,742
8326,579
8327,453
8328,353
8329,277
8330,217
8331,171
8332,135
8333,107
8334,296
8335,446
8336,562
8337,656
8338,729
8339,788
8340,833
8341,870
8342,843
8343,661
8344,515
8345,403
8346,315
8347,247
8348,194
8349,153
8350,121
8351,201
8352,370
8353,503
8354,609
8355,692
8356,758
8357,810
8358,852
8359,884
8360,754
8361,589
8362,460
8363,359
8364,281
8365,221
8366,173
8367,137
8368,109
8369,285
8370,436
8371,556
8372,650
8373,725
8374,783
8375,831
8376,867
8377,860
8378,671
8379,525
8380,409
8381,321
8382,251
8383,198
8384,156
8385,123
8386,187
8387,360
8388,494
8389,602
8390,686
8391,754
8392,807
8393,849
8394,882
8395,767
8396,599
8397,469
8398,365
8399,286
8400,224
8401,177
8402,140
8403,111
8404,272
8405,426
8406,549
8407,643
8408,719
8409,780
8410,828
8411,865
8412,895
8413,685
8414,534
8415,417
8416,326
8417,256
8418,201
8419,158
8420,126
8421,175
8422,348
8423,486
8424,594
8425,682
8426,749
8427,803
8428,846
8429,880
8430,780
8431,611
8432,477
8433,373
8434,291
8435,229
8436,180
8437,142
8438,113
8439,260
8440,417
8441,539
8442,638
8443,715
8444,776
8445,824
8446,863
8447,894
8448,695
8449,543
8450,425
8451,332
8452,260
8453,205
8454,161
8455,128
8456,158
8457,338
8458,477
8459,588
8460,675
8461,745
8462,799
8463,843
8464,878
8465,794
8466,621
8467,486
8468,379
8469,298
8470,233
8471,184
8472,145
8473,115
8474,248
8475,406
8476,531
8477,632
8478,710
8479,772
8480,821
8481,860
8482,891
8483,710
8484,554
8485,434
8486,338
8487,266
8488,208
8489,164
8490,130
8491,145
8492,327
8493,469
8494,582
8495,671
8496,741
8497,797
8498,841
8499,876
8500,809
8501,633
8502,495
8503,386
8504,303
8505,237
8506,187
8507,148
8508,117
8509,236
8510,395
8511,524
8512,625
8513,705
8514,768
8515,818
8516,858
8517,890
8518,721
8519,566
8520,441
8521,345
8522,270
8523,213
8524,167
8525,133
8526,128
8527,314
8528,460
8529,573
8530,665
8531,736
8532,793
8533,838
8534,874
8535,822
8536,644
8537,504
8538,394
8539,308
8540,242
8541,190
8542,150
8543,119
8544,221
8545,384
8546,515
8547,618
8548,700
8549,764
8550,816
8551,856
8552,888
8553,734
8554,576
8555,450
8556,352
8557,275
8558,217
8559,170
8560,135
8561,104
8562,302
8563,451
8564,566
8565,659
8566,732
8567,790
8568,835
8569,872
8570,837
8571,658
8572,513
8573,402
8574,314
8575,247
8576,194
8577,153
8578,122
8579,207
8580,375
8581,507
8582,613
8583,695
8584,760
8585,812
8586,853
8587,885
8588,749
8589,585
8590,458
8591,357
8592,280
8593,220
8594,173
8595,137
8596,109
8597,290
8598,441
8599,559
8600,654
8601,727
8602,786
8603,832
8604,869
8605,852
8606,668
8607,522
8608,408
8609,319
8610,250
8611,196
8612,155
8613,122
8614,195
8615,364
8616,499
8617,605
8618,690
8619,757
8620,809
8621,850
8622,883
8623,762
8624,597
8625,465
8626,365
8627,285
8628,224
8629,176
8630,139
8631,110
8632,279
8633,430
8634,552
8635,647
8636,722
8637,782
8638,829
8639,866
8640,868
8641,680
8642,531
8643,415
8644,324
8645,255
8646,200
8647,158
8648,124
8649,181
8650,352
8651,491
8652,598
8653,685
8654,751
8655,806
8656,847
8657,881
8658,774
8659,607
8660,474
8661,370
8662,290
8663,227
8664,179
8665,141
8666,112
8667,266
8668,420
8669,544
8670,640
8671,717
8672,778
8673,826
8674,864
8675,894
8676,692
8677,540
8678,422
8679,330
8680,259
8681,203
8682,160
8683,127
8684,166
8685,341
8686,481
8687,591
8688,679
8689,747
8690,802
8691,844
8692,879
8693,787
8694,617
8695,481
8696,376
8697,294
8698,231
8699,181
8700,143
8701,114
8702,254
8703,410
8704,536
8705,635
8706,712
8707,774
8708,823
8709,862
8710,892
8711,703
8712,551
8713,429
8714,336
8715,262
8716,207
8717,162
8718,129
8719,149
8720,331
8721,472
8722,584
8723,672
8724,743
8725,798
8726,842
8727,876
8728,802
8729,627
8730,490
8731,382
8732,300
8733,234
8734,185
8735,146
8736,115
8737,239
8738,401
8739,527
8740,628
8741,707
8742,770
8743,819
8744,859
8745,890
8746,717
8747,559
8748,436
8749,341
8750,267
8751,210
8752,165
8753,131
8754,133
8755,320
8756,462
8757,577
8758,667
8759,738
8760,794
8761,839
8762,874
8763,815
8764,639
8765,498
8766,390
8767,305
8768,239
8769,187
8770,148
8771,118
8772,228
8773,389
8774,519
8775,621
8776,702
8777,765
8778,816
8779,856
8780,888
8781,727
8782,570
8783,444
8784,348
8785,272
8786,214
8787,168
8788,133
8789,101
8790,310
8791,455
8792,570
8793,661
8794,733
8795,791
8796,836
8797,872
8798,829
8799,651
8800,507
8801,397
8802,310
8803,244
8804,191
8805,151
8806,120
8807,215
8808,379
8809,512
8810,614
8811,697
8812,761
8813,813
8814,854
8815,887
8816,741
8817,581
8818,453
8819,355
8820,277
8821,218
8822,171
8823,136
8824,108
8825,297
8826,444
8827,562
8828,655
8829,729
8830,787
8831,833
8832,871
8833,846
8834,663
8835,518
8836,405
8837,317
8838,248
8839,196
8840,154
8841,122
8842,200
8843,369
8844,502
8845,608
8846,691
8847,758
8848,810
8849,852
8850,884
8851,756
8852,591
8853,463
8854,361
8855,284
8856,222
8857,175
8858,138
8859,110
8860,284
8861,436
8862,554
8863,650
8864,725
8865,784
8866,831
8867,868
8868,861
8869,675
8870,527
8871,413
8872,322
8873,253
8874,199
8875,156
8876,124
8877,186
8878,357
8879,494
8880,601
8881,687
8882,753
8883,807
8884,848
8885,883
8886,768
8887,603
8888,471
8889,368
8890,288
8891,226
8892,178
8893,141
8894,112
8895,272
8896,425
8897,547
8898,643
8899,720
8900,780
8901,828
8902,865
8903,895
8904,687
8905,537
8906,420
8907,328
8908,258
8909,202
8910,159
8911,126
8912,173
8913,347
8914,486
8915,594
8916,681
8917,749
8918,803
8919,847
8920,880
8921,781
8922,612
8923,478
8924,374
8925,293
8926,230
8927,181
8928,143
8929,113
8930,258
8931,416
8932,539
8933,638
8934,714
8935,776
8936,825
8937,863
8938,894
8939,698
8940,547
8941,427
8942,335
8943,261
8944,206
8945,161
8946,128
8947,156
8948,337
8949,476
8950,588
8951,675
8952,745
8953,800
8954,843
8955,879
8956,796
8957,623
8958,488
8959,381
8960,297
8961,234
8962,184
8963,145
8964,115
8965,246
8966,406
8967,530
8968,631
8969,709
8970,772
8971,821
8972,860
8973,891
8974,711
8975,556
8976,435
8977,339
8978,266
8979,208
8980,165
8981,130
8982,140
8983,325
8984,467
8985,581
8986,669
8987,740
8988,796
8989,840
8990,876
8991,811
8992,635
8993,497
8994,387
8995,304
8996,238
8997,187
8998,147
8999,117
9000,232
9001,395
9002,522
9003,625
9004,705
9005,768
9006,818
9007,858
9008,889
9009,723
9010,567
9011,441
9012,346
9013,270
9014,212
9015,167
9016,133
9017,125
9018,312
9019,458
9020,573
9021,664
9022,735
9023,793
9024,837
9025,873
9026,823
9027,646
9028,503
9029,394
9030,307
9031,241
9032,190
9033,150
9034,119
9035,220
9036,383
9037,515
9038,617
9039,700
9040,763
9041,815
9042,855
9043,887
9044,736
9045,575
9046,448
9047,351
9048,275
9049,216
9050,170
9051,134
9052,104
9053,300
9054,449
9055,565
9056,658
9057,731
9058,788
9059,834
9060,871
9061,839
9062,656
9063,513
9064,400
9065,313
9066,245
9067,193
9068,152
9069,121
9070,205
9071,374
9072,505
9073,611
9074,693
9075,759
9076,811
9077,852
9078,885
9079,749
9080,584
9081,457
9082,357
9083,280
9084,219
9085,173
9086,137
9087,108
9088,290
9089,439
9090,558
9091,652
9092,726
9093,785
9094,832
9095,868
9096,855
9097,667
9098,523
9099,407
9100,319
9101,249
9102,196
9103,155
9104,122
9105,192
9106,363
9107,497
9108,604
9109,688
9110,755
9111,808
9112,850
9113,883
9114,762
9115,595
9116,466
9117,364
9118,285
9119,223
9120,176
9121,139
9122,111
9123,276
9124,430
9125,550
9126,647
9127,721
9128,781
9129,828
9130,866
9131,868
9132,680
9133,531
9134,415
9135,325
9136,255
9137,200
9138,158
9139,125
9140,178
9141,352
9142,488
9143,598
9144,683
9145,751
9146,805
9147,847
9148,881
9149,775
9150,608
9151,474
9152,371
9153,290
9154,228
9155,179
9156,142
9157,112
9158,265
9159,419
9160,543
9161,639
9162,717
9163,777
9164,826
9165,864
9166,894
9167,694
9168,541
9169,424
9170,331
9171,260
9172,204
9173,161
9174,128
9175,165
9176,341
9177,481
9178,591
9179,678
9180,746
9181,801
9182,844
9183,879
9184,790
9185,618
9186,484
9187,377
9188,296
9189,232
9190,183
9191,144
9192,114
9193,251
9194,410
9195,534
9196,634
9197,712
9198,773
9199,823
9200,861
9201,892
9202,705
9203,552
9204,431
9205,337
9206,264
9207,208
9208,163
9209,130
9210,148
9211,330
9212,471
9213,584
9214,672
9215,742
9216,799
9217,842
9218,877
9219,803
9220,630
9221,492
9222,385
9223,302
9224,236
9225,186
9226,147
9227,117
9228,239
9229,400
9230,526
9231,628
9232,707
9233,770
9234,819
9235,859
9236,890
9237,719
9238,561
9239,440
9240,343
9241,269
9242,211
9243,167
9244,131
9245,133
9246,318
9247,463
9248,576
9249,667
9250,738
9251,795
9252,839
9253,875
9254,817
9255,642
9256,500
9257,392
9258,306
9259,240
9260,189
9261,149
9262,118
9263,226
9264,389
9265,518
9266,621
9267,701
9268,766
9269,816
9270,857
9271,888
9272,732
9273,572
9274,447
9275,350
9276,274
9277,215
9278,169
9279,134
9280,102
9281,306
9282,453
9283,569
9284,661
9285,733
9286,791
9287,836
9288,872
9289,831
9290,653
9291,510
9292,399
9293,311
9294,244
9295,192
9296,152
9297,120
9298,213
9299,378
9300,510
9301,614
9302,696
9303,761
9304,813
9305,854
9306,886
9307,743
9308,583
9309,454
9310,356
9311,278
9312,219
9313,171
9314,136
9315,108
9316,295
9317,443
9318,562
9319,655
9320,729
9321,787
9322,833
9323,869
9324,848
9325,663
9326,519
9327,405
9328,317
9329,248
9330,195
9331,153
9332,122
9333,198
9334,368
9335,501
9336,608
9337,691
9338,757
9339,809
9340,852
9341,884
9342,758
9343,592
9344,461
9345,362
9346,283
9347,222
9348,175
9349,138
9350,109
9351,283
9352,433
9353,554
9354,648
9355,724
9356,783
9357,830
9358,867
9359,864
9360,675
9361,528
9362,411
9363,322
9364,252
9365,198
9366,156
9367,123
9368,184
9369,358
9370,492
9371,601
9372,685
9373,753
9374,806
9375,848
9376,881
9377,770
9378,601
9379,471
9380,367
9381,288
9382,225
9383,177
9384,140
9385,111
9386,269
9387,424
9388,546
9389,643
9390,719
9391,779
9392,827
9393,865
9394,894
9395,687
9396,536
9397,419
9398,327
9399,257
9400,202
9401,159
9402,126
9403,171
9404,345
9405,484
9406,593
9407,680
9408,748
9409,803
9410,845
9411,879
9412,783
9413,614
9414,478
9415,375
9416,292
9417,230
9418,181
9419,143
9420,113
9421,256
9422,414
9423,537
9424,636
9425,713
9426,775
9427,823
9428,862
9429,892
9430,697
9431,546
9432,426
9433,334
9434,261
9435,205
9436,162
9437,128
9438,156
9439,334
9440,476
9441,586
9442,675
9443,744
9444,799
9445,842
9446,877
9447,796
9448,624
9449,487
9450,381
9451,298
9452,234
9453,183
9454,146
9455,115
9456,246
9457,403
9458,530
9459,629
9460,709
9461,771
9462,821
9463,860
9464,891
9465,711
9466,557
9467,434
9468,340
9469,266
9470,209
9471,165
9472,130
9473,139
9474,323
9475,465
9476,579
9477,668
9478,740
9479,795
9480,840
9481,875
9482,811
9483,635
9484,497
9485,387
9486,304
9487,237
9488,188
9489,148
9490,118
9491,231
9492,394
9493,522
9494,624
9495,704
9496,767
9497,817
9498,857
9499,889
9500,725
9501,566
9502,443
9503,346
9504,272
9505,213
9506,168
9507,132
9508,101
9509,312
9510,456
9511,573
9512,663
9513,736
9514,792
9515,838
9516,874
9517,826
9518,648
9519,506
9520,395
9521,310
9522,243
9523,191
9524,151
9525,119
9526,219
9527,383
9528,514
9529,617
9530,699
9531,763
9532,815
9533,855
9534,887
9535,738
9536,577
9537,452
9538,352
9539,277
9540,217
9541,171
9542,135
9543,108
9544,301
9545,447
9546,565
9547,657
9548,731
9549,788
9550,834
9551,871
9552,842
9553,659
9554,516
9555,403
9556,316
9557,247
9558,194
9559,153
9560,121
9561,205
9562,372
9563,505
9564,611
9565,694
9566,760
9567,811
9568,853
9569,885
9570,752
9571,588
9572,460
9573,359
9574,282
9575,221
9576,174
9577,137
9578,109
9579,287
9580,439
9581,557
9582,652
9583,726
9584,785
9585,832
9586,869
9587,855
9588,671
9589,524
9590,410
9591,321
9592,252
9593,198
9594,156
9595,123
9596,191
9597,363
9598,496
9599,605
9600,689
9601,755
9602,808
9603,850
9604,883
9605,764
9606,597
9607,468
9608,365
9609,287
9610,224
9611,177
9612,140
9613,111
9614,275
9615,429
9616,549
9617,646
9618,721
9619,781
9620,828
9621,866
9622,874
9623,682
9624,534
9625,417
9626,326
9627,255
9628,201
9629,158
9630,126
9631,176
9632,351
9633,487
9634,597
9635,683
9636,751
9637,804
9638,847
9639,881
9640,778
9641,608
9642,477
9643,371
9644,291
9645,228
9646,179
9647,142
9648,113
9649,264
9650,418
9651,542
9652,639
9653,717
9654,777
9655,825
9656,864
9657,894
9658,694
9659,544
9660,424
9661,332
9662,259
9663,204
9664,161
9665,127
9666,161
9667,340
9668,479
9669,591
9670,677
9671,747
9672,801
9673,845
9674,878
9675,792
9676,619
9677,485
9678,378
9679,296
9680,231
9681,183
9682,144
9683,114
9684,250
9685,409
9686,535
9687,633
9688,711
9689,773
9690,822
9691,861
9692,891
9693,707
9694,552
9695,432
9696,337
9697,264
9698,207
9699,163
9700,129
9701,148
9702,328
9703,471
9704,582
9705,672
9706,741
9707,797
9708,841
9709,876
9710,804
9711,631
9712,491
9713,384
9714,300
9715,236
9716,185
9717,147
9718,116
9719,238
9720,397
9721,526
9722,626
9723,706
9724,769
9725,819
9726,859
9727,890
9728,718
9729,561
9730,438
9731,342
9732,268
9733,210
9734,166
9735,131
9736,130
9737,316
9738,461
9739,575
9740,666
9741,736
9742,794
9743,838
9744,873
9745,819
9746,640
9747,501
9748,391
9749,306
9750,240
9751,189
9752,148
9753,118
9754,222
9755,387
9756,515
9757,619
9758,700
9759,764
9760,815
9761,856
9762,888
9763,731
9764,571
9765,447
9766,348
9767,273
9768,214
9769,169
9770,133
9771,101
9772,304
9773,451
9774,567
9775,659
9776,732
9777,790
9778,835
9779,872
9780,832
9781,653
9782,509
9783,398
9784,311
9785,244
9786,192
9787,152
9788,120
9789,211
9790,376
9791,509
9792,613
9793,696
9794,760
9795,812
9796,853
9797,885
9798,743
9799,583
9800,454
9801,356
9802,278
9803,219
9804,172
9805,136
9806,108
9807,293
9808,442
9809,561
9810,654
9811,728
9812,786
9813,832
9814,870
9815,849
9816,665
9817,520
9818,406
9819,318
9820,249
9821,196
9822,155
9823,122
9824,196
9825,367
9826,500
9827,607
9828,690
9829,757
9830,809
9831,851
9832,883
9833,759
9834,593
9835,464
9836,362
9837,284
9838,223
9839,176
9840,139
9841,110
9842,280
9843,433
9844,552
9845,648
9846,723
9847,783
9848,829
9849,867
9850,864
9851,678
9852,528
9853,414
9854,323
9855,254
9856,199
9857,157
9858,124
9859,183
9860,355
9861,491
9862,600
9863,685
9864,752
9865,805
9866,848
9867,881
9868,772
9869,604
9870,473
9871,369
9872,290
9873,227
9874,179
9875,141
9876,113
9877,268
9878,423
9879,545
9880,642
9881,718
9882,779
9883,827
9884,865
9885,895
9886,689
9887,540
9888,421
9889,330
9890,258
9891,203
9892,160
9893,127
9894,168
9895,345
9896,483
9897,594
9898,680
9899,749
9900,803
9901,846
9902,880
9903,786
9904,616
9905,481
9906,377
9907,294
9908,231
9909,182
9910,144
9911,114
9912,255
9913,413
9914,538
9915,636
9916,714
9917,775
9918,824
9919,862
9920,893
9921,701
9922,549
9923,428
9924,335
9925,263
9926,207
9927,162
9928,129
9929,153
9930,334
9931,474
9932,586
9933,674
9934,744
9935,799
9936,843
9937,878
9938,800
9939,626
9940,490
9941,382
9942,299
9943,234
9944,184
9945,145
9946,115
9947,243
9948,403
9949,529
9950,630
9951,708
9952,771
9953,821
9954,860
9955,891
9956,714
9957,558
9958,437
9959,341
9960,268
9961,209
9962,165
9963,130
9964,139
9965,322
9966,466
9967,578
9968,669
9969,739
9970,796
9971,840
9972,875
9973,813
9974,638
9975,498
9976,390
9977,305
9978,239
9979,188
9980,148
9981,118
9982,229
9983,393
9984,523
9985,624
9986,704
9987,767
9988,817
9989,857
9990,889
9991,725
9992,569
9993,444
9994,347
9995,271
9996,213
9997,167
9998,133
9999,100
10000,310
