1,486
2,455
3,456
4,459
5,461
6,463
7,464
8,491
9,493
10,495
11,496
12,499
13,499
14,500
15,500
16,501
17,500
18,502
19,503
20,504
21,504
22,504
23,505
24,505
25,506
26,506
27,507
28,508
29,508
30,482
31,479
32,479
33,479
34,479
35,478
36,477
37,477
38,478
39,477
40,477
41,477
42,477
43,474
44,476
45,474
46,473
47,473
48,473
49,474
50,474
51,502
52,503
53,503
54,503
55,505
56,504
57,504
58,503
59,504
60,504
61,504
62,504
63,503
64,504
65,505
66,506
67,506
68,505
69,506
70,507
71,481
72,480
73,480
74,480
75,479
76,478
77,478
78,477
79,478
80,477
81,477
82,476
83,477
84,478
85,477
86,474
87,476
88,475
89,475
90,473
91,474
92,501
93,502
94,502
95,502
96,502
97,503
98,504
99,505
100,502
101,503
102,503
103,504
104,505
105,505
106,506
107,506
108,507
109,507
110,509
111,509
112,483
113,510
114,482
115,484
116,481
117,482
118,481
119,480
120,481
121,481
122,481
123,480
124,480
125,479
126,479
127,477
128,474
129,473
130,472
131,470
132,493
133,498
134,498
135,499
136,498
137,498
138,499
139,499
140,500
141,500
142,500
143,501
144,501
145,501
146,502
147,503
148,504
149,505
150,506
151,507
152,509
153,509
154,483
155,486
156,482
157,482
158,481
159,482
160,481
161,481
162,481
163,480
164,481
165,480
166,481
167,480
168,478
169,477
170,477
171,474
172,474
173,474
174,499
175,499
176,500
177,499
178,500
179,500
180,500
181,499
182,501
183,499
184,500
185,501
186,501
187,502
188,505
189,506
190,506
191,507
192,508
193,509
194,511
195,484
196,511
197,483
198,485
199,482
200,483
201,482
202,481
203,481
204,482
205,482
206,481
207,481
208,479
209,479
210,478
211,477
212,476
213,475
214,499
215,495
216,499
217,499
218,499
219,500
220,499
221,499
222,499
223,500
224,500
225,499
226,500
227,500
228,500
229,501
230,503
231,503
232,505
233,507
234,507
235,509
236,510
237,484
238,486
239,482
240,482
241,481
242,482
243,481
244,481
245,482
246,482
247,482
248,482
249,482
250,480
251,479
252,478
253,477
254,476
255,475
256,500
257,497
258,499
259,500
260,501
261,499
262,500
263,500
264,499
265,500
266,498
267,500
268,500
269,501
270,501
271,502
272,504
273,506
274,507
275,508
276,509
277,510
278,484
279,511
280,483
281,485
282,482
283,482
284,481
285,481
286,481
287,482
288,482
289,481
290,481
291,480
292,478
293,478
294,477
295,476
296,474
297,473
298,472
299,499
300,499
301,500
302,499
303,500
304,501
305,499
306,500
307,501
308,501
309,501
310,502
311,503
312,504
313,504
314,505
315,506
316,508
317,508
318,509
319,509
320,483
321,487
322,482
323,484
324,482
325,483
326,481
327,481
328,482
329,481
330,482
331,482
332,482
333,480
334,479
335,478
336,477
337,476
338,474
339,472
340,472
341,498
342,501
343,497
344,498
345,499
346,502
347,502
348,502
349,500
350,500
351,500
352,502
353,503
354,504
355,504
356,505
357,506
358,509
359,509
360,509
361,483
362,511
363,483
364,485
365,482
366,483
367,481
368,481
369,481
370,482
371,482
372,481
373,481
374,480
375,479
376,478
377,477
378,476
379,474
380,472
381,472
382,499
383,494
384,499
385,500
386,500
387,501
388,499
389,501
390,498
391,499
392,500
393,501
394,502
395,503
396,504
397,505
398,505
399,507
400,508
401,508
402,509
403,483
404,487
405,482
406,483
407,482
408,482
409,481
410,481
411,481
412,482
413,483
414,482
415,482
416,480
417,479
418,478
419,477
420,476
421,474
422,472
423,472
424,498
425,497
426,500
427,502
428,501
429,503
430,502
431,502
432,502
433,502
434,501
435,502
436,503
437,505
438,505
439,506
440,506
441,506
442,507
443,510
444,482
445,511
446,482
447,484
448,480
449,481
450,480
451,480
452,481
453,481
454,482
455,481
456,481
457,479
458,478
459,477
460,476
461,476
462,474
463,472
464,472
465,499
466,495
467,500
468,497
469,500
470,499
471,500
472,500
473,499
474,500
475,500
476,500
477,501
478,502
479,503
480,504
481,505
482,507
483,508
484,509
485,509
486,482
487,487
488,483
489,483
490,481
491,482
492,481
493,481
494,481
495,481
496,480
497,480
498,480
499,479
500,479
501,477
502,476
503,475
504,474
505,471
506,471
507,497
508,497
509,501
510,499
511,501
512,500
513,501
514,499
515,501
516,500
517,503
518,504
519,503
520,504
521,505
522,507
523,508
524,510
525,508
526,509
527,483
528,512
529,484
530,484
531,483
532,483
533,482
534,481
535,482
536,482
537,482
538,481
539,481
540,480
541,479
542,478
543,477
544,476
545,475
546,473
547,472
548,500
549,495
550,500
551,497
552,500
553,500
554,501
555,501
556,502
557,502
558,502
559,503
560,504
561,504
562,504
563,505
564,506
565,508
566,508
567,509
568,509
569,483
570,487
571,483
572,482
573,482
574,483
575,483
576,483
577,484
578,484
579,482
580,482
581,482
582,480
583,479
584,478
585,477
586,476
587,474
588,474
589,473
590,499
591,498
592,501
593,500
594,502
595,500
596,501
597,500
598,501
599,501
600,502
601,504
602,505
603,506
604,506
605,506
606,507
607,510
608,510
609,510
610,483
611,512
612,483
613,485
614,481
615,482
616,481
617,481
618,480
619,481
620,481
621,480
622,481
623,479
624,478
625,477
626,476
627,475
628,474
629,472
630,472
631,499
632,499
633,498
634,501
635,500
636,500
637,501
638,501
639,501
640,503
641,501
642,503
643,503
644,505
645,504
646,505
647,506
648,508
649,510
650,510
651,510
652,484
653,488
654,484
655,483
656,482
657,483
658,483
659,482
660,481
661,482
662,482
663,481
664,481
665,480
666,479
667,478
668,477
669,476
670,474
671,473
672,472
673,498
674,497
675,501
676,500
677,501
678,500
679,500
680,500
681,500
682,500
683,503
684,502
685,504
686,504
687,506
688,506
689,507
690,509
691,509
692,510
693,484
694,512
695,482
696,484
697,481
698,482
699,482
700,481
701,481
702,481
703,480
704,480
705,480
706,479
707,478
708,477
709,476
710,475
711,474
712,472
713,472
714,499
715,495
716,500
717,497
718,500
719,499
720,500
721,500
722,500
723,500
724,499
725,500
726,503
727,501
728,504
729,504
730,505
731,507
732,508
733,508
734,509
735,482
736,487
737,483
738,484
739,483
740,482
741,482
742,481
743,481
744,480
745,480
746,480
747,480
748,479
749,478
750,477
751,476
752,475
753,474
754,473
755,473
756,499
757,497
758,501
759,500
760,501
761,500
762,500
763,500
764,500
765,499
766,500
767,500
768,504
769,503
770,505
771,505
772,507
773,507
774,507
775,508
776,482
777,510
778,483
779,484
780,480
781,480
782,481
783,481
784,480
785,480
786,480
787,480
788,480
789,479
790,477
791,477
792,476
793,475
794,474
795,472
796,472
797,499
798,498
799,498
800,501
801,501
802,500
803,501
804,501
805,500
806,500
807,500
808,501
809,501
810,502
811,505
812,505
813,507
814,508
815,510
816,510
817,510
818,483
819,488
820,484
821,484
822,482
823,482
824,482
825,481
826,480
827,481
828,481
829,480
830,481
831,480
832,479
833,477
834,476
835,475
836,474
837,472
838,471
839,498
840,497
841,499
842,500
843,500
844,501
845,501
846,501
847,501
848,501
849,502
850,502
851,503
852,504
853,505
854,508
855,507
856,507
857,510
858,510
859,483
860,511
861,482
862,485
863,481
864,482
865,481
866,480
867,480
868,480
869,480
870,480
871,480
872,479
873,478
874,476
875,476
876,475
877,474
878,472
879,472
880,499
881,494
882,499
883,497
884,500
885,499
886,500
887,500
888,500
889,499
890,499
891,500
892,500
893,501
894,502
895,503
896,506
897,506
898,506
899,509
900,486
901,482
902,482
903,483
904,481
905,483
906,483
907,483
908,482
909,482
910,483
911,482
912,481
913,482
914,480
915,479
916,477
917,477
918,476
919,474
920,474
921,473
922,499
923,498
924,502
925,500
926,502
927,500
928,501
929,501
930,500
931,500
932,500
933,501
934,502
935,503
936,504
937,505
938,505
939,509
940,508
941,508
942,509
943,509
944,482
945,480
946,482
947,482
948,482
949,481
950,480
951,480
952,480
953,481
954,481
955,480
956,478
957,478
958,476
959,474
960,473
961,471
962,471
963,498
964,494
965,499
966,497
967,500
968,499
969,500
970,500
971,500
972,499
973,499
974,500
975,499
976,501
977,502
978,504
979,504
980,505
981,507
982,483
983,486
984,483
985,483
986,481
987,484
988,482
989,482
990,482
991,481
992,483
993,482
994,482
995,482
996,481
997,479
998,478
999,477
1000,476
1001,475
1002,474
1003,474
1004,498
1005,471
1006,499
1007,499
1008,501
1009,502
1010,503
1011,503
1012,504
1013,506
1014,507
1015,507
1016,507
1017,507
1018,509
1019,510
1020,510
1021,510
1022,510
1023,510
1024,484
1025,510
1026,511
1027,484
1028,482
1029,482
1030,480
1031,477
1032,477
1033,475
1034,473
1035,472
1036,473
1037,472
1038,471
1039,471
1040,471
1041,471
1042,470
1043,470
1044,470
1045,470
1046,497
1047,492
1048,497
1049,497
1050,500
1051,501
1052,501
1053,502
1054,503
1055,506
1056,508
1057,507
1058,507
1059,508
1060,510
1061,511
1062,511
1063,511
1064,511
1065,511
1066,487
1067,484
1068,483
1069,482
1070,479
1071,480
1072,478
1073,478
1074,476
1075,474
1076,475
1077,474
1078,474
1079,472
1080,471
1081,471
1082,471
1083,472
1084,471
1085,471
1086,472
1087,497
1088,470
1089,496
1090,498
1091,500
1092,501
1093,502
1094,502
1095,503
1096,505
1097,508
1098,508
1099,508
1100,508
1101,509
1102,510
1103,510
1104,510
1105,510
1106,510
1107,510
1108,484
1109,512
1110,489
1111,487
1112,485
1113,482
1114,480
1115,478
1116,475
1117,476
1118,476
1119,475
1120,473
1121,471
1122,470
1123,471
1124,471
1125,472
1126,472
1127,472
1128,471
1129,498
1130,495
1131,499
1132,498
1133,500
1134,501
1135,502
1136,502
1137,503
1138,506
1139,508
1140,508
1141,508
1142,508
1143,511
1144,512
1145,512
1146,512
1147,511
1148,511
1149,511
1150,484
1151,487
1152,484
1153,480
1154,481
1155,479
1156,479
1157,478
1158,478
1159,476
1160,475
1161,475
1162,475
1163,474
1164,472
1165,471
1166,472
1167,472
1168,471
1169,471
1170,497
1171,470
1172,498
1173,497
1174,500
1175,501
1176,501
1177,503
1178,503
1179,505
1180,507
1181,507
1182,507
1183,507
1184,509
1185,512
1186,511
1187,511
1188,511
1189,511
1190,511
1191,484
1192,512
1193,484
1194,484
1195,483
1196,480
1197,480
1198,480
1199,478
1200,477
1201,475
1202,474
1203,474
1204,474
1205,472
1206,470
1207,470
1208,472
1209,472
1210,471
1211,471
1212,498
1213,494
1214,498
1215,498
1216,502
1217,502
1218,503
1219,503
1220,504
1221,506
1222,508
1223,508
1224,508
1225,508
1226,510
1227,512
1228,512
1229,511
1230,511
1231,511
1232,511
1233,484
1234,487
1235,484
1236,483
1237,480
1238,479
1239,478
1240,477
1241,478
1242,476
1243,475
1244,475
1245,474
1246,474
1247,472
1248,471
1249,471
1250,471
1251,471
1252,470
1253,470
1254,497
1255,497
1256,498
1257,499
1258,500
1259,501
1260,503
1261,503
1262,506
1263,507
1264,507
1265,507
1266,507
1267,509
1268,510
1269,510
1270,511
1271,510
1272,510
1273,510
1274,483
1275,510
1276,483
1277,483
1278,480
1279,480
1280,478
1281,479
1282,478
1283,478
1284,477
1285,476
1286,475
1287,476
1288,475
1289,473
1290,470
1291,471
1292,471
1293,472
1294,471
1295,498
1296,494
1297,498
1298,497
1299,500
1300,501
1301,502
1302,504
1303,506
1304,508
1305,509
1306,509
1307,509
1308,509
1309,511
1310,512
1311,512
1312,512
1313,511
1314,511
1315,487
1316,512
1317,484
1318,484
1319,482
1320,481
1321,481
1322,480
1323,478
1324,477
1325,475
1326,474
1327,472
1328,471
1329,470
1330,471
1331,471
1332,471
1333,471
1334,470
1335,470
1336,495
1337,469
1338,497
1339,497
1340,500
1341,501
1342,502
1343,503
1344,505
1345,505
1346,507
1347,507
1348,507
1349,507
1350,509
1351,512
1352,511
1353,511
1354,511
1355,510
1356,511
1357,484
1358,513
1359,485
1360,484
1361,482
1362,481
1363,480
1364,480
1365,479
1366,478
1367,477
1368,475
1369,473
1370,474
1371,472
1372,473
1373,473
1374,472
1375,470
1376,471
1377,470
1378,498
1379,494
1380,499
1381,498
1382,502
1383,502
1384,503
1385,505
1386,507
1387,507
1388,509
1389,509
1390,509
1391,509
1392,511
1393,512
1394,512
1395,512
1396,512
1397,511
1398,511
1399,485
1400,487
1401,484
1402,483
1403,481
1404,480
1405,480
1406,479
1407,477
1408,474
1409,474
1410,472
1411,472
1412,472
1413,472
1414,471
1415,472
1416,472
1417,472
1418,471
1419,495
1420,470
1421,498
1422,497
1423,501
1424,501
1425,502
1426,503
1427,505
1428,505
1429,507
1430,507
1431,508
1432,509
1433,510
1434,511
1435,511
1436,511
1437,511
1438,511
1439,510
1440,484
1441,512
1442,484
1443,484
1444,482
1445,481
1446,480
1447,479
1448,478
1449,476
1450,475
1451,475
1452,476
1453,474
1454,473
1455,472
1456,472
1457,473
1458,473
1459,472
1460,470
1461,497
1462,494
1463,499
1464,499
1465,502
1466,504
1467,505
1468,506
1469,506
1470,507
1471,508
1472,509
1473,509
1474,510
1475,511
1476,513
1477,512
1478,512
1479,512
1480,511
1481,511
1482,484
1483,487
1484,484
1485,483
1486,480
1487,480
1488,480
1489,478
1490,477
1491,474
1492,474
1493,474
1494,475
1495,473
1496,472
1497,470
1498,471
1499,470
1500,469
1501,469
1502,494
1503,469
1504,498
1505,497
1506,501
1507,501
1508,502
1509,503
1510,505
1511,506
1512,507
1513,507
1514,508
1515,510
1516,510
1517,510
1518,511
1519,513
1520,512
1521,512
1522,512
1523,485
1524,514
1525,485
1526,485
1527,482
1528,481
1529,481
1530,480
1531,478
1532,476
1533,474
1534,474
1535,475
1536,474
1537,474
1538,473
1539,471
1540,469
1541,470
1542,471
1543,470
1544,497
1545,492
1546,498
1547,497
1548,502
1549,502
1550,504
1551,505
1552,505
1553,506
1554,508
1555,508
1556,509
1557,509
1558,510
1559,511
1560,510
1561,511
1562,511
1563,511
1564,511
1565,484
1566,487
1567,484
1568,483
1569,481
1570,480
1571,480
1572,479
1573,477
1574,474
1575,474
1576,474
1577,474
1578,473
1579,470
1580,471
1581,468
1582,470
1583,469
1584,468
1585,469
1586,495
1587,496
1588,499
1589,500
1590,501
1591,501
1592,503
1593,506
1594,507
1595,507
1596,508
1597,509
1598,509
1599,509
1600,511
1601,510
1602,512
1603,512
1604,512
1605,512
1606,485
1607,513
1608,485
1609,486
1610,482
1611,481
1612,480
1613,480
1614,479
1615,476
1616,475
1617,475
1618,475
1619,475
1620,473
1621,472
1622,473
1623,471
1624,471
1625,470
1626,494
1627,498
1628,495
1629,499
1630,497
1631,501
1632,502
1633,503
1634,505
1635,508
1636,508
1637,509
1638,509
1639,510
1640,511
1641,511
1642,513
1643,512
1644,512
1645,512
1646,511
1647,488
1648,512
1649,484
1650,484
1651,482
1652,481
1653,481
1654,480
1655,479
1656,478
1657,475
1658,475
1659,474
1660,474
1661,473
1662,471
1663,471
1664,471
1665,472
1666,472
1667,470
1668,496
1669,496
1670,498
1671,499
1672,502
1673,502
1674,503
1675,504
1676,506
1677,508
1678,507
1679,508
1680,508
1681,508
1682,509
1683,509
1684,509
1685,510
1686,510
1687,510
1688,511
1689,485
1690,513
1691,484
1692,484
1693,482
1694,481
1695,480
1696,480
1697,479
1698,477
1699,475
1700,475
1701,475
1702,474
1703,472
1704,471
1705,471
1706,471
1707,471
1708,471
1709,494
1710,497
1711,497
1712,499
1713,499
1714,502
1715,502
1716,502
1717,504
1718,506
1719,507
1720,507
1721,507
1722,508
1723,509
1724,509
1725,511
1726,511
1727,511
1728,511
1729,510
1730,511
1731,484
1732,487
1733,483
1734,483
1735,480
1736,480
1737,479
1738,479
1739,477
1740,474
1741,474
1742,474
1743,474
1744,472
1745,470
1746,471
1747,470
1748,470
1749,470
1750,497
1751,496
1752,496
1753,497
1754,500
1755,500
1756,501
1757,502
1758,503
1759,506
1760,506
1761,506
1762,506
1763,507
1764,509
1765,508
1766,510
1767,510
1768,511
1769,511
1770,511
1771,511
1772,485
1773,513
1774,486
1775,485
1776,482
1777,482
1778,480
1779,480
1780,479
1781,476
1782,474
1783,474
1784,474
1785,474
1786,472
1787,471
1788,471
1789,471
1790,471
1791,472
1792,494
1793,495
1794,497
1795,499
1796,502
1797,501
1798,503
1799,507
1800,504
1801,507
1802,507
1803,508
1804,508
1805,509
1806,512
1807,511
1808,512
1809,512
1810,513
1811,512
1812,512
1813,512
1814,485
1815,487
1816,484
1817,483
1818,480
1819,480
1820,480
1821,479
1822,477
1823,474
1824,475
1825,474
1826,474
1827,473
1828,470
1829,471
1830,471
1831,471
1832,470
1833,472
1834,496
1835,498
1836,500
1837,502
1838,501
1839,503
1840,502
1841,503
1842,506
1843,507
1844,508
1845,507
1846,508
1847,510
1848,511
1849,511
1850,511
1851,511
1852,510
1853,510
1854,511
1855,484
1856,512
1857,484
1858,484
1859,482
1860,481
1861,480
1862,479
1863,478
1864,476
1865,475
1866,474
1867,474
1868,473
1869,472
1870,471
1871,471
1872,472
1873,472
1874,472
1875,472
1876,499
1877,494
1878,494
1879,497
1880,498
1881,501
1882,504
1883,505
1884,507
1885,506
1886,506
1887,506
1888,509
1889,510
1890,510
1891,510
1892,510
1893,509
1894,510
1895,510
1896,510
1897,484
1898,486
1899,482
1900,483
1901,480
1902,480
1903,479
1904,479
1905,477
1906,474
1907,474
1908,474
1909,474
1910,473
1911,471
1912,471
1913,471
1914,472
1915,472
1916,472
1917,471
1918,498
1919,499
1920,500
1921,503
1922,503
1923,504
1924,505
1925,505
1926,506
1927,508
1928,509
1929,508
1930,508
1931,509
1932,511
1933,512
1934,511
1935,512
1936,511
1937,511
1938,485
1939,513
1940,485
1941,486
1942,482
1943,481
1944,480
1945,479
1946,478
1947,476
1948,475
1949,474
1950,474
1951,473
1952,471
1953,471
1954,470
1955,471
1956,471
1957,471
1958,471
1959,498
1960,494
1961,498
1962,499
1963,500
1964,502
1965,502
1966,503
1967,504
1968,504
1969,507
1970,506
1971,506
1972,507
1973,509
1974,510
1975,510
1976,510
1977,510
1978,511
1979,511
1980,484
1981,487
1982,483
1983,482
1984,481
1985,481
1986,480
1987,480
1988,478
1989,475
1990,475
1991,475
1992,474
1993,473
1994,470
1995,470
1996,471
1997,471
1998,470
1999,472
2000,496
2001,469
2002,497
2003,497
2004,500
2005,501
2006,503
2007,503
2008,505
2009,504
2010,505
2011,507
2012,507
2013,506
2014,507
2015,510
2016,509
2017,510
2018,510
2019,510
2020,511
2021,485
2022,513
2023,485
2024,485
2025,482
2026,481
2027,480
2028,478
2029,477
2030,475
2031,474
2032,473
2033,474
2034,473
2035,471
2036,470
2037,470
2038,471
2039,471
2040,471
2041,471
2042,498
2043,493
2044,498
2045,499
2046,502
2047,502
2048,503
2049,504
2050,504
2051,506
2052,507
2053,509
2054,508
2055,507
2056,509
2057,511
2058,512
2059,511
2060,511
2061,511
2062,512
2063,485
2064,487
2065,485
2066,482
2067,481
2068,480
2069,480
2070,478
2071,477
2072,476
2073,474
2074,474
2075,474
2076,473
2077,470
2078,471
2079,471
2080,471
2081,470
2082,472
2083,497
2084,470
2085,498
2086,498
2087,501
2088,501
2089,502
2090,502
2091,504
2092,503
2093,506
2094,507
2095,509
2096,509
2097,509
2098,511
2099,512
2100,511
2101,511
2102,511
2103,512
2104,486
2105,512
2106,485
2107,486
2108,481
2109,481
2110,480
2111,478
2112,476
2113,475
2114,474
2115,474
2116,474
2117,474
2118,472
2119,471
2120,471
2121,471
2122,471
2123,472
2124,471
2125,498
2126,494
2127,498
2128,498
2129,501
2130,502
2131,502
2132,503
2133,503
2134,505
2135,506
2136,508
2137,510
2138,511
2139,511
2140,511
2141,511
2142,511
2143,512
2144,512
2145,513
2146,486
2147,488
2148,483
2149,484
2150,480
2151,480
2152,479
2153,477
2154,477
2155,475
2156,475
2157,475
2158,476
2159,476
2160,475
2161,474
2162,471
2163,471
2164,472
2165,471
2166,496
2167,469
2168,497
2169,497
2170,500
2171,501
2172,502
2173,502
2174,503
2175,505
2176,507
2177,506
2178,508
2179,508
2180,508
2181,508
2182,510
2183,510
2184,510
2185,511
2186,511
2187,485
2188,512
2189,483
2190,484
2191,482
2192,481
2193,480
2194,479
2195,476
2196,476
2197,474
2198,474
2199,473
2200,473
2201,473
2202,473
2203,471
2204,470
2205,471
2206,471
2207,470
2208,498
2209,494
2210,498
2211,498
2212,501
2213,501
2214,502
2215,503
2216,504
2217,506
2218,508
2219,508
2220,507
2221,508
2222,510
2223,511
2224,511
2225,510
2226,510
2227,510
2228,513
2229,486
2230,488
2231,483
2232,482
2233,481
2234,480
2235,480
2236,477
2237,477
2238,475
2239,475
2240,474
2241,473
2242,472
2243,470
2244,469
2245,469
2246,469
2247,469
2248,470
2249,496
2250,469
2251,497
2252,497
2253,500
2254,501
2255,501
2256,502
2257,503
2258,505
2259,508
2260,508
2261,508
2262,507
2263,508
2264,508
2265,509
2266,512
2267,510
2268,511
2269,512
2270,486
2271,512
2272,484
2273,484
2274,481
2275,480
2276,480
2277,478
2278,477
2279,476
2280,474
2281,474
2282,473
2283,472
2284,471
2285,470
2286,472
2287,470
2288,471
2289,471
2290,470
2291,498
2292,493
2293,497
2294,498
2295,501
2296,501
2297,502
2298,502
2299,504
2300,507
2301,509
2302,508
2303,507
2304,509
2305,510
2306,511
2307,511
2308,513
2309,512
2310,511
2311,512
2312,486
2313,489
2314,484
2315,484
2316,480
2317,480
2318,479
2319,477
2320,477
2321,476
2322,476
2323,474
2324,474
2325,474
2326,473
2327,472
2328,469
2329,470
2330,470
2331,470
2332,495
2333,468
2334,497
2335,497
2336,501
2337,501
2338,500
2339,503
2340,504
2341,505
2342,507
2343,507
2344,507
2345,507
2346,509
2347,510
2348,509
2349,511
2350,510
2351,511
2352,511
2353,511
2354,485
2355,483
2356,481
2357,480
2358,480
2359,480
2360,478
2361,475
2362,475
2363,473
2364,473
2365,473
2366,471
2367,471
2368,469
2369,470
2370,471
2371,471
2372,471
2373,471
2374,498
2375,494
2376,498
2377,498
2378,501
2379,501
2380,502
2381,503
2382,503
2383,507
2384,506
2385,508
2386,508
2387,508
2388,510
2389,511
2390,510
2391,511
2392,511
2393,512
2394,488
2395,485
2396,487
2397,482
2398,482
2399,481
2400,481
2401,480
2402,478
2403,476
2404,476
2405,476
2406,475
2407,475
2408,474
2409,473
2410,473
2411,472
2412,472
2413,472
2414,471
2415,497
2416,469
2417,497
2418,497
2419,500
2420,500
2421,501
2422,502
2423,503
2424,505
2425,508
2426,508
2427,508
2428,508
2429,509
2430,510
2431,510
2432,510
2433,509
2434,511
2435,511
2436,485
2437,486
2438,484
2439,485
2440,481
2441,480
2442,480
2443,478
2444,475
2445,475
2446,475
2447,475
2448,474
2449,474
2450,473
2451,472
2452,471
2453,470
2454,471
2455,471
2456,470
2457,498
2458,494
2459,498
2460,498
2461,501
2462,501
2463,502
2464,503
2465,504
2466,506
2467,508
2468,508
2469,508
2470,509
2471,511
2472,511
2473,510
2474,510
2475,511
2476,511
2477,488
2478,485
2479,485
2480,481
2481,482
2482,480
2483,481
2484,480
2485,478
2486,476
2487,476
2488,476
2489,475
2490,473
2491,474
2492,472
2493,472
2494,471
2495,471
2496,471
2497,471
2498,470
2499,497
2500,497
2501,498
2502,500
2503,501
2504,502
2505,502
2506,503
2507,505
2508,507
2509,507
2510,507
2511,508
2512,510
2513,511
2514,510
2515,510
2516,511
2517,511
2518,484
2519,483
2520,484
2521,482
2522,480
2523,481
2524,480
2525,479
2526,477
2527,474
2528,474
2529,474
2530,474
2531,473
2532,472
2533,472
2534,470
2535,470
2536,469
2537,469
2538,470
2539,470
2540,497
2541,493
2542,497
2543,498
2544,502
2545,502
2546,502
2547,503
2548,504
2549,508
2550,507
2551,507
2552,507
2553,508
2554,511
2555,511
2556,510
2557,510
2558,509
2559,510
2560,487
2561,487
2562,484
2563,483
2564,480
2565,480
2566,478
2567,476
2568,480
2569,478
2570,477
2571,477
2572,476
2573,474
2574,473
2575,473
2576,474
2577,472
2578,471
2579,470
2580,471
2581,496
2582,469
2583,497
2584,497
2585,499
2586,500
2587,501
2588,502
2589,503
2590,504
2591,508
2592,508
2593,508
2594,508
2595,509
2596,512
2597,511
2598,511
2599,511
2600,510
2601,510
2602,484
2603,484
2604,482
2605,480
2606,480
2607,479
2608,479
2609,478
2610,475
2611,475
2612,475
2613,475
2614,474
2615,471
2616,472
2617,472
2618,472
2619,472
2620,471
2621,472
2622,472
2623,498
2624,495
2625,499
2626,498
2627,501
2628,501
2629,502
2630,502
2631,504
2632,506
2633,508
2634,507
2635,508
2636,509
2637,510
2638,512
2639,513
2640,513
2641,512
2642,511
2643,487
2644,511
2645,484
2646,482
2647,483
2648,480
2649,481
2650,479
2651,479
2652,477
2653,477
2654,477
2655,476
2656,474
2657,473
2658,473
2659,472
2660,472
2661,473
2662,472
2663,472
2664,497
2665,470
2666,498
2667,497
2668,501
2669,501
2670,502
2671,502
2672,503
2673,505
2674,506
2675,506
2676,507
2677,507
2678,509
2679,510
2680,511
2681,510
2682,510
2683,511
2684,510
2685,484
2686,512
2687,485
2688,481
2689,483
2690,480
2691,478
2692,477
2693,477
2694,477
2695,474
2696,474
2697,474
2698,474
2699,473
2700,471
2701,471
2702,471
2703,472
2704,471
2705,471
2706,498
2707,494
2708,498
2709,498
2710,501
2711,502
2712,502
2713,504
2714,505
2715,508
2716,509
2717,509
2718,509
2719,510
2720,512
2721,513
2722,512
2723,512
2724,512
2725,512
2726,512
2727,485
2728,487
2729,484
2730,483
2731,482
2732,479
2733,479
2734,478
2735,477
2736,476
2737,475
2738,476
2739,474
2740,472
2741,472
2742,472
2743,472
2744,472
2745,472
2746,471
2747,497
2748,469
2749,497
2750,496
2751,500
2752,501
2753,502
2754,502
2755,503
2756,505
2757,507
2758,507
2759,507
2760,507
2761,509
2762,510
2763,510
2764,510
2765,510
2766,511
2767,510
2768,483
2769,512
2770,484
2771,485
2772,482
2773,481
2774,478
2775,480
2776,480
2777,480
2778,479
2779,474
2780,473
2781,471
2782,471
2783,471
2784,472
2785,472
2786,472
2787,472
2788,471
2789,497
2790,493
2791,497
2792,497
2793,501
2794,501
2795,502
2796,504
2797,505
2798,508
2799,508
2800,508
2801,508
2802,509
2803,511
2804,512
2805,512
2806,511
2807,512
2808,511
2809,511
2810,484
2811,487
2812,484
2813,482
2814,480
2815,479
2816,479
2817,477
2818,477
2819,477
2820,475
2821,472
2822,473
2823,474
2824,472
2825,471
2826,471
2827,471
2828,471
2829,470
2830,495
2831,470
2832,498
2833,497
2834,500
2835,501
2836,502
2837,503
2838,505
2839,505
2840,507
2841,507
2842,507
2843,508
2844,509
2845,510
2846,510
2847,510
2848,510
2849,510
2850,510
2851,484
2852,513
2853,484
2854,485
2855,482
2856,481
2857,480
2858,480
2859,478
2860,479
2861,478
2862,474
2863,476
2864,474
2865,474
2866,473
2867,473
2868,473
2869,471
2870,471
2871,470
2872,497
2873,494
2874,498
2875,497
2876,503
2877,503
2878,504
2879,505
2880,506
2881,506
2882,508
2883,508
2884,508
2885,509
2886,510
2887,512
2888,512
2889,512
2890,511
2891,511
2892,511
2893,484
2894,487
2895,484
2896,483
2897,480
2898,479
2899,479
2900,478
2901,478
2902,476
2903,475
2904,472
2905,471
2906,471
2907,470
2908,473
2909,473
2910,472
2911,472
2912,471
2913,496
2914,470
2915,498
2916,497
2917,501
2918,501
2919,502
2920,503
2921,505
2922,506
2923,508
2924,507
2925,507
2926,508
2927,510
2928,511
2929,511
2930,511
2931,511
2932,511
2933,510
2934,484
2935,512
2936,485
2937,484
2938,482
2939,481
2940,480
2941,480
2942,478
2943,476
2944,474
2945,475
2946,474
2947,473
2948,472
2949,471
2950,472
2951,472
2952,472
2953,471
2954,471
2955,497
2956,494
2957,499
2958,498
2959,502
2960,503
2961,503
2962,505
2963,507
2964,508
2965,509
2966,509
2967,510
2968,510
2969,510
2970,510
2971,512
2972,513
2973,513
2974,512
2975,513
2976,485
2977,488
2978,484
2979,483
2980,481
2981,480
2982,480
2983,478
2984,477
2985,474
2986,475
2987,474
2988,475
2989,474
2990,471
2991,470
2992,471
2993,472
2994,471
2995,471
2996,470
2997,495
2998,496
2999,500
3000,499
3001,502
3002,504
3003,505
3004,507
3005,507
3006,509
3007,508
3008,509
3009,510
3010,511
3011,510
3012,512
3013,512
3014,512
3015,512
3016,512
3017,485
3018,512
3019,484
3020,484
3021,481
3022,481
3023,480
3024,480
3025,478
3026,476
3027,475
3028,474
3029,474
3030,474
3031,474
3032,472
3033,469
3034,471
3035,470
3036,469
3037,468
3038,495
3039,492
3040,498
3041,497
3042,501
3043,502
3044,502
3045,505
3046,505
3047,506
3048,506
3049,506
3050,508
3051,508
3052,509
3053,508
3054,511
3055,511
3056,510
3057,510
3058,511
3059,484
3060,487
3061,484
3062,481
3063,480
3064,480
3065,480
3066,479
3067,477
3068,475
3069,475
3070,475
3071,475
3072,473
3073,472
3074,470
3075,470
3076,470
3077,471
3078,471
3079,496
3080,471
3081,498
3082,498
3083,501
3084,501
3085,502
3086,503
3087,506
3088,506
3089,507
3090,507
3091,509
3092,508
3093,509
3094,511
3095,511
3096,512
3097,512
3098,512
3099,512
3100,485
3101,512
3102,484
3103,484
3104,480
3105,480
3106,479
3107,478
3108,477
3109,475
3110,474
3111,474
3112,473
3113,473
3114,471
3115,470
3116,471
3117,468
3118,470
3119,469
3120,492
3121,470
3122,496
3123,498
3124,502
3125,500
3126,503
3127,503
3128,505
3129,507
3130,507
3131,505
3132,507
3133,507
3134,507
3135,509
3136,509
3137,510
3138,511
3139,511
3140,511
3141,511
3142,484
3143,487
3144,484
3145,483
3146,479
3147,480
3148,479
3149,478
3150,477
3151,475
3152,475
3153,474
3154,474
3155,473
3156,473
3157,472
3158,473
3159,472
3160,472
3161,470
3162,496
3163,497
3164,498
3165,501
3166,499
3167,503
3168,505
3169,505
3170,508
3171,507
3172,507
3173,507
3174,508
3175,508
3176,509
3177,510
3178,510
3179,511
3180,511
3181,511
3182,511
3183,485
3184,512
3185,485
3186,484
3187,480
3188,481
3189,480
3190,480
3191,478
3192,476
3193,474
3194,474
3195,474
3196,473
3197,471
3198,470
3199,468
3200,467
3201,469
3202,470
3203,470
3204,470
3205,493
3206,499
3207,498
3208,502
3209,502
3210,503
3211,504
3212,507
3213,507
3214,507
3215,507
3216,508
3217,508
3218,509
3219,510
3220,511
3221,512
3222,511
3223,511
3224,512
3225,485
3226,487
3227,484
3228,483
3229,482
3230,480
3231,480
3232,478
3233,477
3234,474
3235,473
3236,473
3237,473
3238,472
3239,470
3240,470
3241,471
3242,471
3243,471
3244,471
3245,495
3246,495
3247,497
3248,501
3249,500
3250,501
3251,501
3252,503
3253,505
3254,507
3255,507
3256,507
3257,508
3258,510
3259,511
3260,511
3261,511
3262,511
3263,511
3264,511
3265,510
3266,484
3267,512
3268,485
3269,484
3270,482
3271,481
3272,480
3273,480
3274,479
3275,477
3276,475
3277,475
3278,475
3279,474
3280,471
3281,470
3282,471
3283,471
3284,470
3285,471
3286,493
3287,497
3288,497
3289,498
3290,502
3291,501
3292,501
3293,502
3294,504
3295,506
3296,506
3297,506
3298,506
3299,508
3300,509
3301,509
3302,509
3303,510
3304,511
3305,511
3306,511
3307,511
3308,484
3309,487
3310,484
3311,481
3312,481
3313,480
3314,480
3315,479
3316,477
3317,474
3318,474
3319,474
3320,474
3321,473
3322,470
3323,470
3324,470
3325,471
3326,472
3327,472
3328,497
3329,494
3330,497
3331,500
3332,500
3333,502
3334,502
3335,503
3336,506
3337,507
3338,508
3339,508
3340,508
3341,511
3342,512
3343,512
3344,510
3345,511
3346,511
3347,511
3348,511
3349,485
3350,513
3351,485
3352,484
3353,482
3354,481
3355,481
3356,480
3357,479
3358,476
3359,474
3360,474
3361,474
3362,474
3363,472
3364,471
3365,471
3366,471
3367,470
3368,471
3369,471
3370,498
3371,500
3372,499
3373,502
3374,501
3375,503
3376,503
3377,505
3378,506
3379,506
3380,506
3381,507
3382,508
3383,509
3384,510
3385,510
3386,510
3387,510
3388,510
3389,510
3390,510
3391,484
3392,487
3393,484
3394,482
3395,481
3396,480
3397,480
3398,479
3399,477
3400,474
3401,474
3402,474
3403,474
3404,473
3405,471
3406,471
3407,471
3408,470
3409,470
3410,471
3411,472
3412,498
3413,497
3414,493
3415,497
3416,500
3417,502
3418,505
3419,505
3420,507
3421,507
3422,507
3423,508
3424,510
3425,512
3426,511
3427,511
3428,512
3429,510
3430,511
3431,511
3432,484
3433,512
3434,484
3435,485
3436,480
3437,481
3438,480
3439,480
3440,478
3441,476
3442,474
3443,474
3444,474
3445,473
3446,471
3447,470
3448,470
3449,470
3450,470
3451,471
3452,471
3453,498
3454,494
3455,498
3456,502
3457,500
3458,503
3459,504
3460,506
3461,505
3462,506
3463,507
3464,507
3465,507
3466,508
3467,509
3468,510
3469,511
3470,510
3471,510
3472,511
3473,511
3474,484
3475,486
3476,483
3477,484
3478,480
3479,479
3480,479
3481,477
3482,476
3483,473
3484,473
3485,473
3486,473
3487,472
3488,469
3489,470
3490,470
3491,471
3492,471
3493,471
3494,471
3495,497
3496,497
3497,498
3498,501
3499,503
3500,503
3501,504
3502,505
3503,507
3504,508
3505,508
3506,509
3507,511
3508,510
3509,511
3510,509
3511,510
3512,509
3513,509
3514,510
3515,484
3516,511
3517,483
3518,484
3519,480
3520,479
3521,478
3522,478
3523,477
3524,476
3525,474
3526,474
3527,474
3528,473
3529,472
3530,470
3531,470
3532,472
3533,471
3534,471
3535,471
3536,498
3537,494
3538,498
3539,498
3540,502
3541,502
3542,504
3543,505
3544,505
3545,506
3546,507
3547,510
3548,511
3549,512
3550,511
3551,511
3552,510
3553,510
3554,510
3555,511
3556,512
3557,486
3558,488
3559,484
3560,483
3561,482
3562,481
3563,480
3564,478
3565,476
3566,475
3567,474
3568,475
3569,475
3570,473
3571,472
3572,472
3573,473
3574,472
3575,472
3576,472
3577,472
3578,498
3579,497
3580,498
3581,502
3582,502
3583,502
3584,503
3585,505
3586,506
3587,506
3588,508
3589,511
3590,510
3591,510
3592,513
3593,513
3594,513
3595,512
3596,512
3597,513
3598,486
3599,512
3600,485
3601,486
3602,482
3603,481
3604,480
3605,479
3606,477
3607,476
3608,474
3609,474
3610,474
3611,473
3612,471
3613,470
3614,471
3615,471
3616,471
3617,471
3618,471
3619,498
3620,494
3621,498
3622,499
3623,501
3624,502
3625,502
3626,503
3627,504
3628,506
3629,507
3630,509
3631,511
3632,511
3633,511
3634,512
3635,511
3636,511
3637,511
3638,512
3639,512
3640,486
3641,488
3642,485
3643,485
3644,480
3645,480
3646,478
3647,476
3648,476
3649,474
3650,475
3651,475
3652,475
3653,475
3654,474
3655,473
3656,470
3657,471
3658,471
3659,471
3660,496
3661,469
3662,497
3663,496
3664,500
3665,500
3666,502
3667,502
3668,503
3669,504
3670,505
3671,508
3672,507
3673,509
3674,509
3675,511
3676,509
3677,510
3678,510
3679,510
3680,511
3681,485
3682,512
3683,483
3684,484
3685,480
3686,480
3687,479
3688,478
3689,476
3690,475
3691,474
3692,474
3693,475
3694,474
3695,474
3696,473
3697,472
3698,470
3699,471
3700,470
3701,470
3702,497
3703,493
3704,498
3705,498
3706,502
3707,502
3708,502
3709,503
3710,504
3711,507
3712,507
3713,506
3714,509
3715,509
3716,509
3717,510
3718,510
3719,510
3720,510
3721,510
3722,511
3723,485
3724,487
3725,483
3726,483
3727,481
3728,480
3729,479
3730,477
3731,476
3732,475
3733,475
3734,474
3735,473
3736,472
3737,473
3738,471
3739,470
3740,471
3741,471
3742,470
3743,470
3744,497
3745,497
3746,498
3747,500
3748,500
3749,501
3750,502
3751,504
3752,506
3753,507
3754,506
3755,507
3756,506
3757,508
3758,509
3759,512
3760,511
3761,511
3762,510
3763,511
3764,485
3765,512
3766,483
3767,484
3768,479
3769,479
3770,478
3771,477
3772,477
3773,476
3774,474
3775,474
3776,473
3777,471
3778,471
3779,471
3780,469
3781,468
3782,469
3783,469
3784,469
3785,496
3786,493
3787,497
3788,498
3789,502
3790,501
3791,502
3792,503
3793,504
3794,507
3795,506
3796,507
3797,507
3798,507
3799,508
3800,508
3801,511
3802,510
3803,512
3804,512
3805,513
3806,487
3807,488
3808,484
3809,483
3810,482
3811,481
3812,480
3813,480
3814,478
3815,477
3816,476
3817,475
3818,473
3819,473
3820,473
3821,471
3822,470
3823,471
3824,471
3825,471
3826,470
3827,497
3828,498
3829,498
3830,502
3831,501
3832,502
3833,502
3834,503
3835,505
3836,507
3837,509
3838,510
3839,508
3840,511
3841,509
3842,510
3843,513
3844,514
3845,513
3846,513
3847,486
3848,513
3849,484
3850,485
3851,481
3852,481
3853,480
3854,478
3855,475
3856,476
3857,475
3858,474
3859,473
3860,473
3861,473
3862,471
3863,469
3864,469
3865,469
3866,470
3867,470
3868,497
3869,493
3870,497
3871,498
3872,502
3873,501
3874,502
3875,503
3876,504
3877,507
3878,508
3879,508
3880,508
3881,509
3882,511
3883,512
3884,511
3885,514
3886,512
3887,513
3888,489
3889,512
3890,486
3891,484
3892,481
3893,481
3894,480
3895,480
3896,476
3897,475
3898,475
3899,476
3900,474
3901,474
3902,474
3903,472
3904,472
3905,472
3906,471
3907,471
3908,471
3909,471
3910,497
3911,496
3912,498
3913,500
3914,501
3915,502
3916,502
3917,503
3918,505
3919,507
3920,507
3921,508
3922,508
3923,509
3924,509
3925,510
3926,509
3927,510
3928,510
3929,512
3930,485
3931,484
3932,483
3933,480
3934,481
3935,479
3936,478
3937,477
3938,476
3939,475
3940,475
3941,476
3942,474
3943,474
3944,473
3945,473
3946,472
3947,471
3948,471
3949,471
3950,470
3951,497
3952,493
3953,497
3954,498
3955,502
3956,502
3957,502
3958,503
3959,505
3960,508
3961,508
3962,508
3963,508
3964,509
3965,511
3966,511
3967,510
3968,511
3969,510
3970,511
3971,488
3972,486
3973,484
3974,482
3975,483
3976,478
3977,477
3978,476
3979,474
3980,473
3981,473
3982,473
3983,473
3984,474
3985,473
3986,472
3987,472
3988,471
3989,471
3990,471
3991,471
3992,471
3993,497
3994,498
3995,499
3996,501
3997,501
3998,502
3999,503
4000,504
4001,506
4002,508
4003,507
4004,507
4005,508
4006,510
4007,511
4008,511
4009,510
4010,510
4011,510
4012,511
4013,485
4014,485
4015,483
4016,480
4017,481
4018,480
4019,480
4020,478
4021,475
4022,475
4023,475
4024,475
4025,474
4026,471
4027,472
4028,470
4029,470
4030,469
4031,469
4032,470
4033,470
4034,497
4035,493
4036,497
4037,498
4038,500
4039,501
4040,502
4041,503
4042,504
4043,506
4044,509
4045,508
4046,508
4047,509
4048,511
4049,512
4050,512
4051,510
4052,510
4053,511
4054,511
4055,511
4056,488
4057,485
4058,484
4059,482
4060,481
4061,480
4062,477
4063,475
4064,475
4065,475
4066,474
4067,472
4068,471
4069,471
4070,470
4071,470
4072,470
4073,470
4074,470
4075,496
4076,469
4077,496
4078,498
4079,499
4080,500
4081,501
4082,501
4083,502
4084,505
4085,507
4086,507
4087,507
4088,507
4089,509
4090,510
4091,511
4092,510
4093,510
4094,509
4095,509
4096,483
4097,487
4098,484
4099,481
4100,481
4101,480
4102,480
4103,478
4104,475
4105,474
4106,474
4107,474
4108,473
4109,471
4110,471
4111,471
4112,472
4113,471
4114,471
4115,471
4116,471
4117,498
4118,494
4119,498
4120,499
4121,501
4122,502
4123,503
4124,503
4125,504
4126,507
4127,508
4128,508
4129,508
4130,508
4131,510
4132,512
4133,512
4134,511
4135,512
4136,511
4137,511
4138,485
4139,482
4140,483
4141,480
4142,480
4143,478
4144,478
4145,476
4146,474
4147,474
4148,474
4149,474
4150,472
4151,471
4152,471
4153,471
4154,471
4155,472
4156,471
4157,471
4158,471
4159,498
4160,497
4161,497
4162,500
4163,501
4164,501
4165,502
4166,503
4167,504
4168,507
4169,507
4170,508
4171,508
4172,509
4173,511
4174,511
4175,511
4176,512
4177,512
4178,512
4179,483
4180,512
4181,484
4182,483
4183,482
4184,480
4185,480
4186,480
4187,479
4188,478
4189,478
4190,477
4191,475
4192,472
4193,473
4194,472
4195,472
4196,472
4197,472
4198,472
4199,472
4200,499
4201,494
4202,498
4203,498
4204,502
4205,503
4206,503
4207,503
4208,505
4209,507
4210,508
4211,508
4212,508
4213,509
4214,511
4215,512
4216,512
4217,511
4218,512
4219,511
4220,511
4221,484
4222,487
4223,484
4224,479
4225,480
4226,479
4227,478
4228,478
4229,478
4230,476
4231,474
4232,474
4233,475
4234,474
4235,472
4236,471
4237,471
4238,472
4239,471
4240,470
4241,496
4242,469
4243,497
4244,498
4245,502
4246,502
4247,503
4248,503
4249,503
4250,505
4251,508
4252,508
4253,508
4254,508
4255,510
4256,511
4257,511
4258,510
4259,511
4260,510
4261,511
4262,484
4263,513
4264,484
4265,484
4266,481
4267,481
4268,481
4269,480
4270,479
4271,478
4272,476
4273,476
4274,474
4275,472
4276,472
4277,472
4278,472
4279,472
4280,471
4281,470
4282,470
4283,498
4284,494
4285,498
4286,497
4287,501
4288,502
4289,503
4290,503
4291,505
4292,507
4293,509
4294,508
4295,508
4296,509
4297,511
4298,512
4299,512
4300,512
4301,512
4302,511
4303,511
4304,484
4305,487
4306,484
4307,481
4308,481
4309,480
4310,478
4311,476
4312,476
4313,474
4314,475
4315,471
4316,470
4317,469
4318,469
4319,471
4320,471
4321,471
4322,471
4323,470
4324,495
4325,468
4326,496
4327,496
4328,499
4329,500
4330,501
4331,502
4332,504
4333,506
4334,508
4335,508
4336,508
4337,508
4338,510
4339,511
4340,511
4341,511
4342,510
4343,510
4344,510
4345,483
4346,511
4347,484
4348,484
4349,480
4350,480
4351,479
4352,479
4353,478
4354,477
4355,476
4356,474
4357,473
4358,473
4359,472
4360,470
4361,471
4362,471
4363,471
4364,470
4365,470
4366,496
4367,493
4368,497
4369,497
4370,501
4371,502
4372,502
4373,504
4374,504
4375,506
4376,506
4377,509
4378,510
4379,509
4380,509
4381,510
4382,512
4383,513
4384,513
4385,512
4386,512
4387,485
4388,488
4389,484
4390,483
4391,481
4392,480
4393,480
4394,479
4395,477
4396,475
4397,473
4398,474
4399,473
4400,473
4401,471
4402,470
4403,471
4404,471
4405,471
4406,471
4407,495
4408,470
4409,498
4410,497
4411,501
4412,501
4413,502
4414,503
4415,505
4416,506
4417,507
4418,507
4419,508
4420,508
4421,510
4422,511
4423,511
4424,511
4425,511
4426,511
4427,510
4428,483
4429,512
4430,484
4431,485
4432,481
4433,480
4434,480
4435,478
4436,477
4437,477
4438,476
4439,472
4440,474
4441,473
4442,472
4443,471
4444,472
4445,472
4446,471
4447,471
4448,470
4449,497
4450,493
4451,499
4452,498
4453,503
4454,503
4455,504
4456,505
4457,506
4458,507
4459,508
4460,508
4461,507
4462,507
4463,508
4464,509
4465,511
4466,512
4467,512
4468,512
4469,512
4470,485
4471,488
4472,484
4473,482
4474,481
4475,480
4476,480
4477,479
4478,477
4479,475
4480,475
4481,476
4482,474
4483,474
4484,474
4485,473
4486,473
4487,473
4488,472
4489,472
4490,496
4491,471
4492,499
4493,498
4494,501
4495,502
4496,502
4497,503
4498,506
4499,506
4500,508
4501,507
4502,508
4503,510
4504,510
4505,510
4506,511
4507,512
4508,512
4509,511
4510,512
4511,485
4512,512
4513,484
4514,484
4515,481
4516,481
4517,480
4518,480
4519,477
4520,476
4521,474
4522,475
4523,475
4524,475
4525,474
4526,473
4527,470
4528,471
4529,471
4530,471
4531,470
4532,496
4533,493
4534,498
4535,498
4536,503
4537,504
4538,504
4539,506
4540,507
4541,507
4542,507
4543,507
4544,509
4545,509
4546,511
4547,511
4548,513
4549,513
4550,513
4551,512
4552,512
4553,485
4554,489
4555,484
4556,482
4557,481
4558,480
4559,480
4560,479
4561,477
4562,474
4563,474
4564,474
4565,474
4566,474
4567,472
4568,473
4569,469
4570,471
4571,470
4572,470
4573,469
4574,495
4575,496
4576,500
4577,499
4578,502
4579,504
4580,505
4581,505
4582,506
4583,507
4584,507
4585,508
4586,509
4587,510
4588,511
4589,510
4590,511
4591,511
4592,510
4593,511
4594,484
4595,511
4596,484
4597,484
4598,480
4599,480
4600,480
4601,480
4602,478
4603,476
4604,473
4605,473
4606,474
4607,474
4608,472
4609,472
4610,470
4611,471
4612,470
4613,469
4614,470
4615,496
4616,493
4617,498
4618,497
4619,501
4620,502
4621,503
4622,505
4623,506
4624,506
4625,507
4626,508
4627,510
4628,509
4629,511
4630,510
4631,512
4632,511
4633,512
4634,512
4635,511
4636,485
4637,488
4638,484
4639,482
4640,481
4641,480
4642,480
4643,479
4644,477
4645,475
4646,475
4647,474
4648,474
4649,473
4650,470
4651,471
4652,472
4653,471
4654,472
4655,470
4656,496
4657,471
4658,499
4659,498
4660,501
4661,502
4662,502
4663,503
4664,507
4665,508
4666,507
4667,508
4668,508
4669,510
4670,510
4671,511
4672,511
4673,511
4674,510
4675,510
4676,510
4677,484
4678,511
4679,483
4680,484
4681,481
4682,480
4683,479
4684,479
4685,478
4686,476
4687,475
4688,475
4689,473
4690,473
4691,471
4692,471
4693,471
4694,472
4695,471
4696,472
4697,494
4698,497
4699,497
4700,499
4701,502
4702,501
4703,503
4704,504
4705,506
4706,507
4707,507
4708,508
4709,507
4710,507
4711,508
4712,509
4713,509
4714,509
4715,510
4716,510
4717,510
4718,510
4719,483
4720,487
4721,484
4722,482
4723,480
4724,479
4725,479
4726,478
4727,477
4728,473
4729,474
4730,474
4731,474
4732,472
4733,471
4734,471
4735,472
4736,471
4737,472
4738,470
4739,496
4740,497
4741,498
4742,500
4743,499
4744,502
4745,504
4746,505
4747,507
4748,507
4749,507
4750,507
4751,508
4752,507
4753,508
4754,510
4755,510
4756,511
4757,511
4758,511
4759,511
4760,511
4761,484
4762,484
4763,482
4764,481
4765,481
4766,481
4767,480
4768,477
4769,476
4770,474
4771,475
4772,475
4773,474
4774,470
4775,469
4776,470
4777,472
4778,472
4779,498
4780,494
4781,497
4782,497
4783,498
4784,498
4785,503
4786,504
4787,504
4788,506
4789,508
4790,508
4791,508
4792,508
4793,510
4794,511
4795,510
4796,511
4797,511
4798,511
4799,511
4800,511
4801,511
4802,484
4803,487
4804,484
4805,483
4806,481
4807,480
4808,480
4809,479
4810,478
4811,474
4812,475
4813,474
4814,474
4815,473
4816,470
4817,470
4818,470
4819,471
4820,471
4821,471
4822,471
4823,470
4824,496
4825,499
4826,499
4827,501
4828,503
4829,504
4830,506
4831,508
4832,508
4833,507
4834,508
4835,510
4836,511
4837,511
4838,512
4839,513
4840,512
4841,512
4842,512
4843,485
4844,513
4845,485
4846,485
4847,481
4848,480
4849,480
4850,480
4851,478
4852,476
4853,474
4854,474
4855,474
4856,474
4857,472
4858,471
4859,470
4860,470
4861,470
4862,473
4863,472
4864,499
4865,497
4866,498
4867,502
4868,501
4869,503
4870,503
4871,505
4872,506
4873,506
4874,506
4875,507
4876,509
4877,510
4878,509
4879,509
4880,509
4881,511
4882,510
4883,510
4884,511
4885,484
4886,486
4887,483
4888,482
4889,480
4890,480
4891,480
4892,478
4893,477
4894,474
4895,474
4896,474
4897,474
4898,472
4899,470
4900,471
4901,471
4902,471
4903,470
4904,471
4905,497
4906,470
4907,498
4908,500
4909,500
4910,502
4911,502
4912,503
4913,504
4914,506
4915,506
4916,506
4917,507
4918,510
4919,509
4920,508
4921,510
4922,511
4923,511
4924,511
4925,511
4926,484
4927,511
4928,484
4929,484
4930,482
4931,481
4932,480
4933,479
4934,478
4935,476
4936,474
4937,474
4938,473
4939,473
4940,471
4941,471
4942,471
4943,472
4944,471
4945,471
4946,471
4947,499
4948,495
4949,498
4950,503
4951,502
4952,504
4953,503
4954,505
4955,504
4956,505
4957,505
4958,507
4959,508
4960,510
4961,510
4962,510
4963,510
4964,510
4965,510
4966,510
4967,510
4968,484
4969,486
4970,483
4971,484
4972,478
4973,479
4974,478
4975,478
4976,476
4977,474
4978,474
4979,474
4980,473
4981,472
4982,471
4983,472
4984,472
4985,472
4986,472
4987,472
4988,471
4989,498
4990,497
4991,498
4992,501
4993,504
4994,504
4995,504
4996,505
4997,504
4998,506
4999,508
5000,507
5001,507
5002,508
5003,511
5004,510
5005,510
5006,510
5007,510
5008,511
5009,485
5010,511
5011,484
5012,484
5013,480
5014,479
5015,478
5016,478
5017,477
5018,475
5019,473
5020,474
5021,474
5022,473
5023,472
5024,471
5025,470
5026,469
5027,470
5028,470
5029,468
5030,496
5031,492
5032,498
5033,498
5034,502
5035,503
5036,503
5037,505
5038,504
5039,506
5040,508
5041,508
5042,510
5043,511
5044,511
5045,509
5046,509
5047,509
5048,509
5049,510
5050,510
5051,484
5052,486
5053,483
5054,482
5055,482
5056,480
5057,480
5058,479
5059,477
5060,475
5061,475
5062,475
5063,475
5064,473
5065,472
5066,471
5067,472
5068,472
5069,472
5070,472
5071,472
5072,498
5073,499
5074,499
5075,502
5076,502
5077,502
5078,504
5079,505
5080,506
5081,507
5082,506
5083,508
5084,511
5085,510
5086,509
5087,509
5088,509
5089,510
5090,510
5091,511
5092,486
5093,512
5094,484
5095,485
5096,480
5097,480
5098,479
5099,477
5100,476
5101,475
5102,475
5103,472
5104,473
5105,473
5106,473
5107,473
5108,470
5109,469
5110,469
5111,471
5112,471
5113,497
5114,496
5115,498
5116,500
5117,502
5118,503
5119,503
5120,506
5121,504
5122,506
5123,506
5124,508
5125,509
5126,509
5127,510
5128,511
5129,510
5130,510
5131,510
5132,510
5133,511
5134,486
5135,487
5136,484
5137,484
5138,480
5139,480
5140,480
5141,478
5142,477
5143,476
5144,476
5145,475
5146,475
5147,474
5148,471
5149,471
5150,471
5151,471
5152,471
5153,471
5154,497
5155,470
5156,498
5157,497
5158,500
5159,500
5160,501
5161,502
5162,503
5163,505
5164,505
5165,506
5166,507
5167,507
5168,508
5169,509
5170,509
5171,510
5172,510
5173,511
5174,511
5175,485
5176,512
5177,483
5178,484
5179,480
5180,480
5181,479
5182,478
5183,476
5184,475
5185,474
5186,474
5187,473
5188,473
5189,471
5190,470
5191,471
5192,471
5193,470
5194,471
5195,471
5196,499
5197,494
5198,498
5199,498
5200,501
5201,502
5202,505
5203,507
5204,507
5205,510
5206,509
5207,511
5208,513
5209,512
5210,511
5211,512
5212,511
5213,512
5214,513
5215,512
5216,513
5217,486
5218,488
5219,483
5220,484
5221,480
5222,480
5223,479
5224,477
5225,477
5226,475
5227,475
5228,474
5229,474
5230,473
5231,470
5232,470
5233,471
5234,470
5235,470
5236,471
5237,497
5238,470
5239,497
5240,497
5241,500
5242,500
5243,501
5244,502
5245,503
5246,505
5247,506
5248,507
5249,506
5250,506
5251,506
5252,508
5253,507
5254,508
5255,508
5256,509
5257,510
5258,484
5259,511
5260,483
5261,484
5262,480
5263,480
5264,479
5265,477
5266,475
5267,474
5268,473
5269,473
5270,472
5271,471
5272,472
5273,471
5274,470
5275,469
5276,470
5277,470
5278,470
5279,497
5280,493
5281,498
5282,499
5283,500
5284,500
5285,501
5286,502
5287,505
5288,507
5289,509
5290,508
5291,509
5292,508
5293,508
5294,510
5295,509
5296,512
5297,512
5298,512
5299,512
5300,486
5301,488
5302,483
5303,484
5304,480
5305,479
5306,478
5307,476
5308,476
5309,475
5310,475
5311,474
5312,472
5313,472
5314,471
5315,471
5316,468
5317,469
5318,469
5319,470
5320,470
5321,497
5322,496
5323,497
5324,500
5325,501
5326,501
5327,502
5328,503
5329,505
5330,506
5331,507
5332,506
5333,507
5334,508
5335,509
5336,508
5337,510
5338,510
5339,511
5340,511
5341,485
5342,512
5343,484
5344,484
5345,480
5346,480
5347,480
5348,478
5349,477
5350,478
5351,475
5352,474
5353,473
5354,473
5355,472
5356,472
5357,472
5358,470
5359,470
5360,471
5361,471
5362,498
5363,493
5364,497
5365,498
5366,503
5367,502
5368,503
5369,502
5370,504
5371,507
5372,508
5373,508
5374,508
5375,509
5376,512
5377,511
5378,514
5379,512
5380,513
5381,513
5382,513
5383,486
5384,489
5385,483
5386,484
5387,480
5388,479
5389,479
5390,476
5391,474
5392,475
5393,475
5394,474
5395,474
5396,473
5397,472
5398,472
5399,469
5400,470
5401,470
5402,470
5403,495
5404,468
5405,496
5406,497
5407,499
5408,500
5409,501
5410,502
5411,503
5412,505
5413,507
5414,507
5415,506
5416,507
5417,509
5418,510
5419,510
5420,509
5421,511
5422,510
5423,511
5424,485
5425,511
5426,483
5427,484
5428,479
5429,478
5430,478
5431,476
5432,475
5433,475
5434,475
5435,475
5436,474
5437,474
5438,473
5439,473
5440,472
5441,471
5442,471
5443,471
5444,471
5445,498
5446,494
5447,498
5448,498
5449,500
5450,501
5451,502
5452,503
5453,504
5454,506
5455,508
5456,508
5457,509
5458,509
5459,511
5460,513
5461,512
5462,511
5463,512
5464,512
5465,488
5466,486
5467,484
5468,483
5469,480
5470,480
5471,480
5472,479
5473,476
5474,475
5475,475
5476,475
5477,475
5478,475
5479,474
5480,472
5481,472
5482,471
5483,471
5484,471
5485,471
5486,496
5487,469
5488,497
5489,497
5490,500
5491,501
5492,501
5493,502
5494,503
5495,505
5496,507
5497,507
5498,507
5499,508
5500,509
5501,510
5502,510
5503,509
5504,510
5505,510
5506,511
5507,485
5508,486
5509,484
5510,481
5511,483
5512,480
5513,477
5514,476
5515,473
5516,474
5517,473
5518,474
5519,473
5520,474
5521,473
5522,471
5523,471
5524,470
5525,470
5526,470
5527,470
5528,497
5529,493
5530,498
5531,498
5532,502
5533,501
5534,502
5535,503
5536,505
5537,508
5538,509
5539,508
5540,508
5541,509
5542,513
5543,512
5544,512
5545,510
5546,511
5547,512
5548,488
5549,486
5550,484
5551,482
5552,482
5553,481
5554,481
5555,479
5556,477
5557,475
5558,475
5559,475
5560,474
5561,472
5562,471
5563,471
5564,471
5565,470
5566,470
5567,470
5568,470
5569,470
5570,496
5571,496
5572,498
5573,501
5574,501
5575,501
5576,502
5577,503
5578,505
5579,507
5580,507
5581,507
5582,508
5583,509
5584,511
5585,510
5586,509
5587,510
5588,510
5589,510
5590,511
5591,511
5592,484
5593,485
5594,483
5595,480
5596,479
5597,477
5598,476
5599,475
5600,476
5601,476
5602,476
5603,475
5604,474
5605,474
5606,472
5607,471
5608,471
5609,471
5610,471
5611,498
5612,494
5613,498
5614,501
5615,501
5616,502
5617,502
5618,503
5619,504
5620,507
5621,509
5622,509
5623,509
5624,508
5625,511
5626,511
5627,512
5628,511
5629,511
5630,510
5631,511
5632,484
5633,483
5634,481
5635,481
5636,480
5637,480
5638,480
5639,477
5640,475
5641,475
5642,475
5643,474
5644,472
5645,471
5646,471
5647,472
5648,472
5649,472
5650,472
5651,472
5652,497
5653,470
5654,497
5655,497
5656,501
5657,500
5658,501
5659,502
5660,503
5661,505
5662,506
5663,507
5664,507
5665,507
5666,509
5667,510
5668,510
5669,510
5670,509
5671,509
5672,510
5673,483
5674,510
5675,483
5676,480
5677,481
5678,479
5679,479
5680,477
5681,477
5682,476
5683,476
5684,476
5685,474
5686,471
5687,472
5688,472
5689,472
5690,472
5691,470
5692,471
5693,471
5694,498
5695,494
5696,499
5697,498
5698,501
5699,501
5700,502
5701,503
5702,504
5703,506
5704,508
5705,508
5706,509
5707,509
5708,512
5709,510
5710,510
5711,509
5712,511
5713,511
5714,511
5715,484
5716,487
5717,484
5718,479
5719,480
5720,477
5721,477
5722,476
5723,478
5724,476
5725,474
5726,474
5727,474
5728,473
5729,472
5730,470
5731,471
5732,471
5733,471
5734,471
5735,470
5736,497
5737,498
5738,499
5739,500
5740,501
5741,501
5742,502
5743,503
5744,506
5745,507
5746,507
5747,507
5748,508
5749,509
5750,511
5751,509
5752,511
5753,511
5754,511
5755,511
5756,511
5757,485
5758,484
5759,482
5760,481
5761,479
5762,480
5763,479
5764,478
5765,477
5766,474
5767,474
5768,474
5769,474
5770,473
5771,471
5772,471
5773,471
5774,471
5775,471
5776,470
5777,497
5778,494
5779,497
5780,497
5781,501
5782,501
5783,502
5784,503
5785,504
5786,506
5787,508
5788,507
5789,507
5790,508
5791,512
5792,511
5793,511
5794,510
5795,510
5796,509
5797,511
5798,484
5799,487
5800,484
5801,483
5802,480
5803,478
5804,478
5805,476
5806,478
5807,477
5808,478
5809,477
5810,477
5811,476
5812,474
5813,472
5814,472
5815,472
5816,471
5817,471
5818,470
5819,497
5820,498
5821,499
5822,500
5823,501
5824,502
5825,503
5826,504
5827,506
5828,507
5829,507
5830,507
5831,508
5832,510
5833,511
5834,510
5835,509
5836,510
5837,509
5838,510
5839,483
5840,510
5841,484
5842,483
5843,481
5844,480
5845,480
5846,478
5847,477
5848,476
5849,474
5850,475
5851,472
5852,471
5853,471
5854,472
5855,472
5856,472
5857,472
5858,471
5859,471
5860,497
5861,494
5862,498
5863,497
5864,503
5865,503
5866,503
5867,504
5868,505
5869,508
5870,508
5871,508
5872,508
5873,508
5874,511
5875,511
5876,510
5877,510
5878,511
5879,509
5880,510
5881,483
5882,488
5883,484
5884,481
5885,481
5886,480
5887,480
5888,478
5889,478
5890,477
5891,475
5892,471
5893,473
5894,473
5895,471
5896,470
5897,470
5898,470
5899,470
5900,469
5901,468
5902,494
5903,495
5904,497
5905,498
5906,499
5907,500
5908,502
5909,504
5910,505
5911,507
5912,506
5913,508
5914,507
5915,507
5916,508
5917,510
5918,511
5919,510
5920,511
5921,511
5922,484
5923,512
5924,485
5925,485
5926,482
5927,481
5928,480
5929,480
5930,479
5931,476
5932,475
5933,472
5934,474
5935,472
5936,471
5937,469
5938,470
5939,470
5940,470
5941,470
5942,469
5943,495
5944,492
5945,498
5946,497
5947,503
5948,503
5949,504
5950,505
5951,505
5952,507
5953,508
5954,507
5955,507
5956,507
5957,508
5958,508
5959,510
5960,511
5961,511
5962,511
5963,511
5964,484
5965,487
5966,483
5967,482
5968,481
5969,481
5970,480
5971,479
5972,477
5973,476
5974,477
5975,474
5976,475
5977,473
5978,473
5979,471
5980,471
5981,471
5982,471
5983,471
5984,469
5985,495
5986,496
5987,500
5988,499
5989,502
5990,502
5991,503
5992,506
5993,506
5994,508
5995,508
5996,507
5997,507
5998,507
5999,508
6000,510
6001,511
6002,511
6003,511
6004,511
6005,484
6006,511
6007,484
6008,484
6009,480
6010,480
6011,480
6012,479
6013,478
6014,475
6015,474
6016,471
6017,473
6018,472
6019,471
6020,470
6021,471
6022,472
6023,471
6024,471
6025,470
6026,496
6027,493
6028,498
6029,498
6030,503
6031,504
6032,505
6033,506
6034,506
6035,507
6036,507
6037,508
6038,509
6039,509
6040,509
6041,510
6042,512
6043,511
6044,511
6045,511
6046,512
6047,485
6048,488
6049,483
6050,481
6051,480
6052,481
6053,480
6054,479
6055,477
6056,476
6057,475
6058,475
6059,474
6060,475
6061,473
6062,474
6063,471
6064,472
6065,472
6066,471
6067,469
6068,495
6069,496
6070,501
6071,499
6072,502
6073,505
6074,505
6075,506
6076,505
6077,507
6078,507
6079,509
6080,508
6081,509
6082,509
6083,510
6084,511
6085,511
6086,511
6087,511
6088,484
6089,513
6090,485
6091,485
6092,481
6093,482
6094,480
6095,480
6096,478
6097,476
6098,474
6099,474
6100,474
6101,473
6102,472
6103,471
6104,472
6105,469
6106,470
6107,469
6108,469
6109,495
6110,496
6111,499
6112,500
6113,501
6114,501
6115,502
6116,505
6117,505
6118,505
6119,506
6120,507
6121,507
6122,508
6123,509
6124,509
6125,510
6126,510
6127,510
6128,510
6129,510
6130,483
6131,487
6132,484
6133,481
6134,480
6135,479
6136,479
6137,480
6138,477
6139,476
6140,476
6141,475
6142,475
6143,475
6144,472
6145,474
6146,470
6147,471
6148,470
6149,470
6150,495
6151,470
6152,499
6153,497
6154,502
6155,503
6156,503
6157,504
6158,507
6159,506
6160,507
6161,507
6162,508
6163,508
6164,509
6165,510
6166,510
6167,511
6168,511
6169,511
6170,511
6171,484
6172,511
6173,484
6174,484
6175,480
6176,481
6177,480
6178,480
6179,479
6180,476
6181,474
6182,474
6183,474
6184,473
6185,471
6186,470
6187,470
6188,471
6189,470
6190,472
6191,494
6192,497
6193,494
6194,499
6195,498
6196,503
6197,504
6198,504
6199,506
6200,507
6201,507
6202,507
6203,507
6204,507
6205,508
6206,509
6207,509
6208,509
6209,511
6210,511
6211,511
6212,511
6213,484
6214,487
6215,483
6216,482
6217,481
6218,480
6219,478
6220,478
6221,477
6222,476
6223,476
6224,476
6225,476
6226,474
6227,472
6228,472
6229,472
6230,473
6231,472
6232,471
6233,496
6234,496
6235,498
6236,499
6237,500
6238,501
6239,501
6240,503
6241,506
6242,508
6243,508
6244,508
6245,508
6246,508
6247,508
6248,510
6249,510
6250,511
6251,511
6252,510
6253,511
6254,484
6255,511
6256,484
6257,484
6258,480
6259,481
6260,480
6261,480
6262,478
6263,476
6264,474
6265,474
6266,474
6267,473
6268,471
6269,469
6270,469
6271,471
6272,470
6273,470
6274,493
6275,496
6276,497
6277,498
6278,501
6279,500
6280,503
6281,504
6282,505
6283,507
6284,507
6285,507
6286,507
6287,509
6288,508
6289,510
6290,509
6291,510
6292,510
6293,510
6294,510
6295,511
6296,484
6297,487
6298,483
6299,480
6300,481
6301,480
6302,480
6303,480
6304,476
6305,475
6306,475
6307,476
6308,476
6309,474
6310,473
6311,473
6312,473
6313,473
6314,473
6315,497
6316,497
6317,496
6318,496
6319,496
6320,497
6321,501
6322,503
6323,504
6324,507
6325,507
6326,507
6327,507
6328,508
6329,511
6330,510
6331,510
6332,511
6333,512
6334,511
6335,511
6336,511
6337,485
6338,512
6339,484
6340,484
6341,480
6342,481
6343,480
6344,480
6345,478
6346,475
6347,474
6348,474
6349,474
6350,473
6351,471
6352,472
6353,470
6354,469
6355,469
6356,469
6357,470
6358,470
6359,493
6360,496
6361,497
6362,499
6363,500
6364,502
6365,504
6366,506
6367,506
6368,506
6369,507
6370,509
6371,510
6372,510
6373,509
6374,510
6375,511
6376,511
6377,511
6378,511
6379,485
6380,487
6381,484
6382,481
6383,480
6384,479
6385,479
6386,480
6387,477
6388,475
6389,475
6390,474
6391,474
6392,475
6393,475
6394,472
6395,471
6396,471
6397,471
6398,471
6399,470
6400,497
6401,498
6402,501
6403,500
6404,503
6405,502
6406,502
6407,505
6408,507
6409,507
6410,507
6411,507
6412,509
6413,510
6414,510
6415,510
6416,509
6417,509
6418,509
6419,510
6420,483
6421,512
6422,484
6423,485
6424,482
6425,481
6426,480
6427,480
6428,479
6429,477
6430,475
6431,475
6432,474
6433,474
6434,472
6435,471
6436,471
6437,471
6438,471
6439,472
6440,472
6441,498
6442,493
6443,497
6444,501
6445,500
6446,502
6447,502
6448,503
6449,506
6450,506
6451,506
6452,507
6453,508
6454,511
6455,511
6456,511
6457,511
6458,511
6459,512
6460,511
6461,511
6462,484
6463,486
6464,483
6465,484
6466,481
6467,481
6468,480
6469,478
6470,477
6471,475
6472,475
6473,475
6474,474
6475,472
6476,470
6477,471
6478,471
6479,471
6480,471
6481,472
6482,497
6483,470
6484,497
6485,497
6486,498
6487,501
6488,503
6489,504
6490,504
6491,505
6492,507
6493,508
6494,508
6495,508
6496,509
6497,510
6498,512
6499,511
6500,511
6501,511
6502,511
6503,484
6504,512
6505,484
6506,485
6507,481
6508,480
6509,480
6510,479
6511,478
6512,476
6513,474
6514,474
6515,474
6516,473
6517,471
6518,470
6519,470
6520,472
6521,471
6522,472
6523,471
6524,498
6525,494
6526,497
6527,498
6528,502
6529,501
6530,503
6531,505
6532,504
6533,505
6534,506
6535,506
6536,506
6537,507
6538,508
6539,509
6540,510
6541,510
6542,510
6543,510
6544,511
6545,485
6546,487
6547,483
6548,483
6549,480
6550,480
6551,479
6552,478
6553,476
6554,473
6555,474
6556,475
6557,474
6558,473
6559,469
6560,470
6561,470
6562,471
6563,471
6564,471
6565,496
6566,469
6567,497
6568,497
6569,499
6570,500
6571,503
6572,502
6573,503
6574,504
6575,504
6576,507
6577,508
6578,510
6579,511
6580,511
6581,511
6582,511
6583,510
6584,510
6585,511
6586,485
6587,513
6588,485
6589,486
6590,480
6591,480
6592,479
6593,478
6594,477
6595,475
6596,473
6597,473
6598,473
6599,473
6600,471
6601,470
6602,470
6603,470
6604,470
6605,471
6606,471
6607,498
6608,494
6609,498
6610,498
6611,501
6612,502
6613,502
6614,504
6615,505
6616,506
6617,507
6618,509
6619,512
6620,512
6621,512
6622,510
6623,510
6624,510
6625,510
6626,511
6627,512
6628,486
6629,487
6630,484
6631,483
6632,482
6633,481
6634,480
6635,478
6636,477
6637,476
6638,475
6639,475
6640,475
6641,476
6642,475
6643,474
6644,470
6645,470
6646,470
6647,472
6648,471
6649,497
6650,497
6651,498
6652,501
6653,501
6654,502
6655,502
6656,504
6657,504
6658,506
6659,507
6660,510
6661,510
6662,510
6663,512
6664,513
6665,512
6666,512
6667,512
6668,512
6669,486
6670,512
6671,485
6672,486
6673,482
6674,481
6675,480
6676,479
6677,477
6678,476
6679,474
6680,475
6681,473
6682,473
6683,474
6684,473
6685,471
6686,470
6687,471
6688,470
6689,470
6690,497
6691,494
6692,498
6693,498
6694,501
6695,502
6696,503
6697,503
6698,504
6699,507
6700,507
6701,510
6702,509
6703,510
6704,511
6705,512
6706,511
6707,511
6708,511
6709,511
6710,512
6711,486
6712,488
6713,483
6714,481
6715,481
6716,480
6717,479
6718,477
6719,476
6720,475
6721,473
6722,474
6723,472
6724,472
6725,470
6726,471
6727,471
6728,471
6729,470
6730,470
6731,496
6732,470
6733,498
6734,497
6735,500
6736,501
6737,502
6738,502
6739,503
6740,505
6741,507
6742,506
6743,508
6744,508
6745,509
6746,509
6747,511
6748,510
6749,510
6750,510
6751,511
6752,485
6753,512
6754,484
6755,484
6756,480
6757,478
6758,478
6759,477
6760,475
6761,475
6762,473
6763,473
6764,472
6765,473
6766,473
6767,472
6768,470
6769,469
6770,470
6771,470
6772,470
6773,497
6774,493
6775,498
6776,498
6777,501
6778,502
6779,502
6780,503
6781,504
6782,507
6783,507
6784,507
6785,506
6786,507
6787,509
6788,510
6789,509
6790,509
6791,510
6792,510
6793,511
6794,485
6795,487
6796,482
6797,483
6798,478
6799,477
6800,476
6801,475
6802,474
6803,473
6804,474
6805,474
6806,472
6807,472
6808,472
6809,472
6810,469
6811,470
6812,470
6813,470
6814,469
6815,496
6816,495
6817,498
6818,500
6819,501
6820,502
6821,502
6822,503
6823,505
6824,507
6825,507
6826,507
6827,507
6828,508
6829,509
6830,509
6831,511
6832,510
6833,510
6834,511
6835,485
6836,511
6837,484
6838,484
6839,479
6840,478
6841,478
6842,476
6843,477
6844,475
6845,473
6846,474
6847,472
6848,473
6849,472
6850,471
6851,472
6852,470
6853,470
6854,470
6855,470
6856,498
6857,494
6858,498
6859,498
6860,502
6861,501
6862,502
6863,503
6864,504
6865,507
6866,508
6867,508
6868,508
6869,509
6870,510
6871,512
6872,510
6873,511
6874,511
6875,511
6876,511
6877,485
6878,487
6879,482
6880,481
6881,481
6882,480
6883,479
6884,476
6885,476
6886,476
6887,476
6888,474
6889,475
6890,474
6891,473
6892,472
6893,471
6894,471
6895,471
6896,471
6897,496
6898,470
6899,496
6900,496
6901,500
6902,501
6903,502
6904,502
6905,503
6906,506
6907,507
6908,507
6909,507
6910,508
6911,510
6912,511
6913,510
6914,512
6915,511
6916,512
6917,512
6918,485
6919,511
6920,483
6921,484
6922,480
6923,480
6924,479
6925,478
6926,475
6927,475
6928,474
6929,474
6930,473
6931,473
6932,472
6933,472
6934,471
6935,470
6936,470
6937,470
6938,470
6939,498
6940,493
6941,498
6942,498
6943,502
6944,502
6945,502
6946,503
6947,504
6948,507
6949,509
6950,508
6951,508
6952,509
6953,511
6954,511
6955,511
6956,510
6957,511
6958,511
6959,488
6960,486
6961,487
6962,483
6963,483
6964,478
6965,477
6966,476
6967,474
6968,473
6969,473
6970,473
6971,474
6972,474
6973,473
6974,472
6975,472
6976,471
6977,471
6978,470
6979,470
6980,470
6981,497
6982,497
6983,498
6984,499
6985,500
6986,501
6987,503
6988,504
6989,506
6990,507
6991,507
6992,507
6993,508
6994,510
6995,511
6996,510
6997,509
6998,510
6999,510
7000,511
7001,484
7002,485
7003,483
7004,484
7005,479
7006,478
7007,478
7008,477
7009,474
7010,474
7011,474
7012,474
7013,473
7014,473
7015,472
7016,472
7017,472
7018,470
7019,470
7020,470
7021,470
7022,497
7023,497
7024,499
7025,499
7026,503
7027,503
7028,503
7029,504
7030,505
7031,508
7032,506
7033,509
7034,509
7035,509
7036,508
7037,510
7038,511
7039,511
7040,488
7041,512
7042,512
7043,512
7044,488
7045,486
7046,483
7047,482
7048,481
7049,480
7050,477
7051,475
7052,475
7053,475
7054,474
7055,472
7056,473
7057,472
7058,472
7059,471
7060,471
7061,471
7062,471
7063,471
7064,497
7065,496
7066,498
7067,501
7068,501
7069,501
7070,501
7071,503
7072,506
7073,508
7074,508
7075,507
7076,508
7077,510
7078,511
7079,511
7080,510
7081,510
7082,510
7083,484
7084,484
7085,484
7086,483
7087,479
7088,480
7089,480
7090,479
7091,478
7092,476
7093,476
7094,475
7095,475
7096,473
7097,472
7098,472
7099,471
7100,471
7101,470
7102,470
7103,470
7104,470
7105,497
7106,494
7107,498
7108,500
7109,501
7110,502
7111,502
7112,503
7113,504
7114,507
7115,507
7116,507
7117,508
7118,509
7119,511
7120,510
7121,512
7122,512
7123,511
7124,511
7125,511
7126,511
7127,488
7128,486
7129,485
7130,482
7131,480
7132,478
7133,476
7134,474
7135,475
7136,475
7137,475
7138,475
7139,475
7140,473
7141,472
7142,472
7143,472
7144,472
7145,472
7146,471
7147,498
7148,500
7149,501
7150,503
7151,504
7152,504
7153,504
7154,504
7155,506
7156,508
7157,509
7158,509
7159,508
7160,508
7161,508
7162,510
7163,512
7164,511
7165,511
7166,511
7167,511
7168,485
7169,484
7170,480
7171,482
7172,479
7173,480
7174,479
7175,477
7176,477
7177,476
7178,476
7179,474
7180,473
7181,473
7182,474
7183,473
7184,471
7185,471
7186,471
7187,471
7188,498
7189,494
7190,498
7191,498
7192,502
7193,501
7194,502
7195,503
7196,504
7197,507
7198,507
7199,507
7200,507
7201,508
7202,510
7203,512
7204,512
7205,511
7206,512
7207,511
7208,511
7209,484
7210,487
7211,484
7212,480
7213,481
7214,479
7215,478
7216,476
7217,477
7218,477
7219,476
7220,475
7221,473
7222,472
7223,472
7224,472
7225,472
7226,472
7227,471
7228,471
7229,496
7230,470
7231,497
7232,496
7233,499
7234,500
7235,501
7236,503
7237,503
7238,506
7239,506
7240,507
7241,507
7242,509
7243,510
7244,511
7245,511
7246,511
7247,509
7248,509
7249,510
7250,483
7251,510
7252,483
7253,483
7254,482
7255,479
7256,479
7257,477
7258,477
7259,475
7260,474
7261,474
7262,474
7263,474
7264,473
7265,470
7266,470
7267,471
7268,471
7269,470
7270,470
7271,497
7272,494
7273,498
7274,498
7275,503
7276,503
7277,504
7278,504
7279,505
7280,508
7281,510
7282,509
7283,509
7284,509
7285,512
7286,513
7287,512
7288,511
7289,511
7290,511
7291,512
7292,484
7293,488
7294,484
7295,482
7296,479
7297,478
7298,476
7299,475
7300,475
7301,474
7302,475
7303,475
7304,475
7305,474
7306,472
7307,471
7308,471
7309,471
7310,471
7311,470
7312,469
7313,496
7314,496
7315,498
7316,499
7317,500
7318,501
7319,502
7320,504
7321,506
7322,507
7323,507
7324,506
7325,507
7326,509
7327,512
7328,511
7329,511
7330,511
7331,511
7332,510
7333,484
7334,511
7335,484
7336,484
7337,480
7338,480
7339,477
7340,479
7341,479
7342,478
7343,476
7344,473
7345,472
7346,471
7347,471
7348,472
7349,472
7350,472
7351,472
7352,471
7353,470
7354,497
7355,494
7356,498
7357,499
7358,500
7359,501
7360,502
7361,504
7362,505
7363,507
7364,509
7365,509
7366,509
7367,509
7368,511
7369,513
7370,512
7371,512
7372,512
7373,511
7374,511
7375,485
7376,488
7377,484
7378,482
7379,481
7380,480
7381,479
7382,477
7383,479
7384,477
7385,478
7386,475
7387,476
7388,475
7389,473
7390,471
7391,471
7392,471
7393,471
7394,471
7395,469
7396,495
7397,496
7398,497
7399,499
7400,500
7401,501
7402,502
7403,504
7404,505
7405,506
7406,508
7407,508
7408,508
7409,509
7410,510
7411,510
7412,510
7413,510
7414,510
7415,510
7416,511
7417,484
7418,483
7419,482
7420,482
7421,481
7422,480
7423,479
7424,478
7425,477
7426,475
7427,476
7428,473
7429,474
7430,472
7431,471
7432,471
7433,471
7434,471
7435,471
7436,470
7437,496
7438,493
7439,497
7440,498
7441,499
7442,500
7443,501
7444,503
7445,504
7446,505
7447,505
7448,504
7449,507
7450,507
7451,507
7452,508
7453,510
7454,510
7455,510
7456,510
7457,511
7458,484
7459,487
7460,484
7461,481
7462,481
7463,480
7464,479
7465,478
7466,476
7467,475
7468,476
7469,474
7470,475
7471,473
7472,473
7473,472
7474,472
7475,472
7476,471
7477,471
7478,469
7479,495
7480,498
7481,497
7482,502
7483,502
7484,503
7485,505
7486,506
7487,507
7488,508
7489,508
7490,507
7491,508
7492,508
7493,508
7494,509
7495,510
7496,510
7497,511
7498,511
7499,484
7500,512
7501,484
7502,482
7503,481
7504,481
7505,480
7506,479
7507,478
7508,475
7509,473
7510,475
7511,474
7512,474
7513,473
7514,474
7515,470
7516,471
7517,471
7518,470
7519,469
7520,496
7521,492
7522,498
7523,498
7524,503
7525,504
7526,505
7527,506
7528,506
7529,507
7530,507
7531,508
7532,508
7533,508
7534,508
7535,509
7536,512
7537,511
7538,511
7539,511
7540,511
7541,485
7542,484
7543,482
7544,480
7545,480
7546,480
7547,479
7548,478
7549,476
7550,474
7551,475
7552,472
7553,473
7554,472
7555,472
7556,470
7557,471
7558,471
7559,471
7560,470
7561,495
7562,470
7563,498
7564,499
7565,500
7566,500
7567,501
7568,503
7569,505
7570,506
7571,507
7572,507
7573,508
7574,510
7575,510
7576,511
7577,512
7578,513
7579,512
7580,512
7581,511
7582,513
7583,486
7584,484
7585,484
7586,480
7587,480
7588,480
7589,479
7590,478
7591,475
7592,477
7593,474
7594,472
7595,470
7596,473
7597,471
7598,472
7599,470
7600,472
7601,472
7602,470
7603,496
7604,497
7605,500
7606,501
7607,501
7608,502
7609,503
7610,505
7611,505
7612,506
7613,506
7614,507
7615,507
7616,508
7617,509
7618,510
7619,512
7620,511
7621,511
7622,511
7623,511
7624,485
7625,488
7626,484
7627,482
7628,481
7629,480
7630,479
7631,479
7632,477
7633,475
7634,476
7635,474
7636,474
7637,474
7638,471
7639,473
7640,471
7641,472
7642,471
7643,472
7644,470
7645,496
7646,498
7647,499
7648,500
7649,501
7650,501
7651,503
7652,506
7653,506
7654,507
7655,508
7656,509
7657,509
7658,509
7659,511
7660,511
7661,513
7662,512
7663,512
7664,511
7665,484
7666,512
7667,485
7668,483
7669,482
7670,481
7671,480
7672,480
7673,478
7674,476
7675,475
7676,473
7677,473
7678,474
7679,473
7680,470
7681,472
7682,471
7683,471
7684,469
7685,493
7686,497
7687,494
7688,499
7689,498
7690,502
7691,503
7692,503
7693,505
7694,507
7695,506
7696,507
7697,508
7698,509
7699,509
7700,510
7701,509
7702,510
7703,512
7704,511
7705,512
7706,511
7707,485
7708,488
7709,484
7710,482
7711,481
7712,480
7713,480
7714,479
7715,477
7716,474
7717,474
7718,474
7719,474
7720,472
7721,470
7722,470
7723,470
7724,471
7725,470
7726,470
7727,496
7728,495
7729,496
7730,501
7731,499
7732,502
7733,504
7734,505
7735,507
7736,507
7737,507
7738,507
7739,507
7740,508
7741,508
7742,510
7743,510
7744,511
7745,511
7746,511
7747,511
7748,485
7749,511
7750,483
7751,484
7752,481
7753,481
7754,480
7755,480
7756,478
7757,476
7758,474
7759,474
7760,474
7761,473
7762,471
7763,470
7764,470
7765,471
7766,470
7767,471
7768,493
7769,497
7770,497
7771,500
7772,498
7773,503
7774,505
7775,505
7776,507
7777,508
7778,508
7779,508
7780,508
7781,508
7782,509
7783,509
7784,509
7785,510
7786,510
7787,510
7788,510
7789,511
7790,484
7791,487
7792,484
7793,482
7794,481
7795,480
7796,479
7797,479
7798,476
7799,475
7800,475
7801,475
7802,474
7803,472
7804,471
7805,471
7806,472
7807,472
7808,497
7809,470
7810,470
7811,470
7812,496
7813,495
7814,501
7815,501
7816,502
7817,503
7818,506
7819,506
7820,506
7821,506
7822,507
7823,510
7824,510
7825,512
7826,511
7827,513
7828,512
7829,512
7830,511
7831,512
7832,485
7833,485
7834,482
7835,481
7836,480
7837,481
7838,480
7839,479
7840,475
7841,474
7842,474
7843,474
7844,473
7845,471
7846,470
7847,470
7848,471
7849,471
7850,471
7851,493
7852,497
7853,497
7854,500
7855,501
7856,501
7857,501
7858,502
7859,504
7860,506
7861,506
7862,506
7863,507
7864,509
7865,510
7866,510
7867,509
7868,510
7869,510
7870,510
7871,510
7872,510
7873,484
7874,487
7875,484
7876,481
7877,481
7878,480
7879,479
7880,478
7881,477
7882,475
7883,475
7884,475
7885,475
7886,473
7887,471
7888,472
7889,472
7890,472
7891,472
7892,472
7893,472
7894,471
7895,496
7896,497
7897,499
7898,502
7899,502
7900,504
7901,506
7902,505
7903,508
7904,508
7905,508
7906,508
7907,509
7908,511
7909,512
7910,512
7911,511
7912,511
7913,511
7914,484
7915,511
7916,484
7917,482
7918,481
7919,480
7920,480
7921,478
7922,479
7923,476
7924,475
7925,473
7926,472
7927,472
7928,472
7929,472
7930,469
7931,470
7932,470
7933,470
7934,470
7935,497
7936,497
7937,501
7938,498
7939,500
7940,500
7941,502
7942,504
7943,504
7944,504
7945,505
7946,505
7947,508
7948,509
7949,509
7950,508
7951,508
7952,508
7953,509
7954,509
7955,510
7956,484
7957,486
7958,483
7959,482
7960,481
7961,480
7962,480
7963,479
7964,477
7965,475
7966,476
7967,475
7968,474
7969,474
7970,474
7971,472
7972,471
7973,471
7974,471
7975,471
7976,471
7977,497
7978,499
7979,500
7980,501
7981,504
7982,504
7983,505
7984,506
7985,506
7986,506
7987,506
7988,507
7989,507
7990,509
7991,510
7992,510
7993,509
7994,509
7995,510
7996,510
7997,484
7998,483
7999,480
8000,480
8001,480
8002,480
8003,479
8004,478
8005,477
8006,476
8007,475
8008,475
8009,475
8010,474
8011,472
8012,470
8013,471
8014,470
8015,470
8016,470
8017,471
8018,498
8019,493
8020,497
8021,498
8022,499
8023,503
8024,503
8025,504
8026,503
8027,504
8028,506
8029,506
8030,506
8031,507
8032,508
8033,509
8034,510
8035,509
8036,510
8037,510
8038,510
8039,484
8040,486
8041,483
8042,483
8043,480
8044,479
8045,479
8046,478
8047,477
8048,473
8049,473
8050,473
8051,473
8052,472
8053,469
8054,470
8055,470
8056,471
8057,471
8058,470
8059,471
8060,497
8061,497
8062,498
8063,501
8064,502
8065,503
8066,504
8067,504
8068,505
8069,505
8070,507
8071,507
8072,507
8073,508
8074,510
8075,512
8076,511
8077,511
8078,511
8079,512
8080,487
8081,514
8082,486
8083,486
8084,482
8085,481
8086,481
8087,479
8088,478
8089,476
8090,474
8091,475
8092,475
8093,474
8094,472
8095,470
8096,470
8097,470
8098,470
8099,471
8100,471
8101,498
8102,494
8103,498
8104,498
8105,502
8106,502
8107,503
8108,506
8109,505
8110,507
8111,505
8112,509
8113,511
8114,511
8115,511
8116,509
8117,509
8118,509
8119,509
8120,510
8121,512
8122,485
8123,487
8124,484
8125,483
8126,482
8127,481
8128,480
8129,478
8130,476
8131,475
8132,474
8133,474
8134,474
8135,472
8136,471
8137,471
8138,472
8139,472
8140,472
8141,472
8142,472
8143,498
8144,499
8145,499
8146,502
8147,501
8148,502
8149,502
8150,504
8151,503
8152,505
8153,505
8154,507
8155,507
8156,509
8157,511
8158,511
8159,510
8160,511
8161,510
8162,512
8163,485
8164,512
8165,484
8166,484
8167,479
8168,478
8169,478
8170,476
8171,477
8172,476
8173,475
8174,474
8175,472
8176,472
8177,473
8178,472
8179,470
8180,469
8181,469
8182,469
8183,469
8184,496
8185,493
8186,497
8187,498
8188,502
8189,501
8190,502
8191,503
8192,504
8193,506
8194,506
8195,508
8196,509
8197,509
8198,510
8199,511
8200,511
8201,510
8202,510
8203,511
8204,511
8205,485
8206,488
8207,484
8208,484
8209,481
8210,480
8211,479
8212,477
8213,477
8214,475
8215,475
8216,475
8217,475
8218,473
8219,471
8220,471
8221,471
8222,471
8223,471
8224,471
8225,496
8226,469
8227,497
8228,497
8229,500
8230,500
8231,501
8232,502
8233,503
8234,505
8235,506
8236,505
8237,507
8238,508
8239,509
8240,510
8241,510
8242,510
8243,511
8244,512
8245,512
8246,485
8247,512
8248,483
8249,484
8250,481
8251,480
8252,480
8253,478
8254,476
8255,476
8256,474
8257,475
8258,475
8259,474
8260,472
8261,471
8262,472
8263,472
8264,472
8265,472
8266,471
8267,498
8268,494
8269,498
8270,498
8271,502
8272,502
8273,502
8274,503
8275,504
8276,507
8277,508
8278,507
8279,510
8280,509
8281,510
8282,510
8283,513
8284,512
8285,512
8286,512
8287,512
8288,486
8289,489
8290,484
8291,484
8292,480
8293,480
8294,479
8295,477
8296,476
8297,475
8298,475
8299,474
8300,473
8301,473
8302,473
8303,471
8304,471
8305,471
8306,471
8307,471
8308,496
8309,470
8310,497
8311,497
8312,501
8313,500
8314,501
8315,501
8316,503
8317,505
8318,507
8319,507
8320,507
8321,506
8322,507
8323,507
8324,509
8325,511
8326,511
8327,511
8328,512
8329,485
8330,512
8331,484
8332,484
8333,481
8334,480
8335,480
8336,478
8337,476
8338,475
8339,475
8340,474
8341,474
8342,473
8343,472
8344,470
8345,470
8346,470
8347,472
8348,472
8349,472
8350,499
8351,494
8352,498
8353,499
8354,501
8355,501
8356,502
8357,503
8358,504
8359,507
8360,508
8361,508
8362,508
8363,509
8364,510
8365,511
8366,510
8367,513
8368,511
8369,511
8370,512
8371,486
8372,488
8373,483
8374,484
8375,480
8376,479
8377,478
8378,476
8379,476
8380,474
8381,474
8382,474
8383,472
8384,472
8385,471
8386,471
8387,473
8388,472
8389,472
8390,472
8391,497
8392,470
8393,498
8394,498
8395,500
8396,500
8397,501
8398,502
8399,503
8400,505
8401,508
8402,508
8403,508
8404,508
8405,509
8406,509
8407,512
8408,511
8409,510
8410,512
8411,511
8412,511
8413,486
8414,483
8415,482
8416,481
8417,480
8418,480
8419,478
8420,475
8421,476
8422,474
8423,474
8424,473
8425,473
8426,473
8427,471
8428,472
8429,469
8430,469
8431,470
8432,471
8433,497
8434,493
8435,497
8436,498
8437,501
8438,501
8439,502
8440,503
8441,504
8442,507
8443,508
8444,508
8445,508
8446,509
8447,511
8448,511
8449,510
8450,511
8451,512
8452,512
8453,488
8454,486
8455,487
8456,483
8457,484
8458,480
8459,479
8460,478
8461,476
8462,475
8463,475
8464,475
8465,474
8466,475
8467,474
8468,473
8469,473
8470,472
8471,472
8472,472
8473,471
8474,497
8475,470
8476,498
8477,498
8478,500
8479,501
8480,501
8481,502
8482,503
8483,504
8484,507
8485,507
8486,507
8487,507
8488,510
8489,512
8490,511
8491,511
8492,510
8493,512
8494,512
8495,485
8496,486
8497,484
8498,482
8499,481
8500,480
8501,480
8502,478
8503,475
8504,475
8505,475
8506,476
8507,474
8508,472
8509,472
8510,471
8511,472
8512,472
8513,472
8514,471
8515,471
8516,498
8517,495
8518,498
8519,499
8520,503
8521,502
8522,502
8523,503
8524,504
8525,507
8526,508
8527,509
8528,508
8529,509
8530,511
8531,512
8532,512
8533,512
8534,511
8535,512
8536,488
8537,486
8538,484
8539,482
8540,484
8541,480
8542,480
8543,479
8544,476
8545,475
8546,474
8547,474
8548,474
8549,473
8550,473
8551,472
8552,471
8553,470
8554,471
8555,470
8556,471
8557,470
8558,497
8559,499
8560,499
8561,501
8562,501
8563,502
8564,502
8565,503
8566,505
8567,507
8568,507
8569,506
8570,508
8571,510
8572,510
8573,511
8574,509
8575,509
8576,484
8577,511
8578,512
8579,511
8580,484
8581,486
8582,482
8583,480
8584,480
8585,478
8586,475
8587,475
8588,475
8589,475
8590,474
8591,473
8592,473
8593,470
8594,470
8595,469
8596,471
8597,470
8598,470
8599,496
8600,492
8601,497
8602,498
8603,501
8604,501
8605,502
8606,502
8607,504
8608,507
8609,508
8610,508
8611,508
8612,509
8613,511
8614,511
8615,511
8616,510
8617,510
8618,510
8619,487
8620,485
8621,484
8622,481
8623,481
8624,480
8625,480
8626,480
8627,477
8628,475
8629,475
8630,475
8631,474
8632,472
8633,470
8634,470
8635,472
8636,471
8637,471
8638,471
8639,471
8640,470
8641,497
8642,496
8643,498
8644,500
8645,501
8646,502
8647,502
8648,503
8649,505
8650,506
8651,507
8652,507
8653,507
8654,509
8655,510
8656,510
8657,510
8658,509
8659,509
8660,510
8661,483
8662,482
8663,480
8664,478
8665,479
8666,477
8667,478
8668,476
8669,473
8670,474
8671,474
8672,474
8673,473
8674,470
8675,471
8676,471
8677,472
8678,472
8679,472
8680,471
8681,472
8682,499
8683,495
8684,497
8685,498
8686,502
8687,503
8688,503
8689,503
8690,504
8691,507
8692,507
8693,507
8694,508
8695,509
8696,511
8697,511
8698,509
8699,509
8700,510
8701,510
8702,511
8703,484
8704,483
8705,481
8706,481
8707,479
8708,480
8709,479
8710,477
8711,478
8712,477
8713,476
8714,475
8715,473
8716,472
8717,471
8718,472
8719,471
8720,472
8721,472
8722,472
8723,497
8724,470
8725,498
8726,497
8727,499
8728,500
8729,501
8730,502
8731,503
8732,505
8733,507
8734,507
8735,507
8736,507
8737,509
8738,510
8739,510
8740,510
8741,509
8742,510
8743,510
8744,484
8745,512
8746,484
8747,480
8748,482
8749,480
8750,478
8751,476
8752,477
8753,476
8754,475
8755,475
8756,475
8757,474
8758,473
8759,472
8760,472
8761,472
8762,472
8763,471
8764,471
8765,498
8766,495
8767,499
8768,498
8769,501
8770,501
8771,502
8772,503
8773,504
8774,507
8775,507
8776,507
8777,507
8778,508
8779,511
8780,510
8781,511
8782,509
8783,510
8784,510
8785,510
8786,483
8787,487
8788,483
8789,481
8790,478
8791,479
8792,478
8793,475
8794,475
8795,474
8796,475
8797,475
8798,475
8799,474
8800,472
8801,471
8802,471
8803,471
8804,471
8805,471
8806,497
8807,469
8808,498
8809,496
8810,501
8811,501
8812,502
8813,502
8814,503
8815,505
8816,507
8817,507
8818,507
8819,507
8820,509
8821,510
8822,510
8823,509
8824,509
8825,510
8826,510
8827,484
8828,511
8829,483
8830,483
8831,480
8832,479
8833,479
8834,478
8835,478
8836,476
8837,476
8838,476
8839,476
8840,475
8841,474
8842,472
8843,472
8844,472
8845,472
8846,472
8847,470
8848,496
8849,493
8850,498
8851,497
8852,503
8853,503
8854,503
8855,504
8856,505
8857,508
8858,509
8859,509
8860,509
8861,510
8862,512
8863,511
8864,510
8865,512
8866,512
8867,511
8868,511
8869,484
8870,487
8871,484
8872,481
8873,480
8874,480
8875,478
8876,477
8877,477
8878,476
8879,476
8880,474
8881,472
8882,471
8883,471
8884,472
8885,472
8886,472
8887,471
8888,470
8889,470
8890,497
8891,497
8892,499
8893,500
8894,500
8895,501
8896,503
8897,505
8898,506
8899,508
8900,507
8901,508
8902,508
8903,510
8904,511
8905,511
8906,509
8907,510
8908,510
8909,510
8910,483
8911,510
8912,483
8913,483
8914,480
8915,480
8916,480
8917,479
8918,479
8919,477
8920,476
8921,473
8922,474
8923,473
8924,473
8925,473
8926,473
8927,473
8928,473
8929,472
8930,471
8931,497
8932,494
8933,498
8934,497
8935,503
8936,504
8937,504
8938,506
8939,505
8940,507
8941,506
8942,509
8943,508
8944,509
8945,508
8946,509
8947,511
8948,511
8949,511
8950,510
8951,511
8952,484
8953,487
8954,484
8955,481
8956,481
8957,480
8958,480
8959,479
8960,477
8961,475
8962,474
8963,472
8964,471
8965,471
8966,470
8967,469
8968,470
8969,470
8970,470
8971,470
8972,494
8973,469
8974,498
8975,497
8976,500
8977,501
8978,502
8979,503
8980,505
8981,505
8982,507
8983,507
8984,506
8985,506
8986,506
8987,507
8988,508
8989,510
8990,510
8991,510
8992,510
8993,484
8994,512
8995,484
8996,484
8997,481
8998,481
8999,480
9000,480
9001,478
9002,476
9003,474
9004,475
9005,473
9006,473
9007,472
9008,470
9009,471
9010,471
9011,470
9012,469
9013,469
9014,495
9015,493
9016,498
9017,498
9018,502
9019,503
9020,503
9021,505
9022,506
9023,507
9024,506
9025,506
9026,506
9027,507
9028,507
9029,508
9030,511
9031,510
9032,510
9033,510
9034,510
9035,484
9036,487
9037,483
9038,481
9039,480
9040,480
9041,480
9042,479
9043,477
9044,474
9045,474
9046,475
9047,474
9048,473
9049,472
9050,473
9051,469
9052,470
9053,470
9054,469
9055,468
9056,494
9057,495
9058,499
9059,500
9060,500
9061,501
9062,503
9063,505
9064,505
9065,507
9066,507
9067,508
9068,509
9069,510
9070,510
9071,511
9072,512
9073,512
9074,511
9075,512
9076,485
9077,512
9078,484
9079,485
9080,480
9081,481
9082,480
9083,479
9084,478
9085,475
9086,473
9087,473
9088,473
9089,474
9090,473
9091,473
9092,469
9093,471
9094,471
9095,471
9096,469
9097,496
9098,493
9099,498
9100,498
9101,503
9102,504
9103,503
9104,506
9105,506
9106,507
9107,507
9108,508
9109,508
9110,508
9111,509
9112,510
9113,512
9114,511
9115,511
9116,511
9117,511
9118,485
9119,487
9120,484
9121,483
9122,481
9123,480
9124,480
9125,479
9126,477
9127,476
9128,475
9129,476
9130,474
9131,473
9132,473
9133,470
9134,472
9135,470
9136,471
9137,470
9138,469
9139,495
9140,496
9141,500
9142,499
9143,502
9144,504
9145,505
9146,508
9147,507
9148,508
9149,508
9150,510
9151,509
9152,510
9153,511
9154,512
9155,513
9156,512
9157,512
9158,512
9159,486
9160,512
9161,485
9162,484
9163,481
9164,481
9165,480
9166,480
9167,478
9168,475
9169,474
9170,473
9171,474
9172,473
9173,471
9174,471
9175,468
9176,470
9177,469
9178,470
9179,493
9180,497
9181,494
9182,499
9183,500
9184,500
9185,501
9186,502
9187,504
9188,506
9189,506
9190,506
9191,507
9192,507
9193,508
9194,508
9195,508
9196,510
9197,511
9198,511
9199,510
9200,511
9201,484
9202,487
9203,484
9204,482
9205,481
9206,480
9207,480
9208,479
9209,477
9210,475
9211,475
9212,475
9213,474
9214,473
9215,473
9216,470
9217,470
9218,471
9219,470
9220,470
9221,496
9222,495
9223,496
9224,499
9225,500
9226,501
9227,502
9228,503
9229,506
9230,507
9231,508
9232,507
9233,508
9234,508
9235,508
9236,510
9237,510
9238,511
9239,511
9240,511
9241,511
9242,484
9243,511
9244,484
9245,484
9246,480
9247,480
9248,480
9249,479
9250,478
9251,475
9252,474
9253,474
9254,474
9255,473
9256,471
9257,470
9258,470
9259,470
9260,471
9261,470
9262,493
9263,496
9264,497
9265,499
9266,502
9267,500
9268,503
9269,504
9270,506
9271,508
9272,507
9273,507
9274,508
9275,508
9276,509
9277,510
9278,510
9279,510
9280,510
9281,510
9282,511
9283,511
9284,484
9285,487
9286,484
9287,483
9288,480
9289,480
9290,480
9291,479
9292,477
9293,474
9294,474
9295,474
9296,474
9297,473
9298,470
9299,470
9300,470
9301,470
9302,471
9303,470
9304,495
9305,495
9306,497
9307,500
9308,498
9309,502
9310,504
9311,505
9312,508
9313,509
9314,508
9315,508
9316,509
9317,508
9318,508
9319,510
9320,510
9321,512
9322,511
9323,511
9324,511
9325,484
9326,512
9327,484
9328,484
9329,481
9330,481
9331,480
9332,479
9333,478
9334,475
9335,473
9336,473
9337,474
9338,473
9339,470
9340,469
9341,470
9342,471
9343,471
9344,497
9345,493
9346,497
9347,497
9348,499
9349,499
9350,501
9351,503
9352,503
9353,505
9354,507
9355,507
9356,507
9357,508
9358,509
9359,510
9360,510
9361,511
9362,511
9363,513
9364,511
9365,511
9366,511
9367,484
9368,487
9369,484
9370,482
9371,481
9372,480
9373,480
9374,479
9375,477
9376,475
9377,475
9378,475
9379,474
9380,473
9381,472
9382,471
9383,473
9384,472
9385,472
9386,471
9387,496
9388,496
9389,498
9390,501
9391,501
9392,501
9393,502
9394,503
9395,506
9396,506
9397,506
9398,506
9399,508
9400,510
9401,510
9402,509
9403,510
9404,511
9405,511
9406,511
9407,511
9408,485
9409,513
9410,485
9411,483
9412,480
9413,480
9414,479
9415,479
9416,478
9417,475
9418,473
9419,473
9420,473
9421,472
9422,470
9423,469
9424,470
9425,471
9426,471
9427,471
9428,471
9429,498
9430,500
9431,498
9432,498
9433,501
9434,501
9435,503
9436,502
9437,505
9438,504
9439,505
9440,506
9441,507
9442,507
9443,508
9444,510
9445,510
9446,511
9447,511
9448,511
9449,510
9450,484
9451,486
9452,484
9453,481
9454,481
9455,480
9456,480
9457,479
9458,477
9459,475
9460,475
9461,475
9462,474
9463,473
9464,472
9465,471
9466,470
9467,470
9468,471
9469,470
9470,470
9471,497
9472,498
9473,502
9474,499
9475,502
9476,504
9477,505
9478,506
9479,505
9480,506
9481,506
9482,507
9483,509
9484,509
9485,510
9486,509
9487,509
9488,509
9489,510
9490,510
9491,483
9492,511
9493,483
9494,484
9495,479
9496,480
9497,479
9498,479
9499,477
9500,475
9501,473
9502,474
9503,473
9504,473
9505,473
9506,472
9507,470
9508,469
9509,470
9510,470
9511,470
9512,497
9513,493
9514,497
9515,499
9516,499
9517,502
9518,504
9519,506
9520,506
9521,507
9522,509
9523,508
9524,508
9525,509
9526,511
9527,512
9528,511
9529,510
9530,510
9531,511
9532,511
9533,485
9534,482
9535,482
9536,481
9537,481
9538,480
9539,480
9540,479
9541,477
9542,476
9543,475
9544,476
9545,476
9546,476
9547,475
9548,473
9549,472
9550,472
9551,472
9552,471
9553,471
9554,497
9555,499
9556,500
9557,503
9558,503
9559,504
9560,505
9561,505
9562,507
9563,508
9564,507
9565,507
9566,507
9567,508
9568,509
9569,509
9570,509
9571,510
9572,510
9573,510
9574,484
9575,511
9576,483
9577,482
9578,481
9579,480
9580,480
9581,479
9582,477
9583,474
9584,476
9585,473
9586,473
9587,473
9588,473
9589,472
9590,470
9591,471
9592,471
9593,471
9594,471
9595,498
9596,498
9597,500
9598,502
9599,501
9600,502
9601,503
9602,505
9603,504
9604,505
9605,505
9606,506
9607,506
9608,507
9609,508
9610,509
9611,510
9612,510
9613,509
9614,510
9615,510
9616,484
9617,487
9618,483
9619,483
9620,479
9621,479
9622,479
9623,477
9624,476
9625,473
9626,473
9627,473
9628,473
9629,472
9630,469
9631,470
9632,471
9633,471
9634,471
9635,470
9636,471
9637,497
9638,496
9639,497
9640,500
9641,501
9642,502
9643,503
9644,504
9645,505
9646,506
9647,506
9648,508
9649,510
9650,511
9651,511
9652,510
9653,510
9654,510
9655,510
9656,511
9657,485
9658,512
9659,484
9660,485
9661,480
9662,480
9663,479
9664,478
9665,476
9666,474
9667,472
9668,473
9669,473
9670,473
9671,470
9672,469
9673,470
9674,471
9675,471
9676,471
9677,471
9678,498
9679,494
9680,498
9681,498
9682,502
9683,502
9684,502
9685,503
9686,503
9687,505
9688,504
9689,507
9690,510
9691,509
9692,510
9693,511
9694,511
9695,511
9696,511
9697,511
9698,511
9699,486
9700,487
9701,483
9702,482
9703,481
9704,479
9705,478
9706,476
9707,477
9708,476
9709,476
9710,475
9711,475
9712,474
9713,474
9714,472
9715,471
9716,472
9717,471
9718,471
9719,470
9720,497
9721,497
9722,498
9723,501
9724,501
9725,502
9726,502
9727,503
9728,506
9729,508
9730,509
9731,509
9732,510
9733,510
9734,512
9735,512
9736,511
9737,511
9738,511
9739,512
9740,486
9741,512
9742,484
9743,485
9744,480
9745,480
9746,479
9747,478
9748,477
9749,476
9750,475
9751,474
9752,475
9753,474
9754,474
9755,473
9756,471
9757,470
9758,470
9759,470
9760,470
9761,497
9762,493
9763,497
9764,498
9765,500
9766,501
9767,502
9768,502
9769,504
9770,506
9771,508
9772,507
9773,510
9774,509
9775,510
9776,509
9777,509
9778,509
9779,509
9780,511
9781,511
9782,485
9783,487
9784,482
9785,482
9786,478
9787,477
9788,477
9789,474
9790,474
9791,473
9792,475
9793,474
9794,475
9795,475
9796,474
9797,473
9798,472
9799,472
9800,472
9801,471
9802,496
9803,470
9804,497
9805,497
9806,501
9807,500
9808,501
9809,502
9810,503
9811,505
9812,506
9813,507
9814,506
9815,507
9816,508
9817,509
9818,508
9819,511
9820,511
9821,511
9822,512
9823,486
9824,512
9825,484
9826,485
9827,480
9828,480
9829,479
9830,477
9831,477
9832,475
9833,474
9834,474
9835,473
9836,473
9837,471
9838,471
9839,469
9840,468
9841,469
9842,469
9843,470
9844,497
9845,493
9846,497
9847,498
9848,502
9849,501
9850,502
9851,502
9852,504
9853,507
9854,507
9855,507
9856,507
9857,507
9858,508
9859,509
9860,512
9861,511
9862,511
9863,511
9864,512
9865,486
9866,488
9867,483
9868,482
9869,481
9870,480
9871,480
9872,479
9873,478
9874,476
9875,476
9876,475
9877,475
9878,474
9879,473
9880,474
9881,471
9882,471
9883,471
9884,471
9885,470
9886,497
9887,498
9888,500
9889,502
9890,503
9891,503
9892,503
9893,504
9894,506
9895,508
9896,507
9897,508
9898,508
9899,510
9900,510
9901,513
9902,512
9903,512
9904,511
9905,512
9906,487
9907,512
9908,484
9909,485
9910,480
9911,479
9912,478
9913,476
9914,475
9915,475
9916,474
9917,474
9918,474
9919,473
9920,472
9921,471
9922,469
9923,468
9924,469
9925,469
9926,469
9927,497
9928,493
9929,497
9930,498
9931,502
9932,501
9933,502
9934,502
9935,504
9936,507
9937,509
9938,508
9939,508
9940,509
9941,512
9942,510
9943,514
9944,512
9945,513
9946,513
9947,489
9948,512
9949,484
9950,485
9951,480
9952,482
9953,478
9954,477
9955,475
9956,474
9957,474
9958,474
9959,473
9960,473
9961,473
9962,472
9963,472
9964,471
9965,471
9966,471
9967,471
9968,470
9969,497
9970,496
9971,497
9972,501
9973,501
9974,502
9975,502
9976,504
9977,506
9978,508
9979,507
9980,508
9981,508
9982,509
9983,509
9984,513
9985,512
9986,511
9987,512
9988,512
9989,485
9990,485
9991,483
9992,480
9993,482
9994,479
9995,478
9996,476
9997,475
9998,475
9999,475
10000,475
