1,535
2,436
3,347
4,499
5,602
6,682
7,746
8,798
9,840
10,874
11,901
12,775
13,626
14,503
15,403
16,322
17,259
18,207
19,165
20,221
21,371
22,492
23,591
24,671
25,737
26,790
27,833
28,868
29,680
30,545
31,437
32,349
33,279
34,223
35,178
36,143
37,271
38,410
39,524
40,617
41,692
42,753
43,803
44,844
45,777
46,627
47,502
48,401
49,320
50,255
51,204
52,163
53,158
54,322
55,452
56,558
57,645
58,715
59,772
60,818
61,856
62,718
63,577
64,462
65,370
66,295
67,236
68,189
69,150
70,223
71,371
72,492
73,591
74,671
75,736
76,789
77,832
78,826
79,664
80,533
81,426
82,340
83,272
84,217
85,173
86,139
87,281
88,418
89,530
90,622
91,697
92,757
93,806
94,846
95,765
96,614
97,492
98,394
99,314
100,251
101,200
102,160
103,174
104,335
105,461
106,566
107,651
108,720
109,776
110,821
111,858
112,707
113,566
114,454
115,362
116,289
117,231
118,185
119,147
120,237
121,383
122,502
123,598
124,677
125,741
126,793
127,836
128,811
129,652
130,523
131,418
132,334
133,267
134,213
135,170
136,136
137,292
138,429
139,539
140,628
141,702
142,761
143,810
144,848
145,751
146,603
147,483
148,386
149,308
150,246
151,197
152,157
153,189
154,346
155,471
156,574
157,657
158,725
159,780
160,824
161,860
162,694
163,556
164,446
165,356
166,284
167,227
168,181
169,145
170,249
171,393
172,509
173,605
174,683
175,745
176,797
177,839
178,799
179,641
180,514
181,411
182,328
183,262
184,209
185,167
186,134
187,306
188,438
189,547
190,635
191,707
192,765
193,813
194,851
195,739
196,592
197,474
198,379
199,303
200,242
201,193
202,154
203,202
204,356
205,480
206,580
207,662
208,730
209,784
210,827
211,863
212,681
213,547
214,438
215,350
216,280
217,223
218,178
219,143
220,262
221,404
222,519
223,612
224,688
225,750
226,800
227,841
228,785
229,630
230,505
231,404
232,322
233,258
234,205
235,164
236,126
237,318
238,448
239,555
240,641
241,712
242,770
243,816
244,854
245,725
246,581
247,466
248,372
249,297
250,238
251,190
252,151
253,217
254,367
255,489
256,588
257,669
258,735
259,787
260,831
261,834
262,670
263,537
264,430
265,344
266,274
267,219
268,175
269,140
270,274
271,413
272,526
273,618
274,693
275,754
276,804
277,844
278,771
279,619
280,496
281,397
282,317
283,253
284,202
285,161
286,167
287,329
288,457
289,562
290,648
291,717
292,774
293,819
294,857
295,713
296,572
297,458
298,366
299,292
300,234
301,187
302,149
303,231
304,377
305,497
306,595
307,674
308,739
309,792
310,834
311,820
312,658
313,527
314,422
315,337
316,269
317,215
318,172
319,137
320,287
321,424
322,534
323,625
324,699
325,759
326,808
327,847
328,758
329,608
330,487
331,390
332,311
333,248
334,198
335,159
336,181
337,339
338,466
339,569
340,654
341,722
342,777
343,822
344,859
345,699
346,562
347,450
348,359
349,287
350,229
351,183
352,146
353,243
354,388
355,506
356,602
357,680
358,743
359,795
360,837
361,805
362,647
363,518
364,414
365,331
366,265
367,211
368,169
369,136
370,298
371,433
372,543
373,632
374,704
375,763
376,811
377,850
378,746
379,599
380,480
381,383
382,306
383,245
384,196
385,156
386,198
387,351
388,475
389,576
390,660
391,727
392,782
393,826
394,862
395,687
396,551
397,441
398,353
399,282
400,225
401,180
402,143
403,255
404,398
405,514
406,608
407,685
408,748
409,799
410,840
411,791
412,635
413,509
414,407
415,325
416,260
417,208
418,165
419,129
420,311
421,443
422,550
423,638
424,709
425,767
426,815
427,853
428,730
429,588
430,471
431,376
432,301
433,239
434,191
435,153
436,210
437,362
438,484
439,584
440,666
441,732
442,785
443,829
444,864
445,675
446,542
447,434
448,346
449,277
450,221
451,176
452,142
453,268
454,409
455,522
456,616
457,691
458,753
459,802
460,843
461,778
462,624
463,500
464,400
465,320
466,255
467,204
468,163
469,159
470,321
471,451
472,557
473,644
474,714
475,771
476,817
477,855
478,719
479,576
480,462
481,369
482,295
483,235
484,188
485,150
486,223
487,372
488,493
489,591
490,671
491,736
492,789
493,832
494,828
495,664
496,532
497,426
498,340
499,272
500,217
501,173
502,139
503,280
504,419
505,531
506,622
507,696
508,757
509,806
510,846
511,765
512,614
513,493
514,394
515,315
516,251
517,201
518,160
519,174
520,334
521,462
522,566
523,651
524,719
525,775
526,821
527,858
528,707
529,566
530,454
531,362
532,290
533,232
534,185
535,148
536,236
537,383
538,501
539,598
540,677
541,741
542,793
543,835
544,813
545,652
546,523
547,418
548,334
549,267
550,213
551,170
552,136
553,292
554,429
555,539
556,628
557,701
558,760
559,809
560,848
561,752
562,603
563,483
564,386
565,309
566,246
567,197
568,157
569,189
570,346
571,471
572,573
573,657
574,724
575,780
576,824
577,861
578,694
579,556
580,445
581,356
582,284
583,227
584,181
585,145
586,248
587,392
588,509
589,605
590,682
591,745
592,797
593,838
594,798
595,641
596,513
597,411
598,329
599,262
600,210
601,167
602,134
603,305
604,437
605,546
606,635
607,706
608,765
609,813
610,851
611,738
612,592
613,474
614,379
615,302
616,242
617,193
618,154
619,203
620,356
621,480
622,581
623,663
624,729
625,783
626,828
627,864
628,681
629,547
630,437
631,350
632,279
633,223
634,178
635,142
636,262
637,404
638,518
639,612
640,688
641,750
642,800
643,841
644,783
645,631
646,505
647,403
648,322
649,258
650,206
651,164
652,128
653,317
654,448
655,554
656,641
657,711
658,769
659,816
660,854
661,725
662,581
663,466
664,372
665,297
666,238
667,190
668,152
669,216
670,367
671,488
672,588
673,668
674,734
675,787
676,830
677,835
678,669
679,537
680,430
681,343
682,274
683,219
684,175
685,140
686,276
687,413
688,526
689,619
690,694
691,754
692,804
693,845
694,771
695,619
696,496
697,396
698,317
699,253
700,202
701,162
702,166
703,329
704,457
705,562
706,648
707,717
708,773
709,819
710,857
711,713
712,571
713,458
714,366
715,292
716,233
717,186
718,149
719,230
720,378
721,497
722,595
723,674
724,739
725,791
726,833
727,819
728,659
729,528
730,423
731,338
732,269
733,215
734,171
735,137
736,286
737,423
738,534
739,625
740,699
741,759
742,807
743,847
744,758
745,608
746,487
747,389
748,312
749,248
750,198
751,158
752,182
753,340
754,466
755,569
756,654
757,722
758,777
759,822
760,859
761,700
762,561
763,450
764,359
765,287
766,230
767,183
768,147
769,241
770,386
771,504
772,600
773,679
774,743
775,795
776,837
777,805
778,646
779,518
780,414
781,331
782,264
783,212
784,168
785,135
786,298
787,433
788,543
789,632
790,704
791,763
792,811
793,850
794,746
795,598
796,479
797,383
798,306
799,244
800,195
801,156
802,195
803,351
804,475
805,577
806,660
807,727
808,782
809,826
810,862
811,687
812,553
813,442
814,353
815,282
816,225
817,179
818,143
819,256
820,398
821,514
822,609
823,686
824,748
825,799
826,840
827,791
828,635
829,509
830,407
831,325
832,260
833,207
834,165
835,128
836,311
837,443
838,551
839,638
840,709
841,767
842,815
843,853
844,731
845,587
846,470
847,376
848,300
849,240
850,192
851,153
852,209
853,362
854,483
855,583
856,665
857,731
858,785
859,829
860,864
861,675
862,542
863,434
864,346
865,277
866,221
867,176
868,141
869,267
870,408
871,522
872,615
873,691
874,752
875,802
876,842
877,777
878,624
879,500
880,400
881,319
882,255
883,203
884,163
885,160
886,323
887,452
888,558
889,645
890,715
891,771
892,817
893,855
894,720
895,577
896,462
897,370
898,296
899,236
900,189
901,151
902,224
903,373
904,493
905,591
906,671
907,736
908,790
909,832
910,828
911,664
912,532
913,426
914,340
915,272
916,217
917,174
918,139
919,280
920,419
921,531
922,622
923,696
924,757
925,806
926,846
927,764
928,613
929,492
930,393
931,314
932,250
933,200
934,160
935,173
936,333
937,461
938,565
939,650
940,719
941,775
942,820
943,858
944,705
945,566
946,453
947,362
948,289
949,231
950,185
951,147
952,236
953,383
954,501
955,598
956,677
957,741
958,793
959,835
960,813
961,652
962,523
963,418
964,334
965,267
966,213
967,170
968,136
969,293
970,429
971,539
972,629
973,702
974,761
975,809
976,848
977,752
978,604
979,484
980,387
981,309
982,247
983,198
984,158
985,191
986,345
987,470
988,573
989,657
990,724
991,779
992,824
993,860
994,694
995,556
996,445
997,356
998,284
999,227
1000,181
1001,145
1002,249
1003,393
1004,509
1005,605
1006,682
1007,745
1008,796
1009,838
1010,797
1011,642
1012,514
1013,411
1014,328
1015,263
1016,210
1017,167
1018,134
1019,304
1020,438
1021,546
1022,635
1023,706
1024,765
1025,813
1026,851
1027,738
1028,592
1029,474
1030,379
1031,303
1032,242
1033,193
1034,154
1035,203
1036,355
1037,479
1038,580
1039,662
1040,729
1041,783
1042,827
1043,863
1044,682
1045,548
1046,437
1047,350
1048,280
1049,223
1050,179
1051,143
1052,262
1053,403
1054,518
1055,612
1056,688
1057,750
1058,800
1059,841
1060,785
1061,630
1062,505
1063,404
1064,323
1065,258
1066,206
1067,164
1068,128
1069,317
1070,447
1071,554
1072,641
1073,711
1074,770
1075,815
1076,854
1077,726
1078,584
1079,467
1080,373
1081,298
1082,238
1083,190
1084,152
1085,217
1086,366
1087,488
1088,587
1089,669
1090,734
1091,787
1092,831
1093,834
1094,671
1095,538
1096,430
1097,344
1098,275
1099,219
1100,175
1101,140
1102,275
1103,414
1104,526
1105,619
1106,693
1107,754
1108,804
1109,844
1110,771
1111,620
1112,496
1113,397
1114,317
1115,253
1116,202
1117,161
1118,166
1119,329
1120,456
1121,561
1122,647
1123,717
1124,773
1125,819
1126,857
1127,713
1128,571
1129,459
1130,367
1131,292
1132,234
1133,186
1134,149
1135,229
1136,377
1137,496
1138,594
1139,673
1140,738
1141,790
1142,833
1143,818
1144,659
1145,527
1146,423
1147,337
1148,270
1149,215
1150,172
1151,138
1152,288
1153,424
1154,535
1155,625
1156,699
1157,759
1158,808
1159,847
1160,757
1161,608
1162,488
1163,390
1164,311
1165,249
1166,198
1167,159
1168,181
1169,339
1170,466
1171,568
1172,654
1173,721
1174,777
1175,822
1176,859
1177,699
1178,562
1179,450
1180,360
1181,287
1182,229
1183,183
1184,146
1185,243
1186,388
1187,505
1188,602
1189,679
1190,743
1191,794
1192,837
1193,804
1194,648
1195,518
1196,414
1197,331
1198,264
1199,211
1200,169
1201,135
1202,298
1203,433
1204,542
1205,631
1206,704
1207,763
1208,811
1209,849
1210,743
1211,598
1212,478
1213,383
1214,305
1215,244
1216,195
1217,156
1218,196
1219,350
1220,475
1221,576
1222,660
1223,726
1224,782
1225,826
1226,862
1227,688
1228,552
1229,442
1230,353
1231,282
1232,225
1233,180
1234,144
1235,255
1236,399
1237,513
1238,608
1239,685
1240,747
1241,798
1242,839
1243,790
1244,636
1245,509
1246,408
1247,325
1248,260
1249,208
1250,166
1251,128
1252,310
1253,443
1254,549
1255,638
1256,709
1257,767
1258,814
1259,852
1260,731
1261,588
1262,470
1263,376
1264,300
1265,240
1266,192
1267,153
1268,209
1269,361
1270,483
1271,584
1272,665
1273,731
1274,785
1275,829
1276,864
1277,675
1278,543
1279,434
1280,346
1281,278
1282,221
1283,176
1284,141
1285,268
1286,408
1287,522
1288,615
1289,691
1290,752
1291,802
1292,843
1293,778
1294,624
1295,501
1296,401
1297,320
1298,256
1299,204
1300,163
1301,160
1302,322
1303,451
1304,557
1305,644
1306,714
1307,772
1308,817
1309,855
1310,719
1311,577
1312,462
1313,370
1314,295
1315,235
1316,188
1317,150
1318,223
1319,373
1320,492
1321,590
1322,671
1323,736
1324,789
1325,832
1326,826
1327,664
1328,532
1329,427
1330,341
1331,272
1332,217
1333,174
1334,138
1335,281
1336,417
1337,530
1338,621
1339,696
1340,756
1341,805
1342,845
1343,764
1344,613
1345,492
1346,393
1347,314
1348,251
1349,200
1350,160
1351,174
1352,334
1353,461
1354,565
1355,650
1356,720
1357,776
1358,821
1359,858
1360,707
1361,566
1362,455
1363,363
1364,289
1365,232
1366,185
1367,148
1368,236
1369,383
1370,501
1371,598
1372,677
1373,741
1374,793
1375,835
1376,811
1377,653
1378,524
1379,419
1380,335
1381,268
1382,213
1383,171
1384,137
1385,294
1386,428
1387,538
1388,628
1389,702
1390,760
1391,809
1392,848
1393,751
1394,603
1395,484
1396,386
1397,309
1398,246
1399,197
1400,157
1401,189
1402,343
1403,470
1404,572
1405,656
1406,724
1407,779
1408,825
1409,860
1410,694
1411,556
1412,445
1413,356
1414,284
1415,228
1416,181
1417,145
1418,249
1419,392
1420,510
1421,604
1422,683
1423,745
1424,797
1425,838
1426,798
1427,641
1428,514
1429,411
1430,329
1431,262
1432,210
1433,167
1434,134
1435,306
1436,438
1437,546
1438,635
1439,707
1440,765
1441,813
1442,851
1443,738
1444,592
1445,475
1446,379
1447,304
1448,242
1449,193
1450,154
1451,204
1452,356
1453,480
1454,580
1455,662
1456,729
1457,783
1458,828
1459,863
1460,682
1461,547
1462,438
1463,350
1464,280
1465,223
1466,178
1467,143
1468,261
1469,403
1470,517
1471,612
1472,687
1473,750
1474,800
1475,841
1476,783
1477,630
1478,504
1479,404
1480,323
1481,258
1482,206
1483,164
1484,128
1485,316
1486,448
1487,553
1488,641
1489,711
1490,769
1491,816
1492,854
1493,724
1494,581
1495,467
1496,373
1497,298
1498,238
1499,190
1500,152
1501,218
1502,366
1503,488
1504,587
1505,669
1506,733
1507,787
1508,831
1509,834
1510,671
1511,537
1512,431
1513,344
1514,275
1515,219
1516,175
1517,140
1518,276
1519,413
1520,527
1521,618
1522,694
1523,754
1524,804
1525,844
1526,771
1527,618
1528,497
1529,396
1530,318
1531,253
1532,202
1533,162
1534,167
1535,327
1536,457
1537,562
1538,647
1539,717
1540,773
1541,819
1542,857
1543,712
1544,572
1545,458
1546,367
1547,293
1548,233
1549,187
1550,149
1551,230
1552,378
1553,496
1554,595
1555,674
1556,739
1557,791
1558,834
1559,818
1560,659
1561,527
1562,423
1563,337
1564,270
1565,215
1566,172
1567,137
1568,288
1569,423
1570,534
1571,625
1572,699
1573,758
1574,808
1575,847
1576,758
1577,608
1578,488
1579,389
1580,311
1581,248
1582,198
1583,159
1584,181
1585,339
1586,466
1587,569
1588,654
1589,722
1590,777
1591,823
1592,859
1593,699
1594,561
1595,451
1596,359
1597,288
1598,229
1599,184
1600,146
1601,243
1602,387
1603,504
1604,601
1605,679
1606,743
1607,795
1608,837
1609,804
1610,647
1611,519
1612,415
1613,332
1614,265
1615,212
1616,169
1617,135
1618,298
1619,432
1620,542
1621,631
1622,704
1623,763
1624,811
1625,850
1626,744
1627,597
1628,479
1629,383
1630,306
1631,244
1632,195
1633,156
1634,196
1635,350
1636,475
1637,576
1638,660
1639,726
1640,781
1641,825
1642,862
1643,687
1644,552
1645,442
1646,353
1647,282
1648,226
1649,180
1650,144
1651,256
1652,399
1653,513
1654,609
1655,685
1656,748
1657,798
1658,840
1659,790
1660,637
1661,509
1662,408
1663,326
1664,259
1665,208
1666,166
1667,128
1668,311
1669,443
1670,550
1671,638
1672,709
1673,767
1674,814
1675,853
1676,732
1677,586
1678,471
1679,376
1680,301
1681,240
1682,191
1683,153
1684,210
1685,361
1686,484
1687,583
1688,666
1689,731
1690,786
1691,829
1692,864
1693,676
1694,542
1695,434
1696,347
1697,277
1698,221
1699,177
1700,142
1701,268
1702,409
1703,521
1704,615
1705,690
1706,752
1707,802
1708,842
1709,777
1710,625
1711,501
1712,401
1713,320
1714,255
1715,204
1716,163
1717,160
1718,322
1719,452
1720,557
1721,644
1722,714
1723,771
1724,817
1725,855
1726,717
1727,577
1728,462
1729,370
1730,295
1731,236
1732,188
1733,151
1734,222
1735,372
1736,492
1737,590
1738,671
1739,735
1740,789
1741,832
1742,827
1743,663
1744,533
1745,426
1746,342
1747,272
1748,218
1749,173
1750,138
1751,280
1752,418
1753,530
1754,621
1755,696
1756,756
1757,805
1758,846
1759,763
1760,614
1761,491
1762,394
1763,314
1764,251
1765,200
1766,160
1767,174
1768,335
1769,461
1770,566
1771,650
1772,719
1773,775
1774,821
1775,858
1776,706
1777,567
1778,455
1779,362
1780,290
1781,231
1782,185
1783,148
1784,238
1785,382
1786,501
1787,597
1788,677
1789,740
1790,793
1791,835
1792,811
1793,652
1794,523
1795,418
1796,334
1797,267
1798,213
1799,171
1800,136
1801,293
1802,427
1803,537
1804,628
1805,701
1806,761
1807,809
1808,848
1809,751
1810,602
1811,484
1812,386
1813,309
1814,246
1815,197
1816,157
1817,190
1818,345
1819,471
1820,573
1821,657
1822,724
1823,780
1824,824
1825,861
1826,695
1827,556
1828,447
1829,356
1830,285
1831,227
1832,182
1833,145
1834,250
1835,394
1836,509
1837,605
1838,682
1839,745
1840,796
1841,838
1842,797
1843,642
1844,514
1845,412
1846,329
1847,263
1848,210
1849,167
1850,134
1851,304
1852,438
1853,546
1854,635
1855,706
1856,765
1857,812
1858,851
1859,737
1860,593
1861,474
1862,380
1863,303
1864,242
1865,193
1866,154
1867,204
1868,355
1869,479
1870,579
1871,662
1872,728
1873,783
1874,827
1875,863
1876,682
1877,547
1878,437
1879,350
1880,280
1881,224
1882,178
1883,143
1884,261
1885,403
1886,517
1887,612
1888,688
1889,750
1890,800
1891,841
1892,784
1893,630
1894,506
1895,404
1896,323
1897,258
1898,207
1899,164
1900,128
1901,317
1902,447
1903,554
1904,641
1905,713
1906,769
1907,816
1908,854
1909,725
1910,581
1911,467
1912,372
1913,298
1914,237
1915,190
1916,151
1917,218
1918,366
1919,489
1920,588
1921,668
1922,734
1923,788
1924,831
1925,835
1926,670
1927,538
1928,430
1929,344
1930,275
1931,219
1932,175
1933,140
1934,274
1935,413
1936,525
1937,618
1938,694
1939,754
1940,804
1941,844
1942,770
1943,618
1944,496
1945,397
1946,318
1947,253
1948,202
1949,161
1950,168
1951,327
1952,457
1953,561
1954,648
1955,716
1956,773
1957,819
1958,857
1959,711
1960,572
1961,458
1962,366
1963,292
1964,233
1965,186
1966,149
1967,230
1968,377
1969,497
1970,594
1971,674
1972,738
1973,791
1974,833
1975,820
1976,658
1977,529
1978,422
1979,338
1980,269
1981,216
1982,172
1983,138
1984,286
1985,424
1986,534
1987,625
1988,698
1989,759
1990,807
1991,847
1992,756
1993,609
1994,487
1995,390
1996,311
1997,249
1998,198
1999,159
2000,181
2001,338
2002,466
2003,568
2004,654
2005,721
2006,777
2007,822
2008,859
2009,699
2010,561
2011,450
2012,360
2013,287
2014,229
2015,183
2016,146
2017,243
2018,387
2019,506
2020,601
2021,680
2022,743
2023,795
2024,836
2025,805
2026,646
2027,519
2028,415
2029,332
2030,265
2031,212
2032,169
2033,135
2034,298
2035,433
2036,542
2037,632
2038,703
2039,763
2040,811
2041,850
2042,743
2043,598
2044,479
2045,383
2046,306
2047,244
2048,195
2049,155
2050,196
2051,351
2052,475
2053,577
2054,660
2055,727
2056,781
2057,825
2058,862
2059,687
2060,553
2061,442
2062,354
2063,282
2064,225
2065,180
2066,144
2067,255
2068,398
2069,513
2070,608
2071,685
2072,748
2073,799
2074,840
2075,790
2076,636
2077,509
2078,408
2079,326
2080,260
2081,208
2082,166
2083,129
2084,310
2085,442
2086,549
2087,638
2088,709
2089,767
2090,814
2091,853
2092,730
2093,587
2094,470
2095,376
2096,300
2097,240
2098,192
2099,153
2100,210
2101,361
2102,484
2103,583
2104,666
2105,731
2106,786
2107,829
2108,864
2109,676
2110,542
2111,435
2112,347
2113,277
2114,221
2115,176
2116,141
2117,268
2118,408
2119,521
2120,615
2121,690
2122,752
2123,802
2124,843
2125,778
2126,624
2127,501
2128,400
2129,321
2130,256
2131,204
2132,163
2133,159
2134,323
2135,451
2136,557
2137,644
2138,714
2139,771
2140,818
2141,855
2142,719
2143,576
2144,463
2145,369
2146,295
2147,235
2148,188
2149,150
2150,225
2151,371
2152,493
2153,590
2154,672
2155,736
2156,789
2157,832
2158,827
2159,664
2160,533
2161,427
2162,341
2163,273
2164,217
2165,174
2166,139
2167,280
2168,419
2169,530
2170,622
2171,696
2172,757
2173,805
2174,845
2175,763
2176,613
2177,492
2178,393
2179,314
2180,251
2181,200
2182,160
2183,176
2184,333
2185,461
2186,565
2187,650
2188,719
2189,775
2190,821
2191,858
2192,706
2193,566
2194,454
2195,363
2196,290
2197,231
2198,185
2199,147
2200,237
2201,381
2202,501
2203,597
2204,677
2205,740
2206,793
2207,835
2208,813
2209,653
2210,524
2211,418
2212,335
2213,267
2214,214
2215,170
2216,136
2217,292
2218,429
2219,539
2220,628
2221,701
2222,761
2223,809
2224,848
2225,751
2226,602
2227,484
2228,386
2229,309
2230,247
2231,197
2232,158
2233,190
2234,344
2235,471
2236,572
2237,657
2238,724
2239,780
2240,824
2241,861
2242,693
2243,557
2244,446
2245,357
2246,284
2247,227
2248,182
2249,145
2250,249
2251,392
2252,510
2253,605
2254,683
2255,745
2256,797
2257,838
2258,798
2259,641
2260,515
2261,411
2262,328
2263,263
2264,209
2265,167
2266,134
2267,305
2268,437
2269,546
2270,634
2271,706
2272,764
2273,812
2274,851
2275,738
2276,592
2277,475
2278,379
2279,304
2280,242
2281,194
2282,154
2283,204
2284,355
2285,480
2286,580
2287,663
2288,729
2289,783
2290,827
2291,863
2292,682
2293,547
2294,438
2295,350
2296,280
2297,223
2298,178
2299,142
2300,262
2301,402
2302,518
2303,611
2304,688
2305,750
2306,800
2307,841
2308,784
2309,631
2310,505
2311,404
2312,323
2313,258
2314,206
2315,165
2316,128
2317,316
2318,448
2319,553
2320,641
2321,711
2322,769
2323,815
2324,854
2325,724
2326,583
2327,467
2328,373
2329,298
2330,238
2331,190
2332,152
2333,216
2334,367
2335,487
2336,587
2337,668
2338,734
2339,787
2340,830
2341,834
2342,670
2343,537
2344,431
2345,343
2346,275
2347,219
2348,175
2349,140
2350,274
2351,413
2352,525
2353,619
2354,693
2355,754
2356,803
2357,844
2358,769
2359,620
2360,496
2361,398
2362,317
2363,254
2364,202
2365,162
2366,167
2367,329
2368,456
2369,562
2370,647
2371,717
2372,773
2373,819
2374,856
2375,713
2376,571
2377,459
2378,366
2379,293
2380,233
2381,187
2382,149
2383,231
2384,377
2385,497
2386,594
2387,675
2388,738
2389,792
2390,834
2391,820
2392,659
2393,528
2394,423
2395,338
2396,270
2397,216
2398,172
2399,138
2400,286
2401,422
2402,533
2403,625
2404,698
2405,758
2406,807
2407,847
2408,757
2409,608
2410,488
2411,390
2412,312
2413,248
2414,199
2415,158
2416,183
2417,339
2418,466
2419,569
2420,654
2421,722
2422,777
2423,822
2424,860
2425,699
2426,562
2427,450
2428,360
2429,287
2430,229
2431,183
2432,146
2433,243
2434,388
2435,506
2436,602
2437,680
2438,743
2439,795
2440,837
2441,804
2442,648
2443,518
2444,416
2445,331
2446,265
2447,211
2448,169
2449,135
2450,299
2451,433
2452,542
2453,632
2454,704
2455,763
2456,811
2457,850
2458,743
2459,598
2460,479
2461,383
2462,306
2463,245
2464,195
2465,156
2466,195
2467,351
2468,474
2469,577
2470,659
2471,727
2472,781
2473,826
2474,862
2475,687
2476,551
2477,442
2478,353
2479,282
2480,225
2481,180
2482,144
2483,256
2484,398
2485,514
2486,608
2487,685
2488,747
2489,798
2490,840
2491,790
2492,636
2493,509
2494,408
2495,326
2496,260
2497,208
2498,166
2499,128
2500,311
2501,442
2502,550
2503,638
2504,709
2505,767
2506,814
2507,852
2508,732
2509,587
2510,471
2511,376
2512,301
2513,240
2514,192
2515,153
2516,211
2517,361
2518,484
2519,584
2520,665
2521,731
2522,785
2523,829
2524,864
2525,677
2526,542
2527,435
2528,347
2529,277
2530,221
2531,177
2532,141
2533,269
2534,407
2535,522
2536,615
2537,691
2538,752
2539,802
2540,842
2541,777
2542,624
2543,501
2544,400
2545,320
2546,255
2547,204
2548,163
2549,160
2550,322
2551,452
2552,557
2553,644
2554,714
2555,772
2556,818
2557,856
2558,718
2559,577
2560,462
2561,369
2562,295
2563,236
2564,188
2565,150
2566,223
2567,371
2568,492
2569,591
2570,671
2571,736
2572,789
2573,832
2574,828
2575,664
2576,533
2577,427
2578,341
2579,272
2580,217
2581,173
2582,139
2583,280
2584,417
2585,530
2586,622
2587,696
2588,756
2589,806
2590,845
2591,764
2592,613
2593,492
2594,394
2595,314
2596,251
2597,201
2598,160
2599,173
2600,332
2601,460
2602,565
2603,651
2604,719
2605,775
2606,821
2607,858
2608,706
2609,567
2610,454
2611,363
2612,290
2613,231
2614,185
2615,148
2616,236
2617,383
2618,501
2619,598
2620,677
2621,741
2622,793
2623,835
2624,811
2625,653
2626,524
2627,419
2628,335
2629,267
2630,214
2631,171
2632,136
2633,293
2634,428
2635,538
2636,629
2637,701
2638,761
2639,809
2640,849
2641,750
2642,603
2643,483
2644,387
2645,309
2646,247
2647,197
2648,157
2649,189
2650,345
2651,471
2652,572
2653,657
2654,724
2655,780
2656,824
2657,860
2658,694
2659,557
2660,447
2661,356
2662,285
2663,228
2664,181
2665,145
2666,249
2667,393
2668,509
2669,605
2670,682
2671,745
2672,796
2673,838
2674,797
2675,642
2676,514
2677,412
2678,328
2679,262
2680,209
2681,167
2682,134
2683,305
2684,437
2685,546
2686,635
2687,707
2688,766
2689,812
2690,851
2691,738
2692,593
2693,475
2694,379
2695,304
2696,242
2697,193
2698,154
2699,204
2700,355
2701,480
2702,580
2703,663
2704,729
2705,783
2706,827
2707,863
2708,682
2709,547
2710,439
2711,350
2712,280
2713,223
2714,178
2715,142
2716,263
2717,402
2718,518
2719,611
2720,688
2721,749
2722,800
2723,841
2724,784
2725,630
2726,506
2727,404
2728,323
2729,258
2730,206
2731,164
2732,128
2733,315
2734,446
2735,553
2736,640
2737,711
2738,769
2739,815
2740,854
2741,725
2742,584
2743,467
2744,374
2745,298
2746,239
2747,190
2748,152
2749,217
2750,367
2751,488
2752,588
2753,668
2754,734
2755,787
2756,831
2757,834
2758,671
2759,537
2760,431
2761,344
2762,275
2763,219
2764,175
2765,140
2766,275
2767,413
2768,527
2769,618
2770,694
2771,754
2772,804
2773,844
2774,769
2775,619
2776,496
2777,396
2778,317
2779,253
2780,202
2781,161
2782,168
2783,327
2784,457
2785,561
2786,648
2787,716
2788,773
2789,819
2790,857
2791,711
2792,572
2793,458
2794,367
2795,292
2796,234
2797,186
2798,149
2799,229
2800,377
2801,496
2802,594
2803,673
2804,738
2805,791
2806,834
2807,818
2808,659
2809,527
2810,423
2811,337
2812,270
2813,215
2814,173
2815,137
2816,288
2817,424
2818,535
2819,625
2820,699
2821,759
2822,808
2823,847
2824,758
2825,608
2826,488
2827,391
2828,311
2829,249
2830,198
2831,159
2832,181
2833,339
2834,467
2835,569
2836,654
2837,722
2838,778
2839,822
2840,859
2841,699
2842,562
2843,450
2844,360
2845,288
2846,230
2847,183
2848,146
2849,243
2850,387
2851,506
2852,601
2853,680
2854,743
2855,795
2856,836
2857,806
2858,647
2859,517
2860,415
2861,332
2862,265
2863,211
2864,169
2865,135
2866,298
2867,433
2868,541
2869,631
2870,703
2871,763
2872,810
2873,850
2874,744
2875,597
2876,480
2877,383
2878,306
2879,244
2880,195
2881,155
2882,197
2883,349
2884,475
2885,576
2886,660
2887,726
2888,782
2889,825
2890,862
2891,689
2892,551
2893,442
2894,353
2895,283
2896,225
2897,180
2898,144
2899,255
2900,399
2901,513
2902,608
2903,685
2904,747
2905,798
2906,839
2907,790
2908,636
2909,509
2910,408
2911,326
2912,261
2913,208
2914,166
2915,128
2916,310
2917,443
2918,550
2919,639
2920,709
2921,767
2922,814
2923,853
2924,731
2925,588
2926,470
2927,377
2928,301
2929,240
2930,192
2931,153
2932,209
2933,361
2934,483
2935,584
2936,665
2937,731
2938,785
2939,829
2940,864
2941,675
2942,543
2943,434
2944,346
2945,277
2946,221
2947,177
2948,141
2949,269
2950,408
2951,521
2952,615
2953,690
2954,752
2955,802
2956,843
2957,776
2958,625
2959,500
2960,401
2961,321
2962,256
2963,204
2964,163
2965,160
2966,322
2967,452
2968,558
2969,645
2970,714
2971,771
2972,817
2973,855
2974,718
2975,577
2976,462
2977,370
2978,295
2979,236
2980,188
2981,151
2982,223
2983,372
2984,492
2985,591
2986,671
2987,736
2988,789
2989,832
2990,828
2991,665
2992,533
2993,427
2994,341
2995,272
2996,218
2997,174
2998,139
2999,280
3000,418
3001,529
3002,622
3003,696
3004,756
3005,805
3006,845
3007,763
3008,614
3009,492
3010,394
3011,314
3012,251
3013,200
3014,160
3015,174
3016,335
3017,461
3018,565
3019,650
3020,720
3021,775
3022,821
3023,858
3024,706
3025,566
3026,455
3027,363
3028,290
3029,231
3030,184
3031,148
3032,236
3033,382
3034,500
3035,597
3036,677
3037,741
3038,793
3039,835
3040,813
3041,653
3042,524
3043,419
3044,335
3045,267
3046,214
3047,170
3048,136
3049,293
3050,429
3051,538
3052,629
3053,701
3054,761
3055,809
3056,848
3057,750
3058,604
3059,483
3060,387
3061,308
3062,247
3063,197
3064,157
3065,188
3066,345
3067,469
3068,573
3069,656
3070,724
3071,779
3072,824
3073,861
3074,694
3075,557
3076,446
3077,357
3078,285
3079,227
3080,181
3081,145
3082,249
3083,394
3084,509
3085,605
3086,682
3087,746
3088,796
3089,839
3090,797
3091,642
3092,514
3093,412
3094,329
3095,263
3096,209
3097,168
3098,134
3099,304
3100,438
3101,546
3102,635
3103,706
3104,765
3105,813
3106,851
3107,737
3108,593
3109,474
3110,380
3111,303
3112,242
3113,193
3114,155
3115,204
3116,356
3117,480
3118,580
3119,663
3120,729
3121,784
3122,827
3123,864
3124,681
3125,548
3126,438
3127,351
3128,279
3129,223
3130,178
3131,143
3132,261
3133,403
3134,517
3135,611
3136,687
3137,750
3138,800
3139,841
3140,783
3141,631
3142,505
3143,404
3144,323
3145,258
3146,206
3147,164
3148,128
3149,316
3150,448
3151,553
3152,641
3153,712
3154,769
3155,816
3156,854
3157,725
3158,581
3159,467
3160,373
3161,298
3162,238
3163,190
3164,152
3165,217
3166,367
3167,488
3168,588
3169,668
3170,734
3171,787
3172,831
3173,834
3174,671
3175,537
3176,431
3177,344
3178,275
3179,219
3180,175
3181,140
3182,275
3183,412
3184,527
3185,618
3186,694
3187,754
3188,804
3189,844
3190,771
3191,619
3192,497
3193,397
3194,318
3195,253
3196,202
3197,161
3198,167
3199,327
3200,456
3201,562
3202,647
3203,717
3204,773
3205,819
3206,856
3207,711
3208,572
3209,459
3210,366
3211,293
3212,233
3213,186
3214,149
3215,230
3216,378
3217,496
3218,594
3219,674
3220,738
3221,791
3222,834
3223,819
3224,659
3225,529
3226,423
3227,338
3228,269
3229,215
3230,172
3231,138
3232,286
3233,423
3234,534
3235,625
3236,698
3237,759
3238,807
3239,847
3240,756
3241,609
3242,487
3243,389
3244,312
3245,249
3246,198
3247,159
3248,181
3249,339
3250,465
3251,569
3252,653
3253,722
3254,778
3255,822
3256,859
3257,700
3258,563
3259,450
3260,360
3261,287
3262,230
3263,183
3264,146
3265,242
3266,387
3267,505
3268,600
3269,680
3270,742
3271,795
3272,836
3273,806
3274,646
3275,520
3276,415
3277,333
3278,265
3279,212
3280,169
3281,136
3282,298
3283,433
3284,543
3285,631
3286,704
3287,763
3288,811
3289,850
3290,745
3291,599
3292,479
3293,384
3294,306
3295,245
3296,195
3297,156
3298,196
3299,351
3300,474
3301,577
3302,659
3303,727
3304,781
3305,827
3306,862
3307,687
3308,553
3309,442
3310,354
3311,282
3312,226
3313,180
3314,144
3315,255
3316,398
3317,513
3318,609
3319,685
3320,748
3321,798
3322,840
3323,790
3324,636
3325,509
3326,408
3327,326
3328,260
3329,208
3330,166
3331,128
3332,311
3333,442
3334,550
3335,637
3336,709
3337,767
3338,814
3339,852
3340,732
3341,587
3342,471
3343,376
3344,301
3345,240
3346,192
3347,153
3348,211
3349,361
3350,484
3351,583
3352,666
3353,731
3354,785
3355,829
3356,865
3357,677
3358,542
3359,434
3360,347
3361,278
3362,221
3363,177
3364,141
3365,269
3366,408
3367,522
3368,615
3369,691
3370,752
3371,802
3372,842
3373,776
3374,624
3375,500
3376,400
3377,320
3378,256
3379,204
3380,163
3381,160
3382,322
3383,452
3384,557
3385,645
3386,714
3387,772
3388,817
3389,855
3390,718
3391,578
3392,462
3393,370
3394,295
3395,236
3396,188
3397,150
3398,222
3399,372
3400,491
3401,591
3402,671
3403,736
3404,789
3405,832
3406,826
3407,665
3408,532
3409,427
3410,340
3411,272
3412,217
3413,173
3414,139
3415,282
3416,419
3417,530
3418,622
3419,696
3420,756
3421,806
3422,845
3423,764
3424,613
3425,493
3426,393
3427,315
3428,251
3429,200
3430,160
3431,176
3432,333
3433,462
3434,565
3435,651
3436,719
3437,776
3438,821
3439,858
3440,705
3441,568
3442,454
3443,364
3444,290
3445,232
3446,185
3447,148
3448,236
3449,383
3450,500
3451,598
3452,677
3453,741
3454,793
3455,835
3456,811
3457,652
3458,523
3459,418
3460,335
3461,267
3462,213
3463,171
3464,137
3465,293
3466,427
3467,539
3468,627
3469,702
3470,760
3471,810
3472,848
3473,751
3474,603
3475,483
3476,386
3477,309
3478,246
3479,197
3480,157
3481,190
3482,344
3483,471
3484,572
3485,657
3486,724
3487,780
3488,824
3489,861
3490,693
3491,558
3492,446
3493,357
3494,285
3495,227
3496,181
3497,145
3498,249
3499,393
3500,510
3501,605
3502,683
3503,746
3504,797
3505,838
3506,798
3507,641
3508,515
3509,411
3510,329
3511,263
3512,210
3513,167
3514,134
3515,304
3516,438
3517,546
3518,635
3519,707
3520,765
3521,813
3522,851
3523,737
3524,593
3525,475
3526,380
3527,303
3528,243
3529,194
3530,154
3531,203
3532,355
3533,479
3534,579
3535,662
3536,729
3537,783
3538,827
3539,863
3540,682
3541,547
3542,437
3543,350
3544,279
3545,224
3546,178
3547,143
3548,263
3549,402
3550,519
3551,611
3552,689
3553,750
3554,800
3555,841
3556,784
3557,630
3558,506
3559,404
3560,323
3561,258
3562,206
3563,164
3564,128
3565,317
3566,447
3567,554
3568,641
3569,712
3570,769
3571,816
3572,854
3573,725
3574,582
3575,467
3576,373
3577,298
3578,238
3579,190
3580,152
3581,218
3582,366
3583,488
3584,588
3585,668
3586,733
3587,787
3588,830
3589,834
3590,669
3591,538
3592,430
3593,345
3594,275
3595,219
3596,175
3597,140
3598,274
3599,413
3600,526
3601,618
3602,693
3603,754
3604,804
3605,844
3606,771
3607,619
3608,497
3609,397
3610,317
3611,253
3612,202
3613,161
3614,166
3615,329
3616,456
3617,562
3618,647
3619,717
3620,773
3621,819
3622,856
3623,713
3624,572
3625,459
3626,366
3627,292
3628,234
3629,187
3630,149
3631,231
3632,378
3633,496
3634,595
3635,674
3636,739
3637,791
3638,834
3639,819
3640,659
3641,528
3642,423
3643,338
3644,270
3645,215
3646,172
3647,137
3648,288
3649,423
3650,534
3651,625
3652,699
3653,758
3654,807
3655,847
3656,758
3657,608
3658,488
3659,390
3660,312
3661,249
3662,199
3663,159
3664,182
3665,338
3666,466
3667,568
3668,653
3669,721
3670,777
3671,822
3672,859
3673,699
3674,561
3675,450
3676,361
3677,287
3678,230
3679,183
3680,146
3681,243
3682,388
3683,505
3684,602
3685,680
3686,743
3687,795
3688,837
3689,804
3690,648
3691,519
3692,416
3693,332
3694,265
3695,212
3696,169
3697,136
3698,300
3699,432
3700,542
3701,631
3702,704
3703,763
3704,811
3705,849
3706,745
3707,598
3708,480
3709,383
3710,306
3711,244
3712,195
3713,156
3714,197
3715,351
3716,475
3717,577
3718,660
3719,726
3720,782
3721,826
3722,862
3723,689
3724,552
3725,442
3726,353
3727,282
3728,226
3729,180
3730,144
3731,255
3732,398
3733,513
3734,608
3735,685
3736,748
3737,798
3738,840
3739,790
3740,636
3741,509
3742,408
3743,326
3744,260
3745,208
3746,166
3747,128
3748,310
3749,443
3750,550
3751,638
3752,709
3753,767
3754,814
3755,852
3756,732
3757,588
3758,472
3759,377
3760,301
3761,240
3762,192
3763,153
3764,211
3765,361
3766,484
3767,583
3768,665
3769,731
3770,785
3771,829
3772,864
3773,677
3774,542
3775,435
3776,347
3777,277
3778,221
3779,177
3780,141
3781,269
3782,407
3783,523
3784,615
3785,691
3786,752
3787,802
3788,842
3789,778
3790,625
3791,501
3792,400
3793,320
3794,255
3795,204
3796,163
3797,159
3798,323
3799,452
3800,558
3801,644
3802,714
3803,771
3804,817
3805,855
3806,718
3807,577
3808,462
3809,370
3810,295
3811,236
3812,188
3813,150
3814,223
3815,372
3816,492
3817,591
3818,671
3819,736
3820,789
3821,832
3822,826
3823,665
3824,532
3825,427
3826,341
3827,272
3828,217
3829,174
3830,139
3831,282
3832,418
3833,531
3834,621
3835,696
3836,756
3837,806
3838,845
3839,764
3840,613
3841,492
3842,393
3843,314
3844,251
3845,200
3846,160
3847,176
3848,333
3849,461
3850,566
3851,650
3852,720
3853,775
3854,821
3855,858
3856,707
3857,567
3858,455
3859,363
3860,290
3861,232
3862,185
3863,148
3864,237
3865,381
3866,501
3867,597
3868,677
3869,740
3870,793
3871,835
3872,813
3873,652
3874,524
3875,418
3876,335
3877,267
3878,214
3879,170
3880,137
3881,292
3882,428
3883,540
3884,628
3885,701
3886,761
3887,809
3888,848
3889,751
3890,603
3891,484
3892,386
3893,309
3894,246
3895,197
3896,157
3897,190
3898,345
3899,470
3900,573
3901,656
3902,724
3903,780
3904,824
3905,861
3906,695
3907,557
3908,447
3909,356
3910,285
3911,227
3912,182
3913,145
3914,250
3915,393
3916,510
3917,604
3918,683
3919,745
3920,797
3921,838
3922,799
3923,641
3924,515
3925,411
3926,328
3927,263
3928,210
3929,167
3930,134
3931,304
3932,438
3933,545
3934,635
3935,706
3936,765
3937,812
3938,851
3939,737
3940,593
3941,475
3942,380
3943,303
3944,243
3945,193
3946,155
3947,203
3948,356
3949,479
3950,580
3951,662
3952,729
3953,783
3954,828
3955,863
3956,681
3957,548
3958,438
3959,350
3960,280
3961,223
3962,178
3963,143
3964,262
3965,403
3966,517
3967,612
3968,689
3969,750
3970,800
3971,841
3972,783
3973,630
3974,505
3975,405
3976,323
3977,258
3978,206
3979,165
3980,128
3981,317
3982,448
3983,554
3984,641
3985,712
3986,770
3987,816
3988,854
3989,726
3990,582
3991,467
3992,373
3993,298
3994,237
3995,191
3996,152
3997,217
3998,366
3999,488
4000,587
4001,668
4002,733
4003,787
4004,830
4005,834
4006,671
4007,537
4008,431
4009,344
4010,275
4011,219
4012,175
4013,141
4014,274
4015,413
4016,526
4017,619
4018,693
4019,754
4020,804
4021,844
4022,770
4023,620
4024,496
4025,397
4026,317
4027,254
4028,202
4029,162
4030,166
4031,329
4032,456
4033,562
4034,647
4035,717
4036,773
4037,819
4038,856
4039,713
4040,572
4041,459
4042,366
4043,293
4044,233
4045,187
4046,149
4047,231
4048,377
4049,497
4050,594
4051,674
4052,738
4053,791
4054,834
4055,820
4056,659
4057,529
4058,423
4059,339
4060,270
4061,216
4062,172
4063,138
4064,286
4065,423
4066,533
4067,625
4068,699
4069,759
4070,807
4071,847
4072,757
4073,610
4074,488
4075,391
4076,312
4077,250
4078,199
4079,159
4080,182
4081,340
4082,465
4083,570
4084,653
4085,722
4086,777
4087,823
4088,859
4089,701
4090,562
4091,451
4092,360
4093,288
4094,230
4095,183
4096,146
4097,243
4098,388
4099,506
4100,602
4101,680
4102,743
4103,794
4104,837
4105,805
4106,648
4107,519
4108,415
4109,332
4110,265
4111,212
4112,169
4113,135
4114,299
4115,433
4116,542
4117,632
4118,704
4119,763
4120,811
4121,850
4122,743
4123,599
4124,479
4125,384
4126,306
4127,245
4128,195
4129,156
4130,195
4131,350
4132,474
4133,576
4134,659
4135,727
4136,781
4137,826
4138,862
4139,687
4140,552
4141,442
4142,353
4143,282
4144,225
4145,180
4146,144
4147,257
4148,397
4149,514
4150,608
4151,685
4152,748
4153,799
4154,840
4155,790
4156,637
4157,510
4158,408
4159,326
4160,261
4161,208
4162,166
4163,128
4164,310
4165,443
4166,550
4167,638
4168,709
4169,767
4170,815
4171,852
4172,732
4173,587
4174,471
4175,376
4176,301
4177,240
4178,192
4179,153
4180,210
4181,362
4182,485
4183,583
4184,665
4185,732
4186,786
4187,829
4188,864
4189,676
4190,543
4191,434
4192,348
4193,277
4194,222
4195,176
4196,142
4197,267
4198,408
4199,521
4200,615
4201,690
4202,752
4203,802
4204,843
4205,776
4206,625
4207,501
4208,401
4209,321
4210,255
4211,205
4212,163
4213,160
4214,322
4215,452
4216,557
4217,644
4218,715
4219,771
4220,818
4221,855
4222,718
4223,578
4224,462
4225,369
4226,295
4227,236
4228,188
4229,150
4230,223
4231,372
4232,492
4233,591
4234,671
4235,736
4236,789
4237,832
4238,827
4239,665
4240,533
4241,427
4242,342
4243,273
4244,218
4245,174
4246,139
4247,282
4248,418
4249,530
4250,622
4251,696
4252,757
4253,805
4254,846
4255,763
4256,615
4257,492
4258,394
4259,314
4260,251
4261,200
4262,160
4263,173
4264,334
4265,460
4266,565
4267,651
4268,719
4269,775
4270,821
4271,858
4272,705
4273,568
4274,454
4275,363
4276,290
4277,232
4278,185
4279,148
4280,236
4281,383
4282,501
4283,598
4284,677
4285,741
4286,793
4287,835
4288,811
4289,654
4290,523
4291,420
4292,335
4293,268
4294,214
4295,171
4296,136
4297,294
4298,428
4299,539
4300,628
4301,702
4302,760
4303,809
4304,849
4305,751
4306,603
4307,484
4308,386
4309,309
4310,247
4311,197
4312,157
4313,190
4314,346
4315,471
4316,572
4317,657
4318,724
4319,780
4320,824
4321,861
4322,695
4323,557
4324,446
4325,357
4326,285
4327,228
4328,182
4329,145
4330,249
4331,393
4332,509
4333,605
4334,682
4335,746
4336,796
4337,838
4338,797
4339,642
4340,514
4341,412
4342,329
4343,263
4344,210
4345,168
4346,134
4347,304
4348,438
4349,546
4350,635
4351,706
4352,765
4353,813
4354,851
4355,739
4356,594
4357,476
4358,379
4359,304
4360,242
4361,193
4362,154
4363,204
4364,355
4365,480
4366,580
4367,663
4368,729
4369,783
4370,827
4371,863
4372,683
4373,547
4374,439
4375,350
4376,280
4377,223
4378,179
4379,143
4380,263
4381,402
4382,518
4383,611
4384,688
4385,750
4386,800
4387,841
4388,785
4389,630
4390,506
4391,404
4392,324
4393,258
4394,206
4395,165
4396,128
4397,317
4398,448
4399,554
4400,642
4401,711
4402,770
4403,816
4404,854
4405,726
4406,584
4407,467
4408,374
4409,298
4410,239
4411,190
4412,152
4413,217
4414,367
4415,488
4416,588
4417,668
4418,734
4419,787
4420,831
4421,834
4422,671
4423,537
4424,431
4425,344
4426,275
4427,219
4428,176
4429,140
4430,275
4431,413
4432,526
4433,618
4434,694
4435,754
4436,804
4437,844
4438,770
4439,619
4440,496
4441,397
4442,317
4443,253
4444,203
4445,161
4446,168
4447,328
4448,457
4449,561
4450,648
4451,717
4452,773
4453,819
4454,857
4455,712
4456,573
4457,458
4458,367
4459,293
4460,234
4461,187
4462,149
4463,229
4464,377
4465,496
4466,594
4467,673
4468,739
4469,791
4470,833
4471,819
4472,659
4473,528
4474,423
4475,338
4476,270
4477,215
4478,172
4479,138
4480,288
4481,424
4482,535
4483,625
4484,699
4485,759
4486,808
4487,847
4488,758
4489,608
4490,488
4491,391
4492,312
4493,249
4494,199
4495,159
4496,183
4497,339
4498,466
4499,569
4500,654
4501,721
4502,778
4503,823
4504,860
4505,700
4506,563
4507,450
4508,360
4509,288
4510,229
4511,183
4512,146
4513,243
4514,388
4515,505
4516,602
4517,679
4518,743
4519,795
4520,837
4521,804
4522,648
4523,519
4524,415
4525,332
4526,265
4527,211
4528,169
4529,136
4530,298
4531,433
4532,541
4533,631
4534,704
4535,763
4536,811
4537,850
4538,745
4539,597
4540,480
4541,383
4542,306
4543,244
4544,195
4545,156
4546,197
4547,350
4548,475
4549,576
4550,660
4551,726
4552,782
4553,826
4554,863
4555,689
4556,552
4557,443
4558,353
4559,283
4560,225
4561,180
4562,144
4563,257
4564,397
4565,514
4566,609
4567,685
4568,747
4569,798
4570,839
4571,790
4572,637
4573,509
4574,408
4575,326
4576,261
4577,208
4578,166
4579,128
4580,310
4581,443
4582,550
4583,638
4584,709
4585,767
4586,814
4587,853
4588,731
4589,589
4590,471
4591,377
4592,301
4593,241
4594,192
4595,153
4596,209
4597,361
4598,483
4599,584
4600,665
4601,732
4602,785
4603,829
4604,864
4605,675
4606,543
4607,434
4608,346
4609,278
4610,222
4611,177
4612,142
4613,269
4614,408
4615,522
4616,615
4617,691
4618,752
4619,802
4620,843
4621,777
4622,625
4623,501
4624,401
4625,320
4626,256
4627,204
4628,163
4629,160
4630,322
4631,452
4632,557
4633,645
4634,714
4635,772
4636,818
4637,856
4638,718
4639,578
4640,462
4641,370
4642,295
4643,236
4644,188
4645,151
4646,223
4647,372
4648,492
4649,591
4650,671
4651,736
4652,789
4653,832
4654,828
4655,665
4656,533
4657,426
4658,341
4659,272
4660,217
4661,174
4662,139
4663,280
4664,418
4665,529
4666,622
4667,695
4668,756
4669,805
4670,846
4671,763
4672,614
4673,492
4674,394
4675,314
4676,252
4677,200
4678,160
4679,175
4680,334
4681,461
4682,566
4683,650
4684,720
4685,775
4686,821
4687,858
4688,707
4689,567
4690,455
4691,363
4692,290
4693,231
4694,184
4695,148
4696,237
4697,383
4698,501
4699,598
4700,677
4701,741
4702,793
4703,836
4704,812
4705,653
4706,524
4707,419
4708,335
4709,268
4710,214
4711,171
4712,136
4713,294
4714,427
4715,539
4716,628
4717,702
4718,761
4719,809
4720,848
4721,751
4722,603
4723,484
4724,386
4725,309
4726,246
4727,197
4728,157
4729,190
4730,344
4731,470
4732,572
4733,656
4734,724
4735,780
4736,825
4737,860
4738,693
4739,557
4740,446
4741,356
4742,285
4743,228
4744,181
4745,145
4746,249
4747,393
4748,509
4749,605
4750,682
4751,745
4752,796
4753,838
4754,797
4755,643
4756,514
4757,413
4758,329
4759,264
4760,210
4761,168
4762,134
4763,305
4764,438
4765,546
4766,635
4767,707
4768,765
4769,812
4770,851
4771,737
4772,593
4773,475
4774,380
4775,303
4776,242
4777,193
4778,155
4779,205
4780,356
4781,480
4782,581
4783,663
4784,730
4785,783
4786,828
4787,863
4788,682
4789,548
4790,438
4791,351
4792,280
4793,224
4794,178
4795,143
4796,261
4797,403
4798,517
4799,612
4800,687
4801,750
4802,800
4803,841
4804,784
4805,630
4806,506
4807,404
4808,323
4809,258
4810,206
4811,165
4812,127
4813,316
4814,448
4815,553
4816,641
4817,711
4818,770
4819,816
4820,854
4821,725
4822,581
4823,467
4824,373
4825,298
4826,238
4827,190
4828,152
4829,218
4830,367
4831,489
4832,587
4833,669
4834,734
4835,787
4836,831
4837,834
4838,671
4839,537
4840,431
4841,344
4842,276
4843,219
4844,176
4845,140
4846,275
4847,413
4848,526
4849,618
4850,694
4851,754
4852,804
4853,844
4854,771
4855,619
4856,497
4857,397
4858,318
4859,253
4860,203
4861,162
4862,168
4863,327
4864,457
4865,562
4866,647
4867,717
4868,773
4869,819
4870,857
4871,712
4872,573
4873,458
4874,367
4875,293
4876,234
4877,187
4878,149
4879,230
4880,378
4881,496
4882,595
4883,674
4884,739
4885,791
4886,834
4887,819
4888,659
4889,528
4890,423
4891,338
4892,270
4893,215
4894,172
4895,137
4896,288
4897,423
4898,534
4899,624
4900,699
4901,758
4902,808
4903,847
4904,758
4905,608
4906,488
4907,390
4908,312
4909,249
4910,199
4911,159
4912,182
4913,340
4914,466
4915,569
4916,654
4917,722
4918,778
4919,823
4920,860
4921,701
4922,562
4923,451
4924,359
4925,288
4926,229
4927,183
4928,146
4929,243
4930,387
4931,505
4932,601
4933,680
4934,743
4935,795
4936,836
4937,805
4938,647
4939,519
4940,415
4941,332
4942,266
4943,212
4944,169
4945,135
4946,298
4947,433
4948,542
4949,632
4950,705
4951,763
4952,811
4953,850
4954,745
4955,598
4956,479
4957,384
4958,306
4959,245
4960,195
4961,156
4962,196
4963,351
4964,475
4965,576
4966,660
4967,726
4968,782
4969,826
4970,862
4971,689
4972,552
4973,443
4974,353
4975,283
4976,225
4977,180
4978,144
4979,257
4980,397
4981,514
4982,608
4983,685
4984,747
4985,799
4986,839
4987,792
4988,635
4989,511
4990,408
4991,327
4992,260
4993,208
4994,166
4995,129
4996,311
4997,443
4998,550
4999,637
5000,709
5001,767
5002,814
5003,852
5004,732
5005,587
5006,471
5007,376
5008,301
5009,241
5010,191
5011,153
5012,211
5013,361
5014,484
5015,583
5016,666
5017,731
5018,786
5019,829
5020,864
5021,677
5022,542
5023,435
5024,347
5025,278
5026,221
5027,177
5028,141
5029,269
5030,407
5031,523
5032,614
5033,691
5034,752
5035,802
5036,843
5037,778
5038,625
5039,501
5040,401
5041,320
5042,256
5043,204
5044,163
5045,158
5046,323
5047,452
5048,558
5049,644
5050,714
5051,771
5052,818
5053,855
5054,719
5055,577
5056,463
5057,369
5058,296
5059,236
5060,189
5061,150
5062,224
5063,371
5064,492
5065,591
5066,671
5067,736
5068,790
5069,832
5070,828
5071,664
5072,534
5073,426
5074,341
5075,272
5076,217
5077,173
5078,138
5079,280
5080,418
5081,530
5082,621
5083,696
5084,757
5085,805
5086,846
5087,763
5088,615
5089,492
5090,394
5091,315
5092,252
5093,201
5094,160
5095,174
5096,334
5097,461
5098,566
5099,650
5100,719
5101,775
5102,821
5103,858
5104,707
5105,567
5106,455
5107,363
5108,290
5109,231
5110,185
5111,148
5112,236
5113,383
5114,500
5115,598
5116,676
5117,741
5118,793
5119,835
5120,812
5121,653
5122,523
5123,419
5124,335
5125,267
5126,213
5127,171
5128,137
5129,292
5130,428
5131,537
5132,628
5133,701
5134,761
5135,809
5136,848
5137,750
5138,604
5139,483
5140,387
5141,309
5142,248
5143,197
5144,158
5145,189
5146,344
5147,471
5148,572
5149,657
5150,724
5151,780
5152,824
5153,861
5154,695
5155,557
5156,447
5157,356
5158,285
5159,227
5160,182
5161,145
5162,249
5163,394
5164,509
5165,604
5166,682
5167,745
5168,796
5169,838
5170,798
5171,642
5172,514
5173,412
5174,329
5175,263
5176,210
5177,168
5178,134
5179,304
5180,438
5181,545
5182,635
5183,706
5184,765
5185,812
5186,851
5187,738
5188,592
5189,476
5190,379
5191,304
5192,242
5193,194
5194,155
5195,204
5196,355
5197,479
5198,579
5199,662
5200,728
5201,783
5202,827
5203,863
5204,681
5205,548
5206,439
5207,351
5208,280
5209,223
5210,178
5211,143
5212,262
5213,401
5214,517
5215,610
5216,688
5217,749
5218,800
5219,840
5220,785
5221,629
5222,506
5223,404
5224,324
5225,259
5226,206
5227,164
5228,128
5229,316
5230,448
5231,553
5232,641
5233,712
5234,769
5235,816
5236,854
5237,724
5238,583
5239,466
5240,374
5241,298
5242,239
5243,190
5244,152
5245,217
5246,368
5247,488
5248,588
5249,669
5250,734
5251,788
5252,831
5253,836
5254,670
5255,538
5256,431
5257,345
5258,275
5259,219
5260,175
5261,140
5262,274
5263,413
5264,525
5265,618
5266,693
5267,754
5268,804
5269,844
5270,770
5271,620
5272,496
5273,398
5274,317
5275,254
5276,202
5277,162
5278,166
5279,329
5280,456
5281,562
5282,647
5283,716
5284,774
5285,819
5286,857
5287,712
5288,573
5289,458
5290,367
5291,293
5292,234
5293,187
5294,149
5295,230
5296,377
5297,497
5298,594
5299,674
5300,739
5301,791
5302,834
5303,821
5304,658
5305,529
5306,423
5307,338
5308,270
5309,216
5310,172
5311,138
5312,287
5313,423
5314,534
5315,625
5316,698
5317,759
5318,807
5319,847
5320,757
5321,610
5322,488
5323,391
5324,312
5325,249
5326,199
5327,159
5328,181
5329,339
5330,465
5331,569
5332,653
5333,722
5334,778
5335,823
5336,859
5337,701
5338,563
5339,451
5340,359
5341,288
5342,230
5343,184
5344,146
5345,244
5346,387
5347,506
5348,602
5349,679
5350,743
5351,795
5352,837
5353,804
5354,648
5355,519
5356,416
5357,332
5358,265
5359,211
5360,169
5361,135
5362,299
5363,432
5364,543
5365,631
5366,704
5367,763
5368,811
5369,850
5370,745
5371,597
5372,480
5373,383
5374,307
5375,244
5376,195
5377,157
5378,197
5379,351
5380,475
5381,577
5382,660
5383,727
5384,782
5385,826
5386,862
5387,689
5388,552
5389,443
5390,353
5391,282
5392,226
5393,180
5394,144
5395,255
5396,398
5397,513
5398,609
5399,685
5400,748
5401,798
5402,840
5403,791
5404,637
5405,510
5406,408
5407,326
5408,260
5409,208
5410,166
5411,128
5412,310
5413,443
5414,549
5415,638
5416,709
5417,767
5418,814
5419,853
5420,732
5421,589
5422,472
5423,377
5424,302
5425,240
5426,192
5427,153
5428,211
5429,361
5430,484
5431,583
5432,666
5433,731
5434,786
5435,829
5436,864
5437,677
5438,542
5439,435
5440,347
5441,278
5442,221
5443,177
5444,141
5445,269
5446,407
5447,521
5448,615
5449,691
5450,752
5451,802
5452,843
5453,777
5454,626
5455,500
5456,402
5457,320
5458,256
5459,204
5460,164
5461,160
5462,323
5463,451
5464,557
5465,644
5466,714
5467,771
5468,818
5469,855
5470,719
5471,577
5472,463
5473,369
5474,296
5475,236
5476,188
5477,151
5478,225
5479,371
5480,493
5481,590
5482,671
5483,736
5484,790
5485,832
5486,828
5487,664
5488,534
5489,426
5490,342
5491,272
5492,218
5493,174
5494,140
5495,280
5496,419
5497,530
5498,622
5499,696
5500,757
5501,805
5502,846
5503,763
5504,613
5505,492
5506,393
5507,314
5508,251
5509,200
5510,160
5511,176
5512,333
5513,462
5514,565
5515,651
5516,719
5517,776
5518,821
5519,858
5520,707
5521,567
5522,455
5523,363
5524,290
5525,232
5526,185
5527,148
5528,236
5529,381
5530,501
5531,597
5532,677
5533,740
5534,793
5535,835
5536,813
5537,652
5538,524
5539,419
5540,336
5541,267
5542,214
5543,170
5544,137
5545,292
5546,428
5547,539
5548,628
5549,702
5550,761
5551,810
5552,849
5553,750
5554,604
5555,484
5556,387
5557,309
5558,247
5559,197
5560,158
5561,189
5562,346
5563,470
5564,573
5565,656
5566,725
5567,779
5568,824
5569,861
5570,695
5571,557
5572,447
5573,356
5574,285
5575,227
5576,182
5577,145
5578,251
5579,392
5580,510
5581,604
5582,683
5583,745
5584,797
5585,838
5586,799
5587,641
5588,515
5589,411
5590,328
5591,263
5592,210
5593,167
5594,134
5595,305
5596,437
5597,546
5598,634
5599,707
5600,765
5601,813
5602,851
5603,738
5604,592
5605,476
5606,380
5607,304
5608,242
5609,194
5610,154
5611,204
5612,355
5613,480
5614,580
5615,663
5616,729
5617,784
5618,827
5619,863
5620,683
5621,547
5622,439
5623,350
5624,280
5625,223
5626,178
5627,143
5628,263
5629,402
5630,518
5631,611
5632,688
5633,750
5634,800
5635,841
5636,784
5637,631
5638,505
5639,405
5640,323
5641,258
5642,206
5643,165
5644,128
5645,317
5646,447
5647,554
5648,641
5649,711
5650,769
5651,816
5652,854
5653,725
5654,583
5655,467
5656,374
5657,298
5658,239
5659,190
5660,152
5661,216
5662,367
5663,487
5664,587
5665,668
5666,734
5667,787
5668,831
5669,834
5670,671
5671,537
5672,431
5673,344
5674,275
5675,219
5676,175
5677,140
5678,274
5679,413
5680,526
5681,619
5682,693
5683,754
5684,804
5685,844
5686,770
5687,620
5688,496
5689,398
5690,318
5691,254
5692,202
5693,162
5694,166
5695,329
5696,456
5697,562
5698,647
5699,717
5700,773
5701,820
5702,857
5703,713
5704,572
5705,459
5706,366
5707,293
5708,234
5709,187
5710,149
5711,231
5712,377
5713,497
5714,594
5715,674
5716,738
5717,791
5718,834
5719,820
5720,660
5721,529
5722,423
5723,338
5724,270
5725,216
5726,172
5727,138
5728,286
5729,423
5730,533
5731,625
5732,698
5733,759
5734,807
5735,847
5736,757
5737,610
5738,488
5739,391
5740,312
5741,250
5742,199
5743,159
5744,182
5745,340
5746,465
5747,569
5748,654
5749,722
5750,777
5751,823
5752,859
5753,701
5754,562
5755,451
5756,360
5757,288
5758,230
5759,184
5760,147
5761,243
5762,388
5763,506
5764,602
5765,680
5766,743
5767,795
5768,837
5769,804
5770,648
5771,519
5772,416
5773,332
5774,266
5775,212
5776,169
5777,135
5778,300
5779,432
5780,542
5781,631
5782,704
5783,763
5784,811
5785,850
5786,745
5787,598
5788,480
5789,383
5790,307
5791,245
5792,196
5793,156
5794,197
5795,349
5796,475
5797,575
5798,659
5799,726
5800,781
5801,826
5802,862
5803,686
5804,553
5805,443
5806,354
5807,283
5808,226
5809,180
5810,144
5811,256
5812,399
5813,513
5814,608
5815,685
5816,748
5817,798
5818,840
5819,790
5820,637
5821,510
5822,408
5823,326
5824,261
5825,208
5826,166
5827,129
5828,311
5829,443
5830,550
5831,638
5832,709
5833,767
5834,815
5835,853
5836,731
5837,589
5838,471
5839,377
5840,301
5841,241
5842,192
5843,154
5844,210
5845,362
5846,485
5847,583
5848,665
5849,731
5850,785
5851,829
5852,865
5853,677
5854,543
5855,435
5856,347
5857,278
5858,222
5859,177
5860,142
5861,269
5862,407
5863,522
5864,614
5865,691
5866,752
5867,803
5868,842
5869,778
5870,624
5871,501
5872,400
5873,321
5874,256
5875,205
5876,163
5877,160
5878,322
5879,453
5880,557
5881,644
5882,714
5883,772
5884,817
5885,855
5886,718
5887,578
5888,462
5889,370
5890,295
5891,236
5892,188
5893,151
5894,223
5895,372
5896,492
5897,591
5898,671
5899,736
5900,789
5901,832
5902,826
5903,664
5904,534
5905,427
5906,342
5907,272
5908,218
5909,174
5910,140
5911,281
5912,419
5913,530
5914,622
5915,696
5916,757
5917,806
5918,846
5919,763
5920,615
5921,492
5922,394
5923,315
5924,252
5925,201
5926,160
5927,173
5928,334
5929,460
5930,565
5931,651
5932,719
5933,775
5934,821
5935,858
5936,707
5937,567
5938,455
5939,363
5940,291
5941,232
5942,185
5943,148
5944,237
5945,381
5946,501
5947,597
5948,676
5949,740
5950,793
5951,835
5952,813
5953,652
5954,524
5955,419
5956,335
5957,268
5958,214
5959,170
5960,137
5961,293
5962,429
5963,538
5964,628
5965,701
5966,761
5967,809
5968,849
5969,750
5970,604
5971,483
5972,387
5973,309
5974,246
5975,197
5976,157
5977,189
5978,344
5979,470
5980,573
5981,656
5982,724
5983,780
5984,824
5985,861
5986,695
5987,557
5988,447
5989,357
5990,285
5991,228
5992,182
5993,145
5994,250
5995,392
5996,509
5997,605
5998,683
5999,745
6000,796
6001,838
6002,799
6003,641
6004,515
6005,411
6006,329
6007,263
6008,210
6009,168
6010,134
6011,305
6012,437
6013,547
6014,634
6015,707
6016,766
6017,812
6018,851
6019,737
6020,592
6021,475
6022,380
6023,304
6024,242
6025,194
6026,154
6027,204
6028,355
6029,480
6030,580
6031,663
6032,729
6033,784
6034,827
6035,864
6036,683
6037,547
6038,439
6039,350
6040,280
6041,223
6042,179
6043,143
6044,263
6045,402
6046,518
6047,611
6048,688
6049,750
6050,800
6051,841
6052,785
6053,630
6054,506
6055,404
6056,324
6057,258
6058,207
6059,164
6060,128
6061,317
6062,447
6063,554
6064,641
6065,711
6066,769
6067,816
6068,854
6069,724
6070,583
6071,466
6072,373
6073,298
6074,238
6075,190
6076,152
6077,217
6078,366
6079,488
6080,587
6081,669
6082,734
6083,788
6084,831
6085,836
6086,670
6087,538
6088,431
6089,344
6090,275
6091,220
6092,175
6093,140
6094,274
6095,414
6096,526
6097,618
6098,693
6099,755
6100,804
6101,844
6102,771
6103,620
6104,497
6105,398
6106,318
6107,254
6108,202
6109,162
6110,166
6111,329
6112,456
6113,562
6114,647
6115,717
6116,773
6117,819
6118,857
6119,713
6120,572
6121,459
6122,366
6123,293
6124,234
6125,187
6126,149
6127,230
6128,377
6129,497
6130,593
6131,674
6132,738
6133,791
6134,834
6135,820
6136,658
6137,529
6138,423
6139,338
6140,270
6141,216
6142,172
6143,138
6144,289
6145,423
6146,534
6147,625
6148,698
6149,759
6150,808
6151,847
6152,758
6153,608
6154,488
6155,390
6156,312
6157,249
6158,199
6159,159
6160,182
6161,341
6162,465
6163,570
6164,653
6165,722
6166,777
6167,823
6168,859
6169,701
6170,562
6171,451
6172,360
6173,288
6174,230
6175,184
6176,146
6177,244
6178,387
6179,506
6180,601
6181,680
6182,743
6183,795
6184,837
6185,806
6186,647
6187,518
6188,415
6189,332
6190,265
6191,211
6192,169
6193,136
6194,298
6195,433
6196,541
6197,631
6198,703
6199,763
6200,811
6201,850
6202,744
6203,597
6204,480
6205,383
6206,307
6207,244
6208,196
6209,156
6210,197
6211,350
6212,475
6213,576
6214,660
6215,727
6216,782
6217,826
6218,862
6219,689
6220,552
6221,443
6222,353
6223,283
6224,226
6225,180
6226,144
6227,257
6228,397
6229,514
6230,609
6231,686
6232,748
6233,799
6234,840
6235,792
6236,636
6237,510
6238,408
6239,327
6240,260
6241,208
6242,166
6243,129
6244,311
6245,442
6246,550
6247,638
6248,709
6249,767
6250,815
6251,853
6252,732
6253,587
6254,471
6255,376
6256,302
6257,240
6258,192
6259,153
6260,210
6261,360
6262,483
6263,583
6264,665
6265,731
6266,785
6267,829
6268,864
6269,677
6270,542
6271,435
6272,347
6273,277
6274,222
6275,177
6276,141
6277,268
6278,408
6279,521
6280,615
6281,690
6282,752
6283,802
6284,843
6285,776
6286,626
6287,500
6288,401
6289,320
6290,256
6291,204
6292,164
6293,159
6294,323
6295,452
6296,558
6297,644
6298,714
6299,771
6300,818
6301,856
6302,719
6303,577
6304,463
6305,369
6306,296
6307,236
6308,189
6309,150
6310,225
6311,372
6312,493
6313,590
6314,671
6315,737
6316,789
6317,832
6318,828
6319,665
6320,534
6321,427
6322,341
6323,273
6324,218
6325,174
6326,139
6327,280
6328,418
6329,529
6330,622
6331,695
6332,756
6333,805
6334,846
6335,763
6336,615
6337,492
6338,394
6339,314
6340,252
6341,200
6342,161
6343,174
6344,334
6345,461
6346,566
6347,650
6348,719
6349,775
6350,821
6351,858
6352,707
6353,567
6354,455
6355,363
6356,291
6357,232
6358,184
6359,148
6360,237
6361,382
6362,501
6363,597
6364,677
6365,740
6366,793
6367,835
6368,813
6369,653
6370,525
6371,419
6372,335
6373,267
6374,214
6375,170
6376,137
6377,293
6378,429
6379,538
6380,628
6381,701
6382,761
6383,810
6384,848
6385,750
6386,604
6387,483
6388,387
6389,309
6390,247
6391,197
6392,158
6393,188
6394,345
6395,469
6396,573
6397,656
6398,724
6399,779
6400,824
6401,861
6402,695
6403,557
6404,446
6405,357
6406,285
6407,227
6408,182
6409,145
6410,249
6411,392
6412,510
6413,604
6414,683
6415,745
6416,797
6417,838
6418,799
6419,641
6420,515
6421,411
6422,329
6423,263
6424,211
6425,168
6426,134
6427,306
6428,437
6429,546
6430,635
6431,706
6432,765
6433,812
6434,851
6435,738
6436,592
6437,476
6438,380
6439,304
6440,242
6441,194
6442,155
6443,204
6444,356
6445,480
6446,580
6447,662
6448,729
6449,783
6450,828
6451,863
6452,681
6453,548
6454,438
6455,351
6456,280
6457,224
6458,178
6459,143
6460,262
6461,403
6462,518
6463,612
6464,688
6465,750
6466,800
6467,841
6468,785
6469,631
6470,506
6471,404
6472,324
6473,258
6474,206
6475,165
6476,128
6477,318
6478,447
6479,555
6480,641
6481,711
6482,769
6483,816
6484,854
6485,725
6486,583
6487,467
6488,373
6489,298
6490,238
6491,190
6492,152
6493,217
6494,367
6495,488
6496,588
6497,668
6498,734
6499,787
6500,831
6501,834
6502,671
6503,538
6504,431
6505,344
6506,275
6507,219
6508,176
6509,140
6510,276
6511,413
6512,526
6513,618
6514,694
6515,754
6516,804
6517,844
6518,771
6519,619
6520,497
6521,397
6522,318
6523,253
6524,203
6525,162
6526,167
6527,327
6528,457
6529,561
6530,647
6531,717
6532,773
6533,819
6534,857
6535,712
6536,573
6537,458
6538,367
6539,293
6540,234
6541,187
6542,149
6543,230
6544,378
6545,496
6546,595
6547,674
6548,738
6549,791
6550,834
6551,819
6552,659
6553,528
6554,423
6555,338
6556,271
6557,215
6558,172
6559,138
6560,288
6561,423
6562,534
6563,625
6564,698
6565,759
6566,807
6567,848
6568,756
6569,609
6570,488
6571,389
6572,313
6573,249
6574,199
6575,159
6576,184
6577,339
6578,466
6579,568
6580,654
6581,721
6582,777
6583,822
6584,860
6585,700
6586,562
6587,451
6588,360
6589,288
6590,230
6591,184
6592,147
6593,242
6594,388
6595,504
6596,601
6597,679
6598,743
6599,794
6600,837
6601,804
6602,648
6603,519
6604,416
6605,332
6606,265
6607,212
6608,169
6609,136
6610,299
6611,433
6612,542
6613,632
6614,705
6615,763
6616,811
6617,850
6618,745
6619,599
6620,479
6621,384
6622,306
6623,245
6624,195
6625,156
6626,196
6627,351
6628,474
6629,577
6630,659
6631,727
6632,781
6633,826
6634,862
6635,688
6636,553
6637,443
6638,354
6639,283
6640,226
6641,180
6642,144
6643,256
6644,399
6645,513
6646,609
6647,685
6648,748
6649,798
6650,840
6651,790
6652,637
6653,510
6654,408
6655,326
6656,260
6657,208
6658,166
6659,129
6660,311
6661,443
6662,550
6663,637
6664,709
6665,767
6666,814
6667,852
6668,732
6669,587
6670,471
6671,376
6672,301
6673,240
6674,192
6675,153
6676,211
6677,361
6678,485
6679,583
6680,665
6681,731
6682,786
6683,829
6684,864
6685,677
6686,542
6687,435
6688,347
6689,278
6690,222
6691,177
6692,141
6693,269
6694,408
6695,522
6696,615
6697,691
6698,752
6699,802
6700,843
6701,778
6702,626
6703,502
6704,401
6705,320
6706,256
6707,204
6708,163
6709,158
6710,323
6711,452
6712,558
6713,644
6714,715
6715,771
6716,818
6717,855
6718,719
6719,577
6720,463
6721,370
6722,296
6723,236
6724,189
6725,151
6726,223
6727,372
6728,491
6729,591
6730,670
6731,736
6732,789
6733,832
6734,826
6735,665
6736,533
6737,427
6738,341
6739,273
6740,218
6741,174
6742,139
6743,282
6744,419
6745,530
6746,622
6747,696
6748,756
6749,806
6750,846
6751,764
6752,614
6753,493
6754,393
6755,315
6756,251
6757,201
6758,160
6759,176
6760,333
6761,462
6762,565
6763,651
6764,720
6765,775
6766,821
6767,858
6768,706
6769,568
6770,454
6771,364
6772,290
6773,232
6774,185
6775,148
6776,237
6777,383
6778,501
6779,598
6780,677
6781,741
6782,793
6783,835
6784,812
6785,653
6786,524
6787,419
6788,335
6789,268
6790,214
6791,171
6792,137
6793,293
6794,427
6795,539
6796,627
6797,702
6798,760
6799,809
6800,848
6801,751
6802,603
6803,484
6804,386
6805,310
6806,247
6807,197
6808,158
6809,190
6810,344
6811,471
6812,572
6813,657
6814,724
6815,779
6816,824
6817,861
6818,693
6819,558
6820,446
6821,357
6822,285
6823,228
6824,182
6825,146
6826,249
6827,393
6828,510
6829,605
6830,683
6831,746
6832,797
6833,838
6834,799
6835,641
6836,515
6837,411
6838,330
6839,263
6840,210
6841,168
6842,134
6843,306
6844,437
6845,546
6846,635
6847,707
6848,765
6849,813
6850,851
6851,739
6852,592
6853,476
6854,380
6855,304
6856,242
6857,194
6858,155
6859,204
6860,355
6861,479
6862,579
6863,662
6864,729
6865,784
6866,827
6867,863
6868,683
6869,547
6870,437
6871,350
6872,280
6873,224
6874,179
6875,143
6876,263
6877,403
6878,518
6879,611
6880,688
6881,750
6882,801
6883,841
6884,785
6885,630
6886,506
6887,405
6888,324
6889,258
6890,207
6891,164
6892,128
6893,317
6894,447
6895,554
6896,641
6897,712
6898,769
6899,816
6900,854
6901,726
6902,582
6903,467
6904,373
6905,299
6906,238
6907,190
6908,152
6909,218
6910,366
6911,488
6912,588
6913,668
6914,734
6915,787
6916,831
6917,834
6918,670
6919,538
6920,430
6921,345
6922,275
6923,220
6924,175
6925,141
6926,274
6927,413
6928,525
6929,618
6930,693
6931,754
6932,804
6933,844
6934,770
6935,620
6936,496
6937,398
6938,317
6939,254
6940,203
6941,162
6942,166
6943,329
6944,456
6945,562
6946,647
6947,717
6948,773
6949,819
6950,857
6951,713
6952,572
6953,460
6954,367
6955,292
6956,234
6957,187
6958,149
6959,230
6960,377
6961,497
6962,594
6963,674
6964,738
6965,792
6966,833
6967,820
6968,659
6969,529
6970,423
6971,339
6972,270
6973,216
6974,172
6975,138
6976,287
6977,424
6978,534
6979,625
6980,699
6981,759
6982,807
6983,847
6984,757
6985,610
6986,488
6987,391
6988,312
6989,249
6990,199
6991,159
6992,181
6993,339
6994,465
6995,569
6996,653
6997,722
6998,778
6999,823
7000,859
7001,701
7002,563
7003,452
7004,360
7005,288
7006,230
7007,184
7008,147
7009,244
7010,387
7011,506
7012,601
7013,680
7014,743
7015,795
7016,837
7017,806
7018,647
7019,520
7020,415
7021,333
7022,265
7023,212
7024,170
7025,136
7026,299
7027,434
7028,542
7029,632
7030,704
7031,763
7032,811
7033,850
7034,745
7035,598
7036,480
7037,383
7038,307
7039,245
7040,195
7041,157
7042,198
7043,351
7044,475
7045,577
7046,660
7047,726
7048,782
7049,825
7050,862
7051,689
7052,552
7053,443
7054,354
7055,283
7056,226
7057,180
7058,144
7059,256
7060,398
7061,513
7062,608
7063,685
7064,748
7065,798
7066,840
7067,790
7068,637
7069,510
7070,408
7071,326
7072,261
7073,208
7074,167
7075,129
7076,310
7077,443
7078,550
7079,638
7080,709
7081,767
7082,815
7083,853
7084,733
7085,589
7086,472
7087,378
7088,302
7089,240
7090,192
7091,153
7092,211
7093,361
7094,484
7095,583
7096,666
7097,731
7098,786
7099,829
7100,864
7101,677
7102,543
7103,435
7104,348
7105,278
7106,222
7107,177
7108,142
7109,270
7110,407
7111,522
7112,615
7113,691
7114,752
7115,802
7116,842
7117,778
7118,625
7119,502
7120,401
7121,321
7122,256
7123,205
7124,163
7125,160
7126,324
7127,452
7128,558
7129,644
7130,714
7131,771
7132,817
7133,855
7134,718
7135,578
7136,462
7137,370
7138,295
7139,236
7140,188
7141,151
7142,223
7143,372
7144,492
7145,591
7146,671
7147,736
7148,789
7149,832
7150,826
7151,665
7152,533
7153,428
7154,341
7155,273
7156,218
7157,175
7158,139
7159,282
7160,418
7161,531
7162,621
7163,696
7164,756
7165,806
7166,846
7167,765
7168,614
7169,492
7170,394
7171,315
7172,251
7173,201
7174,160
7175,176
7176,333
7177,462
7178,565
7179,651
7180,719
7181,776
7182,821
7183,859
7184,707
7185,567
7186,456
7187,364
7188,291
7189,232
7190,185
7191,148
7192,238
7193,382
7194,501
7195,598
7196,677
7197,740
7198,793
7199,835
7200,813
7201,654
7202,524
7203,420
7204,335
7205,268
7206,214
7207,171
7208,137
7209,294
7210,428
7211,539
7212,629
7213,701
7214,761
7215,809
7216,849
7217,750
7218,604
7219,484
7220,387
7221,309
7222,247
7223,197
7224,157
7225,189
7226,345
7227,470
7228,573
7229,656
7230,724
7231,780
7232,824
7233,860
7234,695
7235,557
7236,447
7237,357
7238,286
7239,228
7240,182
7241,145
7242,251
7243,392
7244,510
7245,605
7246,683
7247,745
7248,797
7249,838
7250,799
7251,641
7252,515
7253,412
7254,328
7255,263
7256,210
7257,168
7258,134
7259,304
7260,438
7261,545
7262,635
7263,706
7264,765
7265,812
7266,851
7267,737
7268,594
7269,475
7270,380
7271,303
7272,243
7273,194
7274,155
7275,203
7276,356
7277,479
7278,580
7279,662
7280,729
7281,783
7282,827
7283,863
7284,682
7285,548
7286,438
7287,351
7288,280
7289,224
7290,179
7291,143
7292,262
7293,404
7294,517
7295,612
7296,689
7297,750
7298,800
7299,841
7300,783
7301,630
7302,505
7303,405
7304,323
7305,259
7306,206
7307,165
7308,128
7309,317
7310,448
7311,554
7312,641
7313,712
7314,769
7315,816
7316,854
7317,725
7318,584
7319,467
7320,374
7321,298
7322,239
7323,190
7324,152
7325,216
7326,367
7327,487
7328,587
7329,668
7330,734
7331,787
7332,831
7333,834
7334,671
7335,538
7336,431
7337,344
7338,275
7339,220
7340,176
7341,141
7342,274
7343,413
7344,526
7345,619
7346,693
7347,755
7348,804
7349,844
7350,770
7351,620
7352,496
7353,398
7354,318
7355,254
7356,202
7357,162
7358,166
7359,329
7360,456
7361,562
7362,647
7363,717
7364,773
7365,819
7366,857
7367,713
7368,572
7369,459
7370,366
7371,293
7372,234
7373,187
7374,149
7375,231
7376,377
7377,497
7378,594
7379,674
7380,739
7381,791
7382,834
7383,820
7384,660
7385,530
7386,423
7387,339
7388,270
7389,216
7390,172
7391,138
7392,286
7393,423
7394,534
7395,625
7396,698
7397,759
7398,807
7399,847
7400,758
7401,611
7402,488
7403,391
7404,312
7405,250
7406,199
7407,159
7408,182
7409,340
7410,466
7411,570
7412,653
7413,722
7414,777
7415,823
7416,859
7417,701
7418,562
7419,451
7420,360
7421,288
7422,230
7423,184
7424,147
7425,243
7426,387
7427,505
7428,601
7429,680
7430,743
7431,795
7432,837
7433,804
7434,648
7435,519
7436,416
7437,332
7438,266
7439,212
7440,170
7441,135
7442,300
7443,432
7444,542
7445,631
7446,704
7447,763
7448,811
7449,850
7450,745
7451,598
7452,480
7453,383
7454,307
7455,244
7456,196
7457,156
7458,197
7459,349
7460,475
7461,576
7462,659
7463,726
7464,781
7465,825
7466,862
7467,686
7468,552
7469,443
7470,353
7471,282
7472,225
7473,180
7474,144
7475,257
7476,398
7477,514
7478,608
7479,686
7480,747
7481,799
7482,840
7483,790
7484,637
7485,510
7486,408
7487,326
7488,261
7489,208
7490,166
7491,129
7492,310
7493,443
7494,550
7495,638
7496,709
7497,767
7498,814
7499,853
7500,731
7501,589
7502,471
7503,377
7504,301
7505,241
7506,192
7507,154
7508,210
7509,362
7510,485
7511,584
7512,666
7513,732
7514,786
7515,829
7516,864
7517,676
7518,543
7519,434
7520,348
7521,277
7522,222
7523,177
7524,142
7525,268
7526,408
7527,521
7528,615
7529,690
7530,752
7531,802
7532,843
7533,777
7534,626
7535,501
7536,401
7537,320
7538,256
7539,204
7540,163
7541,159
7542,323
7543,452
7544,558
7545,644
7546,714
7547,771
7548,818
7549,856
7550,719
7551,577
7552,462
7553,369
7554,295
7555,236
7556,189
7557,151
7558,223
7559,372
7560,492
7561,591
7562,671
7563,736
7564,789
7565,832
7566,827
7567,664
7568,534
7569,427
7570,341
7571,273
7572,218
7573,174
7574,139
7575,281
7576,419
7577,530
7578,622
7579,696
7580,757
7581,805
7582,846
7583,763
7584,615
7585,492
7586,394
7587,315
7588,252
7589,201
7590,160
7591,174
7592,334
7593,460
7594,565
7595,651
7596,719
7597,775
7598,821
7599,858
7600,707
7601,567
7602,455
7603,363
7604,290
7605,232
7606,185
7607,147
7608,237
7609,381
7610,500
7611,597
7612,677
7613,740
7614,793
7615,834
7616,813
7617,652
7618,524
7619,419
7620,335
7621,267
7622,214
7623,171
7624,137
7625,292
7626,428
7627,538
7628,628
7629,701
7630,761
7631,809
7632,848
7633,750
7634,604
7635,483
7636,387
7637,309
7638,246
7639,197
7640,157
7641,189
7642,344
7643,470
7644,573
7645,656
7646,725
7647,779
7648,825
7649,861
7650,695
7651,557
7652,447
7653,357
7654,285
7655,228
7656,182
7657,145
7658,250
7659,392
7660,509
7661,604
7662,682
7663,745
7664,796
7665,838
7666,799
7667,641
7668,515
7669,411
7670,329
7671,263
7672,210
7673,168
7674,134
7675,306
7676,437
7677,546
7678,634
7679,707
7680,765
7681,813
7682,851
7683,738
7684,593
7685,475
7686,380
7687,304
7688,242
7689,194
7690,154
7691,204
7692,356
7693,480
7694,580
7695,663
7696,729
7697,783
7698,828
7699,863
7700,683
7701,547
7702,439
7703,350
7704,280
7705,223
7706,179
7707,143
7708,263
7709,402
7710,518
7711,611
7712,688
7713,749
7714,800
7715,841
7716,785
7717,630
7718,506
7719,404
7720,324
7721,258
7722,206
7723,164
7724,128
7725,317
7726,448
7727,554
7728,641
7729,711
7730,769
7731,816
7732,854
7733,724
7734,583
7735,467
7736,373
7737,298
7738,238
7739,190
7740,151
7741,218
7742,366
7743,488
7744,587
7745,668
7746,733
7747,787
7748,830
7749,836
7750,670
7751,538
7752,430
7753,344
7754,275
7755,220
7756,175
7757,140
7758,274
7759,414
7760,526
7761,619
7762,693
7763,754
7764,803
7765,844
7766,771
7767,620
7768,497
7769,398
7770,318
7771,254
7772,202
7773,163
7774,167
7775,329
7776,456
7777,562
7778,647
7779,717
7780,774
7781,819
7782,857
7783,713
7784,572
7785,459
7786,366
7787,293
7788,233
7789,187
7790,150
7791,231
7792,376
7793,497
7794,593
7795,674
7796,738
7797,791
7798,833
7799,820
7800,658
7801,529
7802,423
7803,338
7804,270
7805,215
7806,172
7807,138
7808,288
7809,424
7810,535
7811,625
7812,699
7813,759
7814,808
7815,847
7816,758
7817,609
7818,488
7819,390
7820,312
7821,249
7822,199
7823,159
7824,182
7825,340
7826,465
7827,569
7828,653
7829,722
7830,777
7831,823
7832,859
7833,701
7834,562
7835,451
7836,360
7837,288
7838,230
7839,184
7840,147
7841,244
7842,387
7843,506
7844,601
7845,680
7846,743
7847,795
7848,837
7849,806
7850,647
7851,518
7852,415
7853,332
7854,266
7855,212
7856,169
7857,136
7858,299
7859,433
7860,541
7861,631
7862,703
7863,763
7864,811
7865,850
7866,745
7867,597
7868,480
7869,383
7870,307
7871,244
7872,196
7873,156
7874,198
7875,350
7876,476
7877,576
7878,660
7879,726
7880,782
7881,826
7882,862
7883,689
7884,552
7885,443
7886,353
7887,283
7888,225
7889,180
7890,144
7891,257
7892,397
7893,514
7894,609
7895,685
7896,748
7897,799
7898,840
7899,792
7900,636
7901,510
7902,408
7903,327
7904,260
7905,208
7906,166
7907,129
7908,311
7909,443
7910,549
7911,638
7912,709
7913,767
7914,814
7915,853
7916,733
7917,588
7918,472
7919,377
7920,301
7921,240
7922,192
7923,153
7924,211
7925,360
7926,484
7927,583
7928,665
7929,731
7930,785
7931,829
7932,864
7933,677
7934,542
7935,435
7936,347
7937,277
7938,221
7939,177
7940,141
7941,268
7942,408
7943,521
7944,615
7945,690
7946,752
7947,802
7948,843
7949,776
7950,625
7951,500
7952,401
7953,321
7954,256
7955,204
7956,163
7957,160
7958,322
7959,453
7960,557
7961,644
7962,714
7963,771
7964,817
7965,855
7966,718
7967,578
7968,462
7969,370
7970,295
7971,236
7972,188
7973,151
7974,223
7975,372
7976,492
7977,591
7978,671
7979,736
7980,789
7981,832
7982,828
7983,665
7984,534
7985,426
7986,341
7987,272
7988,218
7989,174
7990,139
7991,280
7992,418
7993,529
7994,622
7995,695
7996,756
7997,805
7998,846
7999,764
8000,613
8001,493
8002,394
8003,314
8004,251
8005,201
8006,161
8007,175
8008,334
8009,461
8010,566
8011,650
8012,719
8013,775
8014,821
8015,858
8016,707
8017,567
8018,455
8019,363
8020,290
8021,231
8022,185
8023,148
8024,238
8025,383
8026,501
8027,599
8028,676
8029,741
8030,793
8031,835
8032,812
8033,654
8034,524
8035,419
8036,335
8037,268
8038,214
8039,171
8040,137
8041,294
8042,428
8043,538
8044,628
8045,701
8046,760
8047,809
8048,848
8049,751
8050,603
8051,484
8052,386
8053,309
8054,247
8055,197
8056,157
8057,190
8058,344
8059,470
8060,572
8061,656
8062,723
8063,779
8064,825
8065,860
8066,693
8067,557
8068,446
8069,356
8070,285
8071,228
8072,182
8073,145
8074,249
8075,393
8076,509
8077,605
8078,682
8079,745
8080,796
8081,838
8082,797
8083,643
8084,514
8085,412
8086,329
8087,263
8088,210
8089,168
8090,134
8091,304
8092,438
8093,546
8094,635
8095,707
8096,765
8097,813
8098,851
8099,737
8100,593
8101,474
8102,380
8103,303
8104,243
8105,194
8106,155
8107,205
8108,356
8109,480
8110,581
8111,663
8112,729
8113,783
8114,828
8115,863
8116,681
8117,548
8118,438
8119,351
8120,280
8121,224
8122,178
8123,143
8124,261
8125,403
8126,517
8127,612
8128,687
8129,750
8130,800
8131,841
8132,783
8133,631
8134,505
8135,404
8136,323
8137,258
8138,206
8139,165
8140,128
8141,316
8142,448
8143,553
8144,641
8145,711
8146,769
8147,816
8148,854
8149,726
8150,583
8151,467
8152,373
8153,299
8154,238
8155,190
8156,152
8157,219
8158,366
8159,488
8160,587
8161,669
8162,734
8163,787
8164,831
8165,836
8166,670
8167,538
8168,430
8169,345
8170,275
8171,220
8172,175
8173,140
8174,274
8175,413
8176,526
8177,619
8178,693
8179,754
8180,804
8181,844
8182,770
8183,620
8184,496
8185,397
8186,318
8187,254
8188,203
8189,162
8190,166
8191,328
8192,458
8193,561
8194,647
8195,717
8196,773
8197,819
8198,857
8199,712
8200,573
8201,458
8202,367
8203,293
8204,233
8205,187
8206,149
8207,230
8208,378
8209,496
8210,594
8211,674
8212,738
8213,791
8214,833
8215,820
8216,658
8217,529
8218,422
8219,338
8220,270
8221,216
8222,172
8223,137
8224,287
8225,422
8226,534
8227,625
8228,698
8229,759
8230,807
8231,847
8232,756
8233,609
8234,487
8235,389
8236,313
8237,249
8238,200
8239,159
8240,183
8241,339
8242,466
8243,570
8244,653
8245,722
8246,777
8247,823
8248,859
8249,701
8250,562
8251,451
8252,359
8253,288
8254,229
8255,184
8256,147
8257,243
8258,387
8259,505
8260,601
8261,680
8262,742
8263,795
8264,836
8265,805
8266,648
8267,519
8268,415
8269,332
8270,265
8271,212
8272,169
8273,135
8274,298
8275,433
8276,542
8277,632
8278,704
8279,763
8280,811
8281,849
8282,743
8283,597
8284,480
8285,383
8286,306
8287,244
8288,195
8289,156
8290,197
8291,350
8292,475
8293,576
8294,659
8295,726
8296,781
8297,825
8298,862
8299,688
8300,552
8301,443
8302,353
8303,283
8304,225
8305,180
8306,144
8307,257
8308,397
8309,514
8310,608
8311,685
8312,747
8313,799
8314,840
8315,792
8316,635
8317,510
8318,408
8319,327
8320,260
8321,208
8322,166
8323,129
8324,311
8325,442
8326,550
8327,637
8328,709
8329,767
8330,814
8331,852
8332,732
8333,587
8334,471
8335,376
8336,301
8337,240
8338,192
8339,153
8340,212
8341,361
8342,484
8343,583
8344,666
8345,731
8346,786
8347,829
8348,864
8349,677
8350,543
8351,435
8352,347
8353,278
8354,221
8355,177
8356,141
8357,269
8358,407
8359,522
8360,614
8361,691
8362,752
8363,802
8364,843
8365,777
8366,625
8367,501
8368,401
8369,321
8370,255
8371,204
8372,163
8373,160
8374,322
8375,452
8376,557
8377,644
8378,714
8379,771
8380,817
8381,855
8382,718
8383,578
8384,462
8385,370
8386,295
8387,236
8388,188
8389,151
8390,223
8391,372
8392,491
8393,591
8394,671
8395,736
8396,789
8397,832
8398,826
8399,665
8400,532
8401,427
8402,341
8403,273
8404,217
8405,174
8406,139
8407,281
8408,418
8409,530
8410,622
8411,696
8412,756
8413,806
8414,845
8415,764
8416,614
8417,492
8418,393
8419,315
8420,252
8421,201
8422,161
8423,176
8424,333
8425,462
8426,564
8427,651
8428,719
8429,776
8430,821
8431,858
8432,706
8433,568
8434,454
8435,363
8436,290
8437,232
8438,185
8439,148
8440,236
8441,383
8442,500
8443,598
8444,676
8445,741
8446,792
8447,835
8448,812
8449,652
8450,523
8451,418
8452,335
8453,267
8454,213
8455,171
8456,137
8457,293
8458,427
8459,538
8460,627
8461,701
8462,760
8463,809
8464,848
8465,751
8466,602
8467,484
8468,386
8469,309
8470,246
8471,198
8472,157
8473,190
8474,345
8475,471
8476,573
8477,657
8478,724
8479,779
8480,824
8481,861
8482,695
8483,556
8484,447
8485,356
8486,285
8487,227
8488,182
8489,145
8490,249
8491,393
8492,510
8493,606
8494,683
8495,745
8496,797
8497,838
8498,798
8499,641
8500,515
8501,412
8502,329
8503,263
8504,210
8505,167
8506,134
8507,306
8508,437
8509,546
8510,634
8511,707
8512,765
8513,813
8514,851
8515,738
8516,592
8517,475
8518,379
8519,304
8520,242
8521,194
8522,154
8523,204
8524,354
8525,479
8526,579
8527,662
8528,728
8529,783
8530,827
8531,863
8532,682
8533,547
8534,438
8535,350
8536,279
8537,223
8538,179
8539,143
8540,263
8541,402
8542,518
8543,611
8544,688
8545,749
8546,800
8547,841
8548,785
8549,630
8550,506
8551,404
8552,324
8553,258
8554,207
8555,164
8556,128
8557,317
8558,447
8559,554
8560,641
8561,712
8562,769
8563,816
8564,854
8565,725
8566,581
8567,467
8568,373
8569,298
8570,238
8571,190
8572,152
8573,218
8574,366
8575,489
8576,588
8577,668
8578,733
8579,787
8580,830
8581,834
8582,670
8583,538
8584,430
8585,344
8586,274
8587,219
8588,175
8589,141
8590,274
8591,413
8592,525
8593,618
8594,693
8595,754
8596,803
8597,844
8598,769
8599,620
8600,496
8601,397
8602,317
8603,254
8604,202
8605,162
8606,166
8607,329
8608,456
8609,562
8610,647
8611,717
8612,773
8613,819
8614,856
8615,713
8616,572
8617,459
8618,366
8619,292
8620,234
8621,186
8622,149
8623,230
8624,377
8625,497
8626,594
8627,674
8628,738
8629,791
8630,833
8631,820
8632,658
8633,528
8634,422
8635,338
8636,270
8637,216
8638,172
8639,138
8640,286
8641,423
8642,534
8643,625
8644,698
8645,758
8646,807
8647,847
8648,756
8649,609
8650,487
8651,390
8652,312
8653,249
8654,199
8655,159
8656,181
8657,339
8658,465
8659,569
8660,653
8661,722
8662,778
8663,823
8664,859
8665,700
8666,562
8667,450
8668,359
8669,287
8670,229
8671,184
8672,146
8673,244
8674,387
8675,505
8676,601
8677,680
8678,743
8679,795
8680,836
8681,806
8682,647
8683,519
8684,415
8685,332
8686,265
8687,212
8688,169
8689,136
8690,298
8691,433
8692,541
8693,631
8694,703
8695,763
8696,810
8697,850
8698,743
8699,598
8700,479
8701,383
8702,306
8703,245
8704,195
8705,156
8706,196
8707,350
8708,474
8709,576
8710,660
8711,726
8712,781
8713,825
8714,862
8715,688
8716,552
8717,442
8718,353
8719,282
8720,226
8721,180
8722,144
8723,255
8724,398
8725,513
8726,608
8727,684
8728,747
8729,798
8730,840
8731,790
8732,636
8733,509
8734,408
8735,326
8736,261
8737,208
8738,166
8739,128
8740,310
8741,443
8742,549
8743,638
8744,709
8745,767
8746,814
8747,853
8748,732
8749,588
8750,471
8751,377
8752,301
8753,240
8754,192
8755,153
8756,211
8757,361
8758,484
8759,583
8760,665
8761,731
8762,785
8763,829
8764,864
8765,676
8766,542
8767,435
8768,347
8769,277
8770,221
8771,177
8772,141
8773,269
8774,407
8775,522
8776,614
8777,691
8778,752
8779,802
8780,842
8781,777
8782,624
8783,501
8784,400
8785,321
8786,256
8787,205
8788,163
8789,159
8790,323
8791,452
8792,557
8793,644
8794,714
8795,771
8796,817
8797,855
8798,718
8799,577
8800,462
8801,370
8802,295
8803,236
8804,188
8805,151
8806,223
8807,373
8808,492
8809,591
8810,671
8811,736
8812,789
8813,832
8814,826
8815,665
8816,532
8817,427
8818,340
8819,273
8820,217
8821,174
8822,139
8823,282
8824,417
8825,531
8826,621
8827,696
8828,756
8829,806
8830,845
8831,764
8832,613
8833,492
8834,393
8835,314
8836,251
8837,200
8838,160
8839,176
8840,333
8841,462
8842,565
8843,650
8844,719
8845,775
8846,820
8847,858
8848,705
8849,568
8850,454
8851,364
8852,290
8853,232
8854,185
8855,148
8856,235
8857,382
8858,500
8859,597
8860,676
8861,740
8862,793
8863,835
8864,811
8865,653
8866,523
8867,419
8868,335
8869,268
8870,213
8871,171
8872,136
8873,294
8874,427
8875,539
8876,629
8877,702
8878,761
8879,809
8880,849
8881,750
8882,604
8883,483
8884,387
8885,309
8886,247
8887,197
8888,157
8889,189
8890,345
8891,470
8892,573
8893,656
8894,724
8895,779
8896,824
8897,861
8898,694
8899,557
8900,446
8901,356
8902,285
8903,227
8904,182
8905,145
8906,251
8907,392
8908,510
8909,604
8910,682
8911,745
8912,797
8913,838
8914,799
8915,641
8916,515
8917,411
8918,328
8919,263
8920,210
8921,167
8922,134
8923,305
8924,437
8925,546
8926,634
8927,706
8928,764
8929,812
8930,851
8931,738
8932,592
8933,476
8934,379
8935,304
8936,242
8937,194
8938,155
8939,204
8940,355
8941,480
8942,579
8943,662
8944,728
8945,784
8946,827
8947,863
8948,682
8949,547
8950,438
8951,350
8952,280
8953,224
8954,179
8955,143
8956,262
8957,402
8958,518
8959,611
8960,688
8961,750
8962,800
8963,841
8964,784
8965,630
8966,504
8967,404
8968,323
8969,258
8970,206
8971,165
8972,128
8973,316
8974,447
8975,553
8976,641
8977,711
8978,769
8979,816
8980,854
8981,725
8982,583
8983,466
8984,373
8985,298
8986,238
8987,190
8988,152
8989,216
8990,367
8991,487
8992,587
8993,668
8994,733
8995,787
8996,830
8997,834
8998,670
8999,537
9000,431
9001,344
9002,275
9003,219
9004,175
9005,139
9006,274
9007,413
9008,526
9009,619
9010,693
9011,754
9012,803
9013,844
9014,769
9015,620
9016,496
9017,397
9018,317
9019,254
9020,202
9021,162
9022,166
9023,329
9024,456
9025,562
9026,647
9027,717
9028,773
9029,819
9030,856
9031,713
9032,571
9033,459
9034,366
9035,293
9036,234
9037,187
9038,149
9039,231
9040,377
9041,497
9042,594
9043,674
9044,738
9045,791
9046,835
9047,820
9048,659
9049,528
9050,423
9051,338
9052,270
9053,216
9054,172
9055,138
9056,286
9057,423
9058,533
9059,625
9060,698
9061,758
9062,807
9063,847
9064,757
9065,610
9066,488
9067,391
9068,312
9069,249
9070,199
9071,159
9072,181
9073,340
9074,465
9075,569
9076,653
9077,722
9078,777
9079,823
9080,860
9081,701
9082,562
9083,450
9084,359
9085,288
9086,229
9087,184
9088,146
9089,243
9090,387
9091,505
9092,601
9093,679
9094,743
9095,795
9096,837
9097,804
9098,648
9099,519
9100,415
9101,332
9102,266
9103,212
9104,169
9105,135
9106,299
9107,432
9108,542
9109,631
9110,704
9111,762
9112,811
9113,849
9114,744
9115,597
9116,480
9117,382
9118,306
9119,244
9120,196
9121,156
9122,197
9123,349
9124,475
9125,575
9126,659
9127,726
9128,781
9129,825
9130,862
9131,686
9132,551
9133,442
9134,353
9135,282
9136,225
9137,180
9138,144
9139,257
9140,397
9141,514
9142,608
9143,685
9144,747
9145,799
9146,840
9147,790
9148,637
9149,509
9150,408
9151,326
9152,260
9153,208
9154,166
9155,128
9156,311
9157,443
9158,550
9159,638
9160,709
9161,767
9162,814
9163,853
9164,731
9165,588
9166,471
9167,377
9168,301
9169,240
9170,192
9171,154
9172,210
9173,362
9174,485
9175,584
9176,665
9177,731
9178,785
9179,829
9180,864
9181,675
9182,543
9183,434
9184,347
9185,277
9186,221
9187,176
9188,142
9189,267
9190,408
9191,521
9192,615
9193,690
9194,752
9195,801
9196,843
9197,776
9198,625
9199,500
9200,401
9201,320
9202,256
9203,204
9204,163
9205,158
9206,323
9207,451
9208,558
9209,644
9210,714
9211,771
9212,817
9213,855
9214,720
9215,576
9216,461
9217,370
9218,295
9219,236
9220,189
9221,151
9222,223
9223,372
9224,492
9225,591
9226,671
9227,736
9228,788
9229,832
9230,826
9231,664
9232,533
9233,426
9234,341
9235,272
9236,218
9237,174
9238,139
9239,280
9240,418
9241,530
9242,622
9243,696
9244,756
9245,805
9246,846
9247,763
9248,615
9249,491
9250,394
9251,314
9252,252
9253,200
9254,161
9255,173
9256,333
9257,460
9258,565
9259,651
9260,719
9261,775
9262,821
9263,858
9264,707
9265,566
9266,454
9267,362
9268,290
9269,231
9270,185
9271,148
9272,236
9273,381
9274,500
9275,597
9276,676
9277,740
9278,793
9279,834
9280,812
9281,652
9282,523
9283,418
9284,335
9285,267
9286,214
9287,170
9288,136
9289,292
9290,428
9291,537
9292,628
9293,701
9294,761
9295,809
9296,848
9297,750
9298,603
9299,483
9300,387
9301,308
9302,246
9303,197
9304,157
9305,190
9306,345
9307,471
9308,572
9309,656
9310,724
9311,779
9312,824
9313,860
9314,693
9315,558
9316,446
9317,357
9318,284
9319,228
9320,181
9321,145
9322,248
9323,393
9324,508
9325,604
9326,682
9327,745
9328,796
9329,838
9330,797
9331,642
9332,513
9333,412
9334,329
9335,263
9336,210
9337,168
9338,134
9339,304
9340,439
9341,545
9342,635
9343,706
9344,765
9345,813
9346,851
9347,738
9348,593
9349,475
9350,379
9351,304
9352,242
9353,193
9354,154
9355,204
9356,355
9357,480
9358,579
9359,663
9360,728
9361,783
9362,827
9363,863
9364,682
9365,546
9366,438
9367,350
9368,280
9369,223
9370,179
9371,142
9372,262
9373,402
9374,518
9375,611
9376,688
9377,749
9378,800
9379,840
9380,784
9381,630
9382,505
9383,403
9384,323
9385,258
9386,206
9387,164
9388,128
9389,317
9390,447
9391,553
9392,641
9393,711
9394,769
9395,815
9396,854
9397,724
9398,583
9399,466
9400,373
9401,297
9402,237
9403,190
9404,151
9405,218
9406,366
9407,488
9408,587
9409,668
9410,733
9411,787
9412,830
9413,835
9414,669
9415,538
9416,430
9417,344
9418,274
9419,220
9420,175
9421,140
9422,274
9423,414
9424,525
9425,619
9426,693
9427,754
9428,803
9429,845
9430,771
9431,620
9432,497
9433,397
9434,317
9435,253
9436,202
9437,162
9438,166
9439,329
9440,456
9441,562
9442,647
9443,717
9444,773
9445,819
9446,856
9447,713
9448,571
9449,458
9450,366
9451,293
9452,233
9453,187
9454,149
9455,230
9456,376
9457,496
9458,593
9459,674
9460,738
9461,791
9462,833
9463,820
9464,658
9465,528
9466,422
9467,338
9468,270
9469,215
9470,172
9471,137
9472,289
9473,422
9474,533
9475,624
9476,699
9477,758
9478,807
9479,847
9480,758
9481,608
9482,488
9483,389
9484,312
9485,248
9486,199
9487,159
9488,182
9489,339
9490,465
9491,569
9492,653
9493,722
9494,777
9495,822
9496,859
9497,700
9498,561
9499,450
9500,359
9501,288
9502,230
9503,183
9504,146
9505,244
9506,387
9507,505
9508,601
9509,680
9510,743
9511,795
9512,836
9513,806
9514,646
9515,517
9516,415
9517,332
9518,265
9519,211
9520,168
9521,135
9522,298
9523,433
9524,541
9525,631
9526,703
9527,763
9528,810
9529,849
9530,744
9531,597
9532,479
9533,383
9534,306
9535,244
9536,195
9537,155
9538,197
9539,350
9540,475
9541,575
9542,659
9543,726
9544,781
9545,825
9546,862
9547,688
9548,551
9549,442
9550,353
9551,282
9552,225
9553,180
9554,143
9555,257
9556,398
9557,514
9558,609
9559,686
9560,748
9561,798
9562,840
9563,791
9564,635
9565,510
9566,407
9567,326
9568,260
9569,208
9570,166
9571,129
9572,311
9573,443
9574,549
9575,638
9576,709
9577,767
9578,814
9579,853
9580,732
9581,588
9582,471
9583,376
9584,301
9585,241
9586,192
9587,153
9588,209
9589,361
9590,483
9591,584
9592,665
9593,731
9594,785
9595,829
9596,864
9597,676
9598,542
9599,434
9600,346
9601,277
9602,222
9603,177
9604,141
9605,268
9606,408
9607,521
9608,615
9609,690
9610,752
9611,802
9612,842
9613,776
9614,625
9615,500
9616,401
9617,320
9618,255
9619,204
9620,163
9621,160
9622,322
9623,452
9624,557
9625,644
9626,714
9627,771
9628,817
9629,855
9630,718
9631,577
9632,462
9633,370
9634,295
9635,236
9636,188
9637,151
9638,223
9639,372
9640,492
9641,591
9642,671
9643,736
9644,789
9645,832
9646,828
9647,665
9648,533
9649,426
9650,341
9651,272
9652,218
9653,173
9654,139
9655,280
9656,418
9657,529
9658,622
9659,695
9660,756
9661,805
9662,846
9663,763
9664,614
9665,491
9666,394
9667,314
9668,251
9669,200
9670,160
9671,174
9672,334
9673,461
9674,565
9675,650
9676,719
9677,775
9678,821
9679,858
9680,706
9681,566
9682,454
9683,362
9684,290
9685,231
9686,185
9687,148
9688,238
9689,383
9690,501
9691,598
9692,677
9693,741
9694,792
9695,835
9696,811
9697,653
9698,523
9699,419
9700,334
9701,268
9702,213
9703,170
9704,136
9705,293
9706,428
9707,538
9708,628
9709,701
9710,760
9711,810
9712,848
9713,751
9714,602
9715,484
9716,386
9717,309
9718,246
9719,197
9720,157
9721,189
9722,343
9723,470
9724,572
9725,656
9726,723
9727,779
9728,824
9729,861
9730,693
9731,556
9732,446
9733,356
9734,285
9735,227
9736,181
9737,145
9738,249
9739,393
9740,509
9741,605
9742,682
9743,745
9744,796
9745,838
9746,797
9747,642
9748,514
9749,411
9750,329
9751,263
9752,209
9753,168
9754,134
9755,304
9756,438
9757,545
9758,635
9759,706
9760,765
9761,812
9762,851
9763,737
9764,593
9765,474
9766,380
9767,303
9768,242
9769,193
9770,155
9771,204
9772,356
9773,480
9774,580
9775,662
9776,729
9777,783
9778,827
9779,863
9780,681
9781,547
9782,438
9783,350
9784,279
9785,223
9786,178
9787,143
9788,261
9789,403
9790,517
9791,611
9792,687
9793,750
9794,800
9795,841
9796,783
9797,631
9798,504
9799,404
9800,322
9801,258
9802,205
9803,164
9804,128
9805,316
9806,447
9807,553
9808,641
9809,711
9810,769
9811,815
9812,854
9813,726
9814,583
9815,467
9816,373
9817,298
9818,238
9819,190
9820,152
9821,218
9822,366
9823,489
9824,587
9825,668
9826,733
9827,787
9828,830
9829,835
9830,669
9831,538
9832,430
9833,344
9834,274
9835,219
9836,175
9837,140
9838,274
9839,413
9840,525
9841,619
9842,693
9843,754
9844,804
9845,844
9846,769
9847,620
9848,496
9849,397
9850,317
9851,253
9852,202
9853,161
9854,165
9855,328
9856,457
9857,560
9858,646
9859,716
9860,773
9861,819
9862,857
9863,711
9864,572
9865,457
9866,366
9867,292
9868,234
9869,186
9870,149
9871,230
9872,378
9873,496
9874,594
9875,673
9876,738
9877,791
9878,834
9879,819
9880,659
9881,527
9882,423
9883,337
9884,270
9885,215
9886,172
9887,138
9888,287
9889,422
9890,535
9891,624
9892,699
9893,758
9894,808
9895,847
9896,757
9897,608
9898,488
9899,390
9900,311
9901,248
9902,198
9903,158
9904,182
9905,340
9906,465
9907,569
9908,653
9909,722
9910,777
9911,823
9912,859
9913,700
9914,561
9915,450
9916,359
9917,287
9918,229
9919,183
9920,146
9921,242
9922,387
9923,504
9924,601
9925,679
9926,743
9927,794
9928,836
9929,804
9930,647
9931,518
9932,415
9933,331
9934,265
9935,211
9936,169
9937,135
9938,299
9939,432
9940,542
9941,631
9942,704
9943,763
9944,810
9945,850
9946,743
9947,597
9948,479
9949,382
9950,306
9951,244
9952,195
9953,156
9954,197
9955,350
9956,475
9957,576
9958,659
9959,726
9960,781
9961,825
9962,862
9963,688
9964,551
9965,442
9966,353
9967,282
9968,225
9969,180
9970,144
9971,257
9972,397
9973,514
9974,607
9975,685
9976,747
9977,799
9978,839
9979,791
9980,635
9981,510
9982,407
9983,326
9984,260
9985,208
9986,166
9987,128
9988,311
9989,442
9990,550
9991,637
9992,709
9993,766
9994,814
9995,852
9996,732
9997,587
9998,471
9999,376
10000,300
