1,475
2,398
3,486
4,447
5,453
6,497
7,424
8,507
9,468
10,467
11,512
12,432
13,515
14,477
15,472
16,518
17,436
18,518
19,480
20,475
21,521
22,437
23,518
24,483
25,475
26,523
27,437
28,518
29,485
30,474
31,524
32,437
33,517
34,486
35,474
36,525
37,436
38,516
39,487
40,472
41,526
42,435
43,513
44,487
45,472
46,526
47,435
48,514
49,489
50,470
51,528
52,433
53,511
54,490
55,469
56,528
57,432
58,510
59,490
60,468
61,528
62,430
63,508
64,491
65,466
66,530
67,429
68,507
69,492
70,466
71,531
72,429
73,506
74,493
75,466
76,532
77,428
78,506
79,495
80,465
81,533
82,428
83,505
84,496
85,464
86,533
87,428
88,505
89,496
90,464
91,534
92,426
93,502
94,498
95,462
96,536
97,450
98,501
99,498
100,461
101,536
102,454
103,501
104,500
105,461
106,538
107,454
108,500
109,500
110,460
111,538
112,458
113,500
114,502
115,460
116,540
117,458
118,498
119,503
120,460
121,541
122,460
123,497
124,504
125,458
126,541
127,461
128,495
129,504
130,457
131,541
132,462
133,495
134,505
135,456
136,543
137,464
138,495
139,506
140,455
141,544
142,464
143,493
144,507
145,454
146,544
147,464
148,491
149,507
150,452
151,544
152,467
153,491
154,509
155,452
156,546
157,467
158,489
159,510
160,451
161,546
162,469
163,490
164,511
165,451
166,548
167,469
168,488
169,511
170,449
171,549
172,470
173,487
174,512
175,449
176,548
177,472
178,486
179,514
180,448
181,550
182,472
183,484
184,514
185,447
186,550
187,475
188,484
189,516
190,446
191,552
192,475
193,482
194,515
195,444
196,552
197,477
198,483
199,517
200,444
201,529
202,477
203,481
204,517
205,443
206,529
207,479
208,480
209,519
210,443
211,524
212,479
213,479
214,521
215,442
216,522
217,480
218,479
219,520
220,441
221,522
222,481
223,477
224,521
225,439
226,520
227,482
228,476
229,522
230,438
231,519
232,483
233,475
234,522
235,439
236,519
237,485
238,476
239,524
240,438
241,517
242,486
243,474
244,525
245,437
246,516
247,487
248,473
249,526
250,436
251,515
252,488
253,472
254,527
255,435
256,512
257,490
258,470
259,528
260,433
261,512
262,490
263,470
264,529
265,433
266,510
267,490
268,468
269,529
270,432
271,510
272,492
273,468
274,531
275,432
276,508
277,492
278,467
279,531
280,430
281,508
282,494
283,467
284,532
285,429
286,506
287,494
288,465
289,532
290,428
291,506
292,496
293,465
294,534
295,428
296,504
297,496
298,463
299,536
300,426
301,503
302,498
303,462
304,536
305,426
306,502
307,498
308,461
309,536
310,454
311,502
312,500
313,461
314,538
315,454
316,500
317,500
318,460
319,538
320,459
321,500
322,502
323,460
324,539
325,458
326,498
327,502
328,460
329,541
330,460
331,498
332,504
333,458
334,541
335,461
336,496
337,505
338,458
339,543
340,463
341,496
342,505
343,457
344,541
345,463
346,493
347,506
348,455
349,544
350,465
351,493
352,507
353,454
354,544
355,464
356,491
357,507
358,453
359,544
360,467
361,491
362,509
363,452
364,546
365,467
366,489
367,509
368,450
369,546
370,469
371,489
372,511
373,451
374,548
375,469
376,487
377,511
378,449
379,548
380,471
381,487
382,513
383,449
384,549
385,472
386,485
387,514
388,447
389,550
390,473
391,485
392,515
393,447
394,551
395,473
396,483
397,515
398,445
399,551
400,476
401,483
402,516
403,445
404,552
405,476
406,482
407,516
408,443
409,552
410,478
411,482
412,518
413,444
414,525
415,478
416,480
417,518
418,442
419,525
420,480
421,480
422,519
423,441
424,522
425,480
426,477
427,522
428,440
429,520
430,482
431,477
432,520
433,439
434,520
435,482
436,476
437,522
438,440
439,520
440,484
441,476
442,524
443,439
444,520
445,485
446,475
447,523
448,436
449,516
450,485
451,473
452,525
453,436
454,516
455,487
456,473
457,526
458,436
459,515
460,488
461,472
462,527
463,435
464,513
465,488
466,470
467,527
468,433
469,513
470,490
471,471
472,528
473,433
474,512
475,490
476,468
477,529
478,432
479,510
480,492
481,469
482,531
483,432
484,508
485,492
486,466
487,531
488,430
489,508
490,494
491,467
492,533
493,430
494,506
495,494
496,465
497,532
498,428
499,506
500,496
501,465
502,534
503,428
504,504
505,496
506,463
507,534
508,426
509,504
510,498
511,463
512,536
513,450
514,502
515,499
516,461
517,537
518,454
519,501
520,500
521,461
522,538
523,454
524,499
525,500
526,460
527,537
528,457
529,499
530,502
531,460
532,540
533,459
534,499
535,503
536,460
537,541
538,460
539,498
540,504
541,458
542,541
543,461
544,497
545,505
546,458
547,543
548,463
549,496
550,506
551,456
552,543
553,464
554,495
555,506
556,454
557,544
558,463
559,494
560,507
561,453
562,544
563,465
564,491
565,507
566,452
567,544
568,467
569,491
570,510
571,453
572,546
573,467
574,490
575,509
576,451
577,546
578,470
579,489
580,511
581,451
582,548
583,469
584,487
585,511
586,449
587,548
588,471
589,487
590,513
591,449
592,549
593,471
594,485
595,513
596,448
597,549
598,472
599,486
600,514
601,447
602,550
603,474
604,483
605,515
606,445
607,551
608,476
609,484
610,516
611,445
612,553
613,476
614,482
615,517
616,444
617,552
618,478
619,482
620,518
621,444
622,525
623,478
624,480
625,518
626,441
627,525
628,479
629,479
630,519
631,441
632,522
633,480
634,477
635,520
636,440
637,521
638,481
639,476
640,522
641,440
642,520
643,483
644,476
645,523
646,439
647,519
648,483
649,475
650,523
651,439
652,519
653,485
654,475
655,524
656,439
657,518
658,486
659,474
660,526
661,438
662,517
663,488
664,474
665,527
666,436
667,515
668,488
669,473
670,527
671,435
672,513
673,488
674,470
675,527
676,433
677,512
678,490
679,470
680,529
681,433
682,510
683,492
684,469
685,530
686,432
687,509
688,492
689,468
690,531
691,432
692,508
693,493
694,467
695,531
696,430
697,508
698,495
699,467
700,533
701,430
702,506
703,494
704,465
705,533
706,428
707,506
708,496
709,465
710,534
711,428
712,504
713,496
714,463
715,534
716,426
717,503
718,498
719,464
720,536
721,426
722,502
723,498
724,461
725,536
726,450
727,502
728,499
729,462
730,537
731,454
732,500
733,500
734,460
735,537
736,458
737,499
738,501
739,461
740,540
741,458
742,498
743,503
744,459
745,540
746,458
747,496
748,502
749,458
750,541
751,460
752,496
753,504
754,456
755,541
756,461
757,494
758,504
759,456
760,542
761,463
762,494
763,506
764,454
765,543
766,463
767,492
768,509
769,454
770,544
771,466
772,491
773,508
774,452
775,544
776,467
777,492
778,509
779,453
780,546
781,467
782,489
783,509
784,451
785,546
786,469
787,489
788,511
789,451
790,547
791,469
792,487
793,511
794,449
795,548
796,472
797,487
798,513
799,449
800,549
801,471
802,486
803,513
804,448
805,549
806,474
807,486
808,515
809,447
810,551
811,476
812,484
813,516
814,446
815,552
816,476
817,484
818,516
819,445
820,553
821,476
822,482
823,516
824,444
825,553
826,478
827,482
828,518
829,444
830,526
831,478
832,480
833,517
834,441
835,524
836,479
837,479
838,519
839,441
840,521
841,479
842,477
843,519
844,440
845,521
846,481
847,477
848,519
849,439
850,519
851,482
852,476
853,522
854,439
855,518
856,484
857,475
858,523
859,439
860,518
861,485
862,475
863,524
864,437
865,516
866,486
867,473
868,525
869,436
870,515
871,486
872,472
873,526
874,436
875,515
876,489
877,472
878,528
879,435
880,513
881,488
882,471
883,527
884,434
885,513
886,490
887,470
888,529
889,433
890,510
891,490
892,468
893,529
894,432
895,510
896,492
897,468
898,531
899,431
900,508
901,493
902,467
903,531
904,429
905,508
906,494
907,467
908,532
909,430
910,506
911,494
912,465
913,533
914,428
915,506
916,496
917,465
918,534
919,428
920,504
921,496
922,463
923,534
924,426
925,504
926,498
927,463
928,536
929,426
930,502
931,498
932,461
933,536
934,454
935,502
936,500
937,462
938,538
939,459
940,501
941,500
942,462
943,539
944,458
945,500
946,502
947,461
948,540
949,459
950,499
951,503
952,458
953,540
954,459
955,497
956,503
957,457
958,540
959,459
960,496
961,504
962,456
963,540
964,460
965,493
966,504
967,455
968,542
969,462
970,493
971,505
972,454
973,543
974,463
975,492
976,506
977,453
978,544
979,464
980,491
981,507
982,453
983,544
984,466
985,491
986,508
987,452
988,546
989,467
990,489
991,509
992,451
993,546
994,469
995,489
996,511
997,451
998,548
999,469
1000,487
1001,512
1002,450
1003,547
1004,470
1005,488
1006,512
1007,449
1008,548
1009,472
1010,486
1011,513
1012,449
1013,550
1014,473
1015,486
1016,512
1017,446
1018,550
1019,473
1020,484
1021,514
1022,447
1023,552
1024,477
1025,484
1026,517
1027,445
1028,553
1029,476
1030,483
1031,517
1032,446
1033,554
1034,478
1035,483
1036,517
1037,443
1038,529
1039,478
1040,480
1041,518
1042,443
1043,525
1044,479
1045,480
1046,519
1047,443
1048,523
1049,481
1050,478
1051,520
1052,441
1053,521
1054,481
1055,478
1056,521
1057,440
1058,520
1059,483
1060,476
1061,522
1062,440
1063,519
1064,483
1065,476
1066,523
1067,437
1068,517
1069,484
1070,474
1071,524
1072,437
1073,516
1074,485
1075,474
1076,525
1077,437
1078,515
1079,486
1080,473
1081,525
1082,436
1083,514
1084,488
1085,472
1086,527
1087,435
1088,514
1089,488
1090,471
1091,527
1092,435
1093,513
1094,489
1095,471
1096,528
1097,434
1098,512
1099,490
1100,469
1101,529
1102,432
1103,510
1104,491
1105,468
1106,530
1107,432
1108,509
1109,492
1110,466
1111,531
1112,430
1113,508
1114,495
1115,468
1116,533
1117,431
1118,508
1119,495
1120,466
1121,532
1122,428
1123,506
1124,495
1125,465
1126,532
1127,427
1128,504
1129,495
1130,463
1131,534
1132,427
1133,503
1134,496
1135,463
1136,534
1137,425
1138,502
1139,497
1140,462
1141,536
1142,450
1143,501
1144,499
1145,463
1146,538
1147,455
1148,501
1149,500
1150,461
1151,537
1152,458
1153,499
1154,501
1155,459
1156,539
1157,458
1158,498
1159,502
1160,458
1161,540
1162,460
1163,498
1164,503
1165,458
1166,541
1167,460
1168,496
1169,504
1170,457
1171,541
1172,462
1173,496
1174,505
1175,456
1176,542
1177,463
1178,494
1179,505
1180,455
1181,543
1182,465
1183,493
1184,506
1185,454
1186,544
1187,466
1188,492
1189,507
1190,453
1191,544
1192,466
1193,491
1194,508
1195,451
1196,545
1197,468
1198,490
1199,509
1200,451
1201,547
1202,468
1203,489
1204,510
1205,451
1206,547
1207,469
1208,488
1209,511
1210,450
1211,548
1212,470
1213,487
1214,512
1215,449
1216,548
1217,471
1218,486
1219,512
1220,447
1221,549
1222,472
1223,485
1224,512
1225,446
1226,549
1227,473
1228,484
1229,514
1230,447
1231,552
1232,475
1233,484
1234,515
1235,445
1236,552
1237,476
1238,480
1239,515
1240,443
1241,552
1242,477
1243,480
1244,517
1245,444
1246,529
1247,478
1248,481
1249,519
1250,444
1251,526
1252,480
1253,480
1254,519
1255,443
1256,523
1257,481
1258,479
1259,521
1260,441
1261,522
1262,481
1263,478
1264,521
1265,441
1266,520
1267,482
1268,477
1269,522
1270,440
1271,519
1272,483
1273,476
1274,523
1275,439
1276,518
1277,484
1278,475
1279,524
1280,436
1281,516
1282,485
1283,473
1284,525
1285,436
1286,515
1287,487
1288,472
1289,526
1290,435
1291,514
1292,487
1293,472
1294,526
1295,435
1296,514
1297,488
1298,471
1299,527
1300,434
1301,513
1302,489
1303,470
1304,528
1305,433
1306,511
1307,490
1308,469
1309,529
1310,432
1311,510
1312,491
1313,469
1314,530
1315,432
1316,509
1317,492
1318,468
1319,531
1320,431
1321,508
1322,493
1323,465
1324,530
1325,428
1326,506
1327,494
1328,466
1329,531
1330,428
1331,505
1332,494
1333,465
1334,533
1335,428
1336,505
1337,496
1338,464
1339,534
1340,427
1341,504
1342,497
1343,463
1344,535
1345,426
1346,502
1347,498
1348,462
1349,536
1350,450
1351,502
1352,499
1353,463
1354,538
1355,455
1356,501
1357,500
1358,461
1359,537
1360,456
1361,498
1362,501
1363,459
1364,538
1365,458
1366,498
1367,502
1368,458
1369,540
1370,458
1371,496
1372,502
1373,457
1374,540
1375,461
1376,496
1377,504
1378,457
1379,541
1380,461
1381,496
1382,505
1383,456
1384,542
1385,463
1386,494
1387,505
1388,455
1389,543
1390,464
1391,493
1392,506
1393,454
1394,544
1395,466
1396,493
1397,508
1398,454
1399,544
1400,466
1401,491
1402,508
1403,453
1404,545
1405,467
1406,490
1407,509
1408,449
1409,546
1410,469
1411,490
1412,511
1413,450
1414,547
1415,470
1416,488
1417,511
1418,450
1419,548
1420,470
1421,487
1422,512
1423,448
1424,548
1425,471
1426,486
1427,512
1428,447
1429,549
1430,472
1431,485
1432,513
1433,447
1434,550
1435,473
1436,484
1437,514
1438,447
1439,552
1440,475
1441,484
1442,516
1443,446
1444,552
1445,476
1446,483
1447,517
1448,445
1449,553
1450,477
1451,480
1452,517
1453,443
1454,529
1455,479
1456,480
1457,518
1458,444
1459,526
1460,479
1461,480
1462,519
1463,441
1464,523
1465,480
1466,479
1467,520
1468,440
1469,521
1470,481
1471,478
1472,521
1473,439
1474,520
1475,482
1476,477
1477,523
1478,440
1479,519
1480,483
1481,476
1482,523
1483,439
1484,517
1485,484
1486,475
1487,524
1488,438
1489,516
1490,485
1491,474
1492,524
1493,437
1494,516
1495,487
1496,473
1497,526
1498,435
1499,515
1500,487
1501,472
1502,526
1503,435
1504,514
1505,488
1506,471
1507,527
1508,433
1509,512
1510,489
1511,470
1512,528
1513,433
1514,511
1515,490
1516,470
1517,529
1518,432
1519,510
1520,491
1521,468
1522,530
1523,432
1524,509
1525,492
1526,467
1527,531
1528,431
1529,508
1530,493
1531,467
1532,532
1533,430
1534,507
1535,494
1536,466
1537,534
1538,429
1539,507
1540,497
1541,466
1542,534
1543,428
1544,505
1545,496
1546,464
1547,535
1548,428
1549,504
1550,497
1551,462
1552,535
1553,427
1554,503
1555,498
1556,464
1557,537
1558,451
1559,502
1560,499
1561,463
1562,538
1563,455
1564,502
1565,501
1566,461
1567,537
1568,456
1569,499
1570,500
1571,459
1572,539
1573,458
1574,498
1575,501
1576,458
1577,539
1578,460
1579,496
1580,503
1581,457
1582,542
1583,460
1584,496
1585,504
1586,457
1587,541
1588,462
1589,495
1590,504
1591,456
1592,542
1593,463
1594,494
1595,506
1596,455
1597,543
1598,464
1599,493
1600,506
1601,454
1602,543
1603,466
1604,491
1605,508
1606,452
1607,545
1608,466
1609,491
1610,508
1611,452
1612,545
1613,467
1614,490
1615,509
1616,452
1617,546
1618,468
1619,490
1620,510
1621,451
1622,548
1623,469
1624,487
1625,511
1626,449
1627,548
1628,471
1629,488
1630,513
1631,449
1632,549
1633,472
1634,487
1635,512
1636,448
1637,549
1638,472
1639,485
1640,514
1641,447
1642,550
1643,473
1644,484
1645,514
1646,447
1647,552
1648,475
1649,484
1650,515
1651,445
1652,552
1653,476
1654,483
1655,517
1656,445
1657,553
1658,477
1659,482
1660,517
1661,444
1662,529
1663,478
1664,479
1665,519
1666,442
1667,525
1668,480
1669,480
1670,519
1671,442
1672,522
1673,481
1674,478
1675,520
1676,441
1677,521
1678,481
1679,478
1680,521
1681,440
1682,520
1683,483
1684,476
1685,522
1686,440
1687,519
1688,483
1689,476
1690,523
1691,438
1692,517
1693,484
1694,475
1695,524
1696,438
1697,516
1698,485
1699,474
1700,525
1701,437
1702,515
1703,486
1704,473
1705,526
1706,436
1707,514
1708,487
1709,471
1710,527
1711,435
1712,513
1713,488
1714,471
1715,528
1716,434
1717,513
1718,489
1719,470
1720,528
1721,434
1722,512
1723,490
1724,469
1725,529
1726,432
1727,510
1728,491
1729,469
1730,530
1731,432
1732,509
1733,492
1734,468
1735,531
1736,431
1737,508
1738,493
1739,467
1740,531
1741,429
1742,507
1743,494
1744,467
1745,534
1746,430
1747,507
1748,496
1749,466
1750,534
1751,427
1752,503
1753,495
1754,463
1755,535
1756,427
1757,504
1758,497
1759,463
1760,535
1761,426
1762,503
1763,498
1764,463
1765,536
1766,450
1767,502
1768,499
1769,462
1770,537
1771,454
1772,500
1773,500
1774,461
1775,536
1776,456
1777,499
1778,500
1779,459
1780,539
1781,458
1782,499
1783,501
1784,459
1785,539
1786,460
1787,498
1788,503
1789,458
1790,541
1791,461
1792,495
1793,503
1794,456
1795,542
1796,461
1797,494
1798,504
1799,456
1800,542
1801,463
1802,494
1803,505
1804,455
1805,543
1806,464
1807,493
1808,506
1809,454
1810,543
1811,466
1812,492
1813,507
1814,453
1815,544
1816,466
1817,491
1818,508
1819,452
1820,545
1821,467
1822,490
1823,509
1824,451
1825,546
1826,468
1827,489
1828,510
1829,451
1830,547
1831,469
1832,488
1833,511
1834,450
1835,550
1836,471
1837,487
1838,512
1839,448
1840,549
1841,471
1842,486
1843,512
1844,447
1845,549
1846,472
1847,485
1848,513
1849,447
1850,550
1851,474
1852,484
1853,514
1854,447
1855,551
1856,475
1857,484
1858,514
1859,445
1860,551
1861,476
1862,482
1863,516
1864,445
1865,553
1866,477
1867,482
1868,518
1869,444
1870,529
1871,478
1872,481
1873,517
1874,442
1875,525
1876,478
1877,479
1878,520
1879,442
1880,521
1881,480
1882,478
1883,521
1884,441
1885,522
1886,481
1887,478
1888,521
1889,440
1890,520
1891,482
1892,477
1893,522
1894,439
1895,519
1896,483
1897,476
1898,523
1899,439
1900,518
1901,484
1902,475
1903,524
1904,438
1905,516
1906,485
1907,474
1908,524
1909,437
1910,515
1911,486
1912,473
1913,525
1914,436
1915,514
1916,487
1917,472
1918,526
1919,435
1920,511
1921,488
1922,470
1923,528
1924,433
1925,512
1926,489
1927,470
1928,528
1929,433
1930,511
1931,490
1932,469
1933,529
1934,432
1935,509
1936,491
1937,469
1938,530
1939,432
1940,509
1941,492
1942,468
1943,531
1944,431
1945,509
1946,493
1947,467
1948,532
1949,430
1950,507
1951,494
1952,467
1953,534
1954,430
1955,507
1956,495
1957,466
1958,533
1959,427
1960,504
1961,495
1962,464
1963,536
1964,428
1965,503
1966,497
1967,463
1968,536
1969,426
1970,503
1971,498
1972,463
1973,537
1974,451
1975,502
1976,499
1977,461
1978,535
1979,453
1980,500
1981,499
1982,460
1983,536
1984,456
1985,498
1986,500
1987,459
1988,539
1989,458
1990,498
1991,501
1992,458
1993,540
1994,459
1995,497
1996,503
1997,458
1998,540
1999,461
2000,496
2001,504
2002,457
2003,541
2004,462
2005,495
2006,506
2007,456
2008,543
2009,462
2010,493
2011,505
2012,455
2013,543
2014,465
2015,494
2016,506
2017,454
2018,544
2019,466
2020,493
2021,508
2022,454
2023,545
2024,466
2025,491
2026,508
2027,452
2028,545
2029,467
2030,490
2031,509
2032,452
2033,546
2034,468
2035,489
2036,510
2037,451
2038,547
2039,469
2040,488
2041,511
2042,450
2043,548
2044,470
2045,487
2046,512
2047,449
2048,550
2049,472
2050,486
2051,512
2052,446
2053,548
2054,472
2055,485
2056,513
2057,447
2058,550
2059,474
2060,485
2061,515
2062,446
2063,551
2064,475
2065,484
2066,514
2067,444
2068,551
2069,475
2070,482
2071,516
2072,444
2073,552
2074,477
2075,481
2076,517
2077,444
2078,529
2079,478
2080,481
2081,517
2082,442
2083,525
2084,478
2085,479
2086,519
2087,443
2088,523
2089,480
2090,479
2091,522
2092,441
2093,521
2094,481
2095,477
2096,521
2097,441
2098,520
2099,482
2100,477
2101,522
2102,440
2103,519
2104,483
2105,476
2106,523
2107,439
2108,517
2109,484
2110,475
2111,524
2112,438
2113,516
2114,485
2115,474
2116,524
2117,437
2118,515
2119,486
2120,473
2121,525
2122,436
2123,514
2124,487
2125,472
2126,526
2127,435
2128,514
2129,488
2130,471
2131,527
2132,435
2133,513
2134,491
2135,470
2136,529
2137,433
2138,510
2139,490
2140,469
2141,529
2142,432
2143,510
2144,491
2145,469
2146,530
2147,432
2148,509
2149,492
2150,468
2151,531
2152,431
2153,508
2154,493
2155,468
2156,532
2157,430
2158,507
2159,495
2160,468
2161,534
2162,430
2163,507
2164,496
2165,466
2166,533
2167,428
2168,504
2169,496
2170,464
2171,535
2172,427
2173,505
2174,497
2175,464
2176,536
2177,426
2178,502
2179,498
2180,461
2181,536
2182,450
2183,502
2184,499
2185,461
2186,536
2187,453
2188,500
2189,499
2190,460
2191,537
2192,455
2193,498
2194,500
2195,459
2196,539
2197,458
2198,498
2199,501
2200,458
2201,539
2202,460
2203,497
2204,502
2205,457
2206,540
2207,461
2208,496
2209,503
2210,457
2211,541
2212,462
2213,495
2214,505
2215,456
2216,542
2217,463
2218,494
2219,508
2220,455
2221,544
2222,463
2223,492
2224,507
2225,454
2226,544
2227,466
2228,492
2229,507
2230,453
2231,544
2232,466
2233,490
2234,508
2235,453
2236,545
2237,467
2238,490
2239,509
2240,451
2241,546
2242,468
2243,489
2244,510
2245,451
2246,547
2247,469
2248,488
2249,511
2250,450
2251,548
2252,470
2253,488
2254,512
2255,449
2256,548
2257,471
2258,486
2259,513
2260,448
2261,549
2262,475
2263,485
2264,513
2265,447
2266,551
2267,475
2268,485
2269,514
2270,446
2271,551
2272,475
2273,483
2274,515
2275,445
2276,552
2277,476
2278,482
2279,517
2280,445
2281,553
2282,477
2283,482
2284,517
2285,443
2286,528
2287,477
2288,480
2289,517
2290,441
2291,524
2292,478
2293,479
2294,518
2295,443
2296,523
2297,480
2298,479
2299,520
2300,441
2301,522
2302,481
2303,478
2304,523
2305,440
2306,521
2307,483
2308,477
2309,523
2310,439
2311,519
2312,483
2313,476
2314,523
2315,439
2316,517
2317,484
2318,475
2319,524
2320,438
2321,516
2322,485
2323,474
2324,524
2325,437
2326,515
2327,486
2328,473
2329,526
2330,436
2331,514
2332,487
2333,472
2334,526
2335,435
2336,514
2337,488
2338,471
2339,527
2340,434
2341,512
2342,489
2343,470
2344,528
2345,433
2346,511
2347,492
2348,469
2349,530
2350,432
2351,509
2352,492
2353,469
2354,530
2355,432
2356,509
2357,492
2358,467
2359,530
2360,430
2361,507
2362,493
2363,468
2364,532
2365,430
2366,508
2367,495
2368,466
2369,533
2370,429
2371,506
2372,495
2373,465
2374,532
2375,427
2376,504
2377,495
2378,464
2379,534
2380,427
2381,504
2382,497
2383,463
2384,535
2385,426
2386,502
2387,498
2388,462
2389,536
2390,455
2391,501
2392,499
2393,460
2394,536
2395,455
2396,500
2397,499
2398,460
2399,538
2400,457
2401,499
2402,500
2403,459
2404,539
2405,458
2406,499
2407,501
2408,459
2409,539
2410,459
2411,497
2412,503
2413,458
2414,540
2415,461
2416,496
2417,504
2418,457
2419,541
2420,462
2421,495
2422,504
2423,456
2424,542
2425,463
2426,494
2427,506
2428,455
2429,543
2430,465
2431,493
2432,508
2433,454
2434,544
2435,465
2436,491
2437,507
2438,453
2439,544
2440,465
2441,491
2442,508
2443,452
2444,545
2445,467
2446,490
2447,509
2448,452
2449,546
2450,468
2451,489
2452,510
2453,451
2454,547
2455,469
2456,488
2457,511
2458,449
2459,548
2460,470
2461,487
2462,512
2463,449
2464,549
2465,472
2466,486
2467,513
2468,448
2469,549
2470,473
2471,486
2472,513
2473,446
2474,549
2475,475
2476,484
2477,515
2478,445
2479,551
2480,475
2481,483
2482,515
2483,445
2484,552
2485,476
2486,482
2487,516
2488,445
2489,552
2490,477
2491,481
2492,516
2493,443
2494,528
2495,477
2496,480
2497,516
2498,441
2499,524
2500,478
2501,479
2502,518
2503,443
2504,523
2505,481
2506,479
2507,520
2508,440
2509,521
2510,481
2511,478
2512,521
2513,440
2514,520
2515,482
2516,477
2517,522
2518,438
2519,519
2520,484
2521,476
2522,524
2523,438
2524,517
2525,484
2526,475
2527,524
2528,438
2529,516
2530,485
2531,474
2532,525
2533,437
2534,515
2535,486
2536,473
2537,525
2538,436
2539,514
2540,487
2541,472
2542,526
2543,435
2544,514
2545,488
2546,471
2547,527
2548,434
2549,512
2550,489
2551,471
2552,528
2553,434
2554,512
2555,490
2556,469
2557,529
2558,432
2559,510
2560,493
2561,469
2562,531
2563,432
2564,508
2565,492
2566,468
2567,531
2568,431
2569,508
2570,493
2571,467
2572,532
2573,430
2574,507
2575,494
2576,466
2577,532
2578,428
2579,506
2580,495
2581,465
2582,532
2583,427
2584,504
2585,495
2586,464
2587,535
2588,427
2589,503
2590,497
2591,463
2592,535
2593,426
2594,502
2595,498
2596,462
2597,536
2598,450
2599,501
2600,499
2601,463
2602,538
2603,458
2604,501
2605,501
2606,460
2607,539
2608,457
2609,499
2610,502
2611,460
2612,539
2613,458
2614,499
2615,502
2616,459
2617,540
2618,458
2619,497
2620,503
2621,458
2622,540
2623,461
2624,497
2625,503
2626,457
2627,542
2628,462
2629,495
2630,504
2631,456
2632,542
2633,463
2634,494
2635,506
2636,455
2637,543
2638,464
2639,493
2640,507
2641,454
2642,543
2643,466
2644,492
2645,507
2646,451
2647,544
2648,467
2649,492
2650,509
2651,452
2652,545
2653,467
2654,490
2655,509
2656,451
2657,546
2658,468
2659,489
2660,510
2661,451
2662,547
2663,469
2664,488
2665,511
2666,450
2667,548
2668,470
2669,487
2670,512
2671,449
2672,548
2673,471
2674,486
2675,513
2676,448
2677,549
2678,472
2679,485
2680,512
2681,446
2682,549
2683,473
2684,484
2685,514
2686,447
2687,551
2688,478
2689,484
2690,516
2691,445
2692,553
2693,476
2694,483
2695,516
2696,446
2697,554
2698,478
2699,482
2700,517
2701,444
2702,529
2703,479
2704,480
2705,518
2706,443
2707,525
2708,479
2709,480
2710,519
2711,443
2712,524
2713,481
2714,479
2715,521
2716,441
2717,521
2718,481
2719,478
2720,521
2721,440
2722,520
2723,482
2724,477
2725,522
2726,439
2727,519
2728,483
2729,476
2730,523
2731,437
2732,518
2733,486
2734,475
2735,525
2736,437
2737,516
2738,485
2739,474
2740,524
2741,437
2742,515
2743,486
2744,473
2745,526
2746,436
2747,514
2748,487
2749,472
2750,526
2751,435
2752,514
2753,488
2754,471
2755,527
2756,434
2757,513
2758,489
2759,470
2760,528
2761,434
2762,512
2763,490
2764,470
2765,529
2766,432
2767,510
2768,491
2769,468
2770,530
2771,432
2772,509
2773,492
2774,466
2775,530
2776,429
2777,508
2778,494
2779,469
2780,533
2781,431
2782,508
2783,495
2784,467
2785,532
2786,429
2787,506
2788,496
2789,465
2790,532
2791,426
2792,503
2793,495
2794,463
2795,533
2796,426
2797,503
2798,497
2799,463
2800,534
2801,426
2802,502
2803,498
2804,462
2805,536
2806,450
2807,501
2808,498
2809,462
2810,538
2811,455
2812,501
2813,500
2814,461
2815,537
2816,458
2817,499
2818,501
2819,459
2820,539
2821,458
2822,498
2823,501
2824,458
2825,539
2826,459
2827,497
2828,502
2829,458
2830,540
2831,459
2832,496
2833,504
2834,457
2835,541
2836,462
2837,495
2838,504
2839,456
2840,542
2841,463
2842,494
2843,505
2844,455
2845,543
2846,465
2847,493
2848,506
2849,454
2850,543
2851,466
2852,492
2853,507
2854,453
2855,544
2856,466
2857,491
2858,508
2859,450
2860,546
2861,468
2862,489
2863,510
2864,451
2865,546
2866,468
2867,490
2868,510
2869,450
2870,547
2871,469
2872,488
2873,512
2874,450
2875,547
2876,470
2877,487
2878,512
2879,449
2880,549
2881,471
2882,487
2883,512
2884,447
2885,549
2886,472
2887,485
2888,512
2889,446
2890,549
2891,472
2892,484
2893,514
2894,447
2895,551
2896,475
2897,484
2898,515
2899,445
2900,552
2901,476
2902,480
2903,515
2904,443
2905,552
2906,477
2907,481
2908,517
2909,443
2910,529
2911,477
2912,480
2913,518
2914,443
2915,526
2916,480
2917,480
2918,519
2919,443
2920,524
2921,481
2922,480
2923,520
2924,440
2925,521
2926,481
2927,478
2928,521
2929,440
2930,520
2931,482
2932,477
2933,522
2934,440
2935,520
2936,483
2937,476
2938,523
2939,438
2940,517
2941,484
2942,475
2943,524
2944,436
2945,516
2946,486
2947,474
2948,526
2949,437
2950,515
2951,486
2952,473
2953,525
2954,436
2955,514
2956,487
2957,472
2958,527
2959,434
2960,514
2961,488
2962,471
2963,527
2964,435
2965,513
2966,489
2967,470
2968,528
2969,434
2970,511
2971,490
2972,469
2973,529
2974,432
2975,510
2976,491
2977,469
2978,530
2979,432
2980,509
2981,492
2982,468
2983,531
2984,431
2985,508
2986,493
2987,465
2988,530
2989,428
2990,505
2991,494
2992,464
2993,532
2994,428
2995,505
2996,495
2997,465
2998,533
2999,428
3000,505
3001,496
3002,464
3003,534
3004,427
3005,504
3006,497
3007,463
3008,534
3009,426
3010,502
3011,497
3012,462
3013,536
3014,450
3015,501
3016,499
3017,463
3018,538
3019,455
3020,501
3021,501
3022,461
3023,537
3024,456
3025,499
3026,500
3027,460
3028,539
3029,458
3030,497
3031,503
3032,458
3033,540
3034,458
3035,496
3036,503
3037,458
3038,540
3039,461
3040,496
3041,503
3042,457
3043,541
3044,461
3045,495
3046,504
3047,456
3048,542
3049,464
3050,494
3051,505
3052,455
3053,543
3054,464
3055,493
3056,506
3057,454
3058,543
3059,466
3060,492
3061,507
3062,454
3063,544
3064,466
3065,491
3066,508
3067,452
3068,545
3069,467
3070,490
3071,509
3072,450
3073,546
3074,469
3075,489
3076,511
3077,450
3078,547
3079,469
3080,488
3081,511
3082,450
3083,548
3084,470
3085,488
3086,512
3087,448
3088,548
3089,471
3090,486
3091,512
3092,447
3093,548
3094,472
3095,485
3096,513
3097,447
3098,550
3099,473
3100,484
3101,515
3102,448
3103,552
3104,476
3105,484
3106,516
3107,445
3108,552
3109,476
3110,483
3111,517
3112,446
3113,553
3114,477
3115,480
3116,518
3117,443
3118,525
3119,479
3120,480
3121,518
3122,444
3123,526
3124,479
3125,480
3126,519
3127,441
3128,522
3129,480
3130,479
3131,520
3132,440
3133,522
3134,481
3135,478
3136,521
3137,440
3138,520
3139,482
3140,477
3141,522
3142,439
3143,518
3144,483
3145,476
3146,523
3147,439
3148,518
3149,484
3150,475
3151,524
3152,438
3153,516
3154,485
3155,474
3156,524
3157,437
3158,516
3159,487
3160,472
3161,526
3162,435
3163,514
3164,487
3165,472
3166,526
3167,435
3168,514
3169,488
3170,471
3171,527
3172,433
3173,512
3174,489
3175,470
3176,528
3177,433
3178,511
3179,490
3180,469
3181,529
3182,433
3183,511
3184,491
3185,469
3186,530
3187,432
3188,510
3189,493
3190,468
3191,531
3192,430
3193,508
3194,493
3195,467
3196,532
3197,430
3198,507
3199,494
3200,464
3201,532
3202,428
3203,506
3204,496
3205,465
3206,534
3207,428
3208,505
3209,496
3210,466
3211,536
3212,428
3213,505
3214,498
3215,464
3216,534
3217,425
3218,502
3219,497
3220,463
3221,536
3222,450
3223,502
3224,499
3225,463
3226,538
3227,455
3228,501
3229,500
3230,461
3231,537
3232,456
3233,499
3234,500
3235,460
3236,538
3237,458
3238,498
3239,501
3240,459
3241,539
3242,459
3243,496
3244,502
3245,457
3246,540
3247,460
3248,495
3249,504
3250,457
3251,541
3252,462
3253,495
3254,505
3255,456
3256,542
3257,463
3258,494
3259,505
3260,455
3261,543
3262,465
3263,493
3264,507
3265,455
3266,544
3267,466
3268,493
3269,508
3270,454
3271,545
3272,466
3273,491
3274,508
3275,452
3276,545
3277,467
3278,490
3279,509
3280,451
3281,546
3282,468
3283,489
3284,510
3285,451
3286,549
3287,469
3288,487
3289,511
3290,449
3291,548
3292,470
3293,487
3294,512
3295,449
3296,548
3297,471
3298,486
3299,512
3300,446
3301,549
3302,472
3303,485
3304,513
3305,447
3306,550
3307,473
3308,484
3309,514
3310,447
3311,552
3312,475
3313,484
3314,515
3315,445
3316,552
3317,476
3318,483
3319,517
3320,445
3321,553
3322,478
3323,482
3324,517
3325,444
3326,529
3327,478
3328,479
3329,518
3330,442
3331,524
3332,479
3333,479
3334,520
3335,442
3336,523
3337,480
3338,479
3339,520
3340,440
3341,521
3342,481
3343,478
3344,521
3345,441
3346,520
3347,482
3348,477
3349,522
3350,439
3351,519
3352,483
3353,476
3354,523
3355,439
3356,517
3357,484
3358,475
3359,524
3360,438
3361,516
3362,485
3363,474
3364,525
3365,437
3366,515
3367,486
3368,473
3369,526
3370,436
3371,514
3372,488
3373,472
3374,527
3375,434
3376,513
3377,488
3378,471
3379,527
3380,435
3381,513
3382,489
3383,471
3384,528
3385,434
3386,511
3387,490
3388,469
3389,529
3390,432
3391,510
3392,491
3393,468
3394,530
3395,432
3396,509
3397,492
3398,468
3399,531
3400,430
3401,508
3402,493
3403,467
3404,531
3405,429
3406,507
3407,494
3408,467
3409,534
3410,429
3411,506
3412,496
3413,465
3414,534
3415,427
3416,503
3417,496
3418,463
3419,534
3420,427
3421,503
3422,497
3423,463
3424,535
3425,426
3426,502
3427,498
3428,462
3429,536
3430,450
3431,502
3432,499
3433,462
3434,537
3435,454
3436,501
3437,500
3438,460
3439,537
3440,456
3441,498
3442,500
3443,460
3444,539
3445,458
3446,498
3447,502
3448,458
3449,540
3450,460
3451,497
3452,502
3453,458
3454,540
3455,461
3456,495
3457,503
3458,455
3459,541
3460,461
3461,494
3462,504
3463,456
3464,542
3465,464
3466,495
3467,505
3468,455
3469,543
3470,464
3471,493
3472,506
3473,454
3474,544
3475,466
3476,492
3477,507
3478,453
3479,544
3480,466
3481,492
3482,508
3483,452
3484,545
3485,467
3486,490
3487,509
3488,451
3489,546
3490,468
3491,490
3492,510
3493,451
3494,547
3495,469
3496,489
3497,511
3498,450
3499,549
3500,470
3501,486
3502,513
3503,448
3504,549
3505,471
3506,486
3507,512
3508,447
3509,548
3510,472
3511,485
3512,513
3513,448
3514,551
3515,474
3516,485
3517,514
3518,448
3519,552
3520,475
3521,484
3522,514
3523,444
3524,551
3525,475
3526,482
3527,516
3528,445
3529,553
3530,477
3531,482
3532,517
3533,444
3534,529
3535,478
3536,480
3537,517
3538,441
3539,524
3540,478
3541,479
3542,520
3543,441
3544,521
3545,480
3546,478
3547,521
3548,441
3549,521
3550,481
3551,478
3552,521
3553,440
3554,520
3555,482
3556,476
3557,522
3558,439
3559,519
3560,483
3561,476
3562,523
3563,439
3564,517
3565,484
3566,475
3567,524
3568,438
3569,516
3570,485
3571,474
3572,525
3573,437
3574,515
3575,486
3576,473
3577,526
3578,436
3579,514
3580,488
3581,472
3582,527
3583,435
3584,512
3585,488
3586,470
3587,528
3588,434
3589,511
3590,490
3591,471
3592,528
3593,433
3594,511
3595,490
3596,470
3597,529
3598,432
3599,510
3600,491
3601,469
3602,530
3603,432
3604,509
3605,492
3606,468
3607,531
3608,430
3609,508
3610,493
3611,467
3612,532
3613,430
3614,507
3615,494
3616,468
3617,534
3618,430
3619,507
3620,496
3621,465
3622,532
3623,427
3624,504
3625,495
3626,464
3627,536
3628,427
3629,503
3630,498
3631,462
3632,536
3633,426
3634,503
3635,498
3636,463
3637,537
3638,451
3639,502
3640,499
3641,461
3642,536
3643,453
3644,500
3645,499
3646,460
3647,537
3648,456
3649,499
3650,500
3651,459
3652,539
3653,458
3654,498
3655,502
3656,458
3657,540
3658,459
3659,497
3660,503
3661,458
3662,540
3663,461
3664,496
3665,503
3666,457
3667,541
3668,462
3669,495
3670,506
3671,456
3672,543
3673,462
3674,493
3675,507
3676,455
3677,543
3678,465
3679,493
3680,506
3681,454
3682,544
3683,466
3684,492
3685,508
3686,453
3687,544
3688,466
3689,491
3690,508
3691,452
3692,545
3693,467
3694,490
3695,509
3696,451
3697,546
3698,468
3699,490
3700,510
3701,451
3702,547
3703,469
3704,488
3705,511
3706,450
3707,548
3708,470
3709,487
3710,512
3711,449
3712,550
3713,471
3714,486
3715,511
3716,446
3717,548
3718,472
3719,485
3720,513
3721,448
3722,550
3723,474
3724,485
3725,515
3726,446
3727,551
3728,475
3729,484
3730,516
3731,446
3732,552
3733,476
3734,483
3735,517
3736,445
3737,553
3738,477
3739,481
3740,517
3741,444
3742,529
3743,478
3744,481
3745,517
3746,442
3747,524
3748,478
3749,479
3750,519
3751,443
3752,523
3753,480
3754,479
3755,522
3756,441
3757,520
3758,481
3759,477
3760,522
3761,440
3762,520
3763,482
3764,477
3765,522
3766,439
3767,519
3768,483
3769,475
3770,523
3771,438
3772,517
3773,484
3774,475
3775,524
3776,438
3777,516
3778,485
3779,474
3780,525
3781,437
3782,515
3783,486
3784,473
3785,525
3786,436
3787,514
3788,487
3789,472
3790,526
3791,435
3792,514
3793,488
3794,471
3795,527
3796,434
3797,512
3798,491
3799,470
3800,529
3801,432
3802,510
3803,491
3804,469
3805,529
3806,432
3807,511
3808,491
3809,469
3810,530
3811,432
3812,508
3813,492
3814,468
3815,531
3816,431
3817,508
3818,493
3819,468
3820,533
3821,430
3822,508
3823,494
3824,466
3825,533
3826,429
3827,506
3828,495
3829,465
3830,532
3831,427
3832,504
3833,495
3834,464
3835,535
3836,427
3837,504
3838,497
3839,463
3840,536
3841,425
3842,501
3843,497
3844,461
3845,536
3846,450
3847,501
3848,499
3849,461
3850,536
3851,454
3852,500
3853,499
3854,460
3855,537
3856,455
3857,498
3858,499
3859,459
3860,539
3861,458
3862,498
3863,501
3864,458
3865,539
3866,459
3867,497
3868,502
3869,457
3870,540
3871,461
3872,496
3873,503
3874,457
3875,541
3876,462
3877,495
3878,504
3879,456
3880,542
3881,463
3882,494
3883,507
3884,455
3885,543
3886,464
3887,492
3888,507
3889,455
3890,543
3891,466
3892,492
3893,507
3894,453
3895,544
3896,466
3897,490
3898,508
3899,452
3900,545
3901,467
3902,491
3903,509
3904,451
3905,546
3906,468
3907,489
3908,510
3909,451
3910,547
3911,469
3912,488
3913,511
3914,450
3915,548
3916,470
3917,487
3918,512
3919,449
3920,548
3921,471
3922,486
3923,513
3924,448
3925,549
3926,474
3927,485
3928,513
3929,446
3930,551
3931,475
3932,484
3933,514
3934,446
3935,551
3936,474
3937,484
3938,516
3939,445
3940,552
3941,476
3942,483
3943,516
3944,445
3945,553
3946,477
3947,482
3948,517
3949,443
3950,528
3951,478
3952,480
3953,516
3954,441
3955,524
3956,478
3957,479
3958,519
3959,442
3960,523
3961,481
3962,479
3963,521
3964,441
3965,521
3966,481
3967,478
3968,523
3969,441
3970,521
3971,483
3972,476
3973,523
3974,438
3975,518
3976,483
3977,476
3978,523
3979,439
3980,517
3981,484
3982,475
3983,525
3984,438
3985,517
3986,485
3987,474
3988,525
3989,437
3990,515
3991,486
3992,474
3993,525
3994,436
3995,514
3996,487
3997,472
3998,526
3999,435
4000,514
4001,488
4002,471
4003,527
4004,434
4005,512
4006,489
4007,470
4008,528
4009,433
4010,511
4011,492
4012,469
4013,530
4014,432
4015,509
4016,492
4017,469
4018,530
4019,432
4020,509
4021,492
4022,467
4023,530
4024,430
4025,507
4026,493
4027,468
4028,532
4029,430
4030,507
4031,494
4032,467
4033,533
4034,430
4035,506
4036,495
4037,465
4038,532
4039,427
4040,504
4041,495
4042,464
4043,534
4044,427
4045,504
4046,497
4047,464
4048,535
4049,426
4050,502
4051,498
4052,462
4053,536
4054,455
4055,501
4056,499
4057,460
4058,536
4059,454
4060,499
4061,499
4062,460
4063,539
4064,457
4065,499
4066,501
4067,459
4068,540
4069,458
4070,498
4071,501
4072,458
4073,540
4074,460
4075,497
4076,502
4077,457
4078,540
4079,461
4080,496
4081,503
4082,457
4083,541
4084,462
4085,495
4086,504
4087,456
4088,542
4089,463
4090,494
4091,505
4092,455
4093,543
4094,464
4095,493
4096,508
4097,454
4098,544
4099,465
4100,491
4101,507
4102,453
4103,545
4104,466
4105,491
4106,508
4107,452
4108,545
4109,466
4110,490
4111,509
4112,452
4113,546
4114,468
4115,489
4116,510
4117,451
4118,547
4119,469
4120,489
4121,511
4122,450
4123,548
4124,470
4125,488
4126,512
4127,449
4128,548
4129,471
4130,487
4131,513
4132,448
4133,549
4134,473
4135,485
4136,512
4137,446
4138,549
4139,475
4140,484
4141,515
4142,445
4143,550
4144,475
4145,483
4146,515
4147,445
4148,552
4149,476
4150,483
4151,516
4152,444
4153,552
4154,477
4155,481
4156,516
4157,442
4158,528
4159,477
4160,480
4161,516
4162,441
4163,524
4164,478
4165,479
4166,518
4167,443
4168,523
4169,480
4170,479
4171,520
4172,441
4173,521
4174,481
4175,478
4176,521
4177,440
4178,520
4179,482
4180,477
4181,522
4182,438
4183,519
4184,484
4185,476
4186,524
4187,438
4188,517
4189,484
4190,475
4191,523
4192,438
4193,516
4194,485
4195,474
4196,525
4197,437
4198,515
4199,486
4200,474
4201,526
4202,436
4203,514
4204,487
4205,472
4206,526
4207,435
4208,514
4209,488
4210,471
4211,527
4212,434
4213,512
4214,489
4215,471
4216,528
4217,434
4218,512
4219,490
4220,469
4221,529
4222,432
4223,510
4224,493
4225,468
4226,530
4227,432
4228,508
4229,492
4230,468
4231,531
4232,430
4233,508
4234,493
4235,468
4236,532
4237,430
4238,507
4239,495
4240,466
4241,532
4242,429
4243,506
4244,495
4245,465
4246,533
4247,427
4248,504
4249,495
4250,464
4251,534
4252,427
4253,504
4254,497
4255,463
4256,534
4257,426
4258,502
4259,497
4260,462
4261,535
4262,450
4263,502
4264,499
4265,463
4266,538
4267,458
4268,502
4269,501
4270,460
4271,539
4272,457
4273,500
4274,501
4275,459
4276,539
4277,458
4278,499
4279,502
4280,459
4281,540
4282,460
4283,497
4284,502
4285,458
4286,540
4287,461
4288,496
4289,503
4290,457
4291,541
4292,462
4293,495
4294,504
4295,456
4296,542
4297,464
4298,494
4299,505
4300,455
4301,543
4302,465
4303,493
4304,506
4305,454
4306,544
4307,466
4308,492
4309,507
4310,451
4311,544
4312,467
4313,490
4314,509
4315,452
4316,545
4317,467
4318,491
4319,509
4320,451
4321,546
4322,468
4323,489
4324,510
4325,450
4326,547
4327,469
4328,488
4329,511
4330,450
4331,548
4332,470
4333,487
4334,512
4335,449
4336,548
4337,471
4338,486
4339,513
4340,448
4341,549
4342,472
4343,485
4344,512
4345,446
4346,549
4347,473
4348,484
4349,514
4350,447
4351,552
4352,478
4353,484
4354,516
4355,446
4356,553
4357,477
4358,481
4359,515
4360,444
4361,552
4362,476
4363,481
4364,516
4365,442
4366,528
4367,479
4368,480
4369,518
4370,442
4371,525
4372,479
4373,480
4374,519
4375,443
4376,524
4377,480
4378,479
4379,520
4380,441
4381,522
4382,481
4383,478
4384,521
4385,440
4386,520
4387,482
4388,477
4389,522
4390,439
4391,519
4392,483
4393,476
4394,523
4395,437
4396,517
4397,485
4398,474
4399,524
4400,437
4401,516
4402,485
4403,474
4404,525
4405,437
4406,515
4407,486
4408,473
4409,526
4410,436
4411,514
4412,487
4413,472
4414,526
4415,435
4416,514
4417,488
4418,471
4419,527
4420,434
4421,512
4422,489
4423,470
4424,528
4425,434
4426,512
4427,490
4428,470
4429,529
4430,432
4431,511
4432,491
4433,469
4434,530
4435,432
4436,509
4437,492
4438,466
4439,531
4440,429
4441,508
4442,494
4443,467
4444,532
4445,430
4446,507
4447,495
4448,466
4449,532
4450,428
4451,505
4452,496
4453,465
4454,531
4455,426
4456,503
4457,495
4458,463
4459,533
4460,426
4461,503
4462,496
4463,463
4464,534
4465,426
4466,502
4467,497
4468,462
4469,536
4470,450
4471,502
4472,498
4473,463
4474,538
4475,455
4476,501
4477,500
4478,461
4479,537
4480,459
4481,498
4482,500
4483,459
4484,539
4485,458
4486,498
4487,501
4488,458
4489,539
4490,459
4491,497
4492,502
4493,457
4494,540
4495,460
4496,496
4497,503
4498,457
4499,541
4500,462
4501,495
4502,505
4503,456
4504,542
4505,463
4506,495
4507,506
4508,455
4509,543
4510,464
4511,494
4512,507
4513,455
4514,544
4515,466
4516,492
4517,507
4518,453
4519,544
4520,466
4521,491
4522,508
4523,450
4524,545
4525,468
4526,490
4527,509
4528,451
4529,546
4530,468
4531,489
4532,510
4533,451
4534,547
4535,469
4536,488
4537,511
4538,450
4539,548
4540,470
4541,487
4542,512
4543,449
4544,548
4545,471
4546,486
4547,512
4548,447
4549,549
4550,472
4551,485
4552,512
4553,446
4554,549
4555,472
4556,483
4557,514
4558,447
4559,551
4560,475
4561,484
4562,515
4563,445
4564,552
4565,476
4566,481
4567,515
4568,443
4569,552
4570,477
4571,480
4572,517
4573,443
4574,529
4575,477
4576,480
4577,518
4578,443
4579,526
4580,480
4581,480
4582,520
4583,444
4584,524
4585,481
4586,480
4587,521
4588,441
4589,521
4590,482
4591,478
4592,521
4593,440
4594,520
4595,482
4596,477
4597,522
4598,439
4599,519
4600,483
4601,476
4602,523
4603,439
4604,517
4605,484
4606,475
4607,524
4608,436
4609,516
4610,485
4611,473
4612,526
4613,437
4614,515
4615,486
4616,473
4617,526
4618,436
4619,514
4620,487
4621,472
4622,526
4623,434
4624,513
4625,488
4626,471
4627,527
4628,434
4629,512
4630,489
4631,470
4632,528
4633,434
4634,512
4635,490
4636,469
4637,529
4638,432
4639,510
4640,491
4641,468
4642,530
4643,432
4644,509
4645,492
4646,467
4647,531
4648,430
4649,508
4650,493
4651,465
4652,530
4653,428
4654,505
4655,494
4656,465
4657,532
4658,429
4659,505
4660,495
4661,465
4662,534
4663,428
4664,505
4665,497
4666,465
4667,534
4668,428
4669,504
4670,497
4671,463
4672,535
4673,426
4674,502
4675,497
4676,462
4677,535
4678,450
4679,501
4680,498
4681,463
4682,538
4683,455
4684,501
4685,500
4686,461
4687,537
4688,457
4689,499
4690,500
4691,459
4692,539
4693,458
4694,497
4695,503
4696,458
4697,540
4698,458
4699,496
4700,503
4701,458
4702,540
4703,461
4704,496
4705,504
4706,457
4707,541
4708,461
4709,495
4710,504
4711,456
4712,542
4713,463
4714,494
4715,505
4716,455
4717,543
4718,465
4719,493
4720,506
4721,454
4722,543
4723,465
4724,492
4725,507
4726,453
4727,544
4728,466
4729,491
4730,509
4731,452
4732,545
4733,467
4734,490
4735,509
4736,450
4737,546
4738,469
4739,488
4740,510
4741,449
4742,548
4743,469
4744,489
4745,511
4746,450
4747,548
4748,470
4749,488
4750,512
4751,448
4752,548
4753,471
4754,486
4755,511
4756,447
4757,548
4758,472
4759,485
4760,511
4761,445
4762,548
4763,472
4764,483
4765,514
4766,447
4767,551
4768,475
4769,484
4770,515
4771,445
4772,551
4773,475
4774,482
4775,516
4776,445
4777,553
4778,477
4779,480
4780,517
4781,443
4782,525
4783,479
4784,480
4785,518
4786,444
4787,526
4788,479
4789,480
4790,519
4791,441
4792,522
4793,480
4794,479
4795,520
4796,440
4797,521
4798,481
4799,478
4800,521
4801,440
4802,520
4803,482
4804,477
4805,522
4806,439
4807,518
4808,483
4809,476
4810,523
4811,439
4812,517
4813,484
4814,475
4815,524
4816,438
4817,516
4818,485
4819,474
4820,524
4821,437
4822,516
4823,487
4824,474
4825,526
4826,435
4827,515
4828,487
4829,473
4830,526
4831,435
4832,514
4833,488
4834,471
4835,527
4836,433
4837,512
4838,489
4839,470
4840,528
4841,433
4842,511
4843,490
4844,469
4845,529
4846,432
4847,510
4848,491
4849,469
4850,530
4851,432
4852,509
4853,492
4854,467
4855,531
4856,430
4857,508
4858,493
4859,466
4860,531
4861,429
4862,507
4863,494
4864,466
4865,534
4866,429
4867,507
4868,497
4869,466
4870,534
4871,429
4872,505
4873,496
4874,464
4875,534
4876,427
4877,504
4878,497
4879,462
4880,535
4881,426
4882,503
4883,498
4884,463
4885,537
4886,451
4887,502
4888,499
4889,463
4890,538
4891,455
4892,502
4893,500
4894,461
4895,537
4896,456
4897,500
4898,501
4899,460
4900,539
4901,458
4902,499
4903,502
4904,459
4905,540
4906,459
4907,496
4908,503
4909,457
4910,541
4911,459
4912,495
4913,503
4914,457
4915,541
4916,462
4917,495
4918,504
4919,456
4920,542
4921,463
4922,495
4923,505
4924,455
4925,543
4926,465
4927,493
4928,506
4929,454
4930,543
4931,466
4932,492
4933,507
4934,453
4935,544
4936,466
4937,491
4938,508
4939,452
4940,545
4941,466
4942,490
4943,509
4944,451
4945,546
4946,468
4947,489
4948,510
4949,451
4950,549
4951,469
4952,487
4953,512
4954,449
4955,548
4956,470
4957,487
4958,512
4959,449
4960,548
4961,471
4962,486
4963,512
4964,446
4965,548
4966,472
4967,485
4968,513
4969,447
4970,550
4971,473
4972,484
4973,514
4974,448
4975,552
4976,475
4977,484
4978,516
4979,446
4980,552
4981,476
4982,483
4983,517
4984,445
4985,553
4986,477
4987,482
4988,517
4989,444
4990,529
4991,478
4992,479
4993,518
4994,442
4995,524
4996,480
4997,480
4998,519
4999,441
5000,522
5001,480
5002,479
5003,520
5004,440
5005,521
5006,481
5007,477
5008,521
5009,439
5010,520
5011,482
5012,477
5013,522
5014,439
5015,520
5016,483
5017,476
5018,523
5019,438
5020,517
5021,484
5022,475
5023,523
5024,437
5025,516
5026,485
5027,474
5028,524
5029,437
5030,515
5031,486
5032,473
5033,525
5034,436
5035,514
5036,488
5037,471
5038,527
5039,434
5040,512
5041,488
5042,471
5043,527
5044,434
5045,513
5046,489
5047,471
5048,528
5049,434
5050,512
5051,490
5052,470
5053,529
5054,432
5055,511
5056,491
5057,469
5058,530
5059,432
5060,509
5061,492
5062,468
5063,531
5064,430
5065,508
5066,493
5067,467
5068,532
5069,430
5070,507
5071,494
5072,466
5073,532
5074,428
5075,506
5076,495
5077,465
5078,534
5079,427
5080,503
5081,496
5082,463
5083,534
5084,426
5085,503
5086,497
5087,463
5088,534
5089,426
5090,502
5091,497
5092,461
5093,534
5094,449
5095,501
5096,498
5097,461
5098,537
5099,454
5100,500
5101,499
5102,459
5103,537
5104,456
5105,499
5106,500
5107,459
5108,539
5109,458
5110,498
5111,501
5112,458
5113,539
5114,459
5115,497
5116,503
5117,458
5118,540
5119,460
5120,494
5121,503
5122,455
5123,541
5124,461
5125,494
5126,504
5127,456
5128,542
5129,463
5130,495
5131,506
5132,456
5133,543
5134,465
5135,494
5136,506
5137,454
5138,544
5139,465
5140,492
5141,507
5142,453
5143,544
5144,465
5145,491
5146,508
5147,452
5148,545
5149,467
5150,490
5151,509
5152,451
5153,546
5154,468
5155,489
5156,510
5157,450
5158,547
5159,469
5160,488
5161,511
5162,450
5163,549
5164,470
5165,487
5166,512
5167,448
5168,548
5169,471
5170,486
5171,512
5172,447
5173,548
5174,472
5175,485
5176,514
5177,446
5178,550
5179,473
5180,484
5181,514
5182,447
5183,552
5184,475
5185,484
5186,514
5187,444
5188,551
5189,475
5190,482
5191,516
5192,444
5193,552
5194,477
5195,482
5196,517
5197,444
5198,529
5199,478
5200,481
5201,517
5202,442
5203,524
5204,478
5205,479
5206,520
5207,442
5208,520
5209,480
5210,477
5211,521
5212,441
5213,521
5214,481
5215,478
5216,521
5217,440
5218,520
5219,482
5220,477
5221,522
5222,439
5223,518
5224,483
5225,476
5226,523
5227,439
5228,517
5229,484
5230,475
5231,524
5232,438
5233,517
5234,485
5235,474
5236,524
5237,437
5238,515
5239,486
5240,473
5241,525
5242,436
5243,514
5244,487
5245,472
5246,526
5247,435
5248,511
5249,488
5250,470
5251,527
5252,433
5253,512
5254,489
5255,470
5256,528
5257,433
5258,511
5259,490
5260,469
5261,529
5262,432
5263,509
5264,491
5265,468
5266,530
5267,432
5268,509
5269,492
5270,468
5271,531
5272,430
5273,508
5274,493
5275,467
5276,531
5277,429
5278,507
5279,494
5280,467
5281,534
5282,430
5283,507
5284,496
5285,465
5286,533
5287,427
5288,504
5289,495
5290,464
5291,536
5292,427
5293,503
5294,497
5295,462
5296,536
5297,426
5298,502
5299,498
5300,463
5301,537
5302,451
5303,502
5304,499
5305,461
5306,535
5307,453
5308,499
5309,499
5310,460
5311,536
5312,455
5313,498
5314,500
5315,459
5316,539
5317,458
5318,498
5319,501
5320,458
5321,540
5322,459
5323,497
5324,502
5325,457
5326,540
5327,461
5328,496
5329,503
5330,457
5331,541
5332,462
5333,495
5334,506
5335,456
5336,543
5337,462
5338,493
5339,506
5340,455
5341,543
5342,464
5343,493
5344,506
5345,454
5346,544
5347,466
5348,492
5349,507
5350,453
5351,544
5352,466
5353,491
5354,508
5355,452
5356,545
5357,467
5358,490
5359,509
5360,451
5361,546
5362,468
5363,489
5364,510
5365,451
5366,547
5367,469
5368,488
5369,511
5370,450
5371,547
5372,470
5373,487
5374,512
5375,448
5376,550
5377,471
5378,485
5379,511
5380,446
5381,548
5382,472
5383,485
5384,513
5385,447
5386,550
5387,474
5388,485
5389,514
5390,446
5391,551
5392,475
5393,483
5394,515
5395,445
5396,552
5397,476
5398,483
5399,517
5400,445
5401,552
5402,477
5403,482
5404,517
5405,443
5406,529
5407,478
5408,480
5409,517
5410,441
5411,524
5412,478
5413,479
5414,518
5415,443
5416,523
5417,480
5418,479
5419,522
5420,441
5421,520
5422,481
5423,477
5424,522
5425,440
5426,520
5427,482
5428,477
5429,522
5430,439
5431,519
5432,483
5433,476
5434,524
5435,439
5436,517
5437,484
5438,475
5439,523
5440,438
5441,516
5442,485
5443,474
5444,524
5445,437
5446,515
5447,486
5448,473
5449,526
5450,436
5451,514
5452,487
5453,472
5454,526
5455,435
5456,513
5457,488
5458,471
5459,527
5460,434
5461,512
5462,491
5463,471
5464,529
5465,434
5466,510
5467,491
5468,470
5469,529
5470,432
5471,511
5472,491
5473,468
5474,530
5475,432
5476,508
5477,492
5478,468
5479,531
5480,431
5481,508
5482,493
5483,468
5484,532
5485,430
5486,507
5487,494
5488,468
5489,534
5490,430
5491,507
5492,495
5493,465
5494,532
5495,427
5496,504
5497,495
5498,465
5499,535
5500,427
5501,504
5502,497
5503,463
5504,536
5505,426
5506,501
5507,498
5508,463
5509,538
5510,455
5511,503
5512,500
5513,462
5514,537
5515,454
5516,500
5517,499
5518,460
5519,537
5520,456
5521,498
5522,500
5523,458
5524,539
5525,457
5526,498
5527,501
5528,458
5529,540
5530,460
5531,497
5532,502
5533,458
5534,540
5535,461
5536,496
5537,503
5538,456
5539,541
5540,462
5541,495
5542,504
5543,456
5544,542
5545,464
5546,494
5547,507
5548,455
5549,544
5550,463
5551,492
5552,507
5553,454
5554,543
5555,465
5556,492
5557,507
5558,454
5559,544
5560,466
5561,491
5562,508
5563,452
5564,545
5565,467
5566,490
5567,509
5568,452
5569,546
5570,468
5571,489
5572,510
5573,450
5574,547
5575,469
5576,488
5577,511
5578,450
5579,547
5580,470
5581,488
5582,512
5583,449
5584,549
5585,472
5586,486
5587,513
5588,448
5589,549
5590,475
5591,485
5592,514
5593,447
5594,552
5595,475
5596,485
5597,515
5598,447
5599,551
5600,476
5601,484
5602,516
5603,445
5604,553
5605,476
5606,482
5607,516
5608,445
5609,553
5610,477
5611,482
5612,518
5613,443
5614,528
5615,478
5616,480
5617,517
5618,441
5619,524
5620,478
5621,479
5622,518
5623,442
5624,523
5625,480
5626,479
5627,520
5628,440
5629,521
5630,481
5631,478
5632,523
5633,440
5634,521
5635,483
5636,477
5637,523
5638,438
5639,518
5640,483
5641,476
5642,522
5643,438
5644,517
5645,484
5646,475
5647,524
5648,438
5649,516
5650,485
5651,475
5652,524
5653,437
5654,515
5655,486
5656,473
5657,525
5658,436
5659,514
5660,487
5661,472
5662,527
5663,436
5664,514
5665,489
5666,471
5667,527
5668,434
5669,513
5670,489
5671,470
5672,528
5673,433
5674,511
5675,492
5676,469
5677,530
5678,432
5679,509
5680,492
5681,469
5682,530
5683,432
5684,509
5685,492
5686,468
5687,531
5688,430
5689,507
5690,493
5691,468
5692,532
5693,430
5694,507
5695,494
5696,466
5697,533
5698,429
5699,506
5700,495
5701,465
5702,532
5703,427
5704,504
5705,495
5706,464
5707,534
5708,427
5709,503
5710,497
5711,463
5712,534
5713,426
5714,502
5715,498
5716,462
5717,536
5718,457
5719,501
5720,500
5721,460
5722,536
5723,454
5724,499
5725,499
5726,460
5727,538
5728,456
5729,499
5730,500
5731,459
5732,539
5733,458
5734,498
5735,502
5736,459
5737,540
5738,460
5739,497
5740,502
5741,458
5742,540
5743,460
5744,496
5745,504
5746,457
5747,541
5748,462
5749,495
5750,504
5751,456
5752,542
5753,463
5754,494
5755,505
5756,455
5757,543
5758,463
5759,493
5760,508
5761,454
5762,544
5763,465
5764,492
5765,507
5766,453
5767,544
5768,466
5769,491
5770,508
5771,452
5772,545
5773,467
5774,490
5775,510
5776,451
5777,546
5778,468
5779,489
5780,510
5781,451
5782,547
5783,469
5784,488
5785,511
5786,450
5787,548
5788,470
5789,487
5790,512
5791,449
5792,548
5793,471
5794,486
5795,513
5796,448
5797,549
5798,473
5799,486
5800,512
5801,446
5802,549
5803,475
5804,484
5805,515
5806,445
5807,551
5808,475
5809,483
5810,515
5811,445
5812,551
5813,476
5814,483
5815,517
5816,445
5817,553
5818,478
5819,482
5820,516
5821,443
5822,528
5823,477
5824,480
5825,516
5826,441
5827,524
5828,477
5829,479
5830,518
5831,443
5832,523
5833,480
5834,479
5835,520
5836,441
5837,521
5838,481
5839,478
5840,521
5841,440
5842,520
5843,482
5844,477
5845,522
5846,438
5847,519
5848,484
5849,476
5850,524
5851,438
5852,518
5853,484
5854,475
5855,523
5856,437
5857,516
5858,485
5859,474
5860,525
5861,437
5862,515
5863,486
5864,473
5865,525
5866,436
5867,514
5868,487
5869,472
5870,526
5871,435
5872,514
5873,488
5874,471
5875,527
5876,434
5877,512
5878,489
5879,470
5880,528
5881,433
5882,511
5883,490
5884,469
5885,529
5886,432
5887,510
5888,493
5889,468
5890,530
5891,430
5892,508
5893,493
5894,466
5895,531
5896,431
5897,509
5898,493
5899,468
5900,533
5901,430
5902,508
5903,495
5904,467
5905,532
5906,428
5907,506
5908,495
5909,465
5910,532
5911,427
5912,504
5913,495
5914,464
5915,535
5916,427
5917,504
5918,497
5919,463
5920,535
5921,426
5922,502
5923,497
5924,462
5925,535
5926,450
5927,501
5928,498
5929,463
5930,538
5931,458
5932,501
5933,501
5934,460
5935,539
5936,457
5937,499
5938,501
5939,459
5940,539
5941,459
5942,498
5943,501
5944,458
5945,540
5946,459
5947,497
5948,503
5949,458
5950,540
5951,459
5952,496
5953,503
5954,457
5955,541
5956,462
5957,495
5958,504
5959,456
5960,542
5961,463
5962,494
5963,505
5964,455
5965,542
5966,465
5967,493
5968,506
5969,454
5970,543
5971,466
5972,492
5973,507
5974,451
5975,544
5976,467
5977,490
5978,509
5979,452
5980,545
5981,467
5982,491
5983,509
5984,452
5985,546
5986,468
5987,489
5988,511
5989,450
5990,546
5991,469
5992,488
5993,511
5994,450
5995,547
5996,471
5997,488
5998,512
5999,449
6000,549
6001,471
6002,486
6003,513
6004,448
6005,549
6006,472
6007,485
6008,512
6009,446
6010,549
6011,472
6012,484
6013,514
6014,447
6015,552
6016,477
6017,484
6018,516
6019,445
6020,553
6021,477
6022,482
6023,515
6024,443
6025,552
6026,476
6027,481
6028,516
6029,443
6030,528
6031,478
6032,480
6033,518
6034,442
6035,525
6036,478
6037,479
6038,520
6039,441
6040,522
6041,479
6042,478
6043,520
6044,440
6045,521
6046,481
6047,478
6048,521
6049,440
6050,520
6051,482
6052,477
6053,522
6054,439
6055,518
6056,483
6057,476
6058,523
6059,437
6060,517
6061,485
6062,474
6063,525
6064,437
6065,516
6066,485
6067,475
6068,525
6069,437
6070,515
6071,486
6072,473
6073,525
6074,435
6075,515
6076,487
6077,472
6078,527
6079,435
6080,514
6081,488
6082,471
6083,527
6084,434
6085,512
6086,489
6087,470
6088,528
6089,433
6090,511
6091,490
6092,469
6093,529
6094,432
6095,510
6096,491
6097,469
6098,530
6099,432
6100,509
6101,492
6102,466
6103,531
6104,429
6105,507
6106,494
6107,467
6108,532
6109,430
6110,507
6111,494
6112,466
6113,531
6114,428
6115,505
6116,495
6117,465
6118,531
6119,426
6120,503
6121,495
6122,463
6123,533
6124,426
6125,503
6126,496
6127,463
6128,534
6129,425
6130,502
6131,497
6132,462
6133,535
6134,450
6135,501
6136,499
6137,463
6138,539
6139,455
6140,501
6141,501
6142,461
6143,537
6144,457
6145,499
6146,501
6147,458
6148,539
6149,458
6150,497
6151,501
6152,459
6153,540
6154,459
6155,497
6156,502
6157,457
6158,540
6159,459
6160,496
6161,503
6162,457
6163,541
6164,462
6165,495
6166,504
6167,456
6168,542
6169,464
6170,494
6171,505
6172,455
6173,543
6174,464
6175,493
6176,506
6177,454
6178,544
6179,466
6180,492
6181,507
6182,453
6183,544
6184,466
6185,491
6186,508
6187,451
6188,545
6189,468
6190,489
6191,510
6192,450
6193,546
6194,468
6195,489
6196,510
6197,451
6198,547
6199,469
6200,488
6201,511
6202,450
6203,548
6204,470
6205,487
6206,512
6207,448
6208,548
6209,471
6210,486
6211,511
6212,447
6213,549
6214,472
6215,485
6216,512
6217,446
6218,549
6219,473
6220,484
6221,514
6222,447
6223,551
6224,475
6225,484
6226,515
6227,445
6228,551
6229,476
6230,480
6231,515
6232,443
6233,528
6234,477
6235,480
6236,517
6237,443
6238,528
6239,478
6240,480
6241,518
6242,443
6243,526
6244,481
6245,480
6246,519
6247,443
6248,524
6249,481
6250,480
6251,521
6252,441
6253,522
6254,481
6255,478
6256,521
6257,439
6258,520
6259,482
6260,477
6261,522
6262,439
6263,519
6264,483
6265,476
6266,523
6267,439
6268,517
6269,484
6270,475
6271,524
6272,436
6273,516
6274,486
6275,473
6276,525
6277,436
6278,516
6279,486
6280,473
6281,525
6282,436
6283,514
6284,487
6285,472
6286,526
6287,434
6288,513
6289,488
6290,471
6291,527
6292,434
6293,513
6294,489
6295,470
6296,528
6297,434
6298,512
6299,490
6300,470
6301,529
6302,433
6303,510
6304,491
6305,469
6306,530
6307,432
6308,509
6309,492
6310,468
6311,531
6312,430
6313,508
6314,493
6315,465
6316,530
6317,428
6318,505
6319,495
6320,465
6321,532
6322,428
6323,505
6324,494
6325,465
6326,533
6327,428
6328,505
6329,496
6330,463
6331,532
6332,425
6333,503
6334,496
6335,462
6336,534
6337,425
6338,502
6339,497
6340,461
6341,535
6342,450
6343,501
6344,498
6345,463
6346,538
6347,455
6348,501
6349,500
6350,461
6351,537
6352,456
6353,499
6354,500
6355,458
6356,538
6357,458
6358,497
6359,502
6360,457
6361,540
6362,458
6363,496
6364,502
6365,458
6366,540
6367,459
6368,496
6369,503
6370,457
6371,541
6372,461
6373,494
6374,504
6375,456
6376,542
6377,462
6378,495
6379,505
6380,454
6381,543
6382,463
6383,494
6384,506
6385,454
6386,544
6387,465
6388,492
6389,507
6390,453
6391,544
6392,467
6393,491
6394,508
6395,452
6396,545
6397,468
6398,490
6399,509
6400,450
6401,546
6402,470
6403,489
6404,511
6405,451
6406,546
6407,469
6408,488
6409,511
6410,449
6411,547
6412,470
6413,487
6414,512
6415,449
6416,548
6417,472
6418,487
6419,512
6420,447
6421,548
6422,472
6423,485
6424,511
6425,445
6426,549
6427,472
6428,483
6429,514
6430,447
6431,551
6432,475
6433,484
6434,515
6435,445
6436,551
6437,475
6438,482
6439,516
6440,444
6441,552
6442,477
6443,480
6444,517
6445,443
6446,529
6447,479
6448,480
6449,519
6450,444
6451,526
6452,480
6453,480
6454,520
6455,443
6456,523
6457,480
6458,479
6459,520
6460,440
6461,521
6462,481
6463,478
6464,521
6465,440
6466,520
6467,482
6468,477
6469,522
6470,439
6471,518
6472,483
6473,476
6474,522
6475,438
6476,517
6477,484
6478,475
6479,523
6480,438
6481,516
6482,485
6483,474
6484,524
6485,437
6486,516
6487,487
6488,473
6489,526
6490,436
6491,515
6492,487
6493,472
6494,526
6495,435
6496,514
6497,488
6498,472
6499,527
6500,433
6501,513
6502,489
6503,470
6504,528
6505,433
6506,511
6507,490
6508,469
6509,529
6510,432
6511,510
6512,491
6513,469
6514,530
6515,432
6516,509
6517,492
6518,468
6519,530
6520,430
6521,508
6522,493
6523,467
6524,531
6525,430
6526,507
6527,494
6528,466
6529,533
6530,429
6531,507
6532,496
6533,466
6534,534
6535,429
6536,506
6537,496
6538,465
6539,534
6540,428
6541,504
6542,497
6543,462
6544,535
6545,426
6546,503
6547,498
6548,463
6549,537
6550,451
6551,502
6552,499
6553,463
6554,538
6555,455
6556,501
6557,500
6558,461
6559,537
6560,457
6561,499
6562,500
6563,459
6564,538
6565,458
6566,498
6567,502
6568,459
6569,539
6570,459
6571,496
6572,502
6573,457
6574,541
6575,459
6576,495
6577,503
6578,457
6579,541
6580,462
6581,495
6582,504
6583,456
6584,542
6585,463
6586,494
6587,505
6588,455
6589,542
6590,464
6591,493
6592,506
6593,454
6594,543
6595,466
6596,492
6597,507
6598,453
6599,544
6600,466
6601,491
6602,508
6603,453
6604,545
6605,467
6606,490
6607,509
6608,452
6609,546
6610,468
6611,490
6612,510
6613,451
6614,548
6615,470
6616,487
6617,511
6618,449
6619,548
6620,470
6621,487
6622,512
6623,448
6624,548
6625,471
6626,486
6627,512
6628,446
6629,548
6630,472
6631,485
6632,513
6633,447
6634,550
6635,473
6636,484
6637,514
6638,447
6639,551
6640,475
6641,484
6642,515
6643,445
6644,551
6645,476
6646,482
6647,516
6648,445
6649,553
6650,477
6651,482
6652,518
6653,444
6654,529
6655,478
6656,479
6657,518
6658,442
6659,523
6660,479
6661,479
6662,520
6663,442
6664,522
6665,480
6666,479
6667,520
6668,440
6669,521
6670,481
6671,477
6672,521
6673,440
6674,519
6675,481
6676,477
6677,522
6678,439
6679,518
6680,483
6681,477
6682,523
6683,439
6684,518
6685,484
6686,475
6687,524
6688,438
6689,516
6690,485
6691,474
6692,524
6693,437
6694,515
6695,486
6696,473
6697,525
6698,436
6699,514
6700,488
6701,471
6702,527
6703,434
6704,512
6705,488
6706,471
6707,527
6708,434
6709,512
6710,489
6711,470
6712,528
6713,433
6714,511
6715,490
6716,470
6717,529
6718,432
6719,510
6720,491
6721,469
6722,530
6723,432
6724,509
6725,492
6726,467
6727,531
6728,430
6729,508
6730,493
6731,467
6732,532
6733,430
6734,507
6735,494
6736,467
6737,533
6738,429
6739,506
6740,495
6741,465
6742,534
6743,427
6744,503
6745,496
6746,463
6747,534
6748,426
6749,503
6750,497
6751,463
6752,535
6753,426
6754,502
6755,497
6756,463
6757,536
6758,450
6759,501
6760,499
6761,461
6762,537
6763,455
6764,501
6765,500
6766,461
6767,537
6768,456
6769,499
6770,500
6771,459
6772,539
6773,458
6774,498
6775,501
6776,458
6777,540
6778,459
6779,497
6780,502
6781,458
6782,540
6783,461
6784,495
6785,503
6786,456
6787,541
6788,461
6789,494
6790,504
6791,456
6792,542
6793,463
6794,494
6795,505
6796,455
6797,543
6798,464
6799,493
6800,506
6801,454
6802,544
6803,466
6804,492
6805,507
6806,453
6807,544
6808,465
6809,491
6810,508
6811,452
6812,545
6813,467
6814,490
6815,509
6816,451
6817,546
6818,468
6819,490
6820,510
6821,450
6822,547
6823,469
6824,488
6825,511
6826,449
6827,549
6828,470
6829,486
6830,512
6831,448
6832,549
6833,471
6834,486
6835,512
6836,447
6837,549
6838,472
6839,485
6840,513
6841,448
6842,550
6843,474
6844,485
6845,515
6846,448
6847,552
6848,476
6849,485
6850,515
6851,445
6852,552
6853,475
6854,482
6855,516
6856,444
6857,552
6858,477
6859,481
6860,517
6861,444
6862,529
6863,478
6864,481
6865,517
6866,442
6867,524
6868,478
6869,479
6870,520
6871,441
6872,521
6873,479
6874,478
6875,521
6876,441
6877,521
6878,481
6879,478
6880,521
6881,440
6882,520
6883,482
6884,477
6885,522
6886,439
6887,519
6888,483
6889,476
6890,522
6891,438
6892,517
6893,484
6894,475
6895,523
6896,438
6897,516
6898,485
6899,474
6900,525
6901,437
6902,515
6903,486
6904,473
6905,525
6906,436
6907,514
6908,487
6909,472
6910,526
6911,435
6912,511
6913,488
6914,470
6915,528
6916,433
6917,511
6918,490
6919,471
6920,528
6921,433
6922,512
6923,490
6924,470
6925,529
6926,432
6927,509
6928,491
6929,469
6930,530
6931,432
6932,509
6933,492
6934,468
6935,531
6936,430
6937,508
6938,493
6939,467
6940,531
6941,429
6942,507
6943,494
6944,467
6945,534
6946,430
6947,507
6948,495
6949,465
6950,533
6951,427
6952,504
6953,495
6954,464
6955,536
6956,427
6957,503
6958,498
6959,462
6960,536
6961,426
6962,503
6963,498
6964,464
6965,537
6966,451
6967,502
6968,499
6969,462
6970,536
6971,454
6972,500
6973,499
6974,460
6975,536
6976,455
6977,498
6978,500
6979,459
6980,539
6981,458
6982,498
6983,501
6984,458
6985,540
6986,459
6987,497
6988,502
6989,457
6990,540
6991,460
6992,496
6993,503
6994,457
6995,541
6996,462
6997,495
6998,506
6999,456
7000,543
7001,462
7002,493
7003,506
7004,455
7005,543
7006,464
7007,493
7008,506
7009,454
7010,543
7011,465
7012,492
7013,507
7014,453
7015,544
7016,466
7017,491
7018,508
7019,452
7020,545
7021,467
7022,490
7023,509
7024,451
7025,546
7026,468
7027,489
7028,510
7029,451
7030,547
7031,469
7032,488
7033,511
7034,450
7035,548
7036,470
7037,487
7038,512
7039,448
7040,550
7041,471
7042,485
7043,511
7044,446
7045,548
7046,472
7047,485
7048,513
7049,447
7050,550
7051,474
7052,485
7053,514
7054,446
7055,551
7056,474
7057,483
7058,515
7059,445
7060,552
7061,476
7062,482
7063,517
7064,445
7065,553
7066,477
7067,481
7068,517
7069,444
7070,529
7071,478
7072,481
7073,517
7074,441
7075,524
7076,478
7077,479
7078,519
7079,442
7080,523
7081,481
7082,479
7083,522
7084,442
7085,520
7086,481
7087,477
7088,522
7089,440
7090,520
7091,482
7092,477
7093,522
7094,439
7095,519
7096,483
7097,476
7098,524
7099,439
7100,518
7101,484
7102,475
7103,524
7104,438
7105,516
7106,485
7107,474
7108,524
7109,437
7110,515
7111,486
7112,473
7113,526
7114,436
7115,514
7116,487
7117,472
7118,526
7119,435
7120,514
7121,488
7122,471
7123,527
7124,434
7125,512
7126,491
7127,470
7128,529
7129,432
7130,510
7131,491
7132,470
7133,529
7134,432
7135,510
7136,491
7137,468
7138,530
7139,432
7140,508
7141,491
7142,467
7143,530
7144,430
7145,508
7146,493
7147,468
7148,533
7149,430
7150,508
7151,494
7152,466
7153,533
7154,429
7155,506
7156,495
7157,465
7158,532
7159,426
7160,504
7161,495
7162,464
7163,534
7164,428
7165,504
7166,497
7167,463
7168,536
7169,426
7170,501
7171,498
7172,462
7173,537
7174,454
7175,502
7176,499
7177,462
7178,536
7179,454
7180,500
7181,499
7182,460
7183,537
7184,456
7185,498
7186,500
7187,459
7188,539
7189,457
7190,498
7191,501
7192,458
7193,540
7194,459
7195,497
7196,502
7197,457
7198,540
7199,461
7200,496
7201,503
7202,457
7203,541
7204,462
7205,495
7206,504
7207,456
7208,542
7209,463
7210,494
7211,508
7212,455
7213,543
7214,463
7215,492
7216,507
7217,454
7218,543
7219,466
7220,492
7221,507
7222,453
7223,544
7224,465
7225,490
7226,508
7227,452
7228,545
7229,467
7230,490
7231,509
7232,452
7233,546
7234,469
7235,489
7236,510
7237,451
7238,547
7239,469
7240,489
7241,511
7242,450
7243,547
7244,470
7245,488
7246,512
7247,449
7248,548
7249,471
7250,486
7251,513
7252,448
7253,549
7254,475
7255,485
7256,513
7257,447
7258,551
7259,474
7260,484
7261,514
7262,446
7263,551
7264,475
7265,484
7266,516
7267,445
7268,553
7269,476
7270,482
7271,516
7272,445
7273,553
7274,477
7275,482
7276,518
7277,444
7278,529
7279,478
7280,481
7281,517
7282,442
7283,524
7284,478
7285,479
7286,519
7287,443
7288,523
7289,480
7290,479
7291,521
7292,440
7293,521
7294,481
7295,478
7296,523
7297,440
7298,521
7299,483
7300,476
7301,523
7302,439
7303,518
7304,483
7305,476
7306,523
7307,438
7308,517
7309,484
7310,475
7311,524
7312,438
7313,516
7314,485
7315,474
7316,525
7317,437
7318,517
7319,486
7320,473
7321,525
7322,436
7323,514
7324,487
7325,472
7326,526
7327,435
7328,514
7329,488
7330,471
7331,528
7332,434
7333,513
7334,489
7335,470
7336,528
7337,433
7338,511
7339,492
7340,469
7341,530
7342,432
7343,509
7344,492
7345,469
7346,530
7347,432
7348,509
7349,492
7350,468
7351,531
7352,430
7353,508
7354,494
7355,467
7356,531
7357,429
7358,507
7359,494
7360,466
7361,532
7362,429
7363,506
7364,495
7365,465
7366,532
7367,427
7368,504
7369,495
7370,464
7371,534
7372,427
7373,503
7374,496
7375,463
7376,534
7377,426
7378,502
7379,497
7380,462
7381,536
7382,457
7383,501
7384,499
7385,460
7386,536
7387,454
7388,500
7389,499
7390,460
7391,538
7392,456
7393,499
7394,501
7395,459
7396,539
7397,458
7398,498
7399,502
7400,458
7401,540
7402,459
7403,497
7404,502
7405,458
7406,540
7407,460
7408,496
7409,503
7410,457
7411,541
7412,461
7413,495
7414,504
7415,456
7416,542
7417,464
7418,494
7419,505
7420,455
7421,543
7422,463
7423,493
7424,508
7425,454
7426,544
7427,466
7428,491
7429,508
7430,452
7431,544
7432,466
7433,491
7434,508
7435,452
7436,545
7437,467
7438,490
7439,510
7440,451
7441,546
7442,468
7443,489
7444,510
7445,450
7446,547
7447,469
7448,489
7449,511
7450,450
7451,548
7452,470
7453,487
7454,512
7455,448
7456,548
7457,471
7458,486
7459,512
7460,448
7461,549
7462,472
7463,485
7464,512
7465,446
7466,549
7467,475
7468,484
7469,515
7470,445
7471,551
7472,475
7473,484
7474,515
7475,445
7476,551
7477,475
7478,482
7479,516
7480,445
7481,553
7482,478
7483,482
7484,516
7485,443
7486,528
7487,477
7488,480
7489,516
7490,440
7491,524
7492,477
7493,479
7494,518
7495,442
7496,523
7497,480
7498,479
7499,520
7500,441
7501,521
7502,481
7503,478
7504,521
7505,440
7506,520
7507,482
7508,477
7509,522
7510,438
7511,519
7512,484
7513,475
7514,524
7515,438
7516,517
7517,484
7518,475
7519,524
7520,438
7521,516
7522,485
7523,474
7524,525
7525,437
7526,514
7527,486
7528,473
7529,525
7530,436
7531,514
7532,487
7533,472
7534,526
7535,435
7536,514
7537,488
7538,471
7539,527
7540,434
7541,512
7542,489
7543,470
7544,528
7545,434
7546,512
7547,490
7548,470
7549,529
7550,433
7551,511
7552,493
7553,468
7554,531
7555,430
7556,508
7557,493
7558,467
7559,531
7560,430
7561,508
7562,493
7563,468
7564,533
7565,430
7566,508
7567,496
7568,467
7569,532
7570,429
7571,506
7572,495
7573,465
7574,532
7575,426
7576,504
7577,495
7578,464
7579,534
7580,427
7581,504
7582,497
7583,463
7584,534
7585,426
7586,502
7587,497
7588,462
7589,536
7590,450
7591,501
7592,498
7593,461
7594,537
7595,457
7596,500
7597,500
7598,460
7599,538
7600,457
7601,499
7602,501
7603,459
7604,539
7605,458
7606,498
7607,501
7608,458
7609,539
7610,458
7611,497
7612,502
7613,458
7614,540
7615,459
7616,497
7617,503
7618,457
7619,541
7620,462
7621,495
7622,505
7623,456
7624,542
7625,463
7626,495
7627,506
7628,455
7629,543
7630,464
7631,494
7632,506
7633,454
7634,544
7635,465
7636,492
7637,507
7638,451
7639,544
7640,466
7641,490
7642,509
7643,451
7644,545
7645,467
7646,490
7647,509
7648,451
7649,546
7650,468
7651,489
7652,511
7653,451
7654,547
7655,469
7656,488
7657,511
7658,449
7659,547
7660,471
7661,487
7662,512
7663,449
7664,548
7665,472
7666,486
7667,513
7668,447
7669,549
7670,473
7671,485
7672,513
7673,447
7674,550
7675,474
7676,484
7677,514
7678,447
7679,552
7680,477
7681,484
7682,517
7683,446
7684,553
7685,476
7686,483
7687,517
7688,446
7689,554
7690,478
7691,482
7692,517
7693,443
7694,528
7695,479
7696,480
7697,519
7698,443
7699,526
7700,479
7701,480
7702,519
7703,443
7704,523
7705,481
7706,479
7707,521
7708,440
7709,521
7710,481
7711,478
7712,521
7713,440
7714,520
7715,482
7716,477
7717,522
7718,440
7719,518
7720,483
7721,476
7722,523
7723,437
7724,517
7725,485
7726,474
7727,525
7728,437
7729,516
7730,485
7731,474
7732,524
7733,437
7734,515
7735,486
7736,473
7737,525
7738,435
7739,515
7740,487
7741,472
7742,526
7743,435
7744,513
7745,488
7746,471
7747,527
7748,434
7749,513
7750,489
7751,470
7752,528
7753,434
7754,511
7755,490
7756,469
7757,529
7758,432
7759,510
7760,491
7761,468
7762,530
7763,432
7764,509
7765,492
7766,466
7767,531
7768,430
7769,507
7770,494
7771,467
7772,531
7773,429
7774,507
7775,494
7776,466
7777,531
7778,428
7779,506
7780,495
7781,465
7782,532
7783,426
7784,504
7785,495
7786,463
7787,533
7788,426
7789,503
7790,496
7791,463
7792,534
7793,425
7794,502
7795,497
7796,462
7797,536
7798,450
7799,501
7800,498
7801,463
7802,539
7803,455
7804,501
7805,500
7806,461
7807,537
7808,457
7809,498
7810,501
7811,458
7812,539
7813,458
7814,497
7815,501
7816,458
7817,540
7818,459
7819,497
7820,502
7821,457
7822,540
7823,459
7824,496
7825,503
7826,456
7827,541
7828,462
7829,495
7830,504
7831,456
7832,542
7833,463
7834,494
7835,505
7836,455
7837,543
7838,463
7839,493
7840,506
7841,454
7842,543
7843,466
7844,492
7845,507
7846,453
7847,544
7848,465
7849,491
7850,508
7851,451
7852,546
7853,468
7854,489
7855,510
7856,450
7857,546
7858,468
7859,489
7860,510
7861,451
7862,547
7863,470
7864,488
7865,511
7866,449
7867,548
7868,470
7869,487
7870,512
7871,448
7872,548
7873,471
7874,486
7875,512
7876,448
7877,549
7878,472
7879,485
7880,513
7881,446
7882,549
7883,473
7884,484
7885,514
7886,447
7887,552
7888,475
7889,484
7890,515
7891,445
7892,551
7893,475
7894,480
7895,514
7896,443
7897,528
7898,477
7899,480
7900,517
7901,443
7902,528
7903,478
7904,479
7905,518
7906,443
7907,526
7908,480
7909,480
7910,519
7911,443
7912,524
7913,481
7914,480
7915,521
7916,441
7917,522
7918,481
7919,478
7920,522
7921,440
7922,520
7923,482
7924,477
7925,522
7926,439
7927,520
7928,483
7929,476
7930,523
7931,439
7932,518
7933,485
7934,475
7935,525
7936,436
7937,516
7938,486
7939,473
7940,525
7941,436
7942,516
7943,486
7944,473
7945,525
7946,436
7947,514
7948,487
7949,472
7950,526
7951,434
7952,514
7953,488
7954,471
7955,527
7956,434
7957,512
7958,490
7959,470
7960,528
7961,433
7962,511
7963,490
7964,469
7965,529
7966,432
7967,510
7968,491
7969,468
7970,530
7971,432
7972,509
7973,492
7974,468
7975,530
7976,430
7977,508
7978,493
7979,465
7980,530
7981,428
7982,505
7983,494
7984,464
7985,532
7986,428
7987,505
7988,495
7989,465
7990,533
7991,428
7992,505
7993,496
7994,463
7995,532
7996,425
7997,502
7998,497
7999,464
8000,536
8001,426
8002,502
8003,498
8004,462
8005,536
8006,450
8007,502
8008,498
8009,463
8010,538
8011,455
8012,502
8013,500
8014,461
8015,537
8016,456
8017,499
8018,501
8019,459
8020,539
8021,458
8022,497
8023,501
8024,457
8025,540
8026,458
8027,496
8028,502
8029,458
8030,540
8031,461
8032,496
8033,503
8034,457
8035,541
8036,461
8037,495
8038,504
8039,455
8040,542
8041,463
8042,494
8043,505
8044,455
8045,543
8046,465
8047,493
8048,506
8049,454
8050,543
8051,466
8052,492
8053,507
8054,453
8055,544
8056,465
8057,491
8058,508
8059,452
8060,545
8061,467
8062,490
8063,509
8064,450
8065,546
8066,469
8067,488
8068,510
8069,450
8070,547
8071,469
8072,488
8073,511
8074,449
8075,547
8076,470
8077,487
8078,511
8079,448
8080,548
8081,471
8082,486
8083,512
8084,447
8085,549
8086,472
8087,485
8088,513
8089,447
8090,550
8091,473
8092,484
8093,515
8094,448
8095,552
8096,476
8097,484
8098,516
8099,446
8100,552
8101,476
8102,482
8103,516
8104,445
8105,553
8106,477
8107,480
8108,517
8109,442
8110,525
8111,479
8112,480
8113,518
8114,443
8115,526
8116,479
8117,480
8118,519
8119,442
8120,523
8121,480
8122,479
8123,520
8124,440
8125,521
8126,481
8127,478
8128,521
8129,440
8130,520
8131,482
8132,477
8133,522
8134,440
8135,519
8136,483
8137,476
8138,523
8139,438
8140,517
8141,484
8142,475
8143,523
8144,438
8145,516
8146,485
8147,474
8148,524
8149,437
8150,516
8151,487
8152,472
8153,526
8154,435
8155,514
8156,487
8157,472
8158,526
8159,435
8160,513
8161,488
8162,471
8163,527
8164,434
8165,512
8166,489
8167,471
8168,528
8169,434
8170,512
8171,490
8172,470
8173,529
8174,432
8175,510
8176,491
8177,469
8178,530
8179,432
8180,509
8181,492
8182,468
8183,531
8184,431
8185,508
8186,493
8187,467
8188,532
8189,429
8190,507
8191,494
8192,464
8193,532
8194,428
8195,506
8196,496
8197,465
8198,534
8199,428
8200,505
8201,496
8202,464
8203,534
8204,427
8205,503
8206,497
8207,463
8208,534
8209,425
8210,501
8211,497
8212,463
8213,536
8214,450
8215,502
8216,499
8217,463
8218,538
8219,455
8220,501
8221,500
8222,461
8223,537
8224,456
8225,499
8226,500
8227,459
8228,539
8229,458
8230,498
8231,501
8232,458
8233,540
8234,459
8235,496
8236,504
8237,458
8238,541
8239,459
8240,495
8241,503
8242,457
8243,541
8244,462
8245,495
8246,505
8247,456
8248,542
8249,463
8250,495
8251,506
8252,455
8253,543
8254,464
8255,493
8256,506
8257,454
8258,543
8259,465
8260,492
8261,507
8262,453
8263,544
8264,466
8265,491
8266,508
8267,452
8268,545
8269,467
8270,490
8271,509
8272,451
8273,546
8274,468
8275,489
8276,510
8277,450
8278,548
8279,469
8280,488
8281,511
8282,449
8283,548
8284,470
8285,487
8286,512
8287,449
8288,548
8289,471
8290,486
8291,511
8292,446
8293,548
8294,472
8295,485
8296,513
8297,447
8298,550
8299,473
8300,484
8301,514
8302,447
8303,552
8304,475
8305,484
8306,515
8307,445
8308,551
8309,475
8310,482
8311,516
8312,445
8313,553
8314,477
8315,482
8316,518
8317,444
8318,529
8319,478
8320,479
8321,518
8322,442
8323,525
8324,480
8325,480
8326,519
8327,442
8328,522
8329,480
8330,479
8331,520
8332,441
8333,521
8334,481
8335,478
8336,521
8337,440
8338,520
8339,482
8340,477
8341,522
8342,439
8343,518
8344,483
8345,476
8346,523
8347,438
8348,517
8349,484
8350,475
8351,524
8352,438
8353,516
8354,485
8355,474
8356,524
8357,437
8358,515
8359,486
8360,473
8361,525
8362,436
8363,514
8364,488
8365,472
8366,527
8367,434
8368,513
8369,488
8370,471
8371,527
8372,434
8373,512
8374,489
8375,470
8376,528
8377,433
8378,511
8379,490
8380,469
8381,529
8382,432
8383,510
8384,491
8385,469
8386,530
8387,432
8388,509
8389,492
8390,467
8391,530
8392,430
8393,508
8394,493
8395,467
8396,531
8397,429
8398,507
8399,494
8400,467
8401,533
8402,430
8403,506
8404,495
8405,465
8406,534
8407,427
8408,503
8409,495
8410,463
8411,534
8412,427
8413,503
8414,497
8415,463
8416,535
8417,426
8418,502
8419,498
8420,463
8421,536
8422,450
8423,502
8424,499
8425,461
8426,537
8427,454
8428,500
8429,500
8430,461
8431,536
8432,456
8433,499
8434,500
8435,459
8436,539
8437,458
8438,498
8439,501
8440,458
8441,540
8442,459
8443,497
8444,502
8445,458
8446,540
8447,461
8448,495
8449,504
8450,456
8451,541
8452,461
8453,494
8454,504
8455,456
8456,542
8457,463
8458,494
8459,505
8460,455
8461,543
8462,464
8463,493
8464,506
8465,454
8466,544
8467,466
8468,492
8469,507
8470,453
8471,544
8472,465
8473,491
8474,508
8475,452
8476,545
8477,467
8478,490
8479,509
8480,452
8481,546
8482,468
8483,489
8484,510
8485,451
8486,547
8487,469
8488,488
8489,511
8490,450
8491,549
8492,470
8493,486
8494,512
8495,448
8496,548
8497,471
8498,487
8499,512
8500,447
8501,549
8502,472
8503,485
8504,513
8505,446
8506,550
8507,473
8508,484
8509,514
8510,447
8511,552
8512,475
8513,484
8514,514
8515,445
8516,551
8517,475
8518,482
8519,516
8520,445
8521,553
8522,477
8523,481
8524,517
8525,444
8526,529
8527,478
8528,481
8529,517
8530,442
8531,524
8532,478
8533,479
8534,520
8535,442
8536,521
8537,479
8538,477
8539,521
8540,441
8541,521
8542,481
8543,478
8544,521
8545,439
8546,520
8547,482
8548,476
8549,522
8550,440
8551,519
8552,483
8553,476
8554,523
8555,439
8556,517
8557,484
8558,475
8559,523
8560,438
8561,516
8562,485
8563,474
8564,525
8565,437
8566,515
8567,486
8568,473
8569,525
8570,436
8571,514
8572,487
8573,472
8574,526
8575,435
8576,511
8577,488
8578,470
8579,528
8580,434
8581,513
8582,489
8583,470
8584,528
8585,433
8586,511
8587,490
8588,469
8589,529
8590,432
8591,509
8592,491
8593,468
8594,529
8595,432
8596,509
8597,493
8598,468
8599,531
8600,430
8601,508
8602,493
8603,467
8604,531
8605,429
8606,507
8607,494
8608,467
8609,534
8610,430
8611,506
8612,495
8613,465
8614,532
8615,428
8616,504
8617,496
8618,464
8619,536
8620,428
8621,503
8622,498
8623,462
8624,536
8625,426
8626,502
8627,498
8628,464
8629,537
8630,451
8631,503
8632,499
8633,462
8634,536
8635,455
8636,500
8637,499
8638,460
8639,536
8640,455
8641,498
8642,500
8643,459
8644,539
8645,458
8646,498
8647,501
8648,458
8649,539
8650,460
8651,497
8652,502
8653,458
8654,540
8655,461
8656,496
8657,503
8658,456
8659,541
8660,462
8661,495
8662,506
8663,456
8664,543
8665,462
8666,493
8667,506
8668,455
8669,543
8670,464
8671,493
8672,506
8673,454
8674,543
8675,466
8676,492
8677,507
8678,453
8679,544
8680,466
8681,491
8682,508
8683,453
8684,545
8685,467
8686,490
8687,509
8688,451
8689,546
8690,468
8691,489
8692,510
8693,450
8694,547
8695,469
8696,488
8697,511
8698,450
8699,548
8700,470
8701,487
8702,512
8703,449
8704,550
8705,472
8706,485
8707,511
8708,446
8709,548
8710,472
8711,485
8712,513
8713,447
8714,550
8715,474
8716,485
8717,515
8718,446
8719,551
8720,475
8721,484
8722,515
8723,446
8724,552
8725,475
8726,482
8727,516
8728,445
8729,553
8730,477
8731,482
8732,518
8733,444
8734,529
8735,478
8736,480
8737,517
8738,441
8739,524
8740,478
8741,479
8742,518
8743,442
8744,523
8745,481
8746,479
8747,522
8748,441
8749,520
8750,481
8751,477
8752,522
8753,440
8754,520
8755,482
8756,477
8757,522
8758,439
8759,518
8760,483
8761,476
8762,523
8763,438
8764,517
8765,484
8766,475
8767,524
8768,438
8769,516
8770,485
8771,474
8772,524
8773,437
8774,515
8775,486
8776,473
8777,525
8778,436
8779,513
8780,487
8781,473
8782,526
8783,435
8784,514
8785,488
8786,471
8787,527
8788,434
8789,512
8790,491
8791,470
8792,529
8793,432
8794,510
8795,491
8796,469
8797,529
8798,432
8799,510
8800,492
8801,468
8802,530
8803,432
8804,508
8805,492
8806,468
8807,530
8808,430
8809,508
8810,493
8811,468
8812,532
8813,430
8814,508
8815,494
8816,468
8817,534
8818,430
8819,507
8820,496
8821,466
8822,532
8823,427
8824,504
8825,495
8826,464
8827,534
8828,427
8829,504
8830,497
8831,463
8832,537
8833,426
8834,501
8835,498
8836,463
8837,537
8838,455
8839,502
8840,499
8841,462
8842,536
8843,454
8844,500
8845,499
8846,460
8847,537
8848,456
8849,498
8850,500
8851,459
8852,539
8853,458
8854,498
8855,501
8856,458
8857,540
8858,459
8859,497
8860,502
8861,458
8862,540
8863,461
8864,496
8865,504
8866,457
8867,541
8868,462
8869,495
8870,504
8871,456
8872,542
8873,463
8874,494
8875,507
8876,455
8877,543
8878,463
8879,492
8880,507
8881,454
8882,544
8883,466
8884,492
8885,507
8886,453
8887,544
8888,465
8889,491
8890,508
8891,452
8892,545
8893,466
8894,490
8895,509
8896,451
8897,546
8898,468
8899,489
8900,510
8901,451
8902,547
8903,469
8904,488
8905,511
8906,449
8907,547
8908,470
8909,487
8910,511
8911,449
8912,548
8913,471
8914,486
8915,513
8916,448
8917,549
8918,475
8919,486
8920,513
8921,446
8922,551
8923,474
8924,484
8925,514
8926,445
8927,551
8928,474
8929,483
8930,515
8931,446
8932,553
8933,476
8934,483
8935,517
8936,446
8937,554
8938,477
8939,482
8940,517
8941,443
8942,528
8943,477
8944,480
8945,516
8946,440
8947,524
8948,478
8949,479
8950,518
8951,442
8952,523
8953,481
8954,479
8955,520
8956,440
8957,521
8958,481
8959,478
8960,523
8961,440
8962,521
8963,484
8964,477
8965,523
8966,439
8967,519
8968,483
8969,476
8970,523
8971,438
8972,517
8973,484
8974,475
8975,524
8976,438
8977,516
8978,485
8979,474
8980,524
8981,437
8982,515
8983,486
8984,473
8985,525
8986,436
8987,514
8988,487
8989,472
8990,526
8991,435
8992,514
8993,488
8994,471
8995,527
8996,434
8997,513
8998,489
8999,470
9000,528
9001,434
9002,511
9003,492
9004,469
9005,530
9006,432
9007,509
9008,492
9009,468
9010,529
9011,432
9012,509
9013,492
9014,468
9015,531
9016,431
9017,508
9018,493
9019,468
9020,532
9021,431
9022,508
9023,494
9024,466
9025,533
9026,429
9027,506
9028,495
9029,465
9030,532
9031,427
9032,504
9033,495
9034,464
9035,535
9036,427
9037,504
9038,497
9039,463
9040,534
9041,426
9042,502
9043,497
9044,462
9045,536
9046,455
9047,501
9048,500
9049,460
9050,537
9051,455
9052,500
9053,499
9054,460
9055,538
9056,456
9057,499
9058,500
9059,459
9060,540
9061,458
9062,498
9063,501
9064,458
9065,540
9066,459
9067,497
9068,502
9069,458
9070,540
9071,460
9072,496
9073,503
9074,456
9075,541
9076,462
9077,495
9078,504
9079,456
9080,542
9081,463
9082,494
9083,505
9084,456
9085,543
9086,464
9087,494
9088,508
9089,454
9090,544
9091,465
9092,491
9093,508
9094,452
9095,544
9096,465
9097,491
9098,508
9099,452
9100,546
9101,467
9102,490
9103,510
9104,452
9105,546
9106,468
9107,489
9108,510
9109,451
9110,547
9111,469
9112,489
9113,511
9114,450
9115,547
9116,470
9117,487
9118,512
9119,449
9120,548
9121,471
9122,486
9123,512
9124,448
9125,549
9126,472
9127,485
9128,512
9129,446
9130,549
9131,475
9132,484
9133,515
9134,445
9135,552
9136,476
9137,483
9138,515
9139,445
9140,552
9141,475
9142,482
9143,516
9144,444
9145,552
9146,478
9147,482
9148,516
9149,443
9150,528
9151,478
9152,480
9153,517
9154,442
9155,525
9156,478
9157,479
9158,519
9159,442
9160,523
9161,480
9162,479
9163,520
9164,441
9165,521
9166,481
9167,478
9168,521
9169,440
9170,520
9171,482
9172,477
9173,522
9174,438
9175,518
9176,484
9177,475
9178,523
9179,438
9180,517
9181,484
9182,476
9183,524
9184,438
9185,516
9186,485
9187,474
9188,525
9189,437
9190,515
9191,486
9192,473
9193,525
9194,436
9195,514
9196,487
9197,472
9198,526
9199,435
9200,514
9201,488
9202,471
9203,527
9204,434
9205,512
9206,489
9207,470
9208,528
9209,433
9210,511
9211,490
9212,469
9213,529
9214,432
9215,510
9216,493
9217,469
9218,531
9219,430
9220,508
9221,492
9222,467
9223,530
9224,430
9225,508
9226,493
9227,468
9228,532
9229,430
9230,507
9231,495
9232,467
9233,532
9234,429
9235,506
9236,495
9237,465
9238,532
9239,427
9240,504
9241,495
9242,464
9243,534
9244,427
9245,503
9246,497
9247,463
9248,534
9249,426
9250,502
9251,497
9252,462
9253,536
9254,450
9255,501
9256,499
9257,463
9258,538
9259,460
9260,501
9261,501
9262,460
9263,539
9264,457
9265,499
9266,501
9267,460
9268,539
9269,458
9270,499
9271,502
9272,458
9273,539
9274,458
9275,497
9276,502
9277,457
9278,540
9279,461
9280,496
9281,504
9282,457
9283,541
9284,462
9285,495
9286,504
9287,456
9288,542
9289,464
9290,494
9291,505
9292,455
9293,543
9294,464
9295,493
9296,506
9297,454
9298,543
9299,466
9300,492
9301,507
9302,451
9303,544
9304,467
9305,490
9306,509
9307,451
9308,545
9309,467
9310,491
9311,509
9312,451
9313,546
9314,468
9315,489
9316,511
9317,451
9318,547
9319,469
9320,488
9321,511
9322,449
9323,548
9324,470
9325,487
9326,511
9327,448
9328,548
9329,471
9330,486
9331,513
9332,448
9333,549
9334,472
9335,485
9336,512
9337,446
9338,549
9339,473
9340,484
9341,514
9342,447
9343,551
9344,477
9345,484
9346,516
9347,445
9348,553
9349,477
9350,482
9351,516
9352,444
9353,552
9354,476
9355,481
9356,516
9357,442
9358,528
9359,478
9360,480
9361,517
9362,442
9363,525
9364,479
9365,480
9366,520
9367,442
9368,522
9369,480
9370,479
9371,520
9372,440
9373,521
9374,481
9375,478
9376,521
9377,439
9378,520
9379,482
9380,477
9381,522
9382,439
9383,519
9384,483
9385,476
9386,523
9387,437
9388,517
9389,485
9390,474
9391,524
9392,437
9393,516
9394,485
9395,474
9396,524
9397,437
9398,515
9399,486
9400,473
9401,525
9402,435
9403,515
9404,487
9405,472
9406,526
9407,435
9408,513
9409,488
9410,471
9411,527
9412,434
9413,512
9414,489
9415,470
9416,528
9417,433
9418,512
9419,490
9420,469
9421,529
9422,432
9423,510
9424,491
9425,468
9426,529
9427,432
9428,509
9429,492
9430,466
9431,531
9432,430
9433,507
9434,494
9435,466
9436,530
9437,429
9438,506
9439,493
9440,465
9441,531
9442,427
9443,505
9444,495
9445,464
9446,531
9447,426
9448,503
9449,494
9450,463
9451,533
9452,426
9453,503
9454,496
9455,463
9456,534
9457,425
9458,501
9459,497
9460,462
9461,535
9462,450
9463,501
9464,498
9465,463
9466,539
9467,455
9468,501
9469,500
9470,461
9471,537
9472,457
9473,499
9474,501
9475,458
9476,538
9477,458
9478,497
9479,501
9480,458
9481,540
9482,459
9483,497
9484,502
9485,457
9486,541
9487,459
9488,497
9489,503
9490,457
9491,541
9492,462
9493,496
9494,504
9495,456
9496,542
9497,463
9498,494
9499,505
9500,455
9501,543
9502,464
9503,493
9504,506
9505,454
9506,544
9507,465
9508,492
9509,507
9510,453
9511,544
9512,466
9513,491
9514,508
9515,451
9516,545
9517,469
9518,489
9519,510
9520,451
9521,546
9522,468
9523,489
9524,510
9525,450
9526,546
9527,469
9528,488
9529,511
9530,449
9531,547
9532,470
9533,487
9534,512
9535,449
9536,548
9537,471
9538,486
9539,512
9540,448
9541,549
9542,472
9543,485
9544,513
9545,447
9546,550
9547,473
9548,484
9549,515
9550,448
9551,552
9552,477
9553,484
9554,515
9555,445
9556,551
9557,475
9558,480
9559,516
9560,444
9561,529
9562,478
9563,481
9564,518
9565,443
9566,529
9567,478
9568,481
9569,518
9570,443
9571,526
9572,480
9573,480
9574,520
9575,443
9576,523
9577,481
9578,480
9579,521
9580,441
9581,522
9582,482
9583,479
9584,522
9585,440
9586,520
9587,482
9588,477
9589,522
9590,439
9591,520
9592,484
9593,476
9594,524
9595,438
9596,518
9597,485
9598,475
9599,525
9600,436
9601,516
9602,485
9603,473
9604,524
9605,436
9606,515
9607,486
9608,473
9609,525
9610,436
9611,514
9612,487
9613,473
9614,526
9615,434
9616,514
9617,488
9618,471
9619,527
9620,434
9621,512
9622,489
9623,470
9624,528
9625,433
9626,511
9627,490
9628,469
9629,529
9630,432
9631,510
9632,491
9633,469
9634,530
9635,432
9636,509
9637,492
9638,467
9639,530
9640,430
9641,508
9642,493
9643,465
9644,530
9645,427
9646,505
9647,494
9648,464
9649,532
9650,428
9651,506
9652,495
9653,465
9654,534
9655,428
9656,505
9657,497
9658,464
9659,534
9660,427
9661,503
9662,497
9663,463
9664,534
9665,426
9666,502
9667,498
9668,462
9669,535
9670,450
9671,501
9672,498
9673,462
9674,538
9675,455
9676,501
9677,500
9678,461
9679,537
9680,456
9681,499
9682,500
9683,459
9684,539
9685,458
9686,497
9687,503
9688,457
9689,540
9690,458
9691,496
9692,502
9693,457
9694,540
9695,461
9696,496
9697,503
9698,457
9699,541
9700,461
9701,495
9702,504
9703,456
9704,542
9705,463
9706,494
9707,505
9708,455
9709,542
9710,464
9711,493
9712,506
9713,454
9714,543
9715,466
9716,492
9717,507
9718,453
9719,544
9720,465
9721,491
9722,508
9723,452
9724,545
9725,466
9726,490
9727,509
9728,449
9729,546
9730,469
9731,488
9732,510
9733,450
9734,547
9735,469
9736,489
9737,511
9738,450
9739,548
9740,470
9741,487
9742,512
9743,447
9744,548
9745,471
9746,486
9747,511
9748,447
9749,549
9750,472
9751,485
9752,513
9753,447
9754,549
9755,473
9756,484
9757,514
9758,447
9759,552
9760,475
9761,484
9762,515
9763,445
9764,552
9765,476
9766,483
9767,517
9768,445
9769,553
9770,477
9771,480
9772,517
9773,443
9774,525
9775,479
9776,480
9777,518
9778,443
9779,526
9780,479
9781,480
9782,520
9783,442
9784,523
9785,480
9786,479
9787,520
9788,440
9789,521
9790,481
9791,478
9792,521
9793,439
9794,520
9795,482
9796,477
9797,522
9798,439
9799,519
9800,483
9801,476
9802,523
9803,439
9804,517
9805,484
9806,475
9807,524
9808,438
9809,516
9810,485
9811,474
9812,525
9813,437
9814,516
9815,487
9816,472
9817,526
9818,435
9819,514
9820,487
9821,472
9822,526
9823,435
9824,514
9825,488
9826,471
9827,527
9828,433
9829,512
9830,489
9831,470
9832,528
9833,433
9834,511
9835,490
9836,469
9837,529
9838,432
9839,510
9840,491
9841,468
9842,530
9843,432
9844,509
9845,492
9846,468
9847,530
9848,430
9849,508
9850,493
9851,467
9852,532
9853,430
9854,507
9855,494
9856,464
9857,532
9858,428
9859,504
9860,496
9861,465
9862,535
9863,428
9864,505
9865,496
9866,464
9867,534
9868,427
9869,504
9870,497
9871,462
9872,535
9873,426
9874,502
9875,497
9876,463
9877,536
9878,451
9879,502
9880,499
9881,463
9882,538
9883,456
9884,502
9885,501
9886,461
9887,538
9888,456
9889,499
9890,500
9891,459
9892,539
9893,458
9894,498
9895,502
9896,459
9897,540
9898,459
9899,496
9900,503
9901,456
9902,541
9903,459
9904,495
9905,503
9906,457
9907,541
9908,461
9909,495
9910,504
9911,456
9912,542
9913,462
9914,494
9915,505
9916,455
9917,543
9918,463
9919,493
9920,506
9921,454
9922,543
9923,466
9924,492
9925,507
9926,453
9927,544
9928,465
9929,491
9930,508
9931,452
9932,545
9933,467
9934,490
9935,509
9936,451
9937,546
9938,468
9939,489
9940,510
9941,450
9942,548
9943,469
9944,487
9945,512
9946,449
9947,548
9948,470
9949,487
9950,512
9951,449
9952,548
9953,471
9954,486
9955,511
9956,446
9957,548
9958,471
9959,485
9960,514
9961,447
9962,550
9963,473
9964,485
9965,514
9966,447
9967,552
9968,476
9969,484
9970,515
9971,445
9972,551
9973,476
9974,483
9975,516
9976,445
9977,553
9978,477
9979,482
9980,517
9981,444
9982,529
9983,478
9984,479
9985,518
9986,442
9987,524
9988,480
9989,479
9990,520
9991,442
9992,522
9993,480
9994,479
9995,520
9996,440
9997,521
9998,481
9999,477
10000,521
