1,519
2,414
3,435
4,567
5,664
6,740
7,798
8,844
9,880
10,907
11,816
12,641
13,501
14,393
15,308
16,242
17,191
18,151
19,248
20,409
21,537
22,637
23,715
24,777
25,826
26,864
27,750
28,586
29,457
30,356
31,279
32,219
33,172
34,137
35,261
36,419
37,543
38,641
39,718
40,779
41,827
42,865
43,723
44,565
45,440
46,344
47,269
48,211
49,166
50,131
51,283
52,435
53,556
54,651
55,726
56,785
57,832
58,869
59,700
60,545
61,425
62,332
63,260
64,204
65,161
66,127
67,304
68,452
69,569
70,661
71,734
72,791
73,837
74,873
75,679
76,529
77,412
78,322
79,252
80,198
81,156
82,120
83,325
84,469
85,582
86,672
87,742
88,798
89,842
90,845
91,659
92,513
93,400
94,312
95,245
96,192
97,152
98,168
99,347
100,486
101,595
102,682
103,750
104,804
105,847
106,817
107,637
108,496
109,388
110,302
111,237
112,186
113,147
114,193
115,366
116,501
117,608
118,692
119,758
120,811
121,852
122,792
123,617
124,481
125,376
126,293
127,230
128,180
129,142
130,218
131,384
132,515
133,619
134,701
135,766
136,816
137,856
138,767
139,598
140,466
141,363
142,284
143,223
144,175
145,139
146,242
147,404
148,531
149,631
150,710
151,773
152,822
153,862
154,745
155,580
156,452
157,353
158,276
159,217
160,170
161,135
162,265
163,422
164,544
165,643
166,719
167,780
168,828
169,866
170,720
171,561
172,438
173,342
174,268
175,210
176,165
177,130
178,287
179,440
180,559
181,654
182,728
183,786
184,833
185,870
186,697
187,543
188,424
189,331
190,259
191,203
192,160
193,127
194,308
195,457
196,573
197,664
198,736
199,793
200,839
201,874
202,675
203,526
204,410
205,321
206,251
207,197
208,155
209,118
210,330
211,473
212,586
213,674
214,744
215,799
216,843
217,839
218,656
219,512
220,398
221,311
222,244
223,191
224,151
225,172
226,351
227,489
228,598
229,684
230,752
231,806
232,848
233,812
234,633
235,494
236,386
237,302
238,236
239,186
240,147
241,198
242,371
243,505
244,610
245,693
246,760
247,812
248,853
249,787
250,614
251,478
252,373
253,292
254,229
255,180
256,142
257,223
258,388
259,518
260,621
261,702
262,767
263,817
264,857
265,762
266,594
267,463
268,361
269,283
270,222
271,174
272,138
273,246
274,407
275,533
276,633
277,712
278,774
279,823
280,862
281,738
282,575
283,448
284,350
285,274
286,215
287,169
288,134
289,269
290,425
291,548
292,645
293,720
294,781
295,828
296,866
297,715
298,557
299,434
300,340
301,266
302,209
303,164
304,130
305,291
306,443
307,561
308,655
309,729
310,787
311,833
312,870
313,693
314,539
315,420
316,328
317,257
318,202
319,159
320,126
321,312
322,460
323,574
324,666
325,736
326,794
327,839
328,874
329,670
330,522
331,406
332,318
333,249
334,195
335,154
336,149
337,334
338,476
339,587
340,676
341,745
342,800
343,843
344,832
345,650
346,506
347,394
348,308
349,241
350,190
351,149
352,176
353,354
354,491
355,600
356,686
357,753
358,806
359,849
360,807
361,628
362,489
363,381
364,299
365,234
366,184
367,145
368,202
369,373
370,507
371,612
372,695
373,761
374,812
375,853
376,782
377,608
378,474
379,370
380,289
381,226
382,178
383,140
384,228
385,392
386,521
387,623
388,704
389,767
390,818
391,858
392,757
393,589
394,460
395,359
396,281
397,220
398,173
399,137
400,250
401,410
402,535
403,636
404,713
405,775
406,824
407,862
408,734
409,572
410,445
411,347
412,272
413,213
414,167
415,132
416,272
417,428
418,550
419,646
420,722
421,782
422,829
423,867
424,711
425,554
426,432
427,337
428,264
429,207
430,163
431,129
432,296
433,446
434,564
435,657
436,731
437,789
438,835
439,871
440,689
441,537
442,418
443,326
444,255
445,201
446,158
447,124
448,317
449,463
450,577
451,668
452,739
453,795
454,840
455,875
456,666
457,520
458,405
459,317
460,248
461,194
462,154
463,153
464,338
465,479
466,590
467,678
468,747
469,802
470,846
471,828
472,647
473,505
474,394
475,308
476,241
477,189
478,149
479,181
480,358
481,494
482,603
483,688
484,755
485,808
486,850
487,803
488,626
489,488
490,381
491,298
492,233
493,183
494,144
495,207
496,377
497,510
498,615
499,697
500,762
501,814
502,855
503,778
504,606
505,473
506,369
507,289
508,226
509,178
510,140
511,232
512,396
513,524
514,626
515,706
516,769
517,819
518,860
519,753
520,587
521,458
522,357
523,279
524,219
525,172
526,137
527,255
528,414
529,539
530,638
531,715
532,777
533,825
534,864
535,731
536,569
537,444
538,346
539,271
540,213
541,167
542,133
543,277
544,432
545,553
546,649
547,724
548,784
549,831
550,868
551,708
552,551
553,430
554,336
555,263
556,207
557,163
558,129
559,300
560,448
561,566
562,659
563,732
564,790
565,836
566,872
567,686
568,534
569,416
570,325
571,255
572,200
573,158
574,121
575,322
576,466
577,580
578,670
579,740
580,797
581,841
582,851
583,663
584,517
585,403
586,315
587,247
588,194
589,153
590,159
591,342
592,482
593,592
594,680
595,748
596,803
597,846
598,822
599,643
600,502
601,391
602,306
603,240
604,188
605,148
606,187
607,361
608,497
609,605
610,689
611,756
612,809
613,850
614,798
615,621
616,484
617,378
618,295
619,232
620,182
621,144
622,211
623,381
624,513
625,617
626,698
627,764
628,815
629,855
630,773
631,602
632,469
633,366
634,286
635,224
636,176
637,139
638,236
639,399
640,527
641,628
642,708
643,770
644,820
645,859
646,748
647,583
648,454
649,355
650,277
651,218
652,171
653,135
654,258
655,417
656,541
657,639
658,717
659,777
660,826
661,864
662,725
663,565
664,440
665,343
666,268
667,210
668,166
669,131
670,280
671,434
672,555
673,650
674,725
675,784
676,831
677,868
678,702
679,546
680,426
681,332
682,260
683,204
684,161
685,128
686,304
687,451
688,568
689,661
690,734
691,791
692,836
693,872
694,679
695,529
696,412
697,322
698,252
699,198
700,156
701,120
702,325
703,469
704,582
705,672
706,742
707,798
708,841
709,847
710,658
711,513
712,400
713,312
714,244
715,192
716,151
717,164
718,345
719,484
720,595
721,681
722,750
723,803
724,847
725,818
726,639
727,497
728,388
729,303
730,237
731,186
732,147
733,191
734,365
735,500
736,607
737,691
738,757
739,810
740,851
741,793
742,618
743,481
744,375
745,293
746,230
747,181
748,143
749,216
750,384
751,515
752,619
753,700
754,765
755,816
756,856
757,768
758,599
759,467
760,364
761,284
762,223
763,175
764,139
765,240
766,402
767,530
768,630
769,709
770,771
771,821
772,860
773,743
774,581
775,452
776,353
777,276
778,216
779,171
780,135
781,263
782,421
783,545
784,642
785,719
786,779
787,827
788,865
789,721
790,562
791,438
792,342
793,268
794,210
795,165
796,131
797,285
798,438
799,558
800,653
801,726
802,786
803,832
804,869
805,699
806,544
807,424
808,332
809,260
810,204
811,160
812,127
813,308
814,454
815,571
816,663
817,735
818,793
819,838
820,874
821,676
822,527
823,411
824,321
825,252
826,197
827,155
828,118
829,329
830,472
831,584
832,673
833,743
834,799
835,843
836,842
837,655
838,511
839,398
840,312
841,244
842,192
843,151
844,170
845,349
846,488
847,597
848,683
849,751
850,805
851,848
852,814
853,635
854,496
855,387
856,302
857,237
858,186
859,147
860,196
861,369
862,504
863,610
864,693
865,759
866,811
867,853
868,789
869,615
870,480
871,375
872,293
873,230
874,181
875,142
876,221
877,388
878,518
879,621
880,703
881,766
882,817
883,857
884,764
885,596
886,465
887,363
888,284
889,223
890,175
891,138
892,245
893,406
894,533
895,633
896,711
897,773
898,822
899,862
900,739
901,578
902,450
903,351
904,275
905,216
906,170
907,134
908,268
909,424
910,547
911,644
912,720
913,780
914,828
915,866
916,717
917,558
918,436
919,340
920,266
921,209
922,164
923,130
924,289
925,442
926,560
927,655
928,728
929,787
930,833
931,870
932,694
933,541
934,422
935,330
936,258
937,203
938,160
939,126
940,312
941,457
942,573
943,664
944,736
945,793
946,839
947,874
948,671
949,523
950,408
951,319
952,250
953,196
954,154
955,147
956,333
957,475
958,586
959,675
960,745
961,800
962,844
963,836
964,650
965,507
966,395
967,309
968,242
969,190
970,150
971,175
972,353
973,490
974,599
975,685
976,752
977,806
978,848
979,808
980,630
981,491
982,383
983,300
984,235
985,185
986,146
987,202
988,372
989,506
990,611
991,695
992,760
993,812
994,853
995,783
996,610
997,475
998,371
999,290
1000,227
1001,179
1002,141
1003,225
1004,391
1005,520
1006,623
1007,703
1008,767
1009,817
1010,858
1011,757
1012,592
1013,461
1014,359
1015,281
1016,221
1017,173
1018,137
1019,248
1020,409
1021,534
1022,635
1023,712
1024,774
1025,824
1026,862
1027,735
1028,572
1029,446
1030,348
1031,273
1032,214
1033,168
1034,133
1035,270
1036,427
1037,548
1038,645
1039,720
1040,781
1041,828
1042,866
1043,712
1044,554
1045,433
1046,337
1047,264
1048,207
1049,163
1050,129
1051,293
1052,444
1053,562
1054,656
1055,729
1056,788
1057,834
1058,870
1059,690
1060,538
1061,419
1062,328
1063,257
1064,202
1065,159
1066,126
1067,316
1068,461
1069,576
1070,667
1071,738
1072,795
1073,839
1074,875
1075,669
1076,520
1077,406
1078,317
1079,248
1080,195
1081,153
1082,151
1083,336
1084,477
1085,589
1086,676
1087,747
1088,801
1089,844
1090,831
1091,649
1092,505
1093,394
1094,308
1095,241
1096,189
1097,149
1098,179
1099,355
1100,493
1101,601
1102,687
1103,754
1104,807
1105,849
1106,804
1107,627
1108,490
1109,381
1110,298
1111,234
1112,184
1113,145
1114,207
1115,376
1116,508
1117,614
1118,696
1119,762
1120,813
1121,854
1122,779
1123,607
1124,475
1125,369
1126,289
1127,227
1128,178
1129,141
1130,230
1131,395
1132,523
1133,626
1134,705
1135,769
1136,819
1137,859
1138,753
1139,589
1140,459
1141,359
1142,280
1143,220
1144,173
1145,136
1146,253
1147,413
1148,537
1149,637
1150,715
1151,776
1152,825
1153,863
1154,732
1155,571
1156,446
1157,347
1158,271
1159,214
1160,167
1161,133
1162,274
1163,430
1164,550
1165,647
1166,722
1167,782
1168,830
1169,867
1170,708
1171,552
1172,431
1173,336
1174,263
1175,206
1176,163
1177,129
1178,298
1179,448
1180,565
1181,659
1182,731
1183,790
1184,835
1185,872
1186,686
1187,536
1188,417
1189,327
1190,256
1191,200
1192,158
1193,121
1194,319
1195,465
1196,579
1197,669
1198,740
1199,796
1200,841
1201,875
1202,665
1203,520
1204,405
1205,317
1206,248
1207,195
1208,153
1209,159
1210,339
1211,481
1212,591
1213,679
1214,747
1215,803
1216,845
1217,826
1218,644
1219,503
1220,392
1221,307
1222,240
1223,189
1224,149
1225,186
1226,359
1227,496
1228,603
1229,689
1230,755
1231,809
1232,851
1233,800
1234,623
1235,487
1236,379
1237,298
1238,233
1239,183
1240,145
1241,212
1242,379
1243,512
1244,615
1245,698
1246,763
1247,814
1248,855
1249,775
1250,604
1251,472
1252,368
1253,288
1254,226
1255,178
1256,140
1257,235
1258,397
1259,526
1260,627
1261,707
1262,770
1263,820
1264,859
1265,750
1266,584
1267,457
1268,356
1269,279
1270,218
1271,172
1272,136
1273,259
1274,415
1275,540
1276,638
1277,716
1278,777
1279,826
1280,864
1281,725
1282,566
1283,441
1284,344
1285,269
1286,211
1287,167
1288,132
1289,281
1290,433
1291,553
1292,649
1293,724
1294,784
1295,831
1296,868
1297,703
1298,549
1299,428
1300,334
1301,261
1302,205
1303,162
1304,128
1305,302
1306,451
1307,568
1308,660
1309,733
1310,790
1311,836
1312,872
1313,680
1314,531
1315,413
1316,324
1317,253
1318,199
1319,157
1320,120
1321,322
1322,466
1323,582
1324,670
1325,741
1326,798
1327,841
1328,845
1329,661
1330,515
1331,400
1332,314
1333,245
1334,193
1335,152
1336,164
1337,343
1338,483
1339,593
1340,681
1341,748
1342,803
1343,846
1344,820
1345,638
1346,498
1347,389
1348,304
1349,238
1350,187
1351,147
1352,189
1353,362
1354,499
1355,605
1356,690
1357,756
1358,809
1359,852
1360,794
1361,618
1362,483
1363,376
1364,294
1365,231
1366,180
1367,143
1368,214
1369,383
1370,514
1371,618
1372,699
1373,764
1374,815
1375,856
1376,768
1377,601
1378,467
1379,365
1380,285
1381,224
1382,175
1383,139
1384,238
1385,401
1386,528
1387,630
1388,708
1389,771
1390,821
1391,860
1392,744
1393,582
1394,452
1395,353
1396,276
1397,217
1398,170
1399,135
1400,261
1401,420
1402,542
1403,641
1404,717
1405,779
1406,826
1407,865
1408,722
1409,563
1410,439
1411,342
1412,268
1413,210
1414,165
1415,131
1416,283
1417,436
1418,557
1419,651
1420,727
1421,785
1422,832
1423,869
1424,700
1425,546
1426,426
1427,332
1428,260
1429,204
1430,161
1431,127
1432,307
1433,453
1434,571
1435,662
1436,735
1437,792
1438,837
1439,873
1440,677
1441,529
1442,413
1443,323
1444,252
1445,198
1446,156
1447,118
1448,326
1449,469
1450,584
1451,674
1452,742
1453,798
1454,842
1455,841
1456,656
1457,513
1458,399
1459,313
1460,244
1461,193
1462,151
1463,169
1464,347
1465,487
1466,595
1467,683
1468,751
1469,805
1470,847
1471,816
1472,636
1473,497
1474,387
1475,303
1476,237
1477,186
1478,147
1479,196
1480,366
1481,501
1482,608
1483,692
1484,759
1485,810
1486,853
1487,789
1488,617
1489,480
1490,376
1491,293
1492,230
1493,180
1494,142
1495,219
1496,385
1497,516
1498,620
1499,702
1500,766
1501,816
1502,857
1503,764
1504,598
1505,465
1506,364
1507,284
1508,223
1509,175
1510,139
1511,243
1512,405
1513,531
1514,632
1515,710
1516,773
1517,822
1518,862
1519,740
1520,579
1521,451
1522,353
1523,275
1524,216
1525,170
1526,135
1527,266
1528,423
1529,545
1530,643
1531,719
1532,780
1533,828
1534,866
1535,720
1536,560
1537,437
1538,341
1539,267
1540,210
1541,165
1542,131
1543,290
1544,440
1545,559
1546,654
1547,728
1548,787
1549,833
1550,870
1551,697
1552,543
1553,424
1554,331
1555,259
1556,203
1557,160
1558,127
1559,311
1560,457
1561,573
1562,664
1563,737
1564,793
1565,839
1566,874
1567,673
1568,527
1569,410
1570,321
1571,251
1572,197
1573,155
1574,146
1575,330
1576,474
1577,585
1578,675
1579,745
1580,799
1581,843
1582,838
1583,653
1584,509
1585,397
1586,311
1587,243
1588,191
1589,150
1590,175
1591,350
1592,489
1593,598
1594,684
1595,752
1596,806
1597,848
1598,810
1599,631
1600,493
1601,385
1602,301
1603,236
1604,185
1605,146
1606,199
1607,370
1608,504
1609,610
1610,693
1611,760
1612,812
1613,853
1614,785
1615,611
1616,478
1617,373
1618,291
1619,228
1620,180
1621,142
1622,224
1623,390
1624,520
1625,622
1626,703
1627,767
1628,817
1629,857
1630,760
1631,592
1632,463
1633,361
1634,283
1635,222
1636,174
1637,138
1638,248
1639,407
1640,533
1641,633
1642,713
1643,773
1644,823
1645,861
1646,736
1647,573
1648,448
1649,349
1650,273
1651,214
1652,169
1653,134
1654,270
1655,426
1656,547
1657,645
1658,721
1659,781
1660,828
1661,866
1662,712
1663,556
1664,433
1665,338
1666,264
1667,207
1668,163
1669,129
1670,292
1671,443
1672,561
1673,655
1674,729
1675,787
1676,834
1677,870
1678,691
1679,538
1680,420
1681,328
1682,256
1683,201
1684,158
1685,126
1686,314
1687,460
1688,574
1689,666
1690,737
1691,795
1692,839
1693,874
1694,670
1695,521
1696,407
1697,318
1698,248
1699,195
1700,154
1701,151
1702,334
1703,476
1704,587
1705,676
1706,745
1707,800
1708,844
1709,832
1710,649
1711,506
1712,394
1713,307
1714,241
1715,189
1716,150
1717,178
1718,355
1719,491
1720,601
1721,685
1722,753
1723,806
1724,849
1725,804
1726,628
1727,489
1728,382
1729,298
1730,234
1731,183
1732,145
1733,203
1734,374
1735,506
1736,613
1737,695
1738,761
1739,812
1740,854
1741,779
1742,609
1743,474
1744,370
1745,289
1746,227
1747,178
1748,141
1749,228
1750,392
1751,522
1752,624
1753,704
1754,768
1755,818
1756,858
1757,755
1758,591
1759,460
1760,359
1761,281
1762,220
1763,173
1764,136
1765,253
1766,411
1767,537
1768,636
1769,714
1770,775
1771,824
1772,863
1773,733
1774,571
1775,446
1776,347
1777,272
1778,213
1779,167
1780,132
1781,275
1782,428
1783,551
1784,646
1785,723
1786,782
1787,830
1788,867
1789,710
1790,553
1791,432
1792,337
1793,264
1794,207
1795,163
1796,129
1797,296
1798,447
1799,564
1800,658
1801,731
1802,789
1803,835
1804,872
1805,687
1806,537
1807,418
1808,327
1809,256
1810,201
1811,158
1812,124
1813,318
1814,464
1815,577
1816,669
1817,739
1818,796
1819,840
1820,875
1821,667
1822,519
1823,406
1824,317
1825,248
1826,195
1827,153
1828,155
1829,339
1830,479
1831,591
1832,678
1833,748
1834,802
1835,845
1836,827
1837,646
1838,504
1839,393
1840,307
1841,240
1842,190
1843,149
1844,185
1845,358
1846,496
1847,602
1848,688
1849,755
1850,808
1851,850
1852,802
1853,625
1854,488
1855,380
1856,298
1857,233
1858,183
1859,145
1860,210
1861,377
1862,511
1863,614
1864,698
1865,762
1866,814
1867,855
1868,776
1869,606
1870,473
1871,369
1872,289
1873,226
1874,178
1875,140
1876,234
1877,396
1878,525
1879,626
1880,706
1881,769
1882,820
1883,860
1884,752
1885,586
1886,458
1887,357
1888,280
1889,219
1890,173
1891,136
1892,256
1893,415
1894,539
1895,638
1896,715
1897,777
1898,825
1899,864
1900,728
1901,569
1902,443
1903,347
1904,271
1905,213
1906,167
1907,133
1908,279
1909,433
1910,553
1911,649
1912,723
1913,784
1914,830
1915,868
1916,704
1917,550
1918,429
1919,335
1920,262
1921,206
1922,162
1923,128
1924,301
1925,450
1926,567
1927,659
1928,733
1929,790
1930,836
1931,872
1932,684
1933,532
1934,416
1935,324
1936,254
1937,199
1938,157
1939,120
1940,322
1941,466
1942,580
1943,669
1944,741
1945,796
1946,841
1947,849
1948,662
1949,515
1950,402
1951,314
1952,246
1953,194
1954,152
1955,162
1956,342
1957,483
1958,592
1959,680
1960,748
1961,803
1962,845
1963,820
1964,640
1965,499
1966,389
1967,304
1968,238
1969,187
1970,148
1971,188
1972,362
1973,497
1974,605
1975,689
1976,756
1977,808
1978,851
1979,794
1980,621
1981,483
1982,377
1983,295
1984,231
1985,181
1986,143
1987,213
1988,381
1989,512
1990,617
1991,698
1992,764
1993,814
1994,856
1995,769
1996,602
1997,468
1998,366
1999,285
2000,224
2001,176
2002,140
2003,236
2004,400
2005,527
2006,628
2007,707
2008,771
2009,820
2010,859
2011,745
2012,582
2013,453
2014,354
2015,276
2016,217
2017,171
2018,135
2019,260
2020,418
2021,541
2022,640
2023,717
2024,778
2025,826
2026,865
2027,723
2028,565
2029,440
2030,343
2031,268
2032,211
2033,166
2034,131
2035,283
2036,436
2037,555
2038,651
2039,725
2040,785
2041,831
2042,869
2043,700
2044,547
2045,425
2046,333
2047,260
2048,204
2049,161
2050,127
2051,304
2052,453
2053,569
2054,662
2055,734
2056,792
2057,836
2058,872
2059,678
2060,530
2061,413
2062,323
2063,251
2064,198
2065,156
2066,119
2067,325
2068,468
2069,582
2070,672
2071,742
2072,798
2073,842
2074,845
2075,658
2076,514
2077,399
2078,313
2079,244
2080,192
2081,152
2082,166
2083,346
2084,484
2085,595
2086,682
2087,750
2088,804
2089,847
2090,817
2091,636
2092,498
2093,387
2094,302
2095,237
2096,186
2097,147
2098,193
2099,365
2100,500
2101,608
2102,691
2103,758
2104,810
2105,852
2106,791
2107,617
2108,483
2109,376
2110,294
2111,230
2112,180
2113,143
2114,217
2115,384
2116,516
2117,619
2118,701
2119,765
2120,816
2121,856
2122,767
2123,598
2124,467
2125,364
2126,285
2127,223
2128,175
2129,139
2130,240
2131,401
2132,530
2133,630
2134,709
2135,772
2136,822
2137,861
2138,743
2139,580
2140,452
2141,353
2142,276
2143,216
2144,170
2145,134
2146,264
2147,422
2148,544
2149,642
2150,718
2151,780
2152,828
2153,865
2154,720
2155,561
2156,439
2157,342
2158,268
2159,210
2160,166
2161,131
2162,287
2163,439
2164,558
2165,653
2166,727
2167,786
2168,833
2169,870
2170,696
2171,544
2172,424
2173,332
2174,259
2175,204
2176,161
2177,127
2178,308
2179,455
2180,571
2181,663
2182,736
2183,793
2184,839
2185,874
2186,675
2187,528
2188,411
2189,322
2190,252
2191,198
2192,156
2193,144
2194,329
2195,473
2196,584
2197,674
2198,743
2199,800
2200,843
2201,840
2202,654
2203,511
2204,398
2205,312
2206,244
2207,192
2208,151
2209,173
2210,349
2211,489
2212,597
2213,684
2214,751
2215,806
2216,848
2217,812
2218,633
2219,493
2220,386
2221,302
2222,237
2223,186
2224,147
2225,198
2226,370
2227,503
2228,610
2229,693
2230,759
2231,812
2232,853
2233,785
2234,613
2235,480
2236,373
2237,293
2238,229
2239,180
2240,142
2241,224
2242,388
2243,518
2244,622
2245,702
2246,767
2247,817
2248,857
2249,760
2250,595
2251,463
2252,362
2253,283
2254,222
2255,175
2256,138
2257,246
2258,408
2259,533
2260,634
2261,711
2262,773
2263,822
2264,861
2265,737
2266,575
2267,448
2268,351
2269,274
2270,215
2271,169
2272,134
2273,267
2274,424
2275,546
2276,643
2277,719
2278,780
2279,827
2280,866
2281,713
2282,557
2283,434
2284,339
2285,265
2286,209
2287,163
2288,130
2289,291
2290,442
2291,560
2292,655
2293,728
2294,787
2295,833
2296,870
2297,691
2298,540
2299,420
2300,329
2301,257
2302,202
2303,159
2304,126
2305,312
2306,459
2307,574
2308,665
2309,737
2310,794
2311,839
2312,874
2313,671
2314,522
2315,408
2316,318
2317,249
2318,196
2319,154
2320,149
2321,333
2322,476
2323,587
2324,676
2325,745
2326,800
2327,843
2328,834
2329,649
2330,507
2331,394
2332,309
2333,242
2334,190
2335,150
2336,178
2337,352
2338,491
2339,599
2340,686
2341,752
2342,806
2343,848
2344,807
2345,628
2346,491
2347,382
2348,298
2349,234
2350,184
2351,145
2352,202
2353,373
2354,506
2355,612
2356,694
2357,760
2358,812
2359,853
2360,780
2361,610
2362,474
2363,370
2364,289
2365,227
2366,178
2367,141
2368,226
2369,392
2370,520
2371,624
2372,703
2373,768
2374,818
2375,858
2376,756
2377,591
2378,460
2379,359
2380,280
2381,220
2382,173
2383,137
2384,250
2385,410
2386,535
2387,635
2388,713
2389,775
2390,824
2391,862
2392,734
2393,573
2394,446
2395,348
2396,272
2397,213
2398,168
2399,133
2400,272
2401,427
2402,550
2403,646
2404,722
2405,782
2406,830
2407,866
2408,711
2409,555
2410,433
2411,337
2412,264
2413,207
2414,163
2415,129
2416,297
2417,445
2418,564
2419,656
2420,731
2421,788
2422,835
2423,871
2424,689
2425,537
2426,419
2427,327
2428,256
2429,201
2430,158
2431,124
2432,319
2433,461
2434,576
2435,667
2436,738
2437,795
2438,840
2439,875
2440,667
2441,521
2442,405
2443,317
2444,248
2445,195
2446,153
2447,153
2448,338
2449,478
2450,590
2451,677
2452,747
2453,801
2454,845
2455,827
2456,647
2457,504
2458,394
2459,307
2460,241
2461,189
2462,150
2463,182
2464,358
2465,494
2466,602
2467,688
2468,755
2469,808
2470,850
2471,801
2472,627
2473,488
2474,382
2475,298
2476,233
2477,183
2478,145
2479,207
2480,376
2481,510
2482,614
2483,697
2484,762
2485,814
2486,854
2487,778
2488,607
2489,474
2490,369
2491,289
2492,226
2493,178
2494,141
2495,232
2496,395
2497,525
2498,626
2499,706
2500,769
2501,819
2502,859
2503,753
2504,587
2505,459
2506,358
2507,280
2508,219
2509,173
2510,136
2511,256
2512,413
2513,539
2514,637
2515,715
2516,776
2517,825
2518,864
2519,731
2520,571
2521,446
2522,348
2523,272
2524,213
2525,168
2526,133
2527,278
2528,432
2529,552
2530,649
2531,723
2532,784
2533,830
2534,868
2535,706
2536,553
2537,430
2538,337
2539,263
2540,207
2541,163
2542,129
2543,300
2544,449
2545,566
2546,659
2547,732
2548,790
2549,835
2550,872
2551,684
2552,535
2553,416
2554,326
2555,255
2556,200
2557,158
2558,121
2559,321
2560,467
2561,579
2562,670
2563,740
2564,797
2565,841
2566,852
2567,664
2568,518
2569,404
2570,316
2571,247
2572,194
2573,153
2574,159
2575,342
2576,481
2577,591
2578,680
2579,748
2580,803
2581,845
2582,824
2583,642
2584,502
2585,391
2586,305
2587,240
2588,188
2589,149
2590,186
2591,360
2592,497
2593,604
2594,689
2595,755
2596,809
2597,850
2598,798
2599,621
2600,485
2601,379
2602,296
2603,231
2604,182
2605,144
2606,211
2607,380
2608,512
2609,616
2610,699
2611,763
2612,814
2613,855
2614,773
2615,602
2616,470
2617,366
2618,287
2619,225
2620,177
2621,140
2622,236
2623,399
2624,526
2625,628
2626,707
2627,770
2628,820
2629,860
2630,748
2631,583
2632,455
2633,354
2634,278
2635,217
2636,172
2637,135
2638,258
2639,418
2640,540
2641,639
2642,717
2643,777
2644,826
2645,864
2646,725
2647,564
2648,440
2649,344
2650,269
2651,211
2652,166
2653,131
2654,281
2655,435
2656,554
2657,650
2658,724
2659,784
2660,831
2661,868
2662,702
2663,546
2664,427
2665,333
2666,261
2667,204
2668,161
2669,128
2670,302
2671,452
2672,568
2673,661
2674,733
2675,791
2676,836
2677,872
2678,680
2679,529
2680,413
2681,322
2682,252
2683,198
2684,156
2685,119
2686,323
2687,468
2688,582
2689,671
2690,741
2691,797
2692,841
2693,847
2694,658
2695,514
2696,400
2697,313
2698,244
2699,193
2700,151
2701,165
2702,344
2703,484
2704,593
2705,681
2706,749
2707,804
2708,846
2709,819
2710,637
2711,498
2712,387
2713,303
2714,237
2715,187
2716,147
2717,193
2718,363
2719,500
2720,606
2721,691
2722,757
2723,810
2724,851
2725,793
2726,618
2727,483
2728,375
2729,294
2730,230
2731,180
2732,143
2733,217
2734,384
2735,515
2736,619
2737,700
2738,765
2739,815
2740,856
2741,767
2742,600
2743,467
2744,365
2745,285
2746,223
2747,175
2748,139
2749,239
2750,402
2751,528
2752,630
2753,708
2754,772
2755,821
2756,860
2757,743
2758,581
2759,452
2760,353
2761,276
2762,217
2763,170
2764,135
2765,263
2766,420
2767,543
2768,642
2769,718
2770,779
2771,827
2772,865
2773,720
2774,561
2775,440
2776,344
2777,268
2778,210
2779,166
2780,131
2781,287
2782,437
2783,558
2784,652
2785,727
2786,785
2787,832
2788,869
2789,699
2790,545
2791,426
2792,332
2793,260
2794,204
2795,160
2796,127
2797,309
2798,454
2799,572
2800,662
2801,735
2802,792
2803,838
2804,873
2805,676
2806,528
2807,411
2808,322
2809,252
2810,198
2811,156
2812,118
2813,329
2814,471
2815,584
2816,674
2817,743
2818,798
2819,842
2820,841
2821,655
2822,511
2823,399
2824,312
2825,245
2826,192
2827,151
2828,171
2829,348
2830,488
2831,596
2832,684
2833,751
2834,806
2835,848
2836,814
2837,635
2838,496
2839,386
2840,303
2841,237
2842,186
2843,147
2844,196
2845,369
2846,502
2847,609
2848,693
2849,759
2850,811
2851,853
2852,789
2853,615
2854,482
2855,375
2856,294
2857,230
2858,181
2859,142
2860,221
2861,386
2862,517
2863,620
2864,702
2865,766
2866,816
2867,857
2868,762
2869,597
2870,465
2871,363
2872,284
2873,223
2874,176
2875,139
2876,244
2877,406
2878,532
2879,633
2880,711
2881,773
2882,822
2883,862
2884,740
2885,577
2886,451
2887,351
2888,275
2889,216
2890,170
2891,134
2892,267
2893,423
2894,547
2895,643
2896,720
2897,780
2898,828
2899,866
2900,717
2901,558
2902,435
2903,341
2904,267
2905,209
2906,165
2907,130
2908,289
2909,442
2910,560
2911,654
2912,728
2913,787
2914,833
2915,870
2916,693
2917,542
2918,422
2919,330
2920,258
2921,203
2922,159
2923,127
2924,311
2925,458
2926,573
2927,665
2928,736
2929,793
2930,839
2931,874
2932,673
2933,523
2934,409
2935,319
2936,250
2937,196
2938,155
2939,147
2940,331
2941,474
2942,586
2943,675
2944,745
2945,799
2946,843
2947,834
2948,651
2949,507
2950,396
2951,310
2952,242
2953,191
2954,150
2955,176
2956,351
2957,490
2958,598
2959,685
2960,752
2961,806
2962,848
2963,808
2964,630
2965,492
2966,383
2967,300
2968,234
2969,185
2970,145
2971,202
2972,371
2973,506
2974,611
2975,694
2976,759
2977,812
2978,853
2979,783
2980,610
2981,476
2982,371
2983,290
2984,227
2985,179
2986,141
2987,226
2988,391
2989,520
2990,623
2991,703
2992,767
2993,817
2994,858
2995,757
2996,592
2997,461
2998,360
2999,281
3000,221
3001,173
3002,137
3003,250
3004,408
3005,535
3006,634
3007,713
3008,774
3009,823
3010,862
3011,735
3012,572
3013,447
3014,348
3015,273
3016,213
3017,168
3018,133
3019,271
3020,425
3021,548
3022,644
3023,721
3024,780
3025,829
3026,866
3027,712
3028,554
3029,433
3030,338
3031,264
3032,207
3033,163
3034,129
3035,294
3036,443
3037,563
3038,656
3039,730
3040,788
3041,834
3042,870
3043,690
3044,537
3045,419
3046,327
3047,256
3048,201
3049,158
3050,125
3051,314
3052,461
3053,575
3054,667
3055,738
3056,795
3057,839
3058,875
3059,669
3060,521
3061,407
3062,317
3063,249
3064,195
3065,153
3066,151
3067,336
3068,477
3069,589
3070,676
3071,746
3072,802
3073,844
3074,829
3075,647
3076,505
3077,393
3078,308
3079,241
3080,189
3081,149
3082,180
3083,356
3084,492
3085,601
3086,686
3087,754
3088,807
3089,849
3090,804
3091,627
3092,490
3093,381
3094,299
3095,233
3096,184
3097,145
3098,207
3099,374
3100,509
3101,613
3102,696
3103,761
3104,813
3105,854
3106,779
3107,607
3108,475
3109,370
3110,290
3111,226
3112,178
3113,140
3114,231
3115,396
3116,524
3117,625
3118,706
3119,769
3120,819
3121,858
3122,755
3123,588
3124,460
3125,358
3126,281
3127,220
3128,173
3129,136
3130,253
3131,413
3132,537
3133,637
3134,714
3135,776
3136,824
3137,863
3138,730
3139,571
3140,445
3141,348
3142,272
3143,213
3144,168
3145,133
3146,275
3147,430
3148,551
3149,648
3150,723
3151,783
3152,830
3153,868
3154,707
3155,553
3156,431
3157,337
3158,264
3159,207
3160,163
3161,129
3162,299
3163,448
3164,565
3165,659
3166,731
3167,790
3168,835
3169,872
3170,686
3171,537
3172,418
3173,327
3174,256
3175,201
3176,158
3177,124
3178,320
3179,464
3180,579
3181,668
3182,740
3183,796
3184,841
3185,876
3186,665
3187,520
3188,404
3189,317
3190,248
3191,195
3192,153
3193,160
3194,339
3195,481
3196,591
3197,679
3198,747
3199,802
3200,846
3201,824
3202,644
3203,502
3204,392
3205,307
3206,240
3207,189
3208,149
3209,185
3210,359
3211,495
3212,604
3213,688
3214,755
3215,809
3216,850
3217,799
3218,623
3219,487
3220,380
3221,297
3222,233
3223,183
3224,145
3225,210
3226,378
3227,512
3228,615
3229,698
3230,762
3231,815
3232,855
3233,775
3234,604
3235,472
3236,367
3237,288
3238,226
3239,178
3240,140
3241,234
3242,398
3243,527
3244,627
3245,706
3246,770
3247,819
3248,859
3249,750
3250,584
3251,457
3252,356
3253,279
3254,218
3255,172
3256,136
3257,259
3258,415
3259,540
3260,639
3261,716
3262,777
3263,825
3264,864
3265,727
3266,567
3267,442
3268,345
3269,270
3270,211
3271,167
3272,132
3273,281
3274,433
3275,554
3276,649
3277,724
3278,784
3279,831
3280,868
3281,703
3282,548
3283,428
3284,333
3285,261
3286,205
3287,162
3288,128
3289,302
3290,450
3291,567
3292,660
3293,733
3294,790
3295,836
3296,872
3297,681
3298,532
3299,413
3300,324
3301,253
3302,199
3303,157
3304,120
3305,324
3306,467
3307,581
3308,670
3309,741
3310,797
3311,841
3312,847
3313,661
3314,514
3315,401
3316,313
3317,245
3318,193
3319,152
3320,162
3321,344
3322,482
3323,593
3324,680
3325,749
3326,803
3327,846
3328,818
3329,638
3330,498
3331,388
3332,303
3333,237
3334,187
3335,148
3336,189
3337,362
3338,499
3339,605
3340,690
3341,756
3342,809
3343,851
3344,794
3345,618
3346,483
3347,376
3348,294
3349,230
3350,181
3351,143
3352,216
3353,381
3354,514
3355,617
3356,699
3357,764
3358,815
3359,855
3360,770
3361,599
3362,468
3363,364
3364,285
3365,224
3366,175
3367,139
3368,238
3369,401
3370,528
3371,629
3372,709
3373,771
3374,821
3375,860
3376,745
3377,581
3378,454
3379,353
3380,277
3381,217
3382,171
3383,134
3384,263
3385,418
3386,543
3387,640
3388,718
3389,778
3390,827
3391,864
3392,724
3393,564
3394,441
3395,343
3396,269
3397,211
3398,166
3399,131
3400,286
3401,436
3402,557
3403,651
3404,726
3405,785
3406,832
3407,869
3408,700
3409,546
3410,426
3411,332
3412,260
3413,204
3414,160
3415,128
3416,307
3417,454
3418,570
3419,662
3420,734
3421,792
3422,837
3423,873
3424,679
3425,528
3426,413
3427,322
3428,253
3429,198
3430,156
3431,118
3432,327
3433,471
3434,583
3435,673
3436,743
3437,798
3438,843
3439,844
3440,656
3441,513
3442,399
3443,313
3444,244
3445,192
3446,151
3447,169
3448,346
3449,487
3450,596
3451,683
3452,750
3453,805
3454,847
3455,816
3456,636
3457,496
3458,387
3459,303
3460,238
3461,186
3462,147
3463,196
3464,366
3465,502
3466,608
3467,693
3468,758
3469,811
3470,852
3471,790
3472,616
3473,481
3474,375
3475,294
3476,230
3477,181
3478,142
3479,221
3480,385
3481,517
3482,620
3483,702
3484,765
3485,817
3486,857
3487,765
3488,597
3489,466
3490,363
3491,285
3492,223
3493,176
3494,138
3495,244
3496,403
3497,531
3498,631
3499,710
3500,773
3501,822
3502,861
3503,742
3504,580
3505,452
3506,353
3507,276
3508,217
3509,170
3510,135
3511,266
3512,423
3513,546
3514,644
3515,719
3516,780
3517,828
3518,866
3519,719
3520,560
3521,439
3522,341
3523,268
3524,210
3525,166
3526,130
3527,289
3528,439
3529,559
3530,653
3531,728
3532,786
3533,834
3534,870
3535,697
3536,543
3537,424
3538,331
3539,260
3540,204
3541,160
3542,127
3543,311
3544,458
3545,573
3546,665
3547,736
3548,793
3549,838
3550,874
3551,674
3552,526
3553,410
3554,321
3555,251
3556,198
3557,155
3558,144
3559,331
3560,473
3561,586
3562,674
3563,744
3564,799
3565,843
3566,836
3567,653
3568,508
3569,397
3570,310
3571,244
3572,191
3573,151
3574,173
3575,351
3576,489
3577,598
3578,684
3579,752
3580,805
3581,848
3582,809
3583,633
3584,492
3585,384
3586,300
3587,235
3588,185
3589,146
3590,200
3591,371
3592,504
3593,611
3594,694
3595,759
3596,811
3597,853
3598,783
3599,612
3600,478
3601,372
3602,291
3603,228
3604,180
3605,142
3606,224
3607,390
3608,519
3609,622
3610,702
3611,767
3612,817
3613,857
3614,760
3615,594
3616,463
3617,362
3618,282
3619,221
3620,174
3621,137
3622,247
3623,408
3624,533
3625,634
3626,711
3627,774
3628,823
3629,862
3630,736
3631,575
3632,448
3633,349
3634,273
3635,214
3636,169
3637,133
3638,270
3639,424
3640,548
3641,644
3642,720
3643,780
3644,828
3645,866
3646,713
3647,555
3648,434
3649,338
3650,265
3651,207
3652,164
3653,129
3654,293
3655,442
3656,562
3657,655
3658,729
3659,787
3660,834
3661,870
3662,691
3663,538
3664,420
3665,327
3666,257
3667,201
3668,159
3669,125
3670,316
3671,460
3672,575
3673,666
3674,737
3675,794
3676,839
3677,874
3678,670
3679,521
3680,407
3681,318
3682,248
3683,195
3684,154
3685,151
3686,334
3687,477
3688,587
3689,677
3690,745
3691,800
3692,844
3693,832
3694,648
3695,506
3696,394
3697,308
3698,241
3699,190
3700,149
3701,179
3702,354
3703,492
3704,600
3705,686
3706,753
3707,807
3708,848
3709,806
3710,628
3711,490
3712,381
3713,298
3714,233
3715,183
3716,145
3717,203
3718,374
3719,507
3720,613
3721,695
3722,761
3723,812
3724,854
3725,779
3726,610
3727,474
3728,370
3729,289
3730,227
3731,178
3732,141
3733,228
3734,393
3735,521
3736,624
3737,704
3738,768
3739,818
3740,858
3741,756
3742,593
3743,461
3744,360
3745,281
3746,221
3747,173
3748,137
3749,252
3750,412
3751,536
3752,636
3753,714
3754,775
3755,825
3756,863
3757,733
3758,573
3759,447
3760,349
3761,272
3762,214
3763,168
3764,133
3765,274
3766,430
3767,550
3768,648
3769,722
3770,783
3771,830
3772,868
3773,709
3774,554
3775,432
3776,338
3777,263
3778,207
3779,163
3780,129
3781,296
3782,447
3783,564
3784,658
3785,731
3786,789
3787,835
3788,872
3789,687
3790,537
3791,418
3792,327
3793,256
3794,201
3795,158
3796,124
3797,319
3798,465
3799,578
3800,668
3801,739
3802,796
3803,840
3804,875
3805,665
3806,520
3807,405
3808,317
3809,249
3810,195
3811,153
3812,157
3813,338
3814,480
3815,590
3816,678
3817,747
3818,802
3819,845
3820,828
3821,645
3822,504
3823,392
3824,308
3825,240
3826,189
3827,149
3828,185
3829,358
3830,495
3831,603
3832,688
3833,755
3834,808
3835,850
3836,802
3837,625
3838,489
3839,381
3840,297
3841,234
3842,183
3843,145
3844,209
3845,379
3846,511
3847,615
3848,698
3849,762
3850,814
3851,855
3852,776
3853,606
3854,473
3855,369
3856,289
3857,226
3858,178
3859,140
3860,234
3861,396
3862,525
3863,626
3864,707
3865,769
3866,820
3867,859
3868,753
3869,587
3870,459
3871,358
3872,280
3873,219
3874,173
3875,136
3876,258
3877,414
3878,540
3879,638
3880,716
3881,776
3882,825
3883,864
3884,728
3885,569
3886,444
3887,346
3888,271
3889,212
3890,167
3891,132
3892,280
3893,432
3894,554
3895,649
3896,724
3897,783
3898,831
3899,868
3900,706
3901,549
3902,430
3903,335
3904,263
3905,206
3906,162
3907,128
3908,302
3909,449
3910,567
3911,659
3912,732
3913,790
3914,836
3915,872
3916,684
3917,532
3918,415
3919,324
3920,255
3921,200
3922,157
3923,120
3924,321
3925,467
3926,581
3927,670
3928,740
3929,797
3930,841
3931,847
3932,662
3933,515
3934,402
3935,314
3936,247
3937,193
3938,153
3939,161
3940,343
3941,481
3942,593
3943,679
3944,748
3945,802
3946,846
3947,820
3948,641
3949,499
3950,390
3951,304
3952,239
3953,187
3954,148
3955,188
3956,362
3957,497
3958,605
3959,689
3960,756
3961,808
3962,851
3963,794
3964,621
3965,483
3966,377
3967,295
3968,230
3969,182
3970,143
3971,214
3972,382
3973,513
3974,617
3975,699
3976,764
3977,814
3978,855
3979,769
3980,602
3981,468
3982,366
3983,285
3984,224
3985,176
3986,139
3987,236
3988,400
3989,527
3990,629
3991,707
3992,770
3993,820
3994,860
3995,745
3996,583
3997,453
3998,354
3999,277
4000,217
4001,171
4002,135
4003,260
4004,418
4005,541
4006,640
4007,716
4008,778
4009,826
4010,864
4011,723
4012,564
4013,440
4014,343
4015,268
4016,210
4017,166
4018,131
4019,284
4020,435
4021,556
4022,650
4023,726
4024,784
4025,832
4026,869
4027,700
4028,547
4029,426
4030,333
4031,260
4032,204
4033,160
4034,127
4035,304
4036,453
4037,569
4038,662
4039,733
4040,791
4041,836
4042,873
4043,680
4044,529
4045,413
4046,322
4047,252
4048,198
4049,156
4050,118
4051,325
4052,469
4053,582
4054,672
4055,742
4056,798
4057,842
4058,843
4059,658
4060,514
4061,400
4062,313
4063,245
4064,192
4065,151
4066,167
4067,345
4068,485
4069,594
4070,682
4071,750
4072,804
4073,847
4074,817
4075,637
4076,498
4077,388
4078,303
4079,238
4080,187
4081,147
4082,194
4083,365
4084,501
4085,607
4086,692
4087,757
4088,810
4089,852
4090,791
4091,617
4092,483
4093,375
4094,294
4095,230
4096,180
4097,143
4098,218
4099,385
4100,517
4101,620
4102,701
4103,765
4104,816
4105,856
4106,767
4107,598
4108,467
4109,364
4110,285
4111,223
4112,176
4113,139
4114,241
4115,403
4116,531
4117,631
4118,710
4119,772
4120,822
4121,861
4122,743
4123,579
4124,453
4125,353
4126,276
4127,216
4128,170
4129,135
4130,264
4131,422
4132,544
4133,642
4134,719
4135,780
4136,828
4137,865
4138,721
4139,561
4140,438
4141,342
4142,268
4143,210
4144,165
4145,131
4146,287
4147,439
4148,558
4149,653
4150,727
4151,786
4152,832
4153,870
4154,698
4155,543
4156,425
4157,332
4158,260
4159,204
4160,161
4161,127
4162,308
4163,455
4164,573
4165,663
4166,735
4167,793
4168,838
4169,873
4170,675
4171,528
4172,411
4173,322
4174,252
4175,198
4176,156
4177,144
4178,329
4179,472
4180,585
4181,673
4182,743
4183,799
4184,843
4185,840
4186,655
4187,511
4188,398
4189,312
4190,244
4191,192
4192,151
4193,173
4194,349
4195,489
4196,597
4197,684
4198,752
4199,805
4200,848
4201,812
4202,633
4203,495
4204,385
4205,302
4206,236
4207,186
4208,147
4209,199
4210,368
4211,504
4212,609
4213,693
4214,759
4215,812
4216,853
4217,787
4218,613
4219,479
4220,373
4221,293
4222,229
4223,180
4224,142
4225,222
4226,389
4227,519
4228,622
4229,702
4230,766
4231,817
4232,857
4233,760
4234,595
4235,463
4236,362
4237,283
4238,222
4239,175
4240,138
4241,246
4242,406
4243,532
4244,633
4245,711
4246,774
4247,822
4248,862
4249,737
4250,576
4251,448
4252,351
4253,274
4254,215
4255,169
4256,134
4257,268
4258,425
4259,546
4260,644
4261,719
4262,781
4263,828
4264,866
4265,713
4266,558
4267,434
4268,339
4269,265
4270,208
4271,163
4272,130
4273,292
4274,441
4275,561
4276,654
4277,729
4278,787
4279,833
4280,870
4281,693
4282,539
4283,421
4284,328
4285,257
4286,202
4287,159
4288,126
4289,313
4290,459
4291,574
4292,665
4293,737
4294,793
4295,839
4296,874
4297,670
4298,523
4299,407
4300,319
4301,249
4302,196
4303,154
4304,149
4305,332
4306,475
4307,587
4308,675
4309,745
4310,800
4311,843
4312,832
4313,648
4314,506
4315,394
4316,309
4317,242
4318,190
4319,150
4320,178
4321,352
4322,491
4323,599
4324,685
4325,752
4326,806
4327,848
4328,807
4329,628
4330,491
4331,382
4332,299
4333,234
4334,184
4335,145
4336,203
4337,372
4338,506
4339,611
4340,695
4341,760
4342,812
4343,853
4344,781
4345,609
4346,475
4347,370
4348,290
4349,227
4350,178
4351,141
4352,227
4353,392
4354,521
4355,624
4356,704
4357,768
4358,819
4359,858
4360,757
4361,590
4362,461
4363,359
4364,281
4365,220
4366,173
4367,136
4368,251
4369,410
4370,536
4371,635
4372,713
4373,775
4374,824
4375,863
4376,735
4377,572
4378,447
4379,348
4380,273
4381,213
4382,168
4383,133
4384,274
4385,427
4386,550
4387,646
4388,722
4389,781
4390,829
4391,867
4392,712
4393,555
4394,433
4395,338
4396,264
4397,207
4398,163
4399,129
4400,295
4401,446
4402,563
4403,657
4404,730
4405,789
4406,834
4407,871
4408,688
4409,538
4410,419
4411,328
4412,256
4413,201
4414,158
4415,125
4416,317
4417,461
4418,577
4419,667
4420,739
4421,795
4422,840
4423,875
4424,667
4425,521
4426,406
4427,318
4428,248
4429,195
4430,153
4431,155
4432,336
4433,479
4434,589
4435,678
4436,747
4437,801
4438,845
4439,829
4440,648
4441,505
4442,394
4443,308
4444,241
4445,190
4446,149
4447,183
4448,357
4449,494
4450,602
4451,688
4452,755
4453,808
4454,850
4455,803
4456,626
4457,489
4458,381
4459,298
4460,233
4461,184
4462,144
4463,208
4464,376
4465,510
4466,614
4467,697
4468,762
4469,814
4470,854
4471,778
4472,607
4473,474
4474,370
4475,289
4476,227
4477,178
4478,141
4479,233
4480,397
4481,524
4482,626
4483,707
4484,769
4485,820
4486,859
4487,752
4488,589
4489,460
4490,359
4491,280
4492,220
4493,173
4494,137
4495,255
4496,414
4497,538
4498,638
4499,715
4500,776
4501,825
4502,864
4503,729
4504,571
4505,444
4506,348
4507,272
4508,213
4509,168
4510,133
4511,277
4512,432
4513,552
4514,648
4515,723
4516,783
4517,830
4518,868
4519,706
4520,552
4521,430
4522,337
4523,263
4524,207
4525,162
4526,129
4527,299
4528,448
4529,566
4530,659
4531,732
4532,790
4533,836
4534,872
4535,686
4536,534
4537,417
4538,325
4539,255
4540,200
4541,158
4542,121
4543,320
4544,465
4545,579
4546,669
4547,740
4548,796
4549,840
4550,851
4551,664
4552,517
4553,404
4554,315
4555,247
4556,194
4557,153
4558,159
4559,342
4560,481
4561,592
4562,679
4563,748
4564,802
4565,846
4566,824
4567,643
4568,501
4569,391
4570,306
4571,239
4572,188
4573,148
4574,186
4575,361
4576,496
4577,604
4578,688
4579,756
4580,808
4581,850
4582,796
4583,623
4584,484
4585,379
4586,295
4587,232
4588,182
4589,144
4590,211
4591,380
4592,511
4593,616
4594,697
4595,763
4596,814
4597,855
4598,771
4599,603
4600,469
4601,367
4602,286
4603,225
4604,176
4605,140
4606,236
4607,399
4608,528
4609,628
4610,707
4611,770
4612,820
4613,859
4614,748
4615,583
4616,455
4617,354
4618,278
4619,217
4620,171
4621,135
4622,260
4623,416
4624,542
4625,639
4626,717
4627,777
4628,826
4629,863
4630,725
4631,565
4632,441
4633,343
4634,269
4635,211
4636,166
4637,132
4638,282
4639,434
4640,555
4641,650
4642,724
4643,784
4644,831
4645,868
4646,701
4647,548
4648,426
4649,333
4650,260
4651,204
4652,161
4653,128
4654,304
4655,452
4656,568
4657,660
4658,733
4659,791
4660,836
4661,872
4662,680
4663,529
4664,413
4665,322
4666,253
4667,198
4668,156
4669,119
4670,323
4671,468
4672,580
4673,671
4674,741
4675,797
4676,841
4677,847
4678,658
4679,514
4680,400
4681,313
4682,245
4683,193
4684,152
4685,165
4686,344
4687,484
4688,594
4689,681
4690,749
4691,804
4692,846
4693,819
4694,639
4695,498
4696,388
4697,303
4698,238
4699,187
4700,147
4701,192
4702,363
4703,500
4704,606
4705,691
4706,757
4707,810
4708,851
4709,793
4710,619
4711,483
4712,376
4713,294
4714,230
4715,181
4716,143
4717,217
4718,383
4719,515
4720,618
4721,700
4722,764
4723,816
4724,856
4725,768
4726,599
4727,468
4728,364
4729,285
4730,223
4731,176
4732,139
4733,240
4734,400
4735,529
4736,631
4737,709
4738,772
4739,821
4740,860
4741,744
4742,580
4743,453
4744,353
4745,277
4746,216
4747,170
4748,135
4749,264
4750,419
4751,545
4752,641
4753,718
4754,779
4755,827
4756,865
4757,722
4758,562
4759,440
4760,342
4761,269
4762,210
4763,166
4764,131
4765,287
4766,437
4767,558
4768,652
4769,727
4770,785
4771,832
4772,870
4773,699
4774,544
4775,426
4776,332
4777,260
4778,204
4779,160
4780,127
4781,308
4782,456
4783,572
4784,664
4785,735
4786,793
4787,837
4788,873
4789,677
4790,528
4791,412
4792,322
4793,252
4794,198
4795,156
4796,118
4797,328
4798,472
4799,584
4800,673
4801,743
4802,799
4803,842
4804,841
4805,656
4806,512
4807,399
4808,312
4809,244
4810,192
4811,151
4812,171
4813,348
4814,488
4815,596
4816,683
4817,751
4818,805
4819,847
4820,814
4821,635
4822,495
4823,388
4824,303
4825,237
4826,186
4827,147
4828,196
4829,369
4830,502
4831,609
4832,693
4833,759
4834,811
4835,853
4836,789
4837,615
4838,482
4839,375
4840,294
4841,230
4842,181
4843,142
4844,223
4845,386
4846,518
4847,620
4848,702
4849,766
4850,817
4851,857
4852,764
4853,596
4854,466
4855,363
4856,284
4857,223
4858,176
4859,139
4860,246
4861,405
4862,532
4863,632
4864,711
4865,774
4866,823
4867,862
4868,740
4869,578
4870,450
4871,352
4872,275
4873,216
4874,170
4875,134
4876,267
4877,424
4878,546
4879,644
4880,719
4881,780
4882,828
4883,866
4884,717
4885,558
4886,436
4887,340
4888,267
4889,209
4890,165
4891,130
4892,289
4893,441
4894,559
4895,654
4896,728
4897,787
4898,833
4899,870
4900,693
4901,542
4902,421
4903,330
4904,258
4905,203
4906,159
4907,126
4908,311
4909,457
4910,573
4911,665
4912,736
4913,793
4914,839
4915,874
4916,673
4917,523
4918,409
4919,319
4920,250
4921,196
4922,155
4923,147
4924,331
4925,475
4926,586
4927,675
4928,744
4929,800
4930,843
4931,836
4932,650
4933,508
4934,396
4935,309
4936,242
4937,191
4938,150
4939,177
4940,351
4941,491
4942,598
4943,685
4944,752
4945,806
4946,848
4947,808
4948,630
4949,492
4950,383
4951,300
4952,235
4953,185
4954,146
4955,202
4956,371
4957,506
4958,610
4959,694
4960,760
4961,812
4962,852
4963,783
4964,610
4965,476
4966,371
4967,291
4968,227
4969,179
4970,141
4971,226
4972,389
4973,520
4974,622
4975,704
4976,766
4977,817
4978,857
4979,759
4980,591
4981,462
4982,359
4983,282
4984,221
4985,173
4986,137
4987,250
4988,408
4989,535
4990,634
4991,713
4992,775
4993,824
4994,862
4995,734
4996,572
4997,446
4998,348
4999,273
5000,213
5001,168
5002,133
5003,272
5004,426
5005,549
5006,645
5007,721
5008,781
5009,829
5010,866
5011,712
5012,555
5013,433
5014,337
5015,265
5016,207
5017,163
5018,129
5019,295
5020,443
5021,563
5022,656
5023,730
5024,788
5025,834
5026,870
5027,690
5028,537
5029,419
5030,327
5031,256
5032,201
5033,158
5034,126
5035,317
5036,461
5037,576
5038,667
5039,738
5040,795
5041,839
5042,875
5043,669
5044,521
5045,407
5046,317
5047,249
5048,195
5049,154
5050,151
5051,336
5052,477
5053,589
5054,676
5055,746
5056,801
5057,845
5058,829
5059,649
5060,505
5061,394
5062,308
5063,241
5064,189
5065,150
5066,180
5067,356
5068,493
5069,601
5070,687
5071,754
5072,807
5073,850
5074,803
5075,629
5076,489
5077,382
5078,299
5079,234
5080,184
5081,145
5082,207
5083,376
5084,508
5085,614
5086,696
5087,762
5088,813
5089,855
5090,778
5091,609
5092,475
5093,370
5094,290
5095,227
5096,178
5097,141
5098,230
5099,395
5100,523
5101,626
5102,705
5103,769
5104,819
5105,859
5106,755
5107,589
5108,460
5109,358
5110,281
5111,220
5112,173
5113,137
5114,253
5115,413
5116,537
5117,637
5118,714
5119,776
5120,825
5121,863
5122,731
5123,570
5124,445
5125,347
5126,272
5127,213
5128,168
5129,133
5130,274
5131,428
5132,550
5133,647
5134,722
5135,782
5136,830
5137,867
5138,708
5139,552
5140,431
5141,336
5142,264
5143,207
5144,163
5145,129
5146,298
5147,448
5148,565
5149,659
5150,732
5151,790
5152,835
5153,872
5154,687
5155,536
5156,419
5157,327
5158,256
5159,201
5160,158
5161,121
5162,319
5163,464
5164,579
5165,669
5166,740
5167,797
5168,841
5169,875
5170,665
5171,520
5172,405
5173,317
5174,248
5175,195
5176,154
5177,160
5178,339
5179,481
5180,591
5181,679
5182,748
5183,802
5184,845
5185,826
5186,644
5187,503
5188,392
5189,307
5190,240
5191,189
5192,149
5193,187
5194,359
5195,496
5196,603
5197,688
5198,755
5199,808
5200,850
5201,799
5202,623
5203,487
5204,380
5205,297
5206,232
5207,183
5208,144
5209,210
5210,378
5211,510
5212,616
5213,697
5214,763
5215,814
5216,855
5217,773
5218,605
5219,471
5220,368
5221,287
5222,226
5223,177
5224,141
5225,234
5226,398
5227,525
5228,627
5229,707
5230,770
5231,819
5232,859
5233,748
5234,585
5235,456
5236,356
5237,278
5238,219
5239,172
5240,136
5241,257
5242,416
5243,540
5244,639
5245,715
5246,777
5247,825
5248,864
5249,726
5250,567
5251,442
5252,345
5253,270
5254,212
5255,167
5256,132
5257,280
5258,434
5259,553
5260,650
5261,724
5262,784
5263,831
5264,868
5265,704
5266,548
5267,428
5268,334
5269,262
5270,205
5271,162
5272,128
5273,303
5274,450
5275,568
5276,660
5277,733
5278,790
5279,836
5280,872
5281,682
5282,531
5283,414
5284,324
5285,253
5286,198
5287,157
5288,120
5289,322
5290,466
5291,581
5292,671
5293,741
5294,797
5295,841
5296,845
5297,660
5298,514
5299,402
5300,313
5301,246
5302,192
5303,152
5304,162
5305,344
5306,483
5307,593
5308,680
5309,749
5310,803
5311,846
5312,818
5313,640
5314,497
5315,389
5316,303
5317,238
5318,186
5319,147
5320,189
5321,363
5322,498
5323,606
5324,690
5325,756
5326,809
5327,851
5328,793
5329,620
5330,482
5331,376
5332,294
5333,230
5334,181
5335,143
5336,215
5337,383
5338,514
5339,618
5340,699
5341,764
5342,815
5343,856
5344,768
5345,601
5346,467
5347,365
5348,285
5349,224
5350,176
5351,139
5352,238
5353,401
5354,528
5355,629
5356,708
5357,771
5358,821
5359,860
5360,744
5361,582
5362,453
5363,354
5364,276
5365,217
5366,170
5367,135
5368,261
5369,419
5370,542
5371,641
5372,717
5373,778
5374,826
5375,865
5376,721
5377,563
5378,439
5379,343
5380,268
5381,210
5382,165
5383,131
5384,284
5385,437
5386,556
5387,652
5388,726
5389,785
5390,832
5391,869
5392,700
5393,546
5394,426
5395,332
5396,260
5397,204
5398,161
5399,127
5400,307
5401,453
5402,571
5403,662
5404,735
5405,791
5406,838
5407,873
5408,678
5409,530
5410,412
5411,323
5412,252
5413,198
5414,156
5415,119
5416,328
5417,470
5418,583
5419,673
5420,743
5421,799
5422,842
5423,843
5424,658
5425,512
5426,400
5427,312
5428,245
5429,192
5430,152
5431,168
5432,348
5433,486
5434,596
5435,682
5436,751
5437,804
5438,847
5439,814
5440,637
5441,496
5442,388
5443,303
5444,237
5445,186
5446,147
5447,194
5448,367
5449,501
5450,608
5451,692
5452,758
5453,811
5454,852
5455,789
5456,618
5457,481
5458,376
5459,293
5460,230
5461,181
5462,142
5463,220
5464,386
5465,516
5466,620
5467,701
5468,766
5469,816
5470,857
5471,764
5472,598
5473,466
5474,365
5475,285
5476,223
5477,176
5478,139
5479,243
5480,405
5481,531
5482,632
5483,710
5484,773
5485,822
5486,862
5487,741
5488,580
5489,452
5490,353
5491,276
5492,217
5493,170
5494,135
5495,266
5496,423
5497,545
5498,643
5499,719
5500,780
5501,828
5502,866
5503,719
5504,560
5505,437
5506,341
5507,267
5508,210
5509,165
5510,131
5511,290
5512,439
5513,559
5514,653
5515,728
5516,786
5517,833
5518,870
5519,697
5520,542
5521,424
5522,331
5523,259
5524,203
5525,160
5526,127
5527,311
5528,456
5529,573
5530,664
5531,736
5532,793
5533,838
5534,873
5535,673
5536,527
5537,409
5538,321
5539,251
5540,197
5541,155
5542,144
5543,331
5544,473
5545,586
5546,674
5547,744
5548,800
5549,843
5550,838
5551,653
5552,509
5553,397
5554,311
5555,243
5556,191
5557,151
5558,175
5559,350
5560,490
5561,597
5562,685
5563,751
5564,805
5565,848
5566,810
5567,631
5568,493
5569,384
5570,301
5571,235
5572,185
5573,146
5574,201
5575,370
5576,505
5577,610
5578,694
5579,759
5580,811
5581,852
5582,785
5583,612
5584,478
5585,372
5586,291
5587,228
5588,180
5589,141
5590,224
5591,389
5592,519
5593,622
5594,702
5595,766
5596,817
5597,857
5598,761
5599,592
5600,463
5601,360
5602,282
5603,221
5604,174
5605,137
5606,249
5607,407
5608,534
5609,633
5610,712
5611,774
5612,823
5613,862
5614,737
5615,573
5616,448
5617,349
5618,274
5619,214
5620,169
5621,133
5622,271
5623,425
5624,548
5625,644
5626,721
5627,780
5628,828
5629,866
5630,713
5631,555
5632,432
5633,339
5634,265
5635,208
5636,164
5637,129
5638,292
5639,444
5640,561
5641,656
5642,729
5643,787
5644,833
5645,871
5646,690
5647,539
5648,419
5649,328
5650,256
5651,202
5652,158
5653,126
5654,313
5655,460
5656,574
5657,666
5658,737
5659,794
5660,839
5661,874
5662,670
5663,521
5664,407
5665,318
5666,249
5667,195
5668,154
5669,150
5670,335
5671,475
5672,588
5673,675
5674,745
5675,801
5676,843
5677,830
5678,648
5679,505
5680,393
5681,308
5682,241
5683,189
5684,149
5685,179
5686,354
5687,492
5688,600
5689,686
5690,753
5691,807
5692,849
5693,806
5694,628
5695,491
5696,382
5697,299
5698,233
5699,184
5700,144
5701,205
5702,373
5703,507
5704,612
5705,696
5706,761
5707,813
5708,854
5709,781
5710,610
5711,476
5712,370
5713,290
5714,227
5715,179
5716,141
5717,230
5718,394
5719,522
5720,625
5721,705
5722,768
5723,819
5724,858
5725,757
5726,591
5727,462
5728,359
5729,282
5730,220
5731,174
5732,137
5733,253
5734,411
5735,537
5736,635
5737,714
5738,775
5739,824
5740,863
5741,733
5742,571
5743,447
5744,348
5745,273
5746,213
5747,168
5748,132
5749,273
5750,429
5751,550
5752,647
5753,722
5754,782
5755,829
5756,867
5757,709
5758,554
5759,432
5760,336
5761,265
5762,207
5763,163
5764,129
5765,297
5766,447
5767,564
5768,658
5769,731
5770,789
5771,835
5772,872
5773,687
5774,537
5775,419
5776,327
5777,256
5778,201
5779,158
5780,124
5781,317
5782,464
5783,577
5784,669
5785,739
5786,796
5787,840
5788,875
5789,667
5790,520
5791,406
5792,317
5793,249
5794,195
5795,154
5796,155
5797,339
5798,479
5799,591
5800,678
5801,747
5802,802
5803,845
5804,828
5805,647
5806,505
5807,394
5808,308
5809,241
5810,190
5811,149
5812,185
5813,358
5814,496
5815,602
5816,688
5817,755
5818,808
5819,850
5820,801
5821,625
5822,489
5823,381
5824,298
5825,234
5826,184
5827,145
5828,210
5829,377
5830,511
5831,614
5832,697
5833,762
5834,814
5835,854
5836,776
5837,606
5838,473
5839,368
5840,289
5841,226
5842,179
5843,140
5844,234
5845,396
5846,525
5847,626
5848,706
5849,769
5850,819
5851,859
5852,752
5853,586
5854,458
5855,357
5856,280
5857,219
5858,173
5859,136
5860,257
5861,414
5862,540
5863,637
5864,716
5865,776
5866,826
5867,863
5868,728
5869,568
5870,444
5871,346
5872,271
5873,212
5874,167
5875,132
5876,278
5877,433
5878,553
5879,649
5880,724
5881,784
5882,830
5883,868
5884,704
5885,550
5886,429
5887,335
5888,262
5889,206
5890,162
5891,128
5892,300
5893,449
5894,567
5895,659
5896,732
5897,790
5898,836
5899,872
5900,684
5901,532
5902,416
5903,324
5904,254
5905,199
5906,157
5907,120
5908,321
5909,466
5910,579
5911,670
5912,740
5913,796
5914,840
5915,848
5916,662
5917,515
5918,403
5919,314
5920,247
5921,193
5922,153
5923,161
5924,343
5925,482
5926,593
5927,679
5928,748
5929,803
5930,846
5931,820
5932,640
5933,499
5934,389
5935,304
5936,238
5937,188
5938,148
5939,190
5940,361
5941,498
5942,604
5943,690
5944,755
5945,809
5946,851
5947,795
5948,621
5949,483
5950,377
5951,295
5952,231
5953,182
5954,143
5955,213
5956,382
5957,512
5958,617
5959,699
5960,764
5961,814
5962,855
5963,769
5964,602
5965,468
5966,366
5967,285
5968,224
5969,176
5970,139
5971,236
5972,399
5973,526
5974,627
5975,707
5976,770
5977,820
5978,859
5979,745
5980,583
5981,453
5982,354
5983,277
5984,217
5985,171
5986,135
5987,260
5988,418
5989,541
5990,640
5991,716
5992,778
5993,826
5994,864
5995,723
5996,566
5997,440
5998,344
5999,269
6000,211
6001,166
6002,131
6003,282
6004,436
6005,555
6006,651
6007,725
6008,785
6009,831
6010,869
6011,700
6012,547
6013,425
6014,333
6015,260
6016,204
6017,161
6018,127
6019,305
6020,453
6021,569
6022,662
6023,733
6024,791
6025,836
6026,873
6027,680
6028,529
6029,413
6030,322
6031,252
6032,198
6033,156
6034,119
6035,326
6036,468
6037,582
6038,671
6039,742
6040,798
6041,842
6042,843
6043,659
6044,513
6045,401
6046,312
6047,245
6048,192
6049,152
6050,166
6051,347
6052,484
6053,595
6054,681
6055,750
6056,804
6057,847
6058,815
6059,636
6060,497
6061,388
6062,303
6063,237
6064,186
6065,147
6066,193
6067,366
6068,500
6069,608
6070,691
6071,758
6072,810
6073,852
6074,792
6075,617
6076,483
6077,376
6078,294
6079,230
6080,181
6081,143
6082,219
6083,384
6084,516
6085,619
6086,701
6087,765
6088,816
6089,856
6090,767
6091,598
6092,468
6093,364
6094,285
6095,223
6096,176
6097,139
6098,243
6099,403
6100,531
6101,631
6102,709
6103,772
6104,821
6105,861
6106,742
6107,579
6108,453
6109,353
6110,277
6111,216
6112,170
6113,134
6114,266
6115,421
6116,545
6117,642
6118,719
6119,779
6120,827
6121,865
6122,721
6123,562
6124,439
6125,342
6126,268
6127,210
6128,166
6129,131
6130,288
6131,438
6132,559
6133,653
6134,728
6135,786
6136,833
6137,870
6138,698
6139,544
6140,425
6141,332
6142,260
6143,204
6144,160
6145,127
6146,310
6147,457
6148,572
6149,664
6150,736
6151,792
6152,838
6153,873
6154,675
6155,528
6156,411
6157,322
6158,252
6159,197
6160,156
6161,144
6162,329
6163,473
6164,584
6165,674
6166,743
6167,799
6168,843
6169,840
6170,654
6171,511
6172,398
6173,312
6174,244
6175,192
6176,151
6177,173
6178,349
6179,488
6180,597
6181,684
6182,751
6183,805
6184,847
6185,812
6186,633
6187,493
6188,385
6189,302
6190,236
6191,186
6192,146
6193,199
6194,369
6195,504
6196,610
6197,693
6198,759
6199,811
6200,853
6201,787
6202,613
6203,480
6204,373
6205,293
6206,229
6207,181
6208,142
6209,224
6210,388
6211,519
6212,621
6213,702
6214,766
6215,817
6216,857
6217,762
6218,595
6219,464
6220,361
6221,283
6222,222
6223,175
6224,138
6225,248
6226,406
6227,533
6228,632
6229,712
6230,774
6231,823
6232,862
6233,738
6234,576
6235,449
6236,350
6237,274
6238,215
6239,169
6240,133
6241,270
6242,424
6243,548
6244,644
6245,720
6246,780
6247,828
6248,866
6249,715
6250,557
6251,435
6252,339
6253,266
6254,208
6255,164
6256,130
6257,292
6258,441
6259,562
6260,655
6261,729
6262,786
6263,833
6264,870
6265,693
6266,539
6267,421
6268,328
6269,257
6270,202
6271,159
6272,126
6273,312
6274,459
6275,574
6276,665
6277,737
6278,794
6279,839
6280,874
6281,671
6282,522
6283,408
6284,318
6285,250
6286,195
6287,154
6288,149
6289,332
6290,475
6291,586
6292,676
6293,744
6294,800
6295,843
6296,834
6297,649
6298,507
6299,394
6300,309
6301,242
6302,190
6303,150
6304,178
6305,352
6306,491
6307,599
6308,686
6309,752
6310,806
6311,848
6312,807
6313,628
6314,491
6315,382
6316,298
6317,234
6318,184
6319,145
6320,202
6321,373
6322,505
6323,612
6324,694
6325,761
6326,812
6327,853
6328,780
6329,610
6330,475
6331,371
6332,289
6333,227
6334,178
6335,141
6336,226
6337,392
6338,520
6339,624
6340,703
6341,768
6342,818
6343,858
6344,756
6345,592
6346,460
6347,360
6348,280
6349,221
6350,173
6351,137
6352,250
6353,410
6354,535
6355,635
6356,713
6357,775
6358,824
6359,862
6360,735
6361,573
6362,447
6363,349
6364,272
6365,214
6366,168
6367,133
6368,272
6369,428
6370,549
6371,646
6372,721
6373,782
6374,829
6375,867
6376,711
6377,555
6378,433
6379,338
6380,265
6381,207
6382,163
6383,129
6384,296
6385,445
6386,564
6387,656
6388,731
6389,788
6390,835
6391,871
6392,689
6393,537
6394,420
6395,327
6396,256
6397,201
6398,159
6399,124
6400,319
6401,461
6402,577
6403,668
6404,739
6405,795
6406,840
6407,875
6408,668
6409,521
6410,407
6411,318
6412,248
6413,195
6414,153
6415,153
6416,338
6417,478
6418,589
6419,677
6420,746
6421,801
6422,845
6423,827
6424,647
6425,505
6426,394
6427,308
6428,241
6429,190
6430,149
6431,183
6432,356
6433,494
6434,602
6435,687
6436,754
6437,808
6438,850
6439,803
6440,626
6441,489
6442,382
6443,298
6444,234
6445,184
6446,145
6447,207
6448,376
6449,509
6450,615
6451,696
6452,762
6453,813
6454,855
6455,776
6456,608
6457,473
6458,370
6459,289
6460,227
6461,178
6462,141
6463,231
6464,396
6465,524
6466,625
6467,706
6468,769
6469,819
6470,859
6471,754
6472,588
6473,460
6474,358
6475,281
6476,220
6477,173
6478,136
6479,256
6480,413
6481,538
6482,637
6483,715
6484,776
6485,824
6486,863
6487,729
6488,569
6489,444
6490,347
6491,272
6492,213
6493,167
6494,133
6495,277
6496,432
6497,552
6498,648
6499,723
6500,783
6501,830
6502,868
6503,706
6504,553
6505,430
6506,337
6507,263
6508,207
6509,163
6510,129
6511,299
6512,449
6513,566
6514,659
6515,732
6516,790
6517,835
6518,872
6519,684
6520,535
6521,416
6522,327
6523,255
6524,200
6525,158
6526,121
6527,322
6528,467
6529,579
6530,669
6531,739
6532,796
6533,840
6534,851
6535,664
6536,517
6537,404
6538,315
6539,247
6540,194
6541,153
6542,159
6543,342
6544,480
6545,592
6546,679
6547,748
6548,802
6549,846
6550,822
6551,643
6552,500
6553,391
6554,305
6555,240
6556,188
6557,148
6558,186
6559,361
6560,496
6561,604
6562,688
6563,756
6564,808
6565,850
6566,798
6567,621
6568,485
6569,379
6570,295
6571,231
6572,182
6573,144
6574,213
6575,380
6576,512
6577,615
6578,698
6579,762
6580,814
6581,855
6582,772
6583,602
6584,470
6585,366
6586,287
6587,224
6588,177
6589,140
6590,237
6591,398
6592,527
6593,627
6594,707
6595,770
6596,820
6597,859
6598,748
6599,582
6600,455
6601,354
6602,278
6603,217
6604,171
6605,135
6606,260
6607,416
6608,541
6609,639
6610,717
6611,777
6612,826
6613,864
6614,724
6615,564
6616,440
6617,343
6618,268
6619,210
6620,166
6621,131
6622,282
6623,433
6624,556
6625,649
6626,725
6627,784
6628,831
6629,868
6630,702
6631,546
6632,427
6633,333
6634,261
6635,204
6636,161
6637,127
6638,304
6639,451
6640,569
6641,660
6642,733
6643,790
6644,836
6645,872
6646,680
6647,529
6648,413
6649,322
6650,253
6651,198
6652,156
6653,119
6654,323
6655,468
6656,582
6657,671
6658,741
6659,797
6660,842
6661,847
6662,658
6663,514
6664,400
6665,313
6666,245
6667,192
6668,151
6669,166
6670,344
6671,484
6672,593
6673,681
6674,749
6675,803
6676,846
6677,819
6678,638
6679,498
6680,388
6681,304
6682,237
6683,187
6684,147
6685,193
6686,363
6687,500
6688,606
6689,691
6690,757
6691,810
6692,851
6693,793
6694,619
6695,483
6696,376
6697,294
6698,230
6699,181
6700,143
6701,217
6702,384
6703,515
6704,619
6705,700
6706,765
6707,815
6708,856
6709,767
6710,600
6711,467
6712,365
6713,285
6714,224
6715,176
6716,139
6717,241
6718,401
6719,530
6720,630
6721,709
6722,772
6723,821
6724,860
6725,744
6726,580
6727,454
6728,353
6729,277
6730,217
6731,171
6732,135
6733,264
6734,420
6735,544
6736,641
6737,718
6738,779
6739,827
6740,865
6741,722
6742,564
6743,440
6744,343
6745,269
6746,210
6747,165
6748,131
6749,287
6750,437
6751,558
6752,652
6753,727
6754,785
6755,832
6756,869
6757,699
6758,544
6759,426
6760,332
6761,260
6762,204
6763,161
6764,127
6765,309
6766,454
6767,572
6768,663
6769,735
6770,792
6771,838
6772,873
6773,676
6774,529
6775,411
6776,322
6777,252
6778,198
6779,156
6780,118
6781,329
6782,471
6783,584
6784,674
6785,743
6786,799
6787,842
6788,840
6789,655
6790,511
6791,400
6792,312
6793,245
6794,192
6795,151
6796,170
6797,349
6798,487
6799,597
6800,683
6801,751
6802,805
6803,848
6804,814
6805,635
6806,496
6807,387
6808,303
6809,237
6810,187
6811,147
6812,198
6813,368
6814,503
6815,609
6816,693
6817,759
6818,811
6819,853
6820,789
6821,615
6822,481
6823,375
6824,294
6825,230
6826,181
6827,143
6828,221
6829,386
6830,517
6831,620
6832,701
6833,766
6834,816
6835,857
6836,762
6837,597
6838,465
6839,363
6840,284
6841,223
6842,175
6843,139
6844,244
6845,406
6846,531
6847,633
6848,710
6849,773
6850,822
6851,862
6852,739
6853,578
6854,450
6855,352
6856,275
6857,216
6858,170
6859,134
6860,267
6861,424
6862,546
6863,644
6864,719
6865,780
6866,828
6867,866
6868,717
6869,558
6870,435
6871,340
6872,266
6873,209
6874,165
6875,130
6876,291
6877,440
6878,560
6879,654
6880,728
6881,786
6882,833
6883,870
6884,694
6885,540
6886,422
6887,329
6888,258
6889,202
6890,160
6891,126
6892,312
6893,457
6894,574
6895,665
6896,736
6897,793
6898,838
6899,874
6900,671
6901,525
6902,408
6903,320
6904,249
6905,196
6906,155
6907,147
6908,331
6909,474
6910,586
6911,675
6912,745
6913,799
6914,843
6915,834
6916,651
6917,507
6918,396
6919,309
6920,242
6921,190
6922,150
6923,176
6924,351
6925,490
6926,598
6927,685
6928,752
6929,806
6930,848
6931,809
6932,630
6933,492
6934,383
6935,300
6936,234
6937,185
6938,145
6939,202
6940,371
6941,505
6942,610
6943,694
6944,759
6945,812
6946,852
6947,783
6948,610
6949,476
6950,371
6951,290
6952,227
6953,179
6954,141
6955,226
6956,391
6957,520
6958,623
6959,704
6960,767
6961,817
6962,857
6963,757
6964,592
6965,461
6966,360
6967,281
6968,221
6969,173
6970,137
6971,250
6972,408
6973,535
6974,634
6975,712
6976,774
6977,823
6978,862
6979,735
6980,572
6981,447
6982,348
6983,273
6984,213
6985,168
6986,133
6987,271
6988,425
6989,548
6990,644
6991,721
6992,781
6993,829
6994,866
6995,712
6996,555
6997,433
6998,338
6999,264
7000,207
7001,164
7002,129
7003,294
7004,443
7005,562
7006,656
7007,730
7008,788
7009,834
7010,870
7011,691
7012,537
7013,420
7014,327
7015,257
7016,201
7017,158
7018,125
7019,314
7020,461
7021,575
7022,667
7023,738
7024,795
7025,839
7026,875
7027,670
7028,521
7029,407
7030,317
7031,249
7032,195
7033,154
7034,151
7035,336
7036,477
7037,589
7038,676
7039,746
7040,802
7041,844
7042,829
7043,647
7044,505
7045,394
7046,308
7047,242
7048,189
7049,150
7050,180
7051,356
7052,493
7053,602
7054,686
7055,754
7056,807
7057,850
7058,803
7059,629
7060,489
7061,383
7062,298
7063,234
7064,184
7065,145
7066,206
7067,376
7068,508
7069,614
7070,696
7071,762
7072,813
7073,855
7074,778
7075,609
7076,475
7077,370
7078,290
7079,227
7080,178
7081,141
7082,230
7083,395
7084,524
7085,625
7086,706
7087,769
7088,819
7089,859
7090,755
7091,589
7092,460
7093,358
7094,281
7095,220
7096,173
7097,136
7098,253
7099,413
7100,537
7101,637
7102,714
7103,776
7104,824
7105,863
7106,730
7107,571
7108,445
7109,348
7110,272
7111,213
7112,168
7113,133
7114,275
7115,430
7116,551
7117,648
7118,722
7119,783
7120,830
7121,868
7122,707
7123,553
7124,431
7125,337
7126,264
7127,207
7128,163
7129,129
7130,299
7131,448
7132,565
7133,659
7134,732
7135,790
7136,835
7137,872
7138,686
7139,536
7140,418
7141,327
7142,256
7143,201
7144,158
7145,124
7146,320
7147,464
7148,579
7149,668
7150,740
7151,796
7152,841
7153,875
7154,665
7155,520
7156,404
7157,317
7158,248
7159,195
7160,154
7161,159
7162,339
7163,481
7164,590
7165,679
7166,747
7167,802
7168,846
7169,826
7170,645
7171,503
7172,392
7173,307
7174,240
7175,189
7176,149
7177,186
7178,359
7179,496
7180,603
7181,689
7182,755
7183,808
7184,850
7185,800
7186,623
7187,487
7188,379
7189,298
7190,232
7191,183
7192,144
7193,211
7194,378
7195,511
7196,615
7197,698
7198,762
7199,814
7200,854
7201,774
7202,603
7203,471
7204,367
7205,288
7206,225
7207,177
7208,140
7209,235
7210,397
7211,526
7212,627
7213,707
7214,770
7215,820
7216,860
7217,748
7218,586
7219,456
7220,356
7221,278
7222,219
7223,172
7224,136
7225,257
7226,416
7227,539
7228,639
7229,715
7230,777
7231,825
7232,864
7233,725
7234,567
7235,442
7236,345
7237,270
7238,211
7239,167
7240,132
7241,280
7242,434
7243,553
7244,650
7245,724
7246,784
7247,831
7248,868
7249,702
7250,549
7251,427
7252,334
7253,261
7254,204
7255,162
7256,128
7257,303
7258,451
7259,568
7260,660
7261,733
7262,790
7263,836
7264,872
7265,682
7266,530
7267,414
7268,323
7269,253
7270,199
7271,157
7272,120
7273,322
7274,467
7275,580
7276,671
7277,740
7278,797
7279,841
7280,846
7281,660
7282,514
7283,401
7284,313
7285,246
7286,192
7287,152
7288,162
7289,344
7290,483
7291,593
7292,680
7293,749
7294,803
7295,846
7296,818
7297,639
7298,498
7299,388
7300,303
7301,237
7302,187
7303,147
7304,190
7305,363
7306,498
7307,606
7308,690
7309,757
7310,809
7311,851
7312,794
7313,619
7314,483
7315,376
7316,295
7317,230
7318,181
7319,143
7320,216
7321,381
7322,514
7323,617
7324,700
7325,764
7326,815
7327,855
7328,770
7329,600
7330,468
7331,364
7332,285
7333,224
7334,176
7335,139
7336,240
7337,400
7338,528
7339,630
7340,709
7341,771
7342,821
7343,860
7344,746
7345,581
7346,454
7347,353
7348,277
7349,217
7350,171
7351,135
7352,263
7353,418
7354,543
7355,640
7356,718
7357,778
7358,827
7359,864
7360,724
7361,565
7362,441
7363,343
7364,270
7365,211
7366,167
7367,131
7368,285
7369,436
7370,557
7371,652
7372,726
7373,786
7374,832
7375,869
7376,701
7377,546
7378,427
7379,332
7380,261
7381,204
7382,160
7383,127
7384,307
7385,454
7386,570
7387,663
7388,734
7389,792
7390,837
7391,874
7392,679
7393,529
7394,413
7395,322
7396,253
7397,198
7398,156
7399,118
7400,326
7401,471
7402,583
7403,673
7404,742
7405,799
7406,842
7407,843
7408,656
7409,513
7410,399
7411,313
7412,245
7413,192
7414,151
7415,170
7416,347
7417,487
7418,595
7419,683
7420,750
7421,805
7422,847
7423,816
7424,636
7425,496
7426,387
7427,303
7428,237
7429,186
7430,147
7431,196
7432,366
7433,502
7434,608
7435,692
7436,758
7437,811
7438,852
7439,790
7440,616
7441,482
7442,375
7443,295
7444,230
7445,182
7446,143
7447,221
7448,386
7449,517
7450,620
7451,702
7452,765
7453,816
7454,857
7455,766
7456,597
7457,467
7458,364
7459,285
7460,223
7461,176
7462,139
7463,244
7464,403
7465,531
7466,631
7467,711
7468,772
7469,823
7470,862
7471,742
7472,579
7473,452
7474,353
7475,276
7476,217
7477,170
7478,135
7479,266
7480,423
7481,545
7482,643
7483,719
7484,780
7485,828
7486,866
7487,719
7488,560
7489,438
7490,341
7491,268
7492,210
7493,166
7494,130
7495,289
7496,439
7497,559
7498,653
7499,728
7500,786
7501,833
7502,870
7503,696
7504,542
7505,424
7506,331
7507,260
7508,203
7509,160
7510,127
7511,311
7512,457
7513,573
7514,664
7515,736
7516,793
7517,838
7518,874
7519,673
7520,526
7521,409
7522,321
7523,251
7524,198
7525,155
7526,144
7527,331
7528,473
7529,586
7530,674
7531,744
7532,799
7533,843
7534,836
7535,653
7536,508
7537,397
7538,310
7539,243
7540,191
7541,151
7542,173
7543,352
7544,489
7545,599
7546,684
7547,752
7548,805
7549,848
7550,809
7551,633
7552,492
7553,384
7554,300
7555,235
7556,185
7557,146
7558,199
7559,371
7560,504
7561,610
7562,693
7563,759
7564,811
7565,853
7566,783
7567,611
7568,477
7569,372
7570,291
7571,228
7572,179
7573,142
7574,223
7575,390
7576,519
7577,622
7578,703
7579,767
7580,817
7581,857
7582,760
7583,594
7584,462
7585,361
7586,282
7587,221
7588,174
7589,138
7590,247
7591,408
7592,533
7593,634
7594,712
7595,774
7596,823
7597,862
7598,737
7599,575
7600,448
7601,349
7602,274
7603,214
7604,169
7605,133
7606,270
7607,424
7608,547
7609,644
7610,720
7611,781
7612,828
7613,866
7614,713
7615,555
7616,434
7617,338
7618,265
7619,207
7620,164
7621,129
7622,293
7623,442
7624,562
7625,655
7626,730
7627,787
7628,834
7629,870
7630,691
7631,538
7632,420
7633,327
7634,257
7635,201
7636,159
7637,125
7638,315
7639,460
7640,575
7641,666
7642,737
7643,794
7644,839
7645,874
7646,670
7647,521
7648,407
7649,317
7650,249
7651,195
7652,154
7653,149
7654,335
7655,475
7656,588
7657,676
7658,745
7659,800
7660,844
7661,832
7662,648
7663,506
7664,394
7665,308
7666,241
7667,189
7668,149
7669,179
7670,354
7671,492
7672,600
7673,686
7674,753
7675,807
7676,849
7677,806
7678,628
7679,490
7680,381
7681,299
7682,234
7683,184
7684,145
7685,204
7686,374
7687,506
7688,613
7689,695
7690,761
7691,812
7692,854
7693,779
7694,610
7695,475
7696,371
7697,290
7698,227
7699,179
7700,141
7701,228
7702,394
7703,522
7704,625
7705,704
7706,769
7707,818
7708,859
7709,757
7710,592
7711,461
7712,360
7713,281
7714,221
7715,173
7716,137
7717,251
7718,412
7719,536
7720,636
7721,714
7722,776
7723,825
7724,863
7725,731
7726,571
7727,446
7728,348
7729,273
7730,213
7731,168
7732,133
7733,275
7734,428
7735,551
7736,647
7737,723
7738,783
7739,830
7740,868
7741,709
7742,554
7743,432
7744,338
7745,264
7746,207
7747,163
7748,129
7749,296
7750,447
7751,564
7752,658
7753,731
7754,789
7755,835
7756,871
7757,687
7758,537
7759,418
7760,328
7761,256
7762,201
7763,158
7764,124
7765,319
7766,465
7767,578
7768,668
7769,739
7770,796
7771,840
7772,875
7773,665
7774,520
7775,405
7776,317
7777,249
7778,195
7779,154
7780,158
7781,338
7782,480
7783,590
7784,679
7785,747
7786,803
7787,845
7788,828
7789,646
7790,505
7791,393
7792,308
7793,241
7794,189
7795,149
7796,185
7797,358
7798,495
7799,602
7800,688
7801,754
7802,808
7803,850
7804,801
7805,625
7806,489
7807,381
7808,298
7809,234
7810,184
7811,145
7812,210
7813,378
7814,510
7815,614
7816,697
7817,762
7818,814
7819,854
7820,776
7821,605
7822,473
7823,368
7824,289
7825,226
7826,178
7827,140
7828,234
7829,396
7830,525
7831,627
7832,707
7833,770
7834,819
7835,859
7836,753
7837,587
7838,459
7839,357
7840,280
7841,219
7842,173
7843,136
7844,257
7845,414
7846,540
7847,637
7848,716
7849,777
7850,825
7851,864
7852,728
7853,568
7854,444
7855,346
7856,271
7857,212
7858,167
7859,132
7860,280
7861,432
7862,554
7863,648
7864,724
7865,783
7866,831
7867,868
7868,705
7869,549
7870,429
7871,335
7872,262
7873,206
7874,162
7875,128
7876,301
7877,449
7878,567
7879,659
7880,732
7881,790
7882,836
7883,872
7884,683
7885,532
7886,415
7887,324
7888,254
7889,199
7890,157
7891,120
7892,321
7893,466
7894,581
7895,670
7896,741
7897,797
7898,841
7899,847
7900,662
7901,515
7902,402
7903,314
7904,246
7905,193
7906,152
7907,161
7908,343
7909,482
7910,593
7911,680
7912,748
7913,803
7914,846
7915,820
7916,641
7917,499
7918,390
7919,304
7920,238
7921,187
7922,148
7923,188
7924,362
7925,497
7926,605
7927,689
7928,756
7929,808
7930,851
7931,794
7932,621
7933,484
7934,377
7935,294
7936,230
7937,182
7938,143
7939,213
7940,380
7941,512
7942,617
7943,698
7944,764
7945,814
7946,855
7947,770
7948,601
7949,468
7950,366
7951,285
7952,224
7953,176
7954,139
7955,237
7956,400
7957,527
7958,629
7959,708
7960,771
7961,820
7962,860
7963,745
7964,583
7965,453
7966,354
7967,276
7968,217
7969,171
7970,135
7971,260
7972,418
7973,541
7974,640
7975,716
7976,778
7977,826
7978,864
7979,724
7980,565
7981,440
7982,343
7983,269
7984,211
7985,166
7986,131
7987,284
7988,435
7989,556
7990,651
7991,726
7992,785
7993,832
7994,869
7995,702
7996,546
7997,427
7998,332
7999,260
8000,204
8001,161
8002,127
8003,304
8004,453
8005,568
8006,661
8007,733
8008,791
8009,836
8010,873
8011,680
8012,530
8013,413
8014,323
8015,253
8016,198
8017,156
8018,118
8019,325
8020,470
8021,582
8022,671
8023,742
8024,798
8025,842
8026,843
8027,658
8028,514
8029,400
8030,313
8031,245
8032,192
8033,152
8034,168
8035,345
8036,485
8037,594
8038,682
8039,750
8040,804
8041,847
8042,817
8043,637
8044,498
8045,388
8046,304
8047,237
8048,187
8049,147
8050,194
8051,365
8052,501
8053,607
8054,692
8055,757
8056,810
8057,851
8058,792
8059,617
8060,483
8061,376
8062,294
8063,230
8064,181
8065,143
8066,219
8067,385
8068,516
8069,620
8070,701
8071,765
8072,816
8073,857
8074,767
8075,598
8076,468
8077,364
8078,285
8079,223
8080,176
8081,138
8082,243
8083,402
8084,531
8085,631
8086,710
8087,772
8088,822
8089,861
8090,743
8091,580
8092,453
8093,353
8094,277
8095,216
8096,171
8097,134
8098,266
8099,421
8100,545
8101,642
8102,719
8103,779
8104,827
8105,865
8106,721
8107,562
8108,439
8109,342
8110,268
8111,210
8112,165
8113,131
8114,287
8115,440
8116,558
8117,653
8118,727
8119,787
8120,832
8121,870
8122,698
8123,544
8124,425
8125,331
8126,260
8127,204
8128,161
8129,127
8130,310
8131,455
8132,572
8133,663
8134,736
8135,792
8136,838
8137,874
8138,675
8139,528
8140,411
8141,322
8142,252
8143,198
8144,156
8145,119
8146,330
8147,472
8148,585
8149,673
8150,744
8151,799
8152,843
8153,838
8154,654
8155,510
8156,399
8157,311
8158,244
8159,192
8160,152
8161,171
8162,351
8163,488
8164,598
8165,683
8166,752
8167,805
8168,848
8169,811
8170,634
8171,494
8172,386
8173,301
8174,237
8175,186
8176,147
8177,198
8178,370
8179,503
8180,610
8181,693
8182,759
8183,811
8184,853
8185,785
8186,614
8187,478
8188,374
8189,292
8190,229
8191,180
8192,142
8193,224
8194,389
8195,519
8196,621
8197,702
8198,766
8199,817
8200,857
8201,761
8202,595
8203,463
8204,362
8205,283
8206,222
8207,175
8208,138
8209,246
8210,406
8211,533
8212,632
8213,711
8214,773
8215,823
8216,862
8217,738
8218,575
8219,450
8220,350
8221,275
8222,215
8223,170
8224,133
8225,270
8226,424
8227,547
8228,644
8229,720
8230,780
8231,828
8232,866
8233,715
8234,557
8235,433
8236,339
8237,266
8238,208
8239,164
8240,130
8241,291
8242,442
8243,560
8244,655
8245,728
8246,788
8247,833
8248,871
8249,692
8250,540
8251,420
8252,329
8253,257
8254,202
8255,159
8256,126
8257,312
8258,459
8259,573
8260,665
8261,736
8262,794
8263,838
8264,874
8265,671
8266,522
8267,408
8268,318
8269,249
8270,195
8271,154
8272,149
8273,332
8274,475
8275,586
8276,675
8277,744
8278,800
8279,843
8280,832
8281,649
8282,506
8283,394
8284,309
8285,241
8286,190
8287,149
8288,178
8289,352
8290,491
8291,599
8292,685
8293,752
8294,806
8295,848
8296,807
8297,628
8298,491
8299,382
8300,300
8301,234
8302,184
8303,145
8304,203
8305,372
8306,506
8307,611
8308,695
8309,760
8310,812
8311,853
8312,782
8313,609
8314,476
8315,370
8316,290
8317,227
8318,179
8319,141
8320,228
8321,392
8322,521
8323,624
8324,704
8325,768
8326,818
8327,858
8328,758
8329,590
8330,461
8331,359
8332,281
8333,220
8334,173
8335,137
8336,251
8337,409
8338,535
8339,635
8340,713
8341,775
8342,823
8343,863
8344,733
8345,574
8346,446
8347,349
8348,272
8349,214
8350,168
8351,133
8352,272
8353,427
8354,548
8355,646
8356,721
8357,781
8358,829
8359,867
8360,710
8361,556
8362,432
8363,337
8364,264
8365,207
8366,163
8367,129
8368,295
8369,446
8370,563
8371,657
8372,730
8373,789
8374,835
8375,871
8376,688
8377,539
8378,419
8379,328
8380,256
8381,202
8382,158
8383,125
8384,317
8385,462
8386,577
8387,667
8388,739
8389,795
8390,840
8391,875
8392,667
8393,521
8394,406
8395,318
8396,249
8397,195
8398,154
8399,156
8400,336
8401,478
8402,590
8403,677
8404,747
8405,801
8406,845
8407,829
8408,647
8409,504
8410,393
8411,307
8412,241
8413,189
8414,150
8415,181
8416,358
8417,493
8418,603
8419,687
8420,754
8421,807
8422,850
8423,801
8424,627
8425,488
8426,382
8427,298
8428,234
8429,183
8430,145
8431,207
8432,377
8433,509
8434,614
8435,696
8436,762
8437,814
8438,855
8439,776
8440,608
8441,473
8442,370
8443,289
8444,227
8445,178
8446,141
8447,231
8448,396
8449,524
8450,626
8451,706
8452,769
8453,820
8454,859
8455,753
8456,589
8457,459
8458,359
8459,280
8460,220
8461,173
8462,136
8463,255
8464,414
8465,538
8466,637
8467,714
8468,776
8469,825
8470,863
8471,729
8472,570
8473,445
8474,347
8475,272
8476,213
8477,168
8478,132
8479,277
8480,432
8481,552
8482,649
8483,723
8484,783
8485,830
8486,868
8487,706
8488,552
8489,430
8490,336
8491,263
8492,207
8493,162
8494,129
8495,299
8496,448
8497,566
8498,658
8499,732
8500,789
8501,835
8502,872
8503,685
8504,533
8505,417
8506,325
8507,255
8508,200
8509,158
8510,120
8511,320
8512,465
8513,578
8514,669
8515,740
8516,796
8517,840
8518,851
8519,664
8520,516
8521,403
8522,315
8523,247
8524,194
8525,153
8526,159
8527,341
8528,481
8529,591
8530,679
8531,748
8532,802
8533,846
8534,822
8535,642
8536,500
8537,390
8538,305
8539,239
8540,188
8541,148
8542,188
8543,360
8544,497
8545,604
8546,689
8547,755
8548,808
8549,850
8550,797
8551,621
8552,485
8553,378
8554,296
8555,232
8556,182
8557,144
8558,213
8559,379
8560,512
8561,615
8562,699
8563,763
8564,815
8565,855
8566,772
8567,602
8568,470
8569,366
8570,287
8571,224
8572,177
8573,139
8574,236
8575,397
8576,526
8577,627
8578,707
8579,770
8580,820
8581,859
8582,748
8583,583
8584,455
8585,354
8586,278
8587,217
8588,171
8589,135
8590,259
8591,417
8592,541
8593,639
8594,716
8595,777
8596,825
8597,864
8598,723
8599,565
8600,440
8601,344
8602,269
8603,211
8604,166
8605,132
8606,281
8607,435
8608,555
8609,650
8610,725
8611,784
8612,831
8613,868
8614,701
8615,548
8616,426
8617,334
8618,260
8619,204
8620,161
8621,128
8622,303
8623,452
8624,568
8625,660
8626,734
8627,791
8628,836
8629,872
8630,681
8631,530
8632,414
8633,323
8634,253
8635,198
8636,156
8637,120
8638,325
8639,467
8640,581
8641,671
8642,741
8643,797
8644,841
8645,845
8646,660
8647,513
8648,401
8649,312
8650,245
8651,192
8652,151
8653,164
8654,345
8655,483
8656,594
8657,680
8658,749
8659,803
8660,846
8661,817
8662,637
8663,497
8664,388
8665,303
8666,237
8667,186
8668,148
8669,191
8670,365
8671,499
8672,607
8673,690
8674,757
8675,809
8676,851
8677,791
8678,620
8679,482
8680,377
8681,294
8682,231
8683,181
8684,143
8685,216
8686,384
8687,515
8688,619
8689,700
8690,765
8691,815
8692,856
8693,767
8694,600
8695,467
8696,365
8697,285
8698,224
8699,175
8700,139
8701,240
8702,402
8703,529
8704,630
8705,709
8706,772
8707,822
8708,861
8709,745
8710,581
8711,454
8712,354
8713,277
8714,217
8715,171
8716,135
8717,264
8718,419
8719,544
8720,641
8721,718
8722,779
8723,827
8724,865
8725,720
8726,564
8727,439
8728,343
8729,268
8730,211
8731,165
8732,131
8733,285
8734,438
8735,557
8736,653
8737,726
8738,786
8739,832
8740,869
8741,698
8742,546
8743,425
8744,333
8745,259
8746,204
8747,160
8748,127
8749,307
8750,454
8751,570
8752,662
8753,735
8754,792
8755,838
8756,873
8757,676
8758,529
8759,412
8760,323
8761,252
8762,198
8763,156
8764,118
8765,328
8766,472
8767,584
8768,674
8769,743
8770,799
8771,843
8772,842
8773,656
8774,513
8775,399
8776,313
8777,244
8778,192
8779,151
8780,172
8781,348
8782,488
8783,596
8784,684
8785,751
8786,805
8787,847
8788,814
8789,636
8790,495
8791,387
8792,302
8793,237
8794,186
8795,147
8796,198
8797,367
8798,503
8799,608
8800,693
8801,758
8802,811
8803,852
8804,788
8805,615
8806,481
8807,374
8808,293
8809,230
8810,181
8811,142
8812,222
8813,386
8814,518
8815,620
8816,702
8817,766
8818,817
8819,857
8820,764
8821,596
8822,465
8823,363
8824,285
8825,223
8826,175
8827,138
8828,246
8829,405
8830,532
8831,632
8832,711
8833,773
8834,822
8835,861
8836,740
8837,578
8838,450
8839,352
8840,275
8841,216
8842,169
8843,135
8844,267
8845,424
8846,546
8847,644
8848,719
8849,780
8850,828
8851,866
8852,717
8853,558
8854,436
8855,340
8856,267
8857,209
8858,165
8859,130
8860,291
8861,440
8862,561
8863,654
8864,729
8865,786
8866,833
8867,870
8868,694
8869,541
8870,422
8871,329
8872,258
8873,202
8874,160
8875,126
8876,311
8877,458
8878,573
8879,664
8880,736
8881,793
8882,838
8883,874
8884,673
8885,523
8886,409
8887,319
8888,250
8889,196
8890,155
8891,147
8892,331
8893,474
8894,586
8895,675
8896,744
8897,800
8898,843
8899,836
8900,650
8901,508
8902,395
8903,309
8904,242
8905,190
8906,150
8907,176
8908,351
8909,490
8910,598
8911,685
8912,752
8913,806
8914,848
8915,809
8916,630
8917,492
8918,384
8919,300
8920,235
8921,185
8922,146
8923,202
8924,371
8925,505
8926,611
8927,694
8928,759
8929,812
8930,853
8931,783
8932,610
8933,477
8934,371
8935,290
8936,227
8937,179
8938,141
8939,226
8940,389
8941,521
8942,622
8943,704
8944,767
8945,818
8946,857
8947,760
8948,592
8949,462
8950,360
8951,282
8952,220
8953,174
8954,137
8955,250
8956,408
8957,535
8958,634
8959,713
8960,775
8961,823
8962,862
8963,735
8964,574
8965,447
8966,349
8967,273
8968,214
8969,168
8970,133
8971,270
8972,426
8973,548
8974,645
8975,721
8976,781
8977,828
8978,866
8979,711
8980,556
8981,432
8982,338
8983,264
8984,207
8985,163
8986,129
8987,293
8988,444
8989,562
8990,656
8991,729
8992,788
8993,834
8994,871
8995,690
8996,539
8997,419
8998,328
8999,256
9000,202
9001,158
9002,125
9003,316
9004,461
9005,576
9006,667
9007,738
9008,795
9009,839
9010,874
9011,669
9012,521
9013,407
9014,317
9015,249
9016,195
9017,154
9018,151
9019,336
9020,477
9021,589
9022,676
9023,746
9024,801
9025,845
9026,829
9027,649
9028,505
9029,395
9030,308
9031,241
9032,189
9033,150
9034,180
9035,356
9036,492
9037,601
9038,686
9039,754
9040,807
9041,849
9042,803
9043,628
9044,489
9045,383
9046,299
9047,234
9048,184
9049,145
9050,207
9051,376
9052,508
9053,614
9054,696
9055,762
9056,813
9057,854
9058,777
9059,609
9060,474
9061,371
9062,289
9063,227
9064,178
9065,141
9066,230
9067,395
9068,523
9069,626
9070,705
9071,769
9072,819
9073,859
9074,753
9075,590
9076,459
9077,359
9078,281
9079,220
9080,173
9081,136
9082,253
9083,413
9084,537
9085,637
9086,714
9087,776
9088,825
9089,863
9090,730
9091,570
9092,445
9093,347
9094,272
9095,214
9096,168
9097,133
9098,276
9099,431
9100,551
9101,648
9102,723
9103,783
9104,830
9105,867
9106,709
9107,553
9108,432
9109,337
9110,264
9111,207
9112,163
9113,129
9114,299
9115,447
9116,565
9117,658
9118,731
9119,789
9120,835
9121,871
9122,687
9123,535
9124,419
9125,326
9126,256
9127,201
9128,158
9129,121
9130,319
9131,464
9132,578
9133,669
9134,740
9135,796
9136,840
9137,875
9138,664
9139,519
9140,404
9141,317
9142,248
9143,195
9144,153
9145,159
9146,340
9147,480
9148,591
9149,678
9150,748
9151,802
9152,846
9153,824
9154,645
9155,502
9156,392
9157,306
9158,240
9159,189
9160,149
9161,185
9162,360
9163,495
9164,604
9165,688
9166,755
9167,808
9168,850
9169,798
9170,624
9171,486
9172,380
9173,296
9174,232
9175,183
9176,144
9177,210
9178,378
9179,510
9180,616
9181,698
9182,763
9183,814
9184,855
9185,773
9186,604
9187,470
9188,368
9189,287
9190,226
9191,177
9192,140
9193,234
9194,398
9195,525
9196,627
9197,706
9198,770
9199,820
9200,859
9201,748
9202,585
9203,456
9204,356
9205,278
9206,219
9207,172
9208,136
9209,257
9210,416
9211,539
9212,639
9213,716
9214,777
9215,825
9216,864
9217,727
9218,567
9219,442
9220,345
9221,270
9222,211
9223,167
9224,132
9225,281
9226,433
9227,554
9228,649
9229,724
9230,783
9231,831
9232,868
9233,704
9234,548
9235,428
9236,333
9237,261
9238,205
9239,162
9240,128
9241,303
9242,450
9243,568
9244,660
9245,733
9246,790
9247,836
9248,872
9249,682
9250,530
9251,414
9252,323
9253,253
9254,199
9255,157
9256,120
9257,322
9258,467
9259,581
9260,670
9261,741
9262,797
9263,841
9264,845
9265,660
9266,514
9267,401
9268,313
9269,246
9270,192
9271,152
9272,162
9273,344
9274,483
9275,592
9276,681
9277,749
9278,803
9279,846
9280,820
9281,639
9282,499
9283,388
9284,304
9285,238
9286,187
9287,147
9288,191
9289,362
9290,498
9291,605
9292,690
9293,756
9294,810
9295,850
9296,794
9297,619
9298,483
9299,376
9300,295
9301,231
9302,181
9303,143
9304,216
9305,383
9306,514
9307,618
9308,699
9309,764
9310,815
9311,856
9312,768
9313,601
9314,467
9315,365
9316,285
9317,224
9318,176
9319,139
9320,238
9321,401
9322,528
9323,629
9324,708
9325,771
9326,820
9327,860
9328,745
9329,583
9330,453
9331,354
9332,276
9333,217
9334,171
9335,135
9336,261
9337,419
9338,542
9339,641
9340,717
9341,778
9342,826
9343,865
9344,722
9345,564
9346,439
9347,343
9348,268
9349,210
9350,165
9351,132
9352,284
9353,437
9354,556
9355,652
9356,726
9357,785
9358,832
9359,869
9360,701
9361,546
9362,427
9363,332
9364,261
9365,204
9366,161
9367,127
9368,307
9369,453
9370,570
9371,662
9372,735
9373,792
9374,838
9375,873
9376,678
9377,530
9378,413
9379,323
9380,252
9381,198
9382,156
9383,119
9384,328
9385,470
9386,584
9387,673
9388,743
9389,799
9390,842
9391,843
9392,658
9393,512
9394,400
9395,312
9396,245
9397,192
9398,152
9399,168
9400,348
9401,486
9402,596
9403,682
9404,751
9405,804
9406,847
9407,814
9408,637
9409,496
9410,388
9411,303
9412,237
9413,186
9414,147
9415,195
9416,367
9417,501
9418,608
9419,692
9420,758
9421,810
9422,852
9423,789
9424,618
9425,481
9426,376
9427,294
9428,231
9429,181
9430,142
9431,219
9432,386
9433,516
9434,620
9435,701
9436,766
9437,816
9438,857
9439,766
9440,597
9441,467
9442,364
9443,286
9444,223
9445,176
9446,139
9447,245
9448,404
9449,532
9450,631
9451,711
9452,772
9453,823
9454,861
9455,742
9456,578
9457,452
9458,353
9459,276
9460,216
9461,171
9462,134
9463,267
9464,422
9465,546
9466,642
9467,720
9468,780
9469,828
9470,865
9471,719
9472,560
9473,437
9474,341
9475,267
9476,210
9477,165
9478,130
9479,290
9480,439
9481,560
9482,653
9483,728
9484,786
9485,833
9486,870
9487,696
9488,542
9489,424
9490,330
9491,259
9492,203
9493,160
9494,127
9495,311
9496,456
9497,573
9498,664
9499,736
9500,793
9501,838
9502,874
9503,673
9504,526
9505,409
9506,321
9507,251
9508,197
9509,155
9510,144
9511,331
9512,473
9513,585
9514,674
9515,744
9516,799
9517,844
9518,838
9519,653
9520,509
9521,396
9522,310
9523,243
9524,191
9525,151
9526,175
9527,350
9528,490
9529,597
9530,685
9531,751
9532,806
9533,848
9534,810
9535,632
9536,493
9537,384
9538,301
9539,235
9540,185
9541,146
9542,200
9543,369
9544,504
9545,610
9546,694
9547,759
9548,811
9549,852
9550,785
9551,611
9552,478
9553,372
9554,291
9555,228
9556,179
9557,141
9558,223
9559,389
9560,519
9561,622
9562,703
9563,766
9564,817
9565,857
9566,761
9567,592
9568,463
9569,360
9570,282
9571,221
9572,174
9573,137
9574,249
9575,407
9576,534
9577,633
9578,712
9579,774
9580,823
9581,862
9582,736
9583,574
9584,448
9585,349
9586,273
9587,214
9588,169
9589,133
9590,270
9591,426
9592,547
9593,645
9594,720
9595,781
9596,828
9597,866
9598,713
9599,555
9600,433
9601,338
9602,264
9603,208
9604,163
9605,130
9606,292
9607,443
9608,561
9609,656
9610,729
9611,787
9612,833
9613,871
9614,690
9615,538
9616,420
9617,327
9618,257
9619,201
9620,159
9621,125
9622,313
9623,460
9624,574
9625,666
9626,737
9627,795
9628,838
9629,874
9630,670
9631,521
9632,407
9633,317
9634,249
9635,195
9636,154
9637,149
9638,335
9639,475
9640,588
9641,676
9642,746
9643,801
9644,844
9645,831
9646,648
9647,505
9648,394
9649,308
9650,241
9651,189
9652,149
9653,179
9654,354
9655,492
9656,600
9657,686
9658,753
9659,807
9660,849
9661,804
9662,630
9663,490
9664,383
9665,299
9666,234
9667,184
9668,145
9669,204
9670,374
9671,507
9672,613
9673,695
9674,761
9675,813
9676,854
9677,779
9678,610
9679,475
9680,371
9681,290
9682,227
9683,179
9684,141
9685,228
9686,392
9687,522
9688,624
9689,704
9690,768
9691,818
9692,859
9693,755
9694,591
9695,460
9696,360
9697,281
9698,220
9699,173
9700,137
9701,252
9702,412
9703,536
9704,636
9705,714
9706,775
9707,824
9708,863
9709,731
9710,572
9711,446
9712,349
9713,272
9714,214
9715,168
9716,133
9717,274
9718,430
9719,550
9720,647
9721,723
9722,783
9723,830
9724,868
9725,709
9726,554
9727,432
9728,337
9729,264
9730,207
9731,163
9732,129
9733,297
9734,447
9735,564
9736,658
9737,731
9738,789
9739,835
9740,872
9741,687
9742,537
9743,418
9744,328
9745,256
9746,201
9747,158
9748,124
9749,319
9750,462
9751,578
9752,668
9753,739
9754,796
9755,840
9756,875
9757,666
9758,520
9759,405
9760,318
9761,249
9762,195
9763,154
9764,158
9765,338
9766,480
9767,590
9768,679
9769,747
9770,803
9771,846
9772,828
9773,647
9774,505
9775,394
9776,308
9777,241
9778,189
9779,149
9780,185
9781,358
9782,495
9783,602
9784,688
9785,755
9786,808
9787,850
9788,801
9789,625
9790,489
9791,381
9792,298
9793,233
9794,184
9795,145
9796,210
9797,377
9798,510
9799,614
9800,698
9801,762
9802,814
9803,855
9804,776
9805,605
9806,473
9807,368
9808,289
9809,226
9810,178
9811,140
9812,234
9813,396
9814,525
9815,626
9816,706
9817,770
9818,820
9819,859
9820,752
9821,586
9822,458
9823,357
9824,280
9825,219
9826,172
9827,136
9828,257
9829,414
9830,539
9831,637
9832,716
9833,776
9834,825
9835,863
9836,729
9837,568
9838,443
9839,345
9840,271
9841,212
9842,167
9843,132
9844,279
9845,433
9846,552
9847,649
9848,723
9849,783
9850,830
9851,868
9852,704
9853,550
9854,428
9855,335
9856,262
9857,206
9858,162
9859,128
9860,300
9861,449
9862,567
9863,659
9864,732
9865,789
9866,835
9867,872
9868,683
9869,532
9870,415
9871,324
9872,254
9873,199
9874,157
9875,120
9876,321
9877,466
9878,579
9879,670
9880,740
9881,796
9882,840
9883,848
9884,662
9885,515
9886,402
9887,314
9888,246
9889,193
9890,152
9891,161
9892,342
9893,482
9894,593
9895,680
9896,748
9897,803
9898,846
9899,820
9900,640
9901,499
9902,389
9903,304
9904,238
9905,188
9906,147
9907,189
9908,361
9909,498
9910,604
9911,690
9912,756
9913,809
9914,850
9915,794
9916,621
9917,484
9918,378
9919,295
9920,231
9921,182
9922,143
9923,213
9924,381
9925,512
9926,617
9927,698
9928,764
9929,814
9930,855
9931,769
9932,602
9933,468
9934,366
9935,285
9936,224
9937,176
9938,139
9939,236
9940,399
9941,526
9942,628
9943,707
9944,770
9945,820
9946,859
9947,745
9948,583
9949,453
9950,354
9951,277
9952,217
9953,170
9954,135
9955,260
9956,418
9957,541
9958,640
9959,716
9960,778
9961,826
9962,864
9963,724
9964,566
9965,440
9966,344
9967,269
9968,211
9969,166
9970,132
9971,282
9972,436
9973,556
9974,651
9975,725
9976,785
9977,831
9978,869
9979,701
9980,548
9981,426
9982,333
9983,260
9984,204
9985,161
9986,127
9987,305
9988,453
9989,569
9990,662
9991,734
9992,791
9993,837
9994,873
9995,680
9996,530
9997,414
9998,323
9999,252
10000,199
