1,4
2,11
3,20
4,32
5,46
6,61
7,77
8,93
9,109
10,121
11,131
12,138
13,144
14,149
15,152
16,156
17,163
18,172
19,184
20,198
21,213
22,229
23,246
24,259
25,270
26,279
27,285
28,291
29,295
30,298
31,303
32,311
33,322
34,334
35,348
36,364
37,380
38,396
39,409
40,419
41,426
42,432
43,437
44,441
45,444
46,450
47,460
48,471
49,484
50,499
51,510
52,520
53,525
54,525
55,520
56,512
57,502
58,489
59,477
60,469
61,467
62,470
63,476
64,485
65,497
66,510
67,520
68,523
69,522
70,516
71,508
72,497
73,484
74,473
75,468
76,468
77,472
78,480
79,490
80,503
81,514
82,521
83,523
84,519
85,513
86,503
87,491
88,479
89,470
90,467
91,469
92,474
93,483
94,494
95,508
96,518
97,523
98,522
99,517
100,509
101,499
102,486
103,475
104,468
105,468
106,471
107,478
108,488
109,500
110,512
111,521
112,523
113,520
114,514
115,505
116,494
117,480
118,470
119,466
120,468
121,473
122,481
123,492
124,505
125,516
126,521
127,522
128,517
129,510
130,500
131,488
132,476
133,468
134,467
135,470
136,476
137,485
138,497
139,510
140,520
141,523
142,521
143,516
144,507
145,496
146,483
147,472
148,468
149,468
150,472
151,480
152,491
153,503
154,514
155,521
156,523
157,519
158,512
159,503
160,491
161,478
162,470
163,467
164,469
165,475
166,484
167,495
168,508
169,519
170,523
171,522
172,517
173,509
174,499
175,486
176,475
177,469
178,468
179,472
180,479
181,489
182,501
183,513
184,521
185,523
186,521
187,514
188,505
189,494
190,480
191,470
192,466
193,468
194,473
195,482
196,492
197,505
198,516
199,522
200,522
201,517
202,510
203,499
204,487
205,475
206,468
207,467
208,470
209,476
210,486
211,498
212,510
213,519
214,523
215,521
216,515
217,506
218,495
219,482
220,471
221,467
222,467
223,472
224,480
225,490
226,503
227,514
228,521
229,522
230,518
231,511
232,501
233,489
234,477
235,469
236,466
237,469
238,475
239,484
240,495
241,508
242,519
243,523
244,522
245,517
246,508
247,498
248,485
249,474
250,468
251,468
252,472
253,479
254,489
255,501
256,513
257,521
258,523
259,520
260,514
261,504
262,493
263,480
264,470
265,466
266,468
267,473
268,482
269,493
270,506
271,516
272,522
273,521
274,517
275,509
276,499
277,487
278,475
279,468
280,467
281,470
282,477
283,487
284,498
285,511
286,520
287,523
288,521
289,515
290,506
291,495
292,482
293,471
294,467
295,468
296,472
297,480
298,491
299,503
300,515
301,521
302,522
303,518
304,511
305,501
306,489
307,477
308,469
309,466
310,469
311,475
312,484
313,496
314,509
315,519
316,523
317,522
318,517
319,508
320,497
321,485
322,474
323,468
324,468
325,472
326,479
327,490
328,502
329,514
330,521
331,523
332,520
333,513
334,504
335,492
336,479
337,469
338,466
339,468
340,473
341,482
342,493
343,506
344,517
345,522
346,521
347,517
348,509
349,498
350,486
351,474
352,468
353,467
354,470
355,477
356,487
357,499
358,511
359,520
360,522
361,520
362,514
363,505
364,494
365,481
366,470
367,466
368,467
369,472
370,480
371,491
372,504
373,515
374,521
375,521
376,518
377,510
378,500
379,488
380,476
381,468
382,466
383,469
384,475
385,485
386,496
387,509
388,520
389,523
390,522
391,517
392,508
393,497
394,484
395,474
396,468
397,468
398,473
399,480
400,490
401,503
402,514
403,522
404,523
405,520
406,513
407,504
408,492
409,479
410,470
411,467
412,469
413,475
414,484
415,495
416,508
417,518
418,523
419,522
420,518
421,510
422,499
423,487
424,475
425,469
426,468
427,471
428,479
429,488
430,500
431,512
432,521
433,523
434,521
435,515
436,506
437,494
438,481
439,471
440,467
441,468
442,473
443,481
444,492
445,504
446,515
447,521
448,522
449,518
450,510
451,500
452,488
453,476
454,468
455,467
456,469
457,476
458,485
459,497
460,510
461,520
462,523
463,522
464,516
465,507
466,496
467,484
468,473
469,468
470,468
471,472
472,480
473,491
474,503
475,514
476,521
477,523
478,519
479,513
480,503
481,491
482,479
483,470
484,467
485,469
486,475
487,484
488,495
489,508
490,519
491,523
492,522
493,517
494,509
495,499
496,486
497,475
498,469
499,468
500,472
501,479
502,489
503,501
504,513
505,521
506,523
507,521
508,515
509,506
510,494
511,481
512,471
513,467
514,468
515,473
516,482
517,493
518,505
519,516
520,522
521,522
522,518
523,510
524,500
525,488
526,476
527,469
528,467
529,470
530,477
531,486
532,498
533,510
534,520
535,523
536,521
537,516
538,507
539,496
540,483
541,472
542,467
543,468
544,472
545,480
546,491
547,503
548,515
549,521
550,522
551,519
552,512
553,502
554,490
555,478
556,469
557,467
558,469
559,475
560,484
561,495
562,508
563,518
564,523
565,522
566,517
567,509
568,498
569,485
570,474
571,468
572,468
573,472
574,479
575,489
576,501
577,513
578,521
579,523
580,520
581,514
582,504
583,493
584,480
585,470
586,466
587,468
588,473
589,482
590,492
591,505
592,516
593,522
594,521
595,517
596,510
597,499
598,487
599,475
600,468
601,467
602,470
603,477
604,486
605,498
606,511
607,520
608,523
609,521
610,515
611,506
612,495
613,482
614,472
615,467
616,468
617,472
618,480
619,491
620,503
621,515
622,521
623,522
624,518
625,511
626,502
627,490
628,477
629,469
630,467
631,469
632,475
633,484
634,496
635,509
636,519
637,523
638,522
639,517
640,509
641,498
642,485
643,474
644,468
645,468
646,472
647,479
648,490
649,502
650,514
651,521
652,523
653,520
654,514
655,504
656,493
657,480
658,470
659,466
660,468
661,473
662,482
663,493
664,506
665,517
666,522
667,522
668,517
669,509
670,499
671,486
672,475
673,468
674,467
675,470
676,477
677,487
678,498
679,511
680,520
681,522
682,520
683,514
684,506
685,494
686,481
687,471
688,466
689,467
690,472
691,480
692,491
693,503
694,514
695,521
696,521
697,518
698,510
699,500
700,488
701,476
702,468
703,466
704,469
705,475
706,484
707,496
708,509
709,519
710,523
711,522
712,516
713,508
714,497
715,484
716,473
717,468
718,468
719,472
720,480
721,490
722,502
723,514
724,521
725,523
726,520
727,513
728,504
729,492
730,479
731,470
732,467
733,469
734,474
735,483
736,494
737,507
738,518
739,523
740,522
741,518
742,510
743,499
744,487
745,475
746,469
747,468
748,471
749,478
750,488
751,500
752,512
753,521
754,523
755,521
756,515
757,506
758,495
759,482
760,471
761,467
762,468
763,473
764,481
765,492
766,504
767,516
768,522
769,522
770,518
771,511
772,501
773,488
774,477
775,469
776,467
777,470
778,476
779,485
780,497
781,510
782,520
783,523
784,522
785,516
786,508
787,497
788,484
789,473
790,468
791,468
792,472
793,480
794,490
795,502
796,514
797,521
798,522
799,519
800,513
801,503
802,491
803,479
804,470
805,467
806,469
807,474
808,483
809,494
810,507
811,518
812,522
813,522
814,517
815,509
816,498
817,486
818,475
819,468
820,468
821,471
822,478
823,488
824,500
825,512
826,521
827,523
828,521
829,514
830,505
831,494
832,481
833,470
834,466
835,468
836,473
837,481
838,492
839,505
840,516
841,521
842,522
843,518
844,510
845,500
846,488
847,476
848,468
849,467
850,470
851,476
852,485
853,497
854,510
855,520
856,523
857,522
858,516
859,507
860,496
861,483
862,473
863,468
864,468
865,473
866,480
867,491
868,503
869,515
870,522
871,523
872,519
873,513
874,503
875,491
876,479
877,470
878,467
879,469
880,475
881,484
882,495
883,508
884,519
885,523
886,522
887,517
888,509
889,499
890,486
891,475
892,469
893,468
894,472
895,479
896,489
897,501
898,513
899,521
900,523
901,521
902,514
903,505
904,494
905,480
906,470
907,466
908,468
909,473
910,481
911,492
912,505
913,516
914,521
915,521
916,517
917,510
918,499
919,487
920,475
921,468
922,467
923,470
924,476
925,486
926,497
927,510
928,519
929,523
930,521
931,515
932,506
933,495
934,482
935,472
936,467
937,467
938,472
939,480
940,490
941,503
942,514
943,521
944,522
945,518
946,511
947,502
948,490
949,477
950,469
951,466
952,469
953,475
954,484
955,495
956,508
957,519
958,523
959,522
960,517
961,509
962,498
963,485
964,474
965,468
966,468
967,472
968,479
969,489
970,501
971,513
972,521
973,523
974,520
975,514
976,504
977,493
978,480
979,470
980,466
981,468
982,473
983,482
984,493
985,506
986,517
987,522
988,522
989,517
990,510
991,499
992,487
993,475
994,468
995,467
996,470
997,477
998,487
999,498
1000,511
1001,520
1002,523
1003,521
1004,515
1005,506
1006,495
1007,482
1008,471
1009,467
1010,467
1011,472
1012,480
1013,491
1014,503
1015,514
1016,521
1017,522
1018,518
1019,511
1020,501
1021,489
1022,477
1023,468
1024,466
1025,469
1026,475
1027,484
1028,495
1029,508
1030,519
1031,523
1032,521
1033,516
1034,508
1035,497
1036,484
1037,473
1038,468
1039,467
1040,471
1041,479
1042,489
1043,501
1044,513
1045,521
1046,522
1047,519
1048,513
1049,503
1050,492
1051,479
1052,469
1053,466
1054,468
1055,473
1056,482
1057,493
1058,506
1059,517
1060,522
1061,521
1062,517
1063,509
1064,499
1065,486
1066,475
1067,468
1068,467
1069,470
1070,477
1071,487
1072,499
1073,511
1074,520
1075,523
1076,520
1077,514
1078,505
1079,494
1080,481
1081,471
1082,466
1083,467
1084,472
1085,480
1086,491
1087,504
1088,515
1089,521
1090,521
1091,518
1092,510
1093,500
1094,488
1095,476
1096,468
1097,466
1098,469
1099,475
1100,484
1101,496
1102,509
1103,519
1104,523
1105,522
1106,516
1107,508
1108,497
1109,484
1110,473
1111,468
1112,468
1113,472
1114,480
1115,490
1116,502
1117,514
1118,521
1119,523
1120,520
1121,513
1122,503
1123,491
1124,479
1125,470
1126,467
1127,469
1128,474
1129,483
1130,494
1131,507
1132,518
1133,522
1134,522
1135,517
1136,509
1137,499
1138,486
1139,475
1140,468
1141,468
1142,471
1143,478
1144,488
1145,500
1146,512
1147,521
1148,523
1149,521
1150,515
1151,506
1152,494
1153,481
1154,471
1155,467
1156,468
1157,473
1158,481
1159,492
1160,504
1161,515
1162,521
1163,522
1164,518
1165,510
1166,500
1167,488
1168,476
1169,468
1170,467
1171,469
1172,476
1173,485
1174,497
1175,510
1176,520
1177,523
1178,522
1179,516
1180,508
1181,497
1182,484
1183,473
1184,468
1185,468
1186,472
1187,480
1188,490
1189,503
1190,514
1191,521
1192,523
1193,519
1194,513
1195,503
1196,491
1197,479
1198,470
1199,467
1200,469
1201,475
1202,484
1203,495
1204,508
1205,518
1206,523
1207,522
1208,517
1209,509
1210,499
1211,486
1212,475
1213,469
1214,468
1215,472
1216,479
1217,489
1218,501
1219,513
1220,521
1221,524
1222,521
1223,515
1224,506
1225,494
1226,481
1227,471
1228,467
1229,468
1230,474
1231,482
1232,493
1233,505
1234,516
1235,522
1236,522
1237,518
1238,510
1239,500
1240,488
1241,476
1242,469
1243,467
1244,470
1245,477
1246,486
1247,498
1248,510
1249,520
1250,523
1251,521
1252,516
1253,507
1254,496
1255,483
1256,472
1257,467
1258,468
1259,472
1260,480
1261,491
1262,503
1263,514
1264,521
1265,522
1266,519
1267,512
1268,502
1269,490
1270,478
1271,469
1272,467
1273,469
1274,475
1275,484
1276,495
1277,508
1278,519
1279,523
1280,522
1281,517
1282,509
1283,498
1284,485
1285,474
1286,468
1287,468
1288,472
1289,479
1290,489
1291,501
1292,513
1293,521
1294,523
1295,520
1296,514
1297,505
1298,493
1299,480
1300,470
1301,467
1302,468
1303,474
1304,482
1305,493
1306,506
1307,517
1308,522
1309,522
1310,518
1311,510
1312,500
1313,487
1314,476
1315,469
1316,467
1317,470
1318,477
1319,487
1320,498
1321,511
1322,520
1323,523
1324,521
1325,516
1326,507
1327,496
1328,483
1329,472
1330,468
1331,468
1332,473
1333,481
1334,491
1335,504
1336,515
1337,522
1338,522
1339,519
1340,512
1341,502
1342,490
1343,478
1344,469
1345,467
1346,469
1347,476
1348,485
1349,496
1350,509
1351,519
1352,524
1353,522
1354,517
1355,509
1356,498
1357,486
1358,474
1359,469
1360,468
1361,472
1362,480
1363,490
1364,502
1365,514
1366,522
1367,523
1368,520
1369,514
1370,505
1371,493
1372,480
1373,470
1374,467
1375,468
1376,474
1377,482
1378,493
1379,506
1380,517
1381,522
1382,522
1383,517
1384,509
1385,499
1386,487
1387,475
1388,468
1389,467
1390,470
1391,477
1392,486
1393,498
1394,511
1395,520
1396,522
1397,520
1398,514
1399,506
1400,494
1401,481
1402,471
1403,466
1404,467
1405,472
1406,480
1407,491
1408,503
1409,514
1410,521
1411,521
1412,518
1413,510
1414,501
1415,488
1416,476
1417,468
1418,466
1419,469
1420,475
1421,484
1422,496
1423,509
1424,519
1425,523
1426,522
1427,516
1428,508
1429,497
1430,484
1431,474
1432,468
1433,468
1434,472
1435,480
1436,490
1437,502
1438,514
1439,521
1440,523
1441,520
1442,513
1443,504
1444,492
1445,480
1446,470
1447,467
1448,469
1449,474
1450,483
1451,494
1452,507
1453,518
1454,523
1455,522
1456,518
1457,510
1458,499
1459,487
1460,475
1461,469
1462,468
1463,471
1464,478
1465,488
1466,500
1467,512
1468,521
1469,523
1470,521
1471,515
1472,506
1473,494
1474,481
1475,471
1476,467
1477,468
1478,473
1479,481
1480,491
1481,504
1482,515
1483,521
1484,522
1485,518
1486,510
1487,500
1488,488
1489,476
1490,468
1491,466
1492,469
1493,475
1494,485
1495,496
1496,509
1497,519
1498,523
1499,521
1500,516
1501,507
1502,496
1503,484
1504,473
1505,467
1506,468
1507,472
1508,480
1509,490
1510,502
1511,514
1512,521
1513,522
1514,519
1515,513
1516,503
1517,491
1518,479
1519,470
1520,467
1521,469
1522,474
1523,483
1524,494
1525,507
1526,518
1527,523
1528,522
1529,517
1530,509
1531,499
1532,486
1533,475
1534,469
1535,468
1536,472
1537,479
1538,488
1539,500
1540,513
1541,521
1542,523
1543,521
1544,515
1545,506
1546,494
1547,481
1548,471
1549,467
1550,468
1551,473
1552,482
1553,492
1554,505
1555,516
1556,522
1557,522
1558,518
1559,511
1560,501
1561,488
1562,476
1563,469
1564,467
1565,470
1566,476
1567,486
1568,497
1569,510
1570,520
1571,524
1572,522
1573,516
1574,508
1575,497
1576,484
1577,473
1578,468
1579,468
1580,473
1581,481
1582,491
1583,503
1584,515
1585,522
1586,523
1587,520
1588,513
1589,503
1590,491
1591,479
1592,470
1593,467
1594,469
1595,475
1596,484
1597,495
1598,508
1599,519
1600,523
1601,522
1602,517
1603,509
1604,499
1605,486
1606,475
1607,469
1608,468
1609,472
1610,479
1611,489
1612,501
1613,513
1614,521
1615,523
1616,521
1617,514
1618,505
1619,494
1620,480
1621,470
1622,466
1623,468
1624,473
1625,481
1626,492
1627,505
1628,516
1629,521
1630,521
1631,517
1632,510
1633,499
1634,487
1635,475
1636,468
1637,466
1638,469
1639,476
1640,486
1641,497
1642,510
1643,519
1644,523
1645,521
1646,515
1647,506
1648,495
1649,482
1650,472
1651,467
1652,467
1653,472
1654,480
1655,490
1656,503
1657,514
1658,521
1659,522
1660,519
1661,512
1662,502
1663,490
1664,478
1665,469
1666,467
1667,469
1668,475
1669,484
1670,495
1671,508
1672,519
1673,523
1674,522
1675,517
1676,509
1677,498
1678,485
1679,474
1680,468
1681,468
1682,472
1683,479
1684,489
1685,501
1686,513
1687,521
1688,523
1689,521
1690,514
1691,505
1692,493
1693,480
1694,470
1695,467
1696,468
1697,474
1698,482
1699,493
1700,506
1701,517
1702,522
1703,522
1704,518
1705,510
1706,499
1707,487
1708,475
1709,468
1710,467
1711,470
1712,477
1713,486
1714,498
1715,511
1716,520
1717,523
1718,521
1719,515
1720,506
1721,495
1722,482
1723,471
1724,467
1725,467
1726,472
1727,480
1728,491
1729,503
1730,514
1731,521
1732,522
1733,518
1734,511
1735,501
1736,489
1737,477
1738,468
1739,466
1740,468
1741,475
1742,484
1743,495
1744,508
1745,519
1746,523
1747,521
1748,516
1749,508
1750,497
1751,484
1752,473
1753,468
1754,467
1755,472
1756,479
1757,489
1758,501
1759,513
1760,521
1761,522
1762,520
1763,513
1764,504
1765,492
1766,479
1767,469
1768,466
1769,468
1770,473
1771,482
1772,493
1773,506
1774,516
1775,522
1776,521
1777,517
1778,509
1779,499
1780,486
1781,475
1782,468
1783,467
1784,470
1785,477
1786,487
1787,498
1788,511
1789,520
1790,522
1791,520
1792,514
1793,506
1794,494
1795,481
1796,471
1797,466
1798,467
1799,472
1800,480
1801,491
1802,503
1803,515
1804,521
1805,521
1806,518
1807,510
1808,500
1809,488
1810,476
1811,468
1812,466
1813,469
1814,475
1815,484
1816,496
1817,509
1818,519
1819,523
1820,522
1821,516
1822,508
1823,497
1824,484
1825,473
1826,468
1827,468
1828,472
1829,480
1830,490
1831,502
1832,514
1833,521
1834,523
1835,520
1836,513
1837,503
1838,492
1839,479
1840,470
1841,467
1842,468
1843,474
1844,483
1845,494
1846,507
1847,517
1848,522
1849,522
1850,517
1851,509
1852,499
1853,486
1854,475
1855,468
1856,467
1857,471
1858,478
1859,488
1860,500
1861,512
1862,520
1863,523
1864,521
1865,515
1866,506
1867,494
1868,481
1869,471
1870,467
1871,468
1872,473
1873,481
1874,492
1875,504
1876,516
1877,521
1878,522
1879,518
1880,511
1881,501
1882,488
1883,476
1884,469
1885,467
1886,470
1887,476
1888,485
1889,497
1890,510
1891,520
1892,523
1893,522
1894,517
1895,508
1896,497
1897,484
1898,473
1899,468
1900,468
1901,473
1902,480
1903,491
1904,503
1905,515
1906,522
1907,523
1908,520
1909,513
1910,504
1911,492
1912,479
1913,470
1914,467
1915,469
1916,475
1917,484
1918,495
1919,508
1920,519
1921,523
1922,523
1923,518
1924,510
1925,499
1926,487
1927,475
1928,469
1929,468
1930,472
1931,479
1932,489
1933,501
1934,513
1935,522
1936,524
1937,521
1938,515
1939,506
1940,495
1941,481
1942,471
1943,467
1944,468
1945,474
1946,482
1947,493
1948,505
1949,516
1950,522
1951,522
1952,518
1953,511
1954,501
1955,488
1956,476
1957,469
1958,467
1959,470
1960,477
1961,486
1962,498
1963,510
1964,520
1965,524
1966,522
1967,516
1968,508
1969,497
1970,484
1971,473
1972,468
1973,468
1974,473
1975,481
1976,491
1977,503
1978,515
1979,521
1980,523
1981,519
1982,512
1983,503
1984,491
1985,478
1986,469
1987,467
1988,469
1989,475
1990,484
1991,495
1992,508
1993,519
1994,523
1995,522
1996,517
1997,509
1998,498
1999,486
2000,474
2001,468
2002,468
2003,472
2004,479
2005,489
2006,501
2007,513
2008,521
2009,523
2010,520
2011,514
2012,505
2013,493
2014,480
2015,470
2016,466
2017,468
2018,473
2019,481
2020,492
2021,505
2022,516
2023,522
2024,522
2025,517
2026,510
2027,500
2028,487
2029,476
2030,468
2031,467
2032,470
2033,477
2034,486
2035,498
2036,510
2037,520
2038,523
2039,521
2040,515
2041,506
2042,495
2043,482
2044,472
2045,467
2046,468
2047,472
2048,480
2049,491
2050,503
2051,514
2052,521
2053,522
2054,518
2055,511
2056,502
2057,490
2058,477
2059,469
2060,467
2061,469
2062,475
2063,484
2064,495
2065,509
2066,519
2067,523
2068,522
2069,517
2070,509
2071,498
2072,485
2073,474
2074,468
2075,468
2076,472
2077,479
2078,489
2079,501
2080,513
2081,521
2082,523
2083,520
2084,514
2085,504
2086,493
2087,480
2088,470
2089,466
2090,468
2091,473
2092,482
2093,493
2094,506
2095,517
2096,522
2097,522
2098,517
2099,510
2100,499
2101,487
2102,475
2103,468
2104,467
2105,470
2106,477
2107,487
2108,499
2109,511
2110,520
2111,523
2112,521
2113,515
2114,506
2115,495
2116,482
2117,471
2118,467
2119,467
2120,472
2121,480
2122,491
2123,503
2124,515
2125,521
2126,522
2127,518
2128,511
2129,501
2130,489
2131,477
2132,468
2133,466
2134,469
2135,475
2136,484
2137,496
2138,509
2139,519
2140,523
2141,522
2142,517
2143,508
2144,497
2145,485
2146,474
2147,468
2148,468
2149,472
2150,480
2151,490
2152,502
2153,514
2154,521
2155,523
2156,520
2157,513
2158,504
2159,492
2160,479
2161,470
2162,467
2163,468
2164,474
2165,483
2166,494
2167,507
2168,517
2169,522
2170,522
2171,517
2172,510
2173,499
2174,487
2175,475
2176,469
2177,468
2178,471
2179,478
2180,488
2181,499
2182,512
2183,520
2184,523
2185,521
2186,515
2187,506
2188,495
2189,481
2190,471
2191,467
2192,468
2193,473
2194,481
2195,491
2196,504
2197,515
2198,521
2199,522
2200,518
2201,510
2202,500
2203,488
2204,476
2205,468
2206,466
2207,469
2208,475
2209,485
2210,496
2211,509
2212,519
2213,523
2214,521
2215,516
2216,508
2217,497
2218,484
2219,473
2220,468
2221,468
2222,472
2223,480
2224,490
2225,502
2226,514
2227,521
2228,523
2229,519
2230,513
2231,503
2232,491
2233,479
2234,470
2235,467
2236,469
2237,475
2238,483
2239,494
2240,507
2241,518
2242,523
2243,522
2244,518
2245,510
2246,499
2247,487
2248,475
2249,469
2250,468
2251,472
2252,479
2253,488
2254,500
2255,513
2256,521
2257,524
2258,521
2259,515
2260,506
2261,495
2262,481
2263,471
2264,467
2265,468
2266,473
2267,482
2268,492
2269,505
2270,516
2271,522
2272,522
2273,518
2274,511
2275,501
2276,489
2277,477
2278,469
2279,467
2280,470
2281,477
2282,486
2283,497
2284,510
2285,520
2286,524
2287,522
2288,516
2289,508
2290,497
2291,484
2292,473
2293,468
2294,468
2295,473
2296,480
2297,491
2298,503
2299,515
2300,522
2301,523
2302,520
2303,513
2304,503
2305,491
2306,479
2307,470
2308,467
2309,469
2310,475
2311,484
2312,495
2313,508
2314,518
2315,523
2316,522
2317,517
2318,509
2319,498
2320,486
2321,475
2322,468
2323,468
2324,472
2325,479
2326,489
2327,501
2328,513
2329,521
2330,523
2331,521
2332,514
2333,505
2334,494
2335,480
2336,470
2337,466
2338,468
2339,473
2340,481
2341,492
2342,505
2343,516
2344,522
2345,522
2346,518
2347,510
2348,500
2349,488
2350,476
2351,468
2352,467
2353,470
2354,476
2355,486
2356,498
2357,510
2358,520
2359,523
2360,521
2361,516
2362,507
2363,496
2364,483
2365,472
2366,467
2367,468
2368,472
2369,480
2370,491
2371,503
2372,514
2373,521
2374,522
2375,519
2376,512
2377,502
2378,490
2379,478
2380,469
2381,467
2382,469
2383,475
2384,484
2385,495
2386,508
2387,519
2388,523
2389,522
2390,517
2391,509
2392,498
2393,485
2394,474
2395,468
2396,468
2397,472
2398,479
2399,489
2400,501
2401,513
2402,521
2403,523
2404,520
2405,514
2406,504
2407,493
2408,480
2409,470
2410,466
2411,468
2412,473
2413,482
2414,493
2415,505
2416,516
2417,522
2418,522
2419,517
2420,510
2421,499
2422,487
2423,475
2424,468
2425,467
2426,470
2427,477
2428,486
2429,498
2430,510
2431,520
2432,523
2433,521
2434,515
2435,506
2436,495
2437,482
2438,472
2439,467
2440,468
2441,472
2442,480
2443,491
2444,503
2445,515
2446,521
2447,522
2448,518
2449,511
2450,502
2451,490
2452,477
2453,469
2454,467
2455,469
2456,475
2457,484
2458,496
2459,509
2460,519
2461,523
2462,522
2463,517
2464,509
2465,498
2466,485
2467,474
2468,469
2469,468
2470,472
2471,480
2472,490
2473,502
2474,514
2475,522
2476,523
2477,520
2478,514
2479,505
2480,493
2481,480
2482,470
2483,467
2484,468
2485,474
2486,483
2487,493
2488,506
2489,517
2490,522
2491,522
2492,517
2493,510
2494,499
2495,487
2496,475
2497,468
2498,467
2499,471
2500,477
2501,487
2502,499
2503,511
2504,520
2505,523
2506,521
2507,515
2508,506
2509,495
2510,481
2511,471
2512,467
2513,467
2514,472
2515,480
2516,491
2517,503
2518,515
2519,521
2520,521
2521,518
2522,510
2523,500
2524,488
2525,476
2526,468
2527,466
2528,469
2529,475
2530,484
2531,495
2532,509
2533,519
2534,523
2535,521
2536,516
2537,508
2538,497
2539,484
2540,473
2541,468
2542,468
2543,472
2544,479
2545,489
2546,502
2547,513
2548,521
2549,522
2550,519
2551,513
2552,503
2553,491
2554,479
2555,469
2556,466
2557,468
2558,474
2559,482
2560,494
2561,506
2562,517
2563,522
2564,522
2565,517
2566,509
2567,499
2568,486
2569,475
2570,468
2571,467
2572,471
2573,478
2574,487
2575,499
2576,511
2577,520
2578,523
2579,520
2580,514
2581,505
2582,494
2583,481
2584,470
2585,466
2586,467
2587,472
2588,481
2589,491
2590,504
2591,515
2592,521
2593,522
2594,518
2595,510
2596,500
2597,488
2598,476
2599,468
2600,466
2601,469
2602,476
2603,485
2604,496
2605,509
2606,519
2607,523
2608,522
2609,516
2610,508
2611,497
2612,484
2613,473
2614,468
2615,468
2616,472
2617,480
2618,490
2619,503
2620,514
2621,521
2622,523
2623,520
2624,513
2625,503
2626,492
2627,479
2628,470
2629,467
2630,469
2631,475
2632,484
2633,495
2634,508
2635,518
2636,523
2637,522
2638,518
2639,510
2640,499
2641,486
2642,475
2643,469
2644,468
2645,472
2646,479
2647,489
2648,501
2649,513
2650,521
2651,524
2652,521
2653,515
2654,506
2655,494
2656,481
2657,471
2658,467
2659,468
2660,473
2661,481
2662,492
2663,505
2664,516
2665,522
2666,522
2667,518
2668,510
2669,500
2670,488
2671,476
2672,468
2673,467
2674,470
2675,476
2676,485
2677,497
2678,510
2679,520
2680,523
2681,521
2682,516
2683,507
2684,496
2685,483
2686,473
2687,468
2688,468
2689,472
2690,480
2691,491
2692,503
2693,514
2694,521
2695,522
2696,519
2697,512
2698,502
2699,491
2700,478
2701,469
2702,467
2703,469
2704,475
2705,484
2706,495
2707,508
2708,518
2709,523
2710,522
2711,517
2712,509
2713,498
2714,486
2715,474
2716,468
2717,468
2718,472
2719,479
2720,489
2721,501
2722,513
2723,521
2724,523
2725,521
2726,514
2727,505
2728,493
2729,480
2730,470
2731,466
2732,468
2733,473
2734,481
2735,492
2736,505
2737,516
2738,521
2739,522
2740,517
2741,510
2742,500
2743,487
2744,476
2745,468
2746,467
2747,470
2748,477
2749,486
2750,498
2751,511
2752,520
2753,523
2754,521
2755,516
2756,507
2757,496
2758,483
2759,472
2760,467
2761,468
2762,473
2763,480
2764,491
2765,503
2766,515
2767,521
2768,522
2769,519
2770,512
2771,502
2772,490
2773,478
2774,469
2775,467
2776,469
2777,475
2778,484
2779,496
2780,509
2781,519
2782,523
2783,522
2784,517
2785,509
2786,498
2787,485
2788,474
2789,468
2790,468
2791,472
2792,479
2793,489
2794,501
2795,513
2796,521
2797,523
2798,520
2799,514
2800,505
2801,493
2802,480
2803,470
2804,467
2805,468
2806,474
2807,482
2808,493
2809,506
2810,517
2811,522
2812,522
2813,517
2814,510
2815,499
2816,487
2817,475
2818,468
2819,467
2820,470
2821,477
2822,487
2823,498
2824,511
2825,520
2826,523
2827,521
2828,515
2829,506
2830,495
2831,482
2832,471
2833,467
2834,468
2835,472
2836,480
2837,491
2838,503
2839,515
2840,521
2841,522
2842,518
2843,511
2844,501
2845,489
2846,477
2847,469
2848,466
2849,469
2850,475
2851,484
2852,496
2853,509
2854,519
2855,523
2856,522
2857,517
2858,508
2859,498
2860,485
2861,474
2862,468
2863,468
2864,472
2865,480
2866,490
2867,502
2868,514
2869,521
2870,523
2871,520
2872,514
2873,504
2874,492
2875,480
2876,470
2877,466
2878,468
2879,474
2880,482
2881,493
2882,506
2883,517
2884,522
2885,522
2886,517
2887,509
2888,499
2889,486
2890,475
2891,468
2892,467
2893,470
2894,477
2895,487
2896,499
2897,511
2898,520
2899,522
2900,520
2901,514
2902,505
2903,494
2904,481
2905,470
2906,466
2907,467
2908,472
2909,480
2910,491
2911,503
2912,514
2913,521
2914,521
2915,517
2916,510
2917,500
2918,488
2919,476
2920,468
2921,466
2922,469
2923,475
2924,484
2925,496
2926,509
2927,519
2928,523
2929,522
2930,516
2931,508
2932,497
2933,484
2934,473
2935,468
2936,468
2937,472
2938,480
2939,490
2940,502
2941,514
2942,521
2943,523
2944,520
2945,513
2946,503
2947,492
2948,479
2949,470
2950,467
2951,469
2952,474
2953,483
2954,494
2955,507
2956,518
2957,523
2958,522
2959,517
2960,510
2961,499
2962,487
2963,475
2964,469
2965,468
2966,471
2967,478
2968,488
2969,500
2970,512
2971,521
2972,523
2973,521
2974,515
2975,506
2976,494
2977,481
2978,471
2979,467
2980,468
2981,473
2982,481
2983,492
2984,505
2985,516
2986,522
2987,522
2988,518
2989,511
2990,501
2991,488
2992,476
2993,469
2994,467
2995,470
2996,476
2997,486
2998,497
2999,510
3000,520
3001,523
3002,522
3003,516
3004,508
3005,497
3006,484
3007,473
3008,468
3009,468
3010,473
3011,480
3012,491
3013,503
3014,514
3015,521
3016,523
3017,520
3018,513
3019,503
3020,491
3021,479
3022,470
3023,467
3024,469
3025,475
3026,484
3027,495
3028,508
3029,518
3030,523
3031,522
3032,517
3033,509
3034,499
3035,486
3036,475
3037,469
3038,468
3039,472
3040,479
3041,489
3042,501
3043,513
3044,521
3045,523
3046,521
3047,514
3048,505
3049,494
3050,481
3051,470
3052,467
3053,468
3054,473
3055,482
3056,492
3057,505
3058,516
3059,522
3060,522
3061,518
3062,510
3063,500
3064,488
3065,476
3066,469
3067,467
3068,470
3069,477
3070,486
3071,498
3072,510
3073,520
3074,524
3075,522
3076,516
3077,508
3078,497
3079,484
3080,473
3081,468
3082,469
3083,473
3084,481
3085,491
3086,504
3087,515
3088,522
3089,523
3090,520
3091,513
3092,503
3093,491
3094,479
3095,470
3096,467
3097,470
3098,476
3099,485
3100,496
3101,509
3102,519
3103,524
3104,523
3105,518
3106,509
3107,499
3108,486
3109,475
3110,469
3111,468
3112,472
3113,479
3114,489
3115,501
3116,513
3117,521
3118,523
3119,521
3120,514
3121,505
3122,493
3123,480
3124,470
3125,466
3126,468
3127,473
3128,481
3129,492
3130,505
3131,516
3132,521
3133,521
3134,517
3135,509
3136,499
3137,487
3138,475
3139,468
3140,466
3141,470
3142,476
3143,486
3144,497
3145,510
3146,519
3147,522
3148,520
3149,515
3150,506
3151,495
3152,482
3153,471
3154,466
3155,467
3156,472
3157,480
3158,490
3159,503
3160,514
3161,521
3162,522
3163,518
3164,511
3165,501
3166,489
3167,477
3168,468
3169,466
3170,468
3171,475
3172,484
3173,495
3174,508
3175,519
3176,523
3177,522
3178,516
3179,508
3180,497
3181,485
3182,474
3183,468
3184,468
3185,472
3186,479
3187,489
3188,501
3189,513
3190,521
3191,523
3192,520
3193,513
3194,504
3195,492
3196,480
3197,470
3198,466
3199,468
3200,473
3201,482
3202,493
3203,506
3204,517
3205,522
3206,522
3207,517
3208,509
3209,499
3210,487
3211,475
3212,468
3213,467
3214,470
3215,477
3216,487
3217,499
3218,511
3219,520
3220,523
3221,521
3222,515
3223,506
3224,495
3225,481
3226,471
3227,467
3228,467
3229,472
3230,480
3231,491
3232,503
3233,515
3234,521
3235,522
3236,518
3237,511
3238,501
3239,489
3240,476
3241,468
3242,466
3243,469
3244,475
3245,484
3246,495
3247,509
3248,519
3249,523
3250,522
3251,516
3252,508
3253,497
3254,484
3255,473
3256,468
3257,468
3258,472
3259,479
3260,490
3261,502
3262,513
3263,521
3264,522
3265,519
3266,513
3267,503
3268,492
3269,479
3270,470
3271,466
3272,468
3273,474
3274,483
3275,494
3276,507
3277,517
3278,522
3279,522
3280,517
3281,509
3282,499
3283,487
3284,475
3285,468
3286,467
3287,471
3288,478
3289,488
3290,500
3291,512
3292,521
3293,523
3294,521
3295,515
3296,506
3297,495
3298,482
3299,471
3300,467
3301,468
3302,473
3303,481
3304,492
3305,504
3306,515
3307,521
3308,522
3309,518
3310,511
3311,501
3312,489
3313,477
3314,469
3315,467
3316,470
3317,476
3318,485
3319,497
3320,510
3321,520
3322,523
3323,522
3324,517
3325,508
3326,497
3327,484
3328,473
3329,468
3330,468
3331,472
3332,480
3333,490
3334,503
3335,514
3336,521
3337,523
3338,520
3339,513
3340,503
3341,491
3342,479
3343,470
3344,467
3345,469
3346,474
3347,483
3348,494
3349,507
3350,518
3351,522
3352,522
3353,517
3354,509
3355,498
3356,486
3357,475
3358,468
3359,467
3360,471
3361,478
3362,488
3363,500
3364,512
3365,520
3366,523
3367,520
3368,514
3369,505
3370,494
3371,480
3372,470
3373,466
3374,467
3375,472
3376,481
3377,491
3378,504
3379,515
3380,521
3381,521
3382,517
3383,510
3384,500
3385,487
3386,476
3387,468
3388,466
3389,469
3390,476
3391,485
3392,497
3393,510
3394,520
3395,523
3396,521
3397,516
3398,507
3399,496
3400,483
3401,473
3402,468
3403,468
3404,472
3405,480
3406,491
3407,503
3408,515
3409,521
3410,523
3411,519
3412,513
3413,503
3414,491
3415,479
3416,470
3417,467
3418,469
3419,475
3420,484
3421,495
3422,508
3423,519
3424,523
3425,523
3426,518
3427,510
3428,499
3429,486
3430,475
3431,469
3432,469
3433,472
3434,480
3435,489
3436,501
3437,513
3438,522
3439,524
3440,521
3441,515
3442,506
3443,494
3444,481
3445,471
3446,467
3447,468
3448,474
3449,482
3450,493
3451,506
3452,517
3453,522
3454,522
3455,518
3456,511
3457,500
3458,488
3459,476
3460,469
3461,467
3462,470
3463,477
3464,486
3465,498
3466,511
3467,520
3468,523
3469,521
3470,516
3471,507
3472,496
3473,483
3474,472
3475,467
3476,468
3477,472
3478,480
3479,491
3480,503
3481,514
3482,521
3483,522
3484,519
3485,512
3486,502
3487,490
3488,478
3489,469
3490,467
3491,469
3492,475
3493,484
3494,495
3495,508
3496,519
3497,523
3498,522
3499,517
3500,509
3501,498
3502,485
3503,474
3504,468
3505,468
3506,472
3507,479
3508,489
3509,501
3510,513
3511,521
3512,523
3513,520
3514,514
3515,505
3516,493
3517,480
3518,470
3519,467
3520,468
3521,474
3522,482
3523,493
3524,506
3525,517
3526,522
3527,522
3528,518
3529,510
3530,500
3531,487
3532,476
3533,469
3534,467
3535,470
3536,477
3537,487
3538,498
3539,511
3540,520
3541,523
3542,521
3543,515
3544,507
3545,495
3546,482
3547,472
3548,467
3549,468
3550,473
3551,481
3552,491
3553,504
3554,515
3555,521
3556,522
3557,518
3558,511
3559,501
3560,489
3561,477
3562,469
3563,467
3564,469
3565,475
3566,484
3567,496
3568,509
3569,519
3570,523
3571,522
3572,517
3573,509
3574,498
3575,485
3576,474
3577,469
3578,468
3579,472
3580,480
3581,490
3582,502
3583,514
3584,521
3585,523
3586,520
3587,514
3588,504
3589,493
3590,480
3591,470
3592,466
3593,468
3594,474
3595,482
3596,493
3597,506
3598,517
3599,522
3600,522
3601,517
3602,509
3603,499
3604,486
3605,475
3606,468
3607,467
3608,470
3609,477
3610,487
3611,499
3612,511
3613,520
3614,523
3615,520
3616,515
3617,506
3618,494
3619,481
3620,471
3621,466
3622,467
3623,472
3624,480
3625,491
3626,503
3627,515
3628,521
3629,521
3630,518
3631,510
3632,500
3633,488
3634,476
3635,468
3636,466
3637,469
3638,475
3639,484
3640,496
3641,509
3642,519
3643,523
3644,522
3645,517
3646,508
3647,497
3648,484
3649,474
3650,468
3651,468
3652,472
3653,480
3654,490
3655,502
3656,514
3657,522
3658,523
3659,520
3660,513
3661,504
3662,492
3663,480
3664,470
3665,467
3666,469
3667,475
3668,483
3669,495
3670,508
3671,518
3672,523
3673,522
3674,518
3675,510
3676,499
3677,487
3678,476
3679,469
3680,468
3681,472
3682,479
3683,488
3684,500
3685,512
3686,521
3687,524
3688,521
3689,515
3690,506
3691,495
3692,482
3693,471
3694,467
3695,468
3696,473
3697,481
3698,492
3699,505
3700,516
3701,522
3702,522
3703,518
3704,511
3705,500
3706,488
3707,476
3708,468
3709,467
3710,469
3711,476
3712,485
3713,497
3714,509
3715,519
3716,523
3717,521
3718,516
3719,507
3720,496
3721,483
3722,473
3723,468
3724,468
3725,472
3726,480
3727,490
3728,502
3729,514
3730,521
3731,522
3732,519
3733,512
3734,503
3735,491
3736,478
3737,469
3738,466
3739,468
3740,474
3741,483
3742,494
3743,507
3744,518
3745,522
3746,522
3747,517
3748,509
3749,498
3750,486
3751,475
3752,468
3753,468
3754,471
3755,478
3756,488
3757,500
3758,512
3759,521
3760,523
3761,521
3762,514
3763,505
3764,494
3765,481
3766,470
3767,467
3768,468
3769,473
3770,481
3771,492
3772,505
3773,516
3774,521
3775,522
3776,517
3777,510
3778,500
3779,488
3780,476
3781,468
3782,467
3783,470
3784,476
3785,486
3786,497
3787,510
3788,520
3789,523
3790,522
3791,516
3792,507
3793,496
3794,483
3795,473
3796,468
3797,468
3798,473
3799,481
3800,491
3801,503
3802,515
3803,522
3804,523
3805,519
3806,513
3807,503
3808,491
3809,479
3810,470
3811,467
3812,469
3813,475
3814,484
3815,495
3816,509
3817,519
3818,523
3819,522
3820,517
3821,509
3822,499
3823,486
3824,475
3825,469
3826,468
3827,472
3828,479
3829,489
3830,501
3831,513
3832,521
3833,523
3834,521
3835,514
3836,505
3837,493
3838,480
3839,470
3840,466
3841,468
3842,473
3843,481
3844,492
3845,505
3846,516
3847,521
3848,521
3849,517
3850,509
3851,499
3852,487
3853,475
3854,468
3855,466
3856,470
3857,476
3858,486
3859,497
3860,510
3861,519
3862,522
3863,520
3864,515
3865,506
3866,495
3867,482
3868,471
3869,467
3870,467
3871,472
3872,480
3873,490
3874,503
3875,514
3876,521
3877,522
3878,518
3879,511
3880,501
3881,489
3882,477
3883,469
3884,466
3885,469
3886,475
3887,484
3888,495
3889,508
3890,519
3891,523
3892,522
3893,517
3894,508
3895,498
3896,485
3897,474
3898,468
3899,468
3900,472
3901,479
3902,489
3903,501
3904,513
3905,521
3906,523
3907,520
3908,514
3909,504
3910,493
3911,480
3912,470
3913,466
3914,468
3915,473
3916,482
3917,493
3918,506
3919,517
3920,522
3921,522
3922,517
3923,509
3924,499
3925,487
3926,475
3927,468
3928,467
3929,470
3930,477
3931,487
3932,498
3933,511
3934,520
3935,523
3936,520
3937,515
3938,506
3939,494
3940,481
3941,471
3942,466
3943,467
3944,472
3945,480
3946,490
3947,503
3948,514
3949,521
3950,521
3951,518
3952,510
3953,501
3954,488
3955,476
3956,468
3957,466
3958,468
3959,475
3960,484
3961,495
3962,509
3963,519
3964,523
3965,521
3966,516
3967,508
3968,497
3969,484
3970,473
3971,468
3972,468
3973,472
3974,479
3975,489
3976,502
3977,513
3978,521
3979,522
3980,519
3981,513
3982,503
3983,492
3984,479
3985,469
3986,466
3987,468
3988,473
3989,482
3990,493
3991,506
3992,517
3993,522
3994,521
3995,517
3996,509
3997,498
3998,486
3999,474
4000,468
4001,467
4002,470
4003,477
4004,487
4005,499
4006,511
4007,520
4008,522
4009,520
4010,514
4011,505
4012,494
4013,481
4014,470
4015,466
4016,467
4017,472
4018,480
4019,491
4020,504
4021,515
4022,521
4023,521
4024,518
4025,510
4026,500
4027,488
4028,476
4029,468
4030,466
4031,469
4032,475
4033,485
4034,496
4035,509
4036,520
4037,523
4038,522
4039,516
4040,508
4041,497
4042,484
4043,473
4044,468
4045,468
4046,472
4047,480
4048,490
4049,502
4050,514
4051,521
4052,523
4053,520
4054,513
4055,503
4056,492
4057,479
4058,470
4059,467
4060,469
4061,474
4062,483
4063,494
4064,507
4065,518
4066,522
4067,522
4068,517
4069,509
4070,499
4071,486
4072,475
4073,468
4074,467
4075,471
4076,478
4077,488
4078,500
4079,512
4080,520
4081,523
4082,520
4083,514
4084,505
4085,494
4086,481
4087,470
4088,466
4089,468
4090,473
4091,481
4092,492
4093,504
4094,515
4095,521
4096,522
4097,518
4098,510
4099,500
4100,488
4101,476
4102,469
4103,467
4104,470
4105,476
4106,485
4107,497
4108,510
4109,520
4110,523
4111,522
4112,516
4113,508
4114,497
4115,484
4116,473
4117,468
4118,468
4119,473
4120,481
4121,491
4122,503
4123,515
4124,522
4125,523
4126,520
4127,513
4128,503
4129,492
4130,479
4131,470
4132,468
4133,470
4134,475
4135,484
4136,496
4137,509
4138,519
4139,523
4140,523
4141,518
4142,510
4143,499
4144,487
4145,475
4146,469
4147,468
4148,472
4149,479
4150,489
4151,501
4152,513
4153,521
4154,524
4155,521
4156,515
4157,506
4158,494
4159,481
4160,471
4161,467
4162,468
4163,473
4164,482
4165,492
4166,505
4167,516
4168,522
4169,522
4170,518
4171,510
4172,500
4173,488
4174,476
4175,468
4176,467
4177,470
4178,476
4179,486
4180,497
4181,510
4182,520
4183,523
4184,521
4185,515
4186,507
4187,496
4188,483
4189,472
4190,467
4191,468
4192,472
4193,480
4194,490
4195,503
4196,514
4197,521
4198,522
4199,519
4200,512
4201,502
4202,490
4203,478
4204,469
4205,467
4206,469
4207,475
4208,484
4209,495
4210,508
4211,519
4212,523
4213,522
4214,517
4215,509
4216,498
4217,486
4218,475
4219,469
4220,468
4221,472
4222,479
4223,489
4224,502
4225,513
4226,521
4227,523
4228,521
4229,514
4230,505
4231,494
4232,481
4233,470
4234,467
4235,468
4236,474
4237,482
4238,493
4239,506
4240,517
4241,522
4242,522
4243,518
4244,510
4245,500
4246,487
4247,476
4248,469
4249,467
4250,470
4251,477
4252,487
4253,498
4254,511
4255,520
4256,523
4257,521
4258,515
4259,506
4260,495
4261,482
4262,472
4263,467
4264,468
4265,472
4266,480
4267,491
4268,503
4269,515
4270,521
4271,522
4272,518
4273,511
4274,501
4275,489
4276,477
4277,469
4278,466
4279,469
4280,475
4281,484
4282,495
4283,508
4284,519
4285,523
4286,522
4287,516
4288,508
4289,497
4290,485
4291,474
4292,468
4293,468
4294,472
4295,479
4296,489
4297,501
4298,513
4299,521
4300,522
4301,520
4302,513
4303,504
4304,492
4305,479
4306,469
4307,466
4308,467
4309,473
4310,482
4311,493
4312,505
4313,516
4314,521
4315,521
4316,517
4317,509
4318,498
4319,486
4320,475
4321,468
4322,466
4323,470
4324,477
4325,486
4326,498
4327,510
4328,519
4329,522
4330,520
4331,514
4332,505
4333,494
4334,481
4335,470
4336,466
4337,467
4338,472
4339,480
4340,491
4341,503
4342,514
4343,521
4344,521
4345,517
4346,510
4347,500
4348,488
4349,476
4350,468
4351,466
4352,469
4353,475
4354,484
4355,496
4356,509
4357,519
4358,523
4359,522
4360,516
4361,508
4362,497
4363,484
4364,473
4365,468
4366,468
4367,472
4368,480
4369,490
4370,502
4371,514
4372,521
4373,523
4374,520
4375,513
4376,504
4377,492
4378,479
4379,470
4380,467
4381,469
4382,474
4383,483
4384,494
4385,507
4386,518
4387,523
4388,522
4389,517
4390,510
4391,499
4392,487
4393,475
4394,469
4395,468
4396,471
4397,478
4398,488
4399,500
4400,512
4401,521
4402,523
4403,521
4404,515
4405,506
4406,494
4407,481
4408,471
4409,467
4410,468
4411,473
4412,481
4413,491
4414,504
4415,515
4416,521
4417,522
4418,518
4419,510
4420,500
4421,488
4422,476
4423,468
4424,466
4425,469
4426,476
4427,485
4428,496
4429,509
4430,519
4431,523
4432,521
4433,516
4434,507
4435,496
4436,484
4437,473
4438,467
4439,468
4440,472
4441,480
4442,490
4443,502
4444,514
4445,521
4446,522
4447,519
4448,512
4449,503
4450,491
4451,478
4452,469
4453,467
4454,469
4455,474
4456,483
4457,494
4458,507
4459,518
4460,522
4461,522
4462,517
4463,509
4464,499
4465,486
4466,475
4467,468
4468,468
4469,471
4470,478
4471,488
4472,500
4473,512
4474,521
4475,523
4476,521
4477,514
4478,505
4479,494
4480,481
4481,470
4482,467
4483,468
4484,473
4485,481
4486,492
4487,505
4488,516
4489,521
4490,522
4491,518
4492,510
4493,500
4494,488
4495,476
4496,468
4497,467
4498,470
4499,476
4500,485
4501,497
4502,510
4503,520
4504,523
4505,522
4506,516
4507,507
4508,496
4509,483
4510,473
4511,468
4512,468
4513,473
4514,480
4515,491
4516,503
4517,515
4518,521
4519,523
4520,519
4521,512
4522,503
4523,491
4524,478
4525,469
4526,467
4527,469
4528,475
4529,484
4530,495
4531,508
4532,518
4533,523
4534,522
4535,517
4536,509
4537,498
4538,486
4539,475
4540,468
4541,468
4542,472
4543,479
4544,489
4545,501
4546,513
4547,521
4548,523
4549,521
4550,514
4551,505
4552,493
4553,480
4554,470
4555,466
4556,468
4557,473
4558,481
4559,492
4560,505
4561,516
4562,521
4563,521
4564,517
4565,510
4566,499
4567,487
4568,475
4569,468
4570,467
4571,470
4572,476
4573,486
4574,498
4575,510
4576,520
4577,523
4578,521
4579,515
4580,507
4581,495
4582,482
4583,472
4584,467
4585,468
4586,472
4587,480
4588,491
4589,503
4590,514
4591,521
4592,522
4593,519
4594,512
4595,502
4596,490
4597,478
4598,469
4599,467
4600,469
4601,475
4602,484
4603,495
4604,509
4605,519
4606,523
4607,522
4608,517
4609,509
4610,498
4611,485
4612,474
4613,469
4614,468
4615,472
4616,479
4617,489
4618,502
4619,513
4620,521
4621,523
4622,520
4623,514
4624,505
4625,493
4626,480
4627,470
4628,467
4629,468
4630,474
4631,482
4632,493
4633,506
4634,517
4635,522
4636,522
4637,517
4638,510
4639,499
4640,487
4641,475
4642,468
4643,467
4644,470
4645,477
4646,486
4647,498
4648,510
4649,520
4650,522
4651,520
4652,515
4653,506
4654,494
4655,481
4656,471
4657,466
4658,467
4659,472
4660,480
4661,490
4662,503
4663,514
4664,521
4665,521
4666,518
4667,511
4668,501
4669,489
4670,477
4671,468
4672,466
4673,469
4674,475
4675,484
4676,495
4677,509
4678,519
4679,523
4680,522
4681,517
4682,508
4683,497
4684,485
4685,474
4686,468
4687,468
4688,472
4689,480
4690,490
4691,502
4692,514
4693,521
4694,523
4695,520
4696,514
4697,504
4698,493
4699,480
4700,470
4701,467
4702,468
4703,474
4704,483
4705,494
4706,506
4707,517
4708,522
4709,522
4710,517
4711,510
4712,499
4713,487
4714,475
4715,469
4716,467
4717,471
4718,478
4719,487
4720,499
4721,512
4722,520
4723,523
4724,521
4725,515
4726,506
4727,495
4728,482
4729,471
4730,467
4731,468
4732,473
4733,481
4734,491
4735,504
4736,515
4737,521
4738,522
4739,518
4740,511
4741,501
4742,489
4743,477
4744,469
4745,467
4746,469
4747,475
4748,485
4749,496
4750,510
4751,520
4752,523
4753,522
4754,517
4755,508
4756,497
4757,484
4758,474
4759,468
4760,468
4761,472
4762,480
4763,490
4764,502
4765,514
4766,521
4767,523
4768,520
4769,513
4770,504
4771,492
4772,479
4773,470
4774,467
4775,469
4776,474
4777,483
4778,494
4779,507
4780,518
4781,523
4782,522
4783,517
4784,510
4785,499
4786,486
4787,475
4788,469
4789,468
4790,471
4791,478
4792,488
4793,500
4794,512
4795,521
4796,523
4797,521
4798,515
4799,506
4800,494
4801,481
4802,471
4803,467
4804,468
4805,473
4806,481
4807,492
4808,504
4809,515
4810,521
4811,522
4812,518
4813,510
4814,500
4815,488
4816,476
4817,468
4818,467
4819,469
4820,476
4821,485
4822,497
4823,510
4824,520
4825,523
4826,522
4827,516
4828,508
4829,497
4830,484
4831,473
4832,468
4833,468
4834,472
4835,480
4836,490
4837,503
4838,514
4839,521
4840,523
4841,519
4842,513
4843,503
4844,491
4845,479
4846,470
4847,467
4848,469
4849,475
4850,484
4851,495
4852,508
4853,518
4854,523
4855,522
4856,517
4857,509
4858,499
4859,486
4860,475
4861,469
4862,468
4863,472
4864,479
4865,489
4866,501
4867,513
4868,521
4869,523
4870,521
4871,514
4872,505
4873,494
4874,480
4875,470
4876,466
4877,468
4878,473
4879,481
4880,492
4881,505
4882,516
4883,521
4884,521
4885,517
4886,510
4887,499
4888,487
4889,475
4890,468
4891,466
4892,469
4893,476
4894,485
4895,497
4896,510
4897,520
4898,523
4899,521
4900,516
4901,507
4902,496
4903,483
4904,472
4905,467
4906,468
4907,472
4908,480
4909,491
4910,503
4911,514
4912,521
4913,522
4914,519
4915,512
4916,502
4917,491
4918,478
4919,470
4920,467
4921,469
4922,475
4923,484
4924,495
4925,509
4926,519
4927,523
4928,522
4929,517
4930,509
4931,499
4932,486
4933,475
4934,469
4935,468
4936,472
4937,479
4938,489
4939,501
4940,513
4941,521
4942,524
4943,521
4944,515
4945,505
4946,494
4947,480
4948,470
4949,467
4950,468
4951,473
4952,482
4953,493
4954,506
4955,516
4956,522
4957,522
4958,518
4959,510
4960,500
4961,487
4962,476
4963,469
4964,467
4965,470
4966,477
4967,486
4968,498
4969,511
4970,520
4971,523
4972,521
4973,515
4974,506
4975,495
4976,482
4977,472
4978,467
4979,468
4980,472
4981,480
4982,491
4983,503
4984,515
4985,521
4986,522
4987,518
4988,511
4989,501
4990,489
4991,477
4992,469
4993,466
4994,469
4995,475
4996,484
4997,495
4998,509
4999,519
5000,523
5001,522
5002,517
5003,508
5004,498
5005,485
5006,474
5007,468
5008,468
5009,472
5010,479
5011,489
5012,501
5013,513
5014,521
5015,523
5016,520
5017,513
5018,504
5019,492
5020,479
5021,469
5022,466
5023,468
5024,473
5025,482
5026,493
5027,506
5028,516
5029,522
5030,521
5031,517
5032,509
5033,499
5034,486
5035,475
5036,468
5037,467
5038,470
5039,477
5040,487
5041,498
5042,511
5043,520
5044,523
5045,520
5046,515
5047,506
5048,494
5049,481
5050,471
5051,467
5052,467
5053,472
5054,480
5055,491
5056,503
5057,515
5058,521
5059,522
5060,518
5061,511
5062,501
5063,489
5064,477
5065,469
5066,466
5067,469
5068,475
5069,484
5070,496
5071,509
5072,519
5073,523
5074,522
5075,517
5076,508
5077,497
5078,485
5079,474
5080,468
5081,468
5082,472
5083,480
5084,490
5085,502
5086,514
5087,521
5088,523
5089,520
5090,513
5091,504
5092,492
5093,479
5094,470
5095,467
5096,468
5097,474
5098,483
5099,494
5100,507
5101,517
5102,522
5103,522
5104,517
5105,509
5106,499
5107,486
5108,475
5109,468
5110,467
5111,471
5112,477
5113,487
5114,499
5115,511
5116,520
5117,523
5118,520
5119,514
5120,505
5121,494
5122,481
5123,470
5124,466
5125,467
5126,472
5127,480
5128,491
5129,504
5130,515
5131,521
5132,521
5133,517
5134,510
5135,500
5136,488
5137,476
5138,468
5139,466
5140,469
5141,475
5142,485
5143,496
5144,509
5145,519
5146,523
5147,521
5148,516
5149,508
5150,497
5151,484
5152,473
5153,468
5154,468
5155,472
5156,480
5157,490
5158,502
5159,514
5160,521
5161,522
5162,519
5163,513
5164,503
5165,491
5166,479
5167,470
5168,467
5169,469
5170,474
5171,483
5172,494
5173,507
5174,518
5175,523
5176,522
5177,517
5178,509
5179,499
5180,486
5181,475
5182,468
5183,468
5184,471
5185,478
5186,488
5187,500
5188,512
5189,521
5190,523
5191,521
5192,514
5193,505
5194,494
5195,481
5196,470
5197,466
5198,467
5199,473
5200,481
5201,492
5202,504
5203,515
5204,521
5205,521
5206,517
5207,510
5208,500
5209,488
5210,476
5211,468
5212,466
5213,469
5214,476
5215,485
5216,497
5217,510
5218,520
5219,523
5220,521
5221,516
5222,507
5223,496
5224,483
5225,472
5226,467
5227,468
5228,472
5229,480
5230,490
5231,503
5232,514
5233,521
5234,522
5235,519
5236,512
5237,503
5238,491
5239,478
5240,469
5241,467
5242,469
5243,475
5244,484
5245,495
5246,508
5247,519
5248,523
5249,522
5250,517
5251,509
5252,499
5253,486
5254,475
5255,469
5256,468
5257,472
5258,479
5259,489
5260,501
5261,513
5262,521
5263,523
5264,521
5265,515
5266,505
5267,494
5268,481
5269,470
5270,467
5271,468
5272,473
5273,482
5274,493
5275,505
5276,516
5277,522
5278,522
5279,518
5280,510
5281,500
5282,488
5283,476
5284,469
5285,467
5286,470
5287,477
5288,486
5289,498
5290,511
5291,520
5292,523
5293,522
5294,516
5295,507
5296,496
5297,483
5298,472
5299,468
5300,468
5301,473
5302,481
5303,491
5304,503
5305,515
5306,522
5307,523
5308,519
5309,512
5310,502
5311,490
5312,478
5313,469
5314,467
5315,469
5316,475
5317,484
5318,495
5319,509
5320,519
5321,523
5322,522
5323,517
5324,509
5325,498
5326,485
5327,474
5328,468
5329,468
5330,472
5331,479
5332,489
5333,501
5334,513
5335,521
5336,523
5337,520
5338,514
5339,504
5340,493
5341,480
5342,470
5343,466
5344,468
5345,473
5346,481
5347,492
5348,505
5349,516
5350,521
5351,521
5352,517
5353,509
5354,499
5355,487
5356,475
5357,468
5358,466
5359,470
5360,476
5361,486
5362,498
5363,510
5364,519
5365,522
5366,520
5367,515
5368,506
5369,495
5370,481
5371,471
5372,466
5373,467
5374,472
5375,480
5376,490
5377,503
5378,514
5379,521
5380,521
5381,518
5382,511
5383,501
5384,489
5385,477
5386,469
5387,466
5388,469
5389,475
5390,484
5391,495
5392,509
5393,519
5394,523
5395,522
5396,517
5397,508
5398,498
5399,485
5400,474
5401,468
5402,468
5403,472
5404,479
5405,490
5406,502
5407,514
5408,521
5409,523
5410,520
5411,514
5412,504
5413,493
5414,480
5415,470
5416,467
5417,468
5418,474
5419,482
5420,493
5421,506
5422,517
5423,522
5424,522
5425,517
5426,510
5427,499
5428,487
5429,475
5430,468
5431,467
5432,471
5433,477
5434,487
5435,499
5436,511
5437,520
5438,523
5439,521
5440,515
5441,506
5442,494
5443,481
5444,471
5445,466
5446,467
5447,472
5448,480
5449,491
5450,503
5451,515
5452,521
5453,521
5454,518
5455,510
5456,500
5457,488
5458,476
5459,468
5460,466
5461,469
5462,475
5463,484
5464,496
5465,509
5466,519
5467,523
5468,521
5469,516
5470,508
5471,497
5472,484
5473,473
5474,468
5475,468
5476,472
5477,479
5478,490
5479,502
5480,514
5481,521
5482,522
5483,519
5484,513
5485,503
5486,491
5487,479
5488,470
5489,467
5490,468
5491,474
5492,483
5493,494
5494,507
5495,518
5496,522
5497,522
5498,517
5499,509
5500,499
5501,486
5502,475
5503,469
5504,468
5505,471
5506,478
5507,488
5508,500
5509,512
5510,521
5511,523
5512,521
5513,515
5514,506
5515,494
5516,481
5517,471
5518,467
5519,468
5520,473
5521,481
5522,492
5523,504
5524,516
5525,521
5526,522
5527,518
5528,511
5529,501
5530,488
5531,476
5532,469
5533,467
5534,470
5535,476
5536,485
5537,497
5538,510
5539,520
5540,523
5541,522
5542,516
5543,508
5544,497
5545,484
5546,473
5547,468
5548,468
5549,473
5550,480
5551,490
5552,503
5553,514
5554,521
5555,523
5556,519
5557,513
5558,503
5559,491
5560,479
5561,470
5562,467
5563,469
5564,475
5565,483
5566,495
5567,508
5568,518
5569,523
5570,522
5571,517
5572,509
5573,499
5574,486
5575,475
5576,468
5577,468
5578,471
5579,478
5580,488
5581,500
5582,512
5583,521
5584,523
5585,521
5586,514
5587,505
5588,494
5589,481
5590,470
5591,466
5592,468
5593,473
5594,481
5595,492
5596,505
5597,516
5598,521
5599,521
5600,517
5601,510
5602,500
5603,488
5604,476
5605,468
5606,467
5607,470
5608,476
5609,486
5610,497
5611,510
5612,520
5613,523
5614,522
5615,516
5616,507
5617,496
5618,483
5619,473
5620,468
5621,468
5622,473
5623,481
5624,491
5625,503
5626,515
5627,522
5628,523
5629,519
5630,512
5631,503
5632,491
5633,478
5634,470
5635,467
5636,469
5637,475
5638,484
5639,495
5640,508
5641,519
5642,523
5643,522
5644,517
5645,509
5646,499
5647,486
5648,475
5649,469
5650,468
5651,472
5652,479
5653,489
5654,501
5655,513
5656,521
5657,523
5658,521
5659,514
5660,505
5661,494
5662,480
5663,470
5664,467
5665,468
5666,473
5667,482
5668,493
5669,505
5670,516
5671,522
5672,522
5673,518
5674,510
5675,500
5676,487
5677,476
5678,468
5679,467
5680,470
5681,477
5682,486
5683,498
5684,511
5685,520
5686,523
5687,521
5688,515
5689,507
5690,496
5691,483
5692,472
5693,467
5694,468
5695,472
5696,480
5697,491
5698,503
5699,515
5700,521
5701,522
5702,519
5703,512
5704,502
5705,490
5706,477
5707,469
5708,467
5709,469
5710,475
5711,484
5712,495
5713,508
5714,519
5715,523
5716,522
5717,517
5718,509
5719,498
5720,485
5721,474
5722,468
5723,468
5724,472
5725,479
5726,489
5727,502
5728,513
5729,521
5730,523
5731,520
5732,514
5733,505
5734,493
5735,480
5736,470
5737,467
5738,468
5739,474
5740,482
5741,493
5742,506
5743,517
5744,522
5745,522
5746,517
5747,510
5748,499
5749,487
5750,475
5751,468
5752,467
5753,470
5754,477
5755,487
5756,499
5757,511
5758,520
5759,523
5760,521
5761,515
5762,506
5763,495
5764,482
5765,471
5766,467
5767,468
5768,472
5769,481
5770,491
5771,504
5772,515
5773,521
5774,522
5775,518
5776,511
5777,501
5778,489
5779,477
5780,469
5781,467
5782,469
5783,475
5784,485
5785,496
5786,509
5787,519
5788,523
5789,522
5790,517
5791,509
5792,498
5793,485
5794,474
5795,468
5796,468
5797,472
5798,480
5799,490
5800,502
5801,514
5802,521
5803,523
5804,520
5805,514
5806,504
5807,492
5808,480
5809,470
5810,466
5811,468
5812,474
5813,482
5814,493
5815,506
5816,517
5817,522
5818,521
5819,517
5820,509
5821,499
5822,486
5823,475
5824,468
5825,467
5826,470
5827,477
5828,487
5829,499
5830,511
5831,520
5832,522
5833,520
5834,514
5835,505
5836,494
5837,481
5838,470
5839,466
5840,467
5841,472
5842,480
5843,491
5844,503
5845,514
5846,520
5847,521
5848,517
5849,510
5850,500
5851,488
5852,476
5853,468
5854,466
5855,468
5856,475
5857,484
5858,496
5859,509
5860,519
5861,523
5862,521
5863,516
5864,508
5865,497
5866,484
5867,473
5868,468
5869,468
5870,472
5871,480
5872,490
5873,502
5874,514
5875,521
5876,523
5877,520
5878,513
5879,504
5880,492
5881,479
5882,470
5883,467
5884,469
5885,475
5886,484
5887,495
5888,508
5889,518
5890,523
5891,522
5892,518
5893,510
5894,499
5895,487
5896,476
5897,469
5898,468
5899,472
5900,479
5901,489
5902,501
5903,513
5904,521
5905,524
5906,521
5907,515
5908,506
5909,495
5910,481
5911,471
5912,467
5913,468
5914,473
5915,482
5916,492
5917,505
5918,516
5919,522
5920,522
5921,518
5922,511
5923,501
5924,488
5925,476
5926,469
5927,467
5928,470
5929,476
5930,486
5931,497
5932,510
5933,520
5934,523
5935,522
5936,516
5937,508
5938,497
5939,484
5940,473
5941,468
5942,468
5943,473
5944,480
5945,491
5946,503
5947,514
5948,521
5949,523
5950,519
5951,512
5952,503
5953,491
5954,479
5955,470
5956,467
5957,469
5958,475
5959,484
5960,495
5961,508
5962,518
5963,523
5964,522
5965,517
5966,509
5967,499
5968,486
5969,475
5970,469
5971,468
5972,472
5973,479
5974,489
5975,501
5976,513
5977,521
5978,523
5979,521
5980,514
5981,505
5982,494
5983,480
5984,470
5985,466
5986,468
5987,473
5988,481
5989,492
5990,505
5991,516
5992,521
5993,522
5994,517
5995,510
5996,500
5997,487
5998,476
5999,468
6000,467
6001,470
6002,476
6003,486
6004,498
6005,510
6006,520
6007,523
6008,521
6009,516
6010,507
6011,496
6012,483
6013,472
6014,467
6015,468
6016,472
6017,480
6018,491
6019,503
6020,514
6021,521
6022,522
6023,519
6024,512
6025,502
6026,490
6027,478
6028,469
6029,467
6030,469
6031,475
6032,484
6033,495
6034,508
6035,519
6036,523
6037,522
6038,517
6039,509
6040,498
6041,485
6042,474
6043,468
6044,468
6045,472
6046,479
6047,489
6048,501
6049,513
6050,521
6051,523
6052,520
6053,514
6054,504
6055,493
6056,480
6057,470
6058,466
6059,468
6060,473
6061,482
6062,492
6063,505
6064,516
6065,521
6066,521
6067,517
6068,509
6069,499
6070,487
6071,475
6072,468
6073,467
6074,470
6075,477
6076,486
6077,498
6078,510
6079,520
6080,523
6081,521
6082,515
6083,506
6084,495
6085,482
6086,471
6087,467
6088,467
6089,472
6090,480
6091,491
6092,503
6093,514
6094,521
6095,522
6096,518
6097,511
6098,501
6099,489
6100,477
6101,469
6102,466
6103,469
6104,475
6105,484
6106,495
6107,509
6108,519
6109,523
6110,522
6111,517
6112,508
6113,498
6114,485
6115,474
6116,468
6117,468
6118,472
6119,479
6120,489
6121,502
6122,513
6123,521
6124,523
6125,520
6126,513
6127,504
6128,492
6129,480
6130,470
6131,466
6132,468
6133,473
6134,482
6135,493
6136,506
6137,517
6138,522
6139,522
6140,517
6141,509
6142,499
6143,486
6144,475
6145,468
6146,467
6147,470
6148,477
6149,487
6150,499
6151,511
6152,520
6153,523
6154,520
6155,515
6156,506
6157,494
6158,481
6159,471
6160,466
6161,467
6162,472
6163,480
6164,491
6165,503
6166,514
6167,521
6168,521
6169,517
6170,510
6171,500
6172,488
6173,476
6174,468
6175,466
6176,469
6177,475
6178,484
6179,495
6180,509
6181,519
6182,523
6183,521
6184,516
6185,508
6186,497
6187,484
6188,473
6189,468
6190,468
6191,472
6192,479
6193,489
6194,502
6195,513
6196,521
6197,522
6198,519
6199,513
6200,503
6201,492
6202,479
6203,470
6204,467
6205,468
6206,474
6207,483
6208,494
6209,507
6210,517
6211,522
6212,522
6213,517
6214,509
6215,499
6216,487
6217,475
6218,469
6219,468
6220,471
6221,478
6222,488
6223,500
6224,512
6225,521
6226,523
6227,521
6228,515
6229,506
6230,495
6231,482
6232,471
6233,467
6234,468
6235,473
6236,482
6237,492
6238,505
6239,516
6240,522
6241,522
6242,519
6243,511
6244,501
6245,489
6246,477
6247,469
6248,467
6249,470
6250,476
6251,486
6252,497
6253,510
6254,520
6255,524
6256,522
6257,517
6258,508
6259,497
6260,484
6261,474
6262,468
6263,469
6264,473
6265,480
6266,491
6267,503
6268,515
6269,522
6270,523
6271,520
6272,513
6273,504
6274,492
6275,479
6276,470
6277,467
6278,469
6279,475
6280,484
6281,495
6282,508
6283,518
6284,523
6285,522
6286,517
6287,509
6288,499
6289,486
6290,475
6291,469
6292,468
6293,471
6294,478
6295,488
6296,500
6297,512
6298,521
6299,523
6300,521
6301,514
6302,505
6303,494
6304,481
6305,470
6306,466
6307,468
6308,473
6309,481
6310,492
6311,505
6312,516
6313,521
6314,522
6315,518
6316,510
6317,500
6318,488
6319,476
6320,468
6321,467
6322,470
6323,476
6324,486
6325,497
6326,510
6327,520
6328,523
6329,522
6330,516
6331,507
6332,496
6333,483
6334,473
6335,468
6336,468
6337,473
6338,481
6339,491
6340,503
6341,515
6342,522
6343,523
6344,520
6345,513
6346,503
6347,491
6348,479
6349,470
6350,467
6351,470
6352,475
6353,484
6354,496
6355,509
6356,519
6357,524
6358,523
6359,518
6360,510
6361,499
6362,486
6363,475
6364,469
6365,469
6366,472
6367,480
6368,489
6369,501
6370,513
6371,522
6372,524
6373,521
6374,515
6375,505
6376,494
6377,481
6378,470
6379,467
6380,468
6381,473
6382,482
6383,493
6384,505
6385,516
6386,522
6387,522
6388,517
6389,510
6390,500
6391,487
6392,476
6393,468
6394,467
6395,470
6396,476
6397,486
6398,497
6399,510
6400,519
6401,523
6402,521
6403,515
6404,506
6405,495
6406,482
6407,472
6408,467
6409,467
6410,472
6411,480
6412,490
6413,503
6414,514
6415,521
6416,522
6417,518
6418,511
6419,501
6420,489
6421,477
6422,469
6423,466
6424,468
6425,474
6426,483
6427,495
6428,508
6429,518
6430,522
6431,521
6432,516
6433,508
6434,497
6435,485
6436,474
6437,468
6438,468
6439,471
6440,479
6441,489
6442,501
6443,513
6444,521
6445,523
6446,520
6447,513
6448,504
6449,493
6450,480
6451,470
6452,466
6453,468
6454,473
6455,482
6456,493
6457,506
6458,516
6459,522
6460,522
6461,517
6462,510
6463,499
6464,487
6465,475
6466,468
6467,467
6468,470
6469,477
6470,487
6471,498
6472,511
6473,520
6474,523
6475,521
6476,515
6477,506
6478,495
6479,482
6480,472
6481,467
6482,468
6483,473
6484,481
6485,491
6486,504
6487,515
6488,521
6489,522
6490,519
6491,511
6492,502
6493,490
6494,477
6495,469
6496,467
6497,469
6498,476
6499,485
6500,496
6501,509
6502,520
6503,523
6504,522
6505,517
6506,509
6507,498
6508,485
6509,474
6510,468
6511,468
6512,472
6513,480
6514,490
6515,502
6516,514
6517,521
6518,523
6519,520
6520,513
6521,504
6522,492
6523,479
6524,469
6525,466
6526,468
6527,473
6528,482
6529,493
6530,506
6531,517
6532,522
6533,521
6534,517
6535,509
6536,499
6537,486
6538,475
6539,468
6540,467
6541,470
6542,477
6543,487
6544,499
6545,511
6546,520
6547,522
6548,520
6549,514
6550,505
6551,494
6552,481
6553,470
6554,466
6555,467
6556,472
6557,480
6558,491
6559,503
6560,515
6561,521
6562,521
6563,517
6564,510
6565,500
6566,488
6567,476
6568,468
6569,466
6570,469
6571,475
6572,484
6573,496
6574,509
6575,519
6576,523
6577,522
6578,516
6579,508
6580,497
6581,484
6582,473
6583,468
6584,468
6585,472
6586,480
6587,490
6588,502
6589,514
6590,521
6591,523
6592,520
6593,513
6594,503
6595,492
6596,479
6597,470
6598,467
6599,469
6600,474
6601,483
6602,494
6603,507
6604,518
6605,523
6606,522
6607,517
6608,509
6609,499
6610,486
6611,475
6612,468
6613,468
6614,471
6615,478
6616,488
6617,500
6618,512
6619,520
6620,523
6621,521
6622,514
6623,505
6624,494
6625,481
6626,470
6627,466
6628,467
6629,472
6630,481
6631,491
6632,504
6633,515
6634,521
6635,521
6636,517
6637,510
6638,500
6639,488
6640,476
6641,468
6642,466
6643,469
6644,475
6645,485
6646,496
6647,509
6648,519
6649,523
6650,521
6651,516
6652,507
6653,496
6654,483
6655,473
6656,467
6657,468
6658,472
6659,480
6660,490
6661,502
6662,514
6663,521
6664,522
6665,519
6666,512
6667,503
6668,491
6669,478
6670,469
6671,467
6672,469
6673,474
6674,483
6675,495
6676,508
6677,518
6678,523
6679,522
6680,517
6681,509
6682,499
6683,486
6684,475
6685,468
6686,468
6687,471
6688,479
6689,488
6690,500
6691,513
6692,521
6693,523
6694,521
6695,514
6696,505
6697,494
6698,480
6699,470
6700,466
6701,468
6702,473
6703,481
6704,492
6705,505
6706,516
6707,521
6708,522
6709,517
6710,510
6711,500
6712,488
6713,476
6714,468
6715,467
6716,470
6717,476
6718,486
6719,497
6720,510
6721,520
6722,523
6723,522
6724,516
6725,507
6726,496
6727,483
6728,473
6729,468
6730,468
6731,473
6732,481
6733,491
6734,503
6735,515
6736,522
6737,523
6738,519
6739,512
6740,503
6741,491
6742,478
6743,470
6744,467
6745,469
6746,475
6747,484
6748,495
6749,509
6750,519
6751,523
6752,522
6753,517
6754,509
6755,499
6756,486
6757,475
6758,469
6759,468
6760,472
6761,479
6762,489
6763,501
6764,513
6765,521
6766,523
6767,521
6768,514
6769,505
6770,494
6771,480
6772,470
6773,467
6774,468
6775,473
6776,482
6777,493
6778,505
6779,516
6780,522
6781,522
6782,517
6783,510
6784,499
6785,487
6786,475
6787,468
6788,467
6789,470
6790,477
6791,486
6792,498
6793,510
6794,520
6795,523
6796,521
6797,515
6798,506
6799,495
6800,482
6801,472
6802,467
6803,468
6804,472
6805,480
6806,491
6807,503
6808,515
6809,521
6810,522
6811,518
6812,511
6813,502
6814,490
6815,477
6816,469
6817,467
6818,469
6819,475
6820,484
6821,496
6822,509
6823,519
6824,523
6825,522
6826,517
6827,509
6828,498
6829,485
6830,474
6831,469
6832,468
6833,472
6834,480
6835,490
6836,502
6837,514
6838,522
6839,523
6840,521
6841,514
6842,505
6843,493
6844,480
6845,470
6846,467
6847,468
6848,474
6849,482
6850,493
6851,506
6852,517
6853,522
6854,522
6855,517
6856,510
6857,499
6858,487
6859,475
6860,468
6861,467
6862,470
6863,477
6864,487
6865,498
6866,511
6867,520
6868,523
6869,520
6870,515
6871,506
6872,494
6873,481
6874,471
6875,466
6876,467
6877,472
6878,480
6879,491
6880,503
6881,514
6882,521
6883,521
6884,518
6885,510
6886,500
6887,488
6888,476
6889,468
6890,466
6891,469
6892,475
6893,484
6894,495
6895,509
6896,519
6897,523
6898,522
6899,516
6900,508
6901,497
6902,484
6903,473
6904,468
6905,468
6906,472
6907,480
6908,490
6909,502
6910,514
6911,521
6912,523
6913,520
6914,513
6915,504
6916,492
6917,480
6918,470
6919,467
6920,469
6921,474
6922,483
6923,494
6924,507
6925,518
6926,523
6927,522
6928,518
6929,510
6930,499
6931,487
6932,475
6933,469
6934,468
6935,471
6936,478
6937,488
6938,500
6939,512
6940,521
6941,523
6942,521
6943,515
6944,506
6945,495
6946,482
6947,471
6948,467
6949,468
6950,473
6951,481
6952,492
6953,504
6954,516
6955,522
6956,522
6957,518
6958,511
6959,501
6960,489
6961,477
6962,469
6963,467
6964,470
6965,476
6966,485
6967,497
6968,510
6969,520
6970,523
6971,522
6972,517
6973,508
6974,497
6975,484
6976,473
6977,468
6978,468
6979,472
6980,480
6981,490
6982,503
6983,514
6984,521
6985,523
6986,520
6987,513
6988,503
6989,492
6990,479
6991,470
6992,467
6993,469
6994,475
6995,483
6996,494
6997,507
6998,518
6999,523
7000,522
7001,517
7002,509
7003,499
7004,486
7005,475
7006,469
7007,468
7008,471
7009,479
7010,488
7011,500
7012,512
7013,521
7014,523
7015,521
7016,515
7017,506
7018,494
7019,481
7020,471
7021,467
7022,468
7023,473
7024,481
7025,492
7026,505
7027,516
7028,522
7029,522
7030,518
7031,511
7032,500
7033,488
7034,476
7035,469
7036,467
7037,470
7038,476
7039,486
7040,497
7041,510
7042,520
7043,524
7044,522
7045,516
7046,508
7047,497
7048,484
7049,473
7050,468
7051,469
7052,473
7053,481
7054,491
7055,503
7056,515
7057,522
7058,523
7059,520
7060,513
7061,503
7062,491
7063,479
7064,470
7065,467
7066,469
7067,475
7068,484
7069,495
7070,508
7071,519
7072,523
7073,522
7074,518
7075,509
7076,499
7077,486
7078,475
7079,469
7080,468
7081,472
7082,479
7083,489
7084,501
7085,513
7086,521
7087,523
7088,521
7089,514
7090,505
7091,494
7092,480
7093,470
7094,466
7095,468
7096,473
7097,481
7098,492
7099,505
7100,516
7101,521
7102,521
7103,517
7104,509
7105,499
7106,487
7107,475
7108,468
7109,466
7110,469
7111,476
7112,485
7113,497
7114,510
7115,519
7116,522
7117,521
7118,515
7119,506
7120,495
7121,482
7122,471
7123,467
7124,467
7125,472
7126,480
7127,490
7128,502
7129,514
7130,521
7131,522
7132,518
7133,511
7134,501
7135,489
7136,477
7137,469
7138,466
7139,469
7140,475
7141,484
7142,495
7143,508
7144,518
7145,523
7146,522
7147,517
7148,508
7149,498
7150,485
7151,474
7152,468
7153,468
7154,472
7155,479
7156,489
7157,501
7158,513
7159,521
7160,523
7161,520
7162,514
7163,505
7164,493
7165,480
7166,470
7167,467
7168,468
7169,474
7170,482
7171,493
7172,506
7173,517
7174,522
7175,522
7176,517
7177,510
7178,499
7179,487
7180,475
7181,468
7182,467
7183,470
7184,477
7185,487
7186,498
7187,511
7188,520
7189,523
7190,521
7191,515
7192,506
7193,495
7194,482
7195,471
7196,467
7197,467
7198,472
7199,480
7200,491
7201,503
7202,514
7203,521
7204,522
7205,518
7206,511
7207,501
7208,489
7209,477
7210,468
7211,466
7212,469
7213,475
7214,484
7215,495
7216,508
7217,519
7218,523
7219,521
7220,516
7221,508
7222,497
7223,484
7224,473
7225,468
7226,467
7227,471
7228,479
7229,489
7230,501
7231,513
7232,521
7233,522
7234,519
7235,513
7236,503
7237,492
7238,479
7239,469
7240,466
7241,467
7242,473
7243,482
7244,493
7245,506
7246,516
7247,521
7248,521
7249,517
7250,509
7251,499
7252,486
7253,475
7254,468
7255,467
7256,470
7257,477
7258,487
7259,499
7260,511
7261,520
7262,523
7263,520
7264,515
7265,506
7266,494
7267,481
7268,471
7269,467
7270,467
7271,472
7272,480
7273,491
7274,504
7275,515
7276,521
7277,522
7278,518
7279,511
7280,501
7281,489
7282,477
7283,469
7284,467
7285,469
7286,476
7287,485
7288,496
7289,510
7290,520
7291,524
7292,522
7293,517
7294,509
7295,498
7296,485
7297,474
7298,469
7299,469
7300,473
7301,480
7302,490
7303,503
7304,514
7305,522
7306,523
7307,520
7308,513
7309,504
7310,492
7311,479
7312,470
7313,467
7314,469
7315,475
7316,483
7317,494
7318,507
7319,518
7320,523
7321,522
7322,518
7323,510
7324,499
7325,487
7326,475
7327,469
7328,468
7329,471
7330,478
7331,488
7332,500
7333,512
7334,521
7335,523
7336,521
7337,515
7338,506
7339,494
7340,481
7341,471
7342,467
7343,468
7344,473
7345,481
7346,492
7347,504
7348,515
7349,521
7350,522
7351,518
7352,510
7353,500
7354,488
7355,476
7356,469
7357,467
7358,470
7359,476
7360,485
7361,497
7362,510
7363,520
7364,523
7365,522
7366,516
7367,508
7368,497
7369,484
7370,473
7371,468
7372,468
7373,473
7374,480
7375,491
7376,503
7377,514
7378,522
7379,523
7380,520
7381,513
7382,503
7383,491
7384,479
7385,470
7386,467
7387,469
7388,475
7389,484
7390,495
7391,508
7392,519
7393,523
7394,523
7395,518
7396,510
7397,499
7398,487
7399,475
7400,469
7401,468
7402,472
7403,479
7404,489
7405,501
7406,513
7407,521
7408,524
7409,521
7410,515
7411,506
7412,495
7413,481
7414,471
7415,467
7416,468
7417,474
7418,482
7419,493
7420,505
7421,516
7422,522
7423,522
7424,518
7425,511
7426,500
7427,488
7428,476
7429,469
7430,467
7431,470
7432,477
7433,486
7434,498
7435,510
7436,520
7437,524
7438,522
7439,516
7440,508
7441,497
7442,484
7443,473
7444,468
7445,468
7446,473
7447,481
7448,491
7449,503
7450,515
7451,522
7452,523
7453,519
7454,512
7455,503
7456,491
7457,478
7458,470
7459,467
7460,469
7461,475
7462,484
7463,495
7464,508
7465,519
7466,523
7467,522
7468,517
7469,509
7470,499
7471,486
7472,475
7473,469
7474,468
7475,472
7476,479
7477,489
7478,501
7479,513
7480,521
7481,523
7482,521
7483,515
7484,505
7485,494
7486,480
7487,470
7488,467
7489,468
7490,473
7491,482
7492,493
7493,506
7494,516
7495,522
7496,522
7497,518
7498,510
7499,500
7500,487
7501,476
7502,469
7503,467
7504,470
7505,477
7506,486
7507,498
7508,511
7509,520
7510,523
7511,521
7512,515
7513,507
7514,496
7515,483
7516,472
7517,467
7518,468
7519,472
7520,480
7521,491
7522,503
7523,515
7524,521
7525,522
7526,519
7527,512
7528,502
7529,490
7530,478
7531,469
7532,467
7533,469
7534,475
7535,484
7536,495
7537,509
7538,519
7539,523
7540,522
7541,517
7542,509
7543,498
7544,485
7545,474
7546,468
7547,468
7548,472
7549,479
7550,489
7551,501
7552,513
7553,521
7554,523
7555,520
7556,514
7557,504
7558,493
7559,480
7560,470
7561,466
7562,468
7563,473
7564,482
7565,493
7566,505
7567,516
7568,521
7569,521
7570,517
7571,509
7572,499
7573,486
7574,475
7575,468
7576,467
7577,470
7578,477
7579,486
7580,498
7581,510
7582,519
7583,522
7584,520
7585,514
7586,505
7587,494
7588,481
7589,471
7590,466
7591,467
7592,472
7593,480
7594,490
7595,503
7596,514
7597,521
7598,521
7599,518
7600,510
7601,501
7602,489
7603,476
7604,468
7605,466
7606,469
7607,475
7608,484
7609,495
7610,509
7611,519
7612,523
7613,522
7614,516
7615,508
7616,497
7617,484
7618,473
7619,468
7620,468
7621,472
7622,479
7623,490
7624,502
7625,514
7626,521
7627,523
7628,520
7629,513
7630,504
7631,492
7632,480
7633,470
7634,466
7635,468
7636,474
7637,482
7638,493
7639,506
7640,517
7641,522
7642,522
7643,517
7644,509
7645,499
7646,486
7647,475
7648,468
7649,467
7650,471
7651,477
7652,487
7653,499
7654,511
7655,520
7656,523
7657,521
7658,515
7659,506
7660,494
7661,481
7662,471
7663,466
7664,467
7665,472
7666,480
7667,491
7668,504
7669,515
7670,521
7671,521
7672,517
7673,510
7674,500
7675,488
7676,476
7677,468
7678,466
7679,469
7680,475
7681,484
7682,496
7683,509
7684,519
7685,523
7686,522
7687,516
7688,508
7689,497
7690,484
7691,473
7692,468
7693,468
7694,472
7695,480
7696,490
7697,502
7698,514
7699,521
7700,523
7701,519
7702,513
7703,503
7704,491
7705,479
7706,470
7707,467
7708,469
7709,474
7710,483
7711,494
7712,507
7713,518
7714,522
7715,522
7716,517
7717,509
7718,499
7719,486
7720,475
7721,468
7722,468
7723,471
7724,478
7725,488
7726,500
7727,512
7728,521
7729,523
7730,521
7731,515
7732,505
7733,494
7734,481
7735,471
7736,467
7737,468
7738,473
7739,481
7740,492
7741,504
7742,515
7743,521
7744,522
7745,518
7746,510
7747,500
7748,488
7749,476
7750,468
7751,467
7752,469
7753,476
7754,485
7755,497
7756,510
7757,520
7758,523
7759,522
7760,516
7761,508
7762,497
7763,484
7764,473
7765,468
7766,468
7767,473
7768,480
7769,491
7770,503
7771,515
7772,522
7773,523
7774,520
7775,513
7776,503
7777,491
7778,479
7779,470
7780,467
7781,469
7782,475
7783,484
7784,495
7785,508
7786,519
7787,523
7788,522
7789,517
7790,509
7791,499
7792,486
7793,475
7794,469
7795,468
7796,472
7797,479
7798,489
7799,501
7800,513
7801,521
7802,523
7803,521
7804,515
7805,505
7806,494
7807,481
7808,470
7809,467
7810,468
7811,473
7812,481
7813,492
7814,505
7815,516
7816,522
7817,522
7818,517
7819,510
7820,500
7821,487
7822,476
7823,468
7824,467
7825,470
7826,476
7827,486
7828,497
7829,510
7830,520
7831,523
7832,521
7833,515
7834,507
7835,496
7836,483
7837,472
7838,467
7839,468
7840,472
7841,480
7842,491
7843,503
7844,515
7845,521
7846,522
7847,519
7848,512
7849,502
7850,490
7851,478
7852,469
7853,467
7854,469
7855,475
7856,484
7857,495
7858,508
7859,519
7860,523
7861,522
7862,517
7863,509
7864,498
7865,486
7866,475
7867,469
7868,468
7869,472
7870,479
7871,489
7872,502
7873,514
7874,521
7875,523
7876,521
7877,514
7878,505
7879,494
7880,481
7881,470
7882,467
7883,468
7884,474
7885,482
7886,493
7887,506
7888,517
7889,522
7890,522
7891,518
7892,510
7893,500
7894,488
7895,476
7896,469
7897,467
7898,471
7899,477
7900,487
7901,498
7902,511
7903,520
7904,523
7905,521
7906,515
7907,506
7908,495
7909,482
7910,472
7911,467
7912,468
7913,472
7914,480
7915,491
7916,503
7917,515
7918,521
7919,522
7920,518
7921,511
7922,501
7923,489
7924,477
7925,469
7926,466
7927,469
7928,475
7929,484
7930,495
7931,509
7932,519
7933,523
7934,522
7935,517
7936,508
7937,498
7938,485
7939,474
7940,468
7941,468
7942,472
7943,479
7944,489
7945,501
7946,513
7947,521
7948,523
7949,520
7950,513
7951,504
7952,492
7953,480
7954,470
7955,466
7956,468
7957,473
7958,482
7959,493
7960,506
7961,517
7962,522
7963,521
7964,517
7965,509
7966,499
7967,486
7968,475
7969,468
7970,467
7971,470
7972,477
7973,487
7974,498
7975,511
7976,520
7977,523
7978,520
7979,515
7980,506
7981,494
7982,481
7983,471
7984,467
7985,467
7986,472
7987,480
7988,491
7989,503
7990,515
7991,521
7992,521
7993,518
7994,511
7995,501
7996,489
7997,477
7998,468
7999,466
8000,469
8001,475
8002,484
8003,496
8004,509
8005,519
8006,523
8007,522
8008,516
8009,508
8010,497
8011,484
8012,473
8013,468
8014,468
8015,472
8016,480
8017,490
8018,502
8019,514
8020,521
8021,523
8022,520
8023,513
8024,503
8025,492
8026,479
8027,470
8028,467
8029,468
8030,474
8031,483
8032,494
8033,507
8034,517
8035,522
8036,522
8037,517
8038,509
8039,499
8040,486
8041,475
8042,468
8043,467
8044,471
8045,478
8046,488
8047,499
8048,512
8049,520
8050,523
8051,521
8052,515
8053,506
8054,494
8055,481
8056,471
8057,467
8058,468
8059,473
8060,481
8061,492
8062,504
8063,515
8064,521
8065,522
8066,518
8067,511
8068,501
8069,488
8070,476
8071,469
8072,467
8073,470
8074,476
8075,485
8076,497
8077,510
8078,520
8079,523
8080,522
8081,517
8082,508
8083,497
8084,484
8085,473
8086,468
8087,468
8088,473
8089,480
8090,491
8091,503
8092,514
8093,522
8094,523
8095,520
8096,513
8097,503
8098,492
8099,479
8100,470
8101,467
8102,469
8103,475
8104,484
8105,495
8106,508
8107,518
8108,523
8109,522
8110,518
8111,510
8112,499
8113,487
8114,475
8115,469
8116,468
8117,472
8118,479
8119,489
8120,501
8121,513
8122,521
8123,523
8124,521
8125,515
8126,506
8127,494
8128,481
8129,471
8130,467
8131,468
8132,473
8133,481
8134,492
8135,505
8136,516
8137,522
8138,522
8139,518
8140,510
8141,500
8142,488
8143,476
8144,469
8145,467
8146,470
8147,476
8148,486
8149,497
8150,510
8151,520
8152,523
8153,522
8154,516
8155,507
8156,496
8157,483
8158,473
8159,468
8160,468
8161,472
8162,480
8163,491
8164,503
8165,514
8166,521
8167,522
8168,519
8169,512
8170,503
8171,491
8172,478
8173,469
8174,467
8175,469
8176,475
8177,484
8178,495
8179,508
8180,518
8181,523
8182,522
8183,517
8184,509
8185,498
8186,486
8187,474
8188,468
8189,468
8190,472
8191,479
8192,489
8193,501
8194,513
8195,521
8196,523
8197,520
8198,514
8199,505
8200,493
8201,480
8202,470
8203,466
8204,468
8205,473
8206,481
8207,492
8208,505
8209,516
8210,522
8211,522
8212,517
8213,510
8214,500
8215,487
8216,476
8217,468
8218,467
8219,470
8220,477
8221,486
8222,498
8223,510
8224,520
8225,523
8226,521
8227,515
8228,507
8229,496
8230,483
8231,472
8232,467
8233,468
8234,472
8235,480
8236,491
8237,503
8238,515
8239,521
8240,522
8241,519
8242,512
8243,502
8244,490
8245,478
8246,469
8247,467
8248,469
8249,475
8250,484
8251,495
8252,508
8253,519
8254,523
8255,522
8256,517
8257,508
8258,498
8259,485
8260,474
8261,468
8262,468
8263,471
8264,479
8265,489
8266,501
8267,513
8268,521
8269,522
8270,520
8271,513
8272,504
8273,492
8274,479
8275,469
8276,466
8277,467
8278,473
8279,481
8280,492
8281,505
8282,516
8283,521
8284,521
8285,517
8286,509
8287,499
8288,486
8289,475
8290,468
8291,467
8292,470
8293,477
8294,486
8295,498
8296,510
8297,519
8298,522
8299,520
8300,515
8301,506
8302,494
8303,481
8304,471
8305,466
8306,467
8307,472
8308,480
8309,490
8310,503
8311,514
8312,521
8313,521
8314,518
8315,511
8316,501
8317,489
8318,477
8319,468
8320,466
8321,469
8322,475
8323,484
8324,495
8325,509
8326,519
8327,523
8328,522
8329,516
8330,508
8331,497
8332,485
8333,474
8334,468
8335,468
8336,472
8337,479
8338,489
8339,502
8340,513
8341,521
8342,523
8343,520
8344,513
8345,504
8346,492
8347,479
8348,469
8349,466
8350,468
8351,473
8352,482
8353,493
8354,506
8355,517
8356,522
8357,521
8358,517
8359,509
8360,499
8361,486
8362,475
8363,468
8364,467
8365,470
8366,477
8367,487
8368,499
8369,511
8370,520
8371,523
8372,520
8373,514
8374,505
8375,494
8376,481
8377,471
8378,466
8379,467
8380,472
8381,480
8382,491
8383,503
8384,514
8385,521
8386,521
8387,517
8388,510
8389,500
8390,488
8391,476
8392,468
8393,466
8394,469
8395,475
8396,484
8397,495
8398,509
8399,519
8400,523
8401,521
8402,516
8403,508
8404,497
8405,484
8406,473
8407,468
8408,468
8409,472
8410,479
8411,490
8412,502
8413,514
8414,521
8415,522
8416,519
8417,512
8418,503
8419,491
8420,479
8421,469
8422,466
8423,468
8424,474
8425,483
8426,494
8427,507
8428,518
8429,522
8430,522
8431,517
8432,509
8433,499
8434,486
8435,475
8436,469
8437,468
8438,471
8439,478
8440,488
8441,500
8442,512
8443,521
8444,523
8445,521
8446,515
8447,506
8448,495
8449,481
8450,471
8451,467
8452,468
8453,473
8454,481
8455,492
8456,505
8457,516
8458,522
8459,522
8460,518
8461,511
8462,501
8463,489
8464,477
8465,469
8466,467
8467,470
8468,476
8469,486
8470,497
8471,510
8472,520
8473,524
8474,522
8475,517
8476,508
8477,497
8478,484
8479,473
8480,468
8481,468
8482,473
8483,480
8484,491
8485,503
8486,515
8487,522
8488,523
8489,520
8490,513
8491,503
8492,491
8493,479
8494,470
8495,467
8496,469
8497,475
8498,484
8499,495
8500,508
8501,518
8502,523
8503,522
8504,517
8505,509
8506,499
8507,486
8508,475
8509,469
8510,468
8511,472
8512,479
8513,489
8514,501
8515,513
8516,521
8517,523
8518,521
8519,514
8520,505
8521,494
8522,481
8523,470
8524,467
8525,468
8526,473
8527,481
8528,492
8529,505
8530,516
8531,522
8532,522
8533,518
8534,510
8535,500
8536,488
8537,476
8538,468
8539,467
8540,470
8541,476
8542,486
8543,498
8544,510
8545,520
8546,523
8547,521
8548,516
8549,507
8550,496
8551,483
8552,472
8553,468
8554,468
8555,472
8556,480
8557,491
8558,503
8559,515
8560,521
8561,523
8562,519
8563,512
8564,502
8565,491
8566,478
8567,470
8568,467
8569,469
8570,475
8571,484
8572,495
8573,508
8574,519
8575,523
8576,522
8577,517
8578,509
8579,498
8580,486
8581,475
8582,469
8583,468
8584,472
8585,479
8586,489
8587,501
8588,513
8589,521
8590,523
8591,521
8592,514
8593,505
8594,494
8595,481
8596,470
8597,467
8598,468
8599,474
8600,482
8601,493
8602,506
8603,517
8604,522
8605,522
8606,518
8607,510
8608,500
8609,487
8610,476
8611,468
8612,467
8613,470
8614,477
8615,486
8616,498
8617,510
8618,520
8619,523
8620,521
8621,515
8622,506
8623,495
8624,482
8625,471
8626,467
8627,467
8628,472
8629,480
8630,491
8631,503
8632,514
8633,521
8634,522
8635,518
8636,511
8637,501
8638,489
8639,477
8640,469
8641,466
8642,469
8643,475
8644,484
8645,495
8646,508
8647,519
8648,523
8649,522
8650,517
8651,508
8652,498
8653,485
8654,474
8655,468
8656,468
8657,472
8658,479
8659,490
8660,502
8661,514
8662,521
8663,523
8664,520
8665,514
8666,505
8667,493
8668,480
8669,470
8670,467
8671,468
8672,474
8673,482
8674,493
8675,506
8676,517
8677,522
8678,522
8679,517
8680,510
8681,499
8682,487
8683,475
8684,468
8685,467
8686,470
8687,477
8688,487
8689,499
8690,511
8691,520
8692,523
8693,521
8694,515
8695,506
8696,495
8697,482
8698,471
8699,467
8700,467
8701,472
8702,480
8703,491
8704,503
8705,515
8706,521
8707,522
8708,518
8709,511
8710,501
8711,489
8712,477
8713,469
8714,466
8715,469
8716,475
8717,484
8718,496
8719,509
8720,519
8721,523
8722,522
8723,516
8724,508
8725,497
8726,484
8727,473
8728,468
8729,468
8730,472
8731,479
8732,490
8733,502
8734,513
8735,521
8736,523
8737,520
8738,513
8739,503
8740,492
8741,479
8742,470
8743,466
8744,468
8745,474
8746,483
8747,494
8748,507
8749,517
8750,522
8751,522
8752,517
8753,509
8754,499
8755,486
8756,475
8757,468
8758,467
8759,471
8760,478
8761,487
8762,499
8763,511
8764,520
8765,523
8766,520
8767,514
8768,505
8769,494
8770,481
8771,471
8772,466
8773,467
8774,472
8775,481
8776,491
8777,504
8778,515
8779,521
8780,522
8781,518
8782,510
8783,500
8784,488
8785,476
8786,468
8787,467
8788,469
8789,476
8790,485
8791,496
8792,509
8793,519
8794,523
8795,522
8796,516
8797,508
8798,497
8799,484
8800,473
8801,468
8802,468
8803,472
8804,480
8805,490
8806,502
8807,514
8808,521
8809,523
8810,520
8811,513
8812,503
8813,492
8814,479
8815,470
8816,467
8817,469
8818,475
8819,483
8820,495
8821,508
8822,518
8823,523
8824,522
8825,518
8826,510
8827,499
8828,487
8829,475
8830,469
8831,468
8832,472
8833,479
8834,488
8835,500
8836,513
8837,521
8838,523
8839,521
8840,515
8841,506
8842,494
8843,481
8844,471
8845,467
8846,468
8847,473
8848,481
8849,492
8850,505
8851,516
8852,521
8853,522
8854,518
8855,510
8856,500
8857,488
8858,476
8859,468
8860,467
8861,469
8862,476
8863,485
8864,497
8865,510
8866,520
8867,523
8868,521
8869,516
8870,507
8871,496
8872,483
8873,473
8874,468
8875,468
8876,472
8877,480
8878,490
8879,503
8880,514
8881,521
8882,522
8883,519
8884,512
8885,503
8886,491
8887,478
8888,469
8889,467
8890,469
8891,475
8892,484
8893,495
8894,508
8895,518
8896,523
8897,522
8898,517
8899,509
8900,498
8901,486
8902,475
8903,468
8904,468
8905,472
8906,479
8907,489
8908,501
8909,513
8910,521
8911,523
8912,521
8913,514
8914,505
8915,494
8916,480
8917,470
8918,467
8919,468
8920,473
8921,482
8922,492
8923,505
8924,516
8925,522
8926,522
8927,518
8928,510
8929,500
8930,488
8931,476
8932,469
8933,467
8934,470
8935,477
8936,486
8937,498
8938,510
8939,520
8940,523
8941,521
8942,515
8943,507
8944,496
8945,483
8946,472
8947,467
8948,468
8949,472
8950,480
8951,490
8952,503
8953,514
8954,521
8955,522
8956,518
8957,511
8958,502
8959,490
8960,477
8961,469
8962,466
8963,469
8964,475
8965,484
8966,495
8967,508
8968,518
8969,522
8970,522
8971,516
8972,508
8973,497
8974,485
8975,474
8976,468
8977,467
8978,471
8979,479
8980,489
8981,501
8982,513
8983,520
8984,522
8985,520
8986,513
8987,504
8988,492
8989,480
8990,470
8991,466
8992,468
8993,473
8994,481
8995,492
8996,505
8997,516
8998,521
8999,521
9000,517
9001,509
9002,499
9003,487
9004,475
9005,468
9006,467
9007,470
9008,477
9009,486
9010,498
9011,511
9012,520
9013,523
9014,521
9015,515
9016,506
9017,495
9018,482
9019,472
9020,467
9021,468
9022,473
9023,481
9024,491
9025,504
9026,515
9027,521
9028,522
9029,519
9030,511
9031,502
9032,490
9033,477
9034,469
9035,467
9036,469
9037,476
9038,485
9039,496
9040,509
9041,520
9042,524
9043,522
9044,517
9045,509
9046,498
9047,485
9048,474
9049,469
9050,469
9051,473
9052,480
9053,490
9054,502
9055,514
9056,522
9057,523
9058,521
9059,514
9060,505
9061,493
9062,480
9063,470
9064,467
9065,468
9066,474
9067,482
9068,493
9069,506
9070,517
9071,522
9072,522
9073,517
9074,509
9075,499
9076,487
9077,475
9078,468
9079,467
9080,470
9081,477
9082,487
9083,499
9084,511
9085,520
9086,522
9087,520
9088,514
9089,505
9090,494
9091,481
9092,471
9093,466
9094,467
9095,472
9096,480
9097,491
9098,503
9099,514
9100,520
9101,521
9102,517
9103,510
9104,500
9105,488
9106,476
9107,468
9108,466
9109,468
9110,475
9111,484
9112,495
9113,509
9114,519
9115,523
9116,521
9117,516
9118,508
9119,497
9120,484
9121,473
9122,468
9123,468
9124,472
9125,480
9126,490
9127,502
9128,514
9129,521
9130,523
9131,520
9132,513
9133,504
9134,492
9135,479
9136,470
9137,467
9138,469
9139,474
9140,483
9141,494
9142,507
9143,518
9144,523
9145,522
9146,518
9147,510
9148,499
9149,487
9150,476
9151,469
9152,468
9153,472
9154,479
9155,488
9156,500
9157,513
9158,521
9159,524
9160,521
9161,515
9162,506
9163,495
9164,482
9165,471
9166,467
9167,468
9168,473
9169,482
9170,492
9171,505
9172,516
9173,522
9174,522
9175,518
9176,511
9177,501
9178,489
9179,477
9180,469
9181,467
9182,470
9183,476
9184,486
9185,497
9186,510
9187,520
9188,524
9189,522
9190,517
9191,508
9192,497
9193,484
9194,473
9195,468
9196,468
9197,473
9198,480
9199,491
9200,503
9201,514
9202,522
9203,523
9204,520
9205,513
9206,503
9207,491
9208,479
9209,470
9210,467
9211,469
9212,475
9213,483
9214,495
9215,508
9216,518
9217,523
9218,522
9219,517
9220,509
9221,499
9222,486
9223,475
9224,468
9225,468
9226,471
9227,479
9228,488
9229,500
9230,513
9231,521
9232,523
9233,521
9234,515
9235,505
9236,494
9237,481
9238,471
9239,467
9240,468
9241,473
9242,481
9243,492
9244,505
9245,516
9246,522
9247,522
9248,518
9249,510
9250,500
9251,488
9252,476
9253,469
9254,467
9255,470
9256,477
9257,486
9258,498
9259,510
9260,520
9261,524
9262,522
9263,517
9264,508
9265,497
9266,484
9267,473
9268,468
9269,469
9270,473
9271,481
9272,491
9273,504
9274,515
9275,522
9276,523
9277,520
9278,513
9279,503
9280,491
9281,479
9282,470
9283,467
9284,470
9285,476
9286,484
9287,496
9288,509
9289,519
9290,523
9291,523
9292,518
9293,509
9294,499
9295,486
9296,475
9297,469
9298,468
9299,472
9300,479
9301,489
9302,501
9303,513
9304,521
9305,523
9306,521
9307,514
9308,505
9309,493
9310,480
9311,470
9312,466
9313,468
9314,473
9315,481
9316,492
9317,505
9318,516
9319,521
9320,521
9321,517
9322,509
9323,499
9324,487
9325,475
9326,468
9327,466
9328,469
9329,476
9330,486
9331,497
9332,510
9333,519
9334,522
9335,520
9336,515
9337,506
9338,495
9339,482
9340,471
9341,467
9342,467
9343,472
9344,480
9345,490
9346,503
9347,514
9348,521
9349,522
9350,518
9351,511
9352,501
9353,489
9354,477
9355,469
9356,466
9357,469
9358,475
9359,484
9360,495
9361,508
9362,519
9363,523
9364,522
9365,517
9366,508
9367,498
9368,485
9369,474
9370,468
9371,468
9372,472
9373,479
9374,489
9375,501
9376,513
9377,521
9378,523
9379,520
9380,514
9381,505
9382,493
9383,480
9384,470
9385,467
9386,468
9387,474
9388,482
9389,493
9390,506
9391,517
9392,522
9393,522
9394,518
9395,510
9396,500
9397,487
9398,476
9399,469
9400,467
9401,471
9402,477
9403,487
9404,499
9405,511
9406,520
9407,523
9408,521
9409,515
9410,506
9411,495
9412,482
9413,471
9414,467
9415,467
9416,472
9417,480
9418,491
9419,503
9420,515
9421,521
9422,522
9423,518
9424,511
9425,501
9426,489
9427,477
9428,468
9429,466
9430,469
9431,475
9432,484
9433,495
9434,509
9435,519
9436,523
9437,521
9438,516
9439,508
9440,497
9441,484
9442,473
9443,468
9444,467
9445,472
9446,479
9447,489
9448,501
9449,513
9450,521
9451,522
9452,519
9453,513
9454,503
9455,492
9456,479
9457,469
9458,466
9459,468
9460,474
9461,482
9462,493
9463,506
9464,517
9465,522
9466,522
9467,517
9468,509
9469,499
9470,486
9471,475
9472,468
9473,467
9474,471
9475,478
9476,487
9477,499
9478,512
9479,520
9480,523
9481,521
9482,515
9483,506
9484,495
9485,481
9486,471
9487,467
9488,468
9489,473
9490,481
9491,491
9492,504
9493,515
9494,521
9495,522
9496,518
9497,511
9498,501
9499,489
9500,477
9501,469
9502,467
9503,469
9504,476
9505,485
9506,497
9507,509
9508,520
9509,523
9510,522
9511,517
9512,508
9513,497
9514,484
9515,473
9516,468
9517,468
9518,472
9519,480
9520,490
9521,503
9522,514
9523,521
9524,523
9525,520
9526,513
9527,504
9528,492
9529,479
9530,470
9531,467
9532,469
9533,475
9534,483
9535,494
9536,507
9537,518
9538,523
9539,522
9540,517
9541,509
9542,499
9543,486
9544,475
9545,469
9546,468
9547,471
9548,478
9549,488
9550,500
9551,512
9552,521
9553,523
9554,521
9555,514
9556,505
9557,494
9558,481
9559,470
9560,466
9561,467
9562,473
9563,481
9564,491
9565,504
9566,515
9567,521
9568,521
9569,517
9570,510
9571,500
9572,488
9573,476
9574,468
9575,466
9576,469
9577,476
9578,485
9579,497
9580,509
9581,519
9582,523
9583,521
9584,516
9585,507
9586,496
9587,483
9588,473
9589,468
9590,468
9591,472
9592,480
9593,490
9594,503
9595,514
9596,521
9597,523
9598,519
9599,513
9600,503
9601,491
9602,479
9603,470
9604,467
9605,469
9606,475
9607,484
9608,495
9609,508
9610,519
9611,523
9612,522
9613,518
9614,509
9615,499
9616,486
9617,475
9618,469
9619,468
9620,472
9621,479
9622,489
9623,501
9624,513
9625,521
9626,524
9627,521
9628,515
9629,506
9630,494
9631,481
9632,471
9633,467
9634,468
9635,473
9636,482
9637,493
9638,505
9639,516
9640,522
9641,522
9642,518
9643,510
9644,500
9645,488
9646,476
9647,469
9648,467
9649,470
9650,477
9651,486
9652,498
9653,510
9654,520
9655,523
9656,521
9657,516
9658,507
9659,496
9660,483
9661,472
9662,467
9663,468
9664,472
9665,480
9666,491
9667,503
9668,514
9669,521
9670,522
9671,519
9672,512
9673,502
9674,490
9675,478
9676,469
9677,467
9678,469
9679,475
9680,484
9681,495
9682,508
9683,519
9684,523
9685,522
9686,517
9687,509
9688,498
9689,485
9690,474
9691,468
9692,468
9693,472
9694,479
9695,489
9696,501
9697,513
9698,521
9699,523
9700,520
9701,514
9702,505
9703,493
9704,480
9705,470
9706,467
9707,468
9708,474
9709,482
9710,493
9711,506
9712,517
9713,522
9714,522
9715,517
9716,510
9717,500
9718,487
9719,476
9720,468
9721,467
9722,470
9723,477
9724,486
9725,498
9726,511
9727,520
9728,523
9729,521
9730,515
9731,506
9732,495
9733,482
9734,472
9735,467
9736,468
9737,472
9738,480
9739,491
9740,503
9741,515
9742,521
9743,522
9744,519
9745,511
9746,502
9747,490
9748,477
9749,469
9750,467
9751,469
9752,475
9753,484
9754,496
9755,509
9756,519
9757,523
9758,522
9759,517
9760,509
9761,498
9762,485
9763,474
9764,469
9765,468
9766,472
9767,480
9768,490
9769,502
9770,514
9771,522
9772,523
9773,521
9774,514
9775,505
9776,493
9777,480
9778,470
9779,467
9780,468
9781,474
9782,482
9783,493
9784,506
9785,517
9786,522
9787,522
9788,517
9789,509
9790,499
9791,487
9792,475
9793,468
9794,467
9795,470
9796,477
9797,487
9798,498
9799,511
9800,520
9801,522
9802,520
9803,514
9804,505
9805,494
9806,481
9807,470
9808,466
9809,467
9810,472
9811,480
9812,490
9813,503
9814,514
9815,520
9816,521
9817,517
9818,510
9819,500
9820,488
9821,476
9822,468
9823,466
9824,468
9825,475
9826,484
9827,495
9828,509
9829,519
9830,523
9831,521
9832,516
9833,508
9834,497
9835,484
9836,473
9837,468
9838,468
9839,472
9840,479
9841,490
9842,502
9843,514
9844,521
9845,523
9846,520
9847,513
9848,504
9849,492
9850,479
9851,470
9852,467
9853,469
9854,474
9855,483
9856,494
9857,507
9858,518
9859,522
9860,522
9861,517
9862,510
9863,499
9864,487
9865,475
9866,469
9867,468
9868,471
9869,478
9870,488
9871,500
9872,512
9873,521
9874,523
9875,521
9876,515
9877,506
9878,494
9879,481
9880,471
9881,467
9882,468
9883,473
9884,481
9885,492
9886,504
9887,515
9888,521
9889,522
9890,518
9891,510
9892,500
9893,488
9894,476
9895,468
9896,466
9897,469
9898,476
9899,485
9900,496
9901,509
9902,519
9903,523
9904,521
9905,516
9906,507
9907,496
9908,484
9909,473
9910,468
9911,468
9912,472
9913,480
9914,490
9915,502
9916,514
9917,521
9918,522
9919,519
9920,512
9921,503
9922,491
9923,478
9924,469
9925,466
9926,468
9927,474
9928,483
9929,494
9930,507
9931,518
9932,522
9933,522
9934,517
9935,509
9936,499
9937,486
9938,475
9939,469
9940,468
9941,471
9942,479
9943,488
9944,500
9945,513
9946,521
9947,523
9948,521
9949,515
9950,506
9951,494
9952,481
9953,471
9954,467
9955,468
9956,473
9957,482
9958,492
9959,505
9960,516
9961,522
9962,522
9963,518
9964,511
9965,500
9966,488
9967,476
9968,469
9969,467
9970,470
9971,477
9972,486
9973,498
9974,510
9975,520
9976,524
9977,522
9978,517
9979,508
9980,497
9981,484
9982,473
9983,468
9984,469
9985,473
9986,481
9987,491
9988,504
9989,515
9990,522
9991,523
9992,520
9993,513
9994,503
9995,491
9996,479
9997,470
9998,467
9999,469
10000,475
