1,10
2,20
3,30
4,40
5,50
6,60
7,70
8,80
9,90
10,99
11,109
12,119
13,129
14,139
15,148
16,158
17,169
18,179
19,188
20,198
21,208
22,218
23,228
24,238
25,247
26,257
27,267
28,277
29,287
30,297
31,307
32,317
33,327
34,337
35,346
36,356
37,366
38,376
39,386
40,396
41,406
42,416
43,426
44,435
45,445
46,455
47,465
48,475
49,484
50,494
51,493
52,493
53,493
54,493
55,493
56,492
57,492
58,492
59,492
60,492
61,491
62,491
63,492
64,492
65,492
66,491
67,491
68,491
69,491
70,491
71,490
72,490
73,490
74,490
75,490
76,490
77,490
78,490
79,490
80,490
81,489
82,489
83,489
84,489
85,489
86,489
87,489
88,489
89,489
90,489
91,488
92,488
93,488
94,489
95,489
96,489
97,489
98,489
99,489
100,489
101,489
102,489
103,489
104,490
105,490
106,489
107,489
108,489
109,490
110,490
111,490
112,490
113,490
114,490
115,490
116,490
117,490
118,490
119,491
120,491
121,491
122,491
123,491
124,491
125,491
126,491
127,491
128,491
129,491
130,491
131,491
132,491
133,491
134,491
135,491
136,491
137,491
138,491
139,491
140,491
141,491
142,491
143,491
144,491
145,491
146,491
147,490
148,491
149,491
150,491
151,491
152,490
153,490
154,490
155,490
156,490
157,490
158,490
159,490
160,490
161,490
162,490
163,490
164,490
165,490
166,490
167,490
168,490
169,490
170,490
171,490
172,490
173,490
174,490
175,490
176,490
177,490
178,490
179,490
180,490
181,490
182,490
183,490
184,490
185,491
186,490
187,490
188,490
189,490
190,491
191,491
192,491
193,491
194,490
195,491
196,491
197,491
198,490
199,490
200,491
201,491
202,490
203,490
204,490
205,491
206,490
207,490
208,490
209,490
210,490
211,490
212,490
213,490
214,490
215,490
216,490
217,490
218,489
219,490
220,490
221,489
222,489
223,489
224,489
225,489
226,489
227,489
228,488
229,489
230,489
231,489
232,489
233,488
234,488
235,488
236,489
237,489
238,488
239,488
240,488
241,489
242,489
243,488
244,489
245,489
246,489
247,489
248,489
249,489
250,489
251,490
252,490
253,490
254,490
255,490
256,490
257,490
258,490
259,490
260,490
261,491
262,491
263,491
264,491
265,491
266,491
267,491
268,491
269,491
270,492
271,492
272,492
273,492
274,492
275,492
276,492
277,492
278,492
279,491
280,491
281,492
282,492
283,492
284,491
285,491
286,491
287,491
288,491
289,491
290,491
291,491
292,490
293,490
294,490
295,490
296,490
297,490
298,490
299,489
300,489
301,490
302,490
303,490
304,489
305,490
306,490
307,489
308,489
309,489
310,489
311,489
312,490
313,489
314,489
315,489
316,489
317,489
318,489
319,489
320,489
321,489
322,490
323,490
324,490
325,490
326,490
327,490
328,490
329,490
330,490
331,491
332,491
333,491
334,491
335,491
336,491
337,492
338,492
339,492
340,492
341,492
342,492
343,492
344,492
345,492
346,492
347,492
348,492
349,492
350,492
351,492
352,492
353,492
354,492
355,491
356,491
357,492
358,492
359,492
360,491
361,491
362,491
363,491
364,491
365,491
366,491
367,491
368,491
369,491
370,491
371,491
372,491
373,491
374,490
375,490
376,490
377,490
378,490
379,490
380,489
381,489
382,489
383,490
384,490
385,489
386,489
387,489
388,490
389,490
390,489
391,489
392,489
393,490
394,490
395,489
396,489
397,489
398,490
399,490
400,490
401,490
402,490
403,490
404,490
405,490
406,490
407,490
408,490
409,490
410,490
411,490
412,490
413,491
414,490
415,490
416,490
417,490
418,491
419,491
420,491
421,490
422,490
423,491
424,491
425,491
426,490
427,490
428,491
429,491
430,491
431,490
432,491
433,491
434,491
435,491
436,490
437,490
438,491
439,490
440,490
441,490
442,490
443,490
444,490
445,490
446,490
447,490
448,490
449,490
450,490
451,490
452,490
453,490
454,490
455,490
456,490
457,490
458,490
459,490
460,490
461,490
462,490
463,490
464,490
465,490
466,490
467,490
468,490
469,490
470,490
471,490
472,490
473,490
474,491
475,490
476,490
477,490
478,491
479,491
480,491
481,491
482,491
483,491
484,491
485,491
486,491
487,491
488,491
489,492
490,492
491,491
492,491
493,491
494,491
495,491
496,491
497,491
498,491
499,491
500,491
501,491
502,490
503,490
504,491
505,491
506,491
507,490
508,490
509,490
510,490
511,490
512,490
513,490
514,490
515,490
516,490
517,490
518,490
519,490
520,490
521,490
522,489
523,489
524,489
525,489
526,489
527,489
528,489
529,489
530,489
531,489
532,489
533,489
534,489
535,489
536,489
537,489
538,489
539,489
540,489
541,489
542,490
543,490
544,490
545,490
546,490
547,490
548,490
549,491
550,491
551,491
552,491
553,491
554,491
555,492
556,492
557,492
558,491
559,491
560,492
561,492
562,492
563,492
564,492
565,492
566,492
567,492
568,491
569,491
570,492
571,492
572,492
573,491
574,491
575,492
576,492
577,492
578,491
579,491
580,491
581,491
582,491
583,490
584,490
585,490
586,490
587,490
588,490
589,490
590,490
591,490
592,490
593,489
594,489
595,489
596,489
597,489
598,488
599,489
600,489
601,489
602,489
603,488
604,488
605,489
606,489
607,489
608,489
609,489
610,489
611,489
612,489
613,489
614,489
615,489
616,489
617,489
618,489
619,489
620,489
621,490
622,490
623,490
624,490
625,490
626,490
627,490
628,490
629,490
630,490
631,491
632,491
633,491
634,491
635,491
636,491
637,491
638,491
639,491
640,491
641,491
642,491
643,491
644,491
645,491
646,491
647,491
648,491
649,491
650,491
651,491
652,491
653,491
654,491
655,491
656,491
657,491
658,491
659,490
660,490
661,491
662,491
663,491
664,490
665,490
666,490
667,490
668,490
669,490
670,490
671,490
672,490
673,490
674,490
675,490
676,490
677,490
678,490
679,489
680,489
681,490
682,490
683,490
684,489
685,489
686,489
687,490
688,490
689,490
690,490
691,490
692,490
693,490
694,490
695,490
696,490
697,490
698,490
699,490
700,490
701,490
702,491
703,491
704,490
705,490
706,490
707,491
708,491
709,491
710,491
711,491
712,491
713,491
714,491
715,490
716,490
717,491
718,491
719,491
720,490
721,490
722,491
723,491
724,491
725,490
726,490
727,491
728,491
729,490
730,490
731,490
732,490
733,490
734,490
735,490
736,490
737,490
738,490
739,490
740,489
741,489
742,489
743,489
744,489
745,489
746,489
747,489
748,490
749,490
750,489
751,489
752,489
753,490
754,490
755,489
756,490
757,490
758,490
759,490
760,490
761,490
762,490
763,490
764,490
765,490
766,490
767,490
768,491
769,491
770,491
771,491
772,491
773,491
774,491
775,491
776,491
777,491
778,492
779,492
780,492
781,492
782,492
783,492
784,492
785,492
786,492
787,492
788,492
789,492
790,492
791,492
792,492
793,492
794,492
795,492
796,491
797,491
798,491
799,491
800,491
801,491
802,491
803,491
804,491
805,490
806,490
807,490
808,490
809,490
810,490
811,490
812,490
813,490
814,490
815,490
816,490
817,490
818,490
819,490
820,490
821,489
822,489
823,489
824,489
825,489
826,489
827,489
828,489
829,490
830,489
831,489
832,489
833,489
834,490
835,490
836,490
837,490
838,490
839,490
840,490
841,490
842,491
843,491
844,491
845,491
846,491
847,491
848,491
849,492
850,492
851,492
852,492
853,492
854,492
855,492
856,492
857,492
858,492
859,492
860,492
861,492
862,492
863,492
864,492
865,492
866,492
867,491
868,492
869,492
870,492
871,492
872,491
873,492
874,492
875,492
876,492
877,491
878,491
879,491
880,491
881,491
882,491
883,491
884,491
885,491
886,491
887,490
888,490
889,490
890,490
891,490
892,489
893,490
894,490
895,489
896,489
897,489
898,489
899,489
900,489
901,489
902,489
903,489
904,489
905,489
906,489
907,489
908,489
909,489
910,490
911,490
912,490
913,490
914,490
915,490
916,490
917,490
918,490
919,490
920,490
921,490
922,490
923,490
924,490
925,490
926,490
927,490
928,490
929,490
930,490
931,490
932,490
933,490
934,490
935,490
936,490
937,490
938,490
939,490
940,490
941,490
942,490
943,490
944,490
945,490
946,490
947,490
948,490
949,490
950,490
951,490
952,490
953,490
954,490
955,490
956,490
957,490
958,489
959,490
960,490
961,490
962,490
963,489
964,490
965,490
966,490
967,490
968,489
969,489
970,490
971,490
972,490
973,489
974,490
975,490
976,490
977,490
978,490
979,490
980,490
981,490
982,490
983,490
984,490
985,490
986,491
987,491
988,491
989,491
990,491
991,491
992,491
993,491
994,491
995,491
996,492
997,492
998,491
999,491
1000,491
1001,492
1002,492
1003,491
1004,492
1005,491
1006,492
1007,492
1008,492
1009,491
1010,491
1011,492
1012,491
1013,491
1014,491
1015,491
1016,491
1017,491
1018,491
1019,491
1020,491
1021,491
1022,491
1023,491
1024,491
1025,491
1026,491
1027,491
1028,491
1029,490
1030,490
1031,490
1032,491
1033,491
1034,490
1035,490
1036,490
1037,490
1038,490
1039,490
1040,490
1041,490
1042,490
1043,490
1044,489
1045,489
1046,489
1047,490
1048,490
1049,489
1050,489
1051,489
1052,490
1053,490
1054,489
1055,489
1056,490
1057,490
1058,490
1059,490
1060,490
1061,490
1062,490
1063,490
1064,490
1065,490
1066,490
1067,491
1068,491
1069,490
1070,490
1071,490
1072,491
1073,491
1074,491
1075,490
1076,490
1077,491
1078,491
1079,491
1080,490
1081,490
1082,490
1083,490
1084,490
1085,490
1086,490
1087,490
1088,490
1089,490
1090,490
1091,490
1092,490
1093,490
1094,490
1095,490
1096,490
1097,490
1098,490
1099,490
1100,489
1101,490
1102,490
1103,490
1104,490
1105,489
1106,489
1107,490
1108,490
1109,490
1110,489
1111,489
1112,490
1113,489
1114,489
1115,489
1116,489
1117,489
1118,489
1119,489
1120,489
1121,489
1122,489
1123,489
1124,489
1125,489
1126,489
1127,489
1128,490
1129,490
1130,489
1131,489
1132,489
1133,490
1134,490
1135,490
1136,490
1137,490
1138,490
1139,490
1140,490
1141,490
1142,490
1143,490
1144,490
1145,490
1146,490
1147,490
1148,490
1149,490
1150,490
1151,490
1152,490
1153,491
1154,491
1155,491
1156,490
1157,490
1158,490
1159,490
1160,490
1161,490
1162,490
1163,491
1164,491
1165,491
1166,491
1167,491
1168,491
1169,491
1170,491
1171,491
1172,491
1173,491
1174,491
1175,491
1176,490
1177,490
1178,491
1179,491
1180,491
1181,490
1182,490
1183,491
1184,491
1185,491
1186,491
1187,491
1188,491
1189,491
1190,491
1191,490
1192,490
1193,490
1194,491
1195,491
1196,490
1197,491
1198,490
1199,491
1200,491
1201,490
1202,490
1203,490
1204,490
1205,490
1206,490
1207,490
1208,490
1209,490
1210,490
1211,490
1212,490
1213,490
1214,491
1215,490
1216,490
1217,490
1218,490
1219,491
1220,491
1221,490
1222,490
1223,490
1224,491
1225,491
1226,491
1227,490
1228,490
1229,491
1230,490
1231,490
1232,490
1233,490
1234,490
1235,490
1236,490
1237,490
1238,490
1239,490
1240,490
1241,490
1242,490
1243,490
1244,490
1245,490
1246,490
1247,490
1248,490
1249,490
1250,490
1251,490
1252,489
1253,489
1254,490
1255,489
1256,489
1257,489
1258,489
1259,489
1260,489
1261,489
1262,489
1263,489
1264,489
1265,489
1266,489
1267,489
1268,489
1269,489
1270,489
1271,489
1272,489
1273,489
1274,489
1275,489
1276,489
1277,489
1278,489
1279,489
1280,490
1281,490
1282,490
1283,490
1284,490
1285,490
1286,490
1287,490
1288,490
1289,490
1290,490
1291,490
1292,490
1293,489
1294,489
1295,490
1296,490
1297,490
1298,490
1299,490
1300,490
1301,490
1302,490
1303,490
1304,490
1305,491
1306,491
1307,491
1308,490
1309,490
1310,491
1311,491
1312,491
1313,490
1314,490
1315,490
1316,490
1317,490
1318,490
1319,490
1320,490
1321,490
1322,490
1323,490
1324,490
1325,490
1326,490
1327,490
1328,489
1329,490
1330,490
1331,490
1332,490
1333,490
1334,490
1335,490
1336,490
1337,490
1338,490
1339,490
1340,490
1341,490
1342,490
1343,490
1344,490
1345,490
1346,491
1347,491
1348,490
1349,490
1350,490
1351,491
1352,491
1353,491
1354,491
1355,491
1356,491
1357,491
1358,491
1359,491
1360,491
1361,491
1362,491
1363,491
1364,491
1365,491
1366,491
1367,491
1368,491
1369,491
1370,491
1371,492
1372,491
1373,491
1374,491
1375,491
1376,491
1377,491
1378,491
1379,491
1380,491
1381,491
1382,491
1383,491
1384,490
1385,490
1386,490
1387,490
1388,491
1389,490
1390,490
1391,490
1392,490
1393,490
1394,490
1395,490
1396,490
1397,490
1398,490
1399,490
1400,490
1401,490
1402,490
1403,490
1404,490
1405,490
1406,490
1407,490
1408,490
1409,489
1410,489
1411,490
1412,490
1413,490
1414,490
1415,490
1416,490
1417,490
1418,490
1419,490
1420,490
1421,490
1422,490
1423,490
1424,490
1425,490
1426,490
1427,490
1428,490
1429,490
1430,490
1431,490
1432,491
1433,491
1434,490
1435,490
1436,490
1437,491
1438,491
1439,490
1440,491
1441,490
1442,491
1443,491
1444,491
1445,491
1446,491
1447,491
1448,491
1449,491
1450,490
1451,491
1452,491
1453,491
1454,491
1455,490
1456,490
1457,491
1458,491
1459,491
1460,490
1461,490
1462,491
1463,491
1464,491
1465,490
1466,490
1467,491
1468,490
1469,490
1470,490
1471,490
1472,490
1473,490
1474,490
1475,490
1476,490
1477,490
1478,490
1479,490
1480,490
1481,490
1482,490
1483,490
1484,490
1485,489
1486,489
1487,490
1488,490
1489,490
1490,489
1491,489
1492,489
1493,490
1494,490
1495,489
1496,489
1497,489
1498,490
1499,490
1500,490
1501,490
1502,490
1503,490
1504,490
1505,490
1506,490
1507,490
1508,490
1509,490
1510,490
1511,490
1512,490
1513,491
1514,491
1515,491
1516,491
1517,491
1518,491
1519,491
1520,491
1521,491
1522,491
1523,491
1524,491
1525,491
1526,491
1527,491
1528,491
1529,491
1530,491
1531,490
1532,490
1533,491
1534,491
1535,491
1536,490
1537,491
1538,491
1539,491
1540,491
1541,490
1542,490
1543,491
1544,491
1545,490
1546,490
1547,490
1548,490
1549,491
1550,490
1551,490
1552,490
1553,490
1554,490
1555,490
1556,489
1557,489
1558,490
1559,490
1560,490
1561,489
1562,489
1563,489
1564,490
1565,490
1566,489
1567,489
1568,489
1569,490
1570,490
1571,490
1572,490
1573,490
1574,490
1575,490
1576,490
1577,490
1578,490
1579,490
1580,490
1581,490
1582,490
1583,490
1584,490
1585,490
1586,490
1587,490
1588,490
1589,490
1590,490
1591,490
1592,490
1593,490
1594,491
1595,491
1596,491
1597,491
1598,491
1599,491
1600,491
1601,491
1602,490
1603,490
1604,491
1605,491
1606,491
1607,490
1608,490
1609,491
1610,491
1611,491
1612,490
1613,490
1614,490
1615,490
1616,490
1617,490
1618,490
1619,490
1620,490
1621,490
1622,490
1623,490
1624,490
1625,490
1626,490
1627,489
1628,489
1629,490
1630,490
1631,490
1632,490
1633,490
1634,490
1635,491
1636,490
1637,490
1638,490
1639,490
1640,491
1641,491
1642,490
1643,490
1644,490
1645,491
1646,490
1647,490
1648,490
1649,490
1650,491
1651,491
1652,490
1653,490
1654,490
1655,491
1656,491
1657,491
1658,490
1659,490
1660,491
1661,491
1662,491
1663,491
1664,491
1665,491
1666,491
1667,491
1668,491
1669,491
1670,491
1671,491
1672,491
1673,490
1674,490
1675,491
1676,491
1677,491
1678,491
1679,491
1680,491
1681,491
1682,491
1683,490
1684,490
1685,491
1686,491
1687,491
1688,490
1689,490
1690,490
1691,490
1692,490
1693,490
1694,490
1695,490
1696,491
1697,491
1698,490
1699,490
1700,490
1701,490
1702,490
1703,490
1704,490
1705,490
1706,490
1707,490
1708,490
1709,490
1710,490
1711,491
1712,491
1713,490
1714,490
1715,490
1716,490
1717,490
1718,490
1719,490
1720,490
1721,491
1722,491
1723,490
1724,490
1725,490
1726,491
1727,491
1728,491
1729,491
1730,491
1731,491
1732,491
1733,491
1734,490
1735,490
1736,491
1737,491
1738,491
1739,491
1740,491
1741,491
1742,491
1743,491
1744,491
1745,491
1746,491
1747,491
1748,491
1749,491
1750,491
1751,491
1752,491
1753,491
1754,491
1755,491
1756,491
1757,491
1758,491
1759,490
1760,490
1761,491
1762,491
1763,490
1764,490
1765,490
1766,490
1767,490
1768,490
1769,490
1770,490
1771,490
1772,490
1773,490
1774,490
1775,490
1776,490
1777,490
1778,490
1779,489
1780,489
1781,489
1782,490
1783,490
1784,489
1785,489
1786,489
1787,490
1788,490
1789,489
1790,489
1791,489
1792,490
1793,489
1794,489
1795,489
1796,489
1797,490
1798,489
1799,489
1800,489
1801,489
1802,490
1803,490
1804,490
1805,489
1806,489
1807,490
1808,490
1809,490
1810,490
1811,490
1812,490
1813,490
1814,490
1815,490
1816,490
1817,491
1818,491
1819,490
1820,490
1821,490
1822,490
1823,490
1824,490
1825,490
1826,490
1827,490
1828,490
1829,490
1830,490
1831,490
1832,490
1833,490
1834,490
1835,490
1836,490
1837,490
1838,490
1839,490
1840,490
1841,490
1842,490
1843,491
1844,491
1845,490
1846,490
1847,490
1848,491
1849,491
1850,490
1851,490
1852,490
1853,491
1854,491
1855,491
1856,491
1857,491
1858,491
1859,491
1860,490
1861,490
1862,490
1863,491
1864,491
1865,491
1866,491
1867,491
1868,491
1869,491
1870,491
1871,491
1872,491
1873,491
1874,491
1875,491
1876,491
1877,491
1878,492
1879,491
1880,491
1881,491
1882,491
1883,492
1884,492
1885,492
1886,491
1887,491
1888,491
1889,491
1890,491
1891,491
1892,491
1893,491
1894,491
1895,491
1896,490
1897,490
1898,490
1899,490
1900,490
1901,490
1902,490
1903,490
1904,490
1905,490
1906,490
1907,490
1908,490
1909,490
1910,490
1911,490
1912,490
1913,490
1914,490
1915,490
1916,490
1917,490
1918,490
1919,490
1920,490
1921,489
1922,489
1923,489
1924,490
1925,490
1926,490
1927,490
1928,490
1929,490
1930,490
1931,490
1932,490
1933,490
1934,490
1935,490
1936,490
1937,490
1938,490
1939,490
1940,490
1941,490
1942,490
1943,490
1944,491
1945,491
1946,490
1947,490
1948,490
1949,491
1950,491
1951,490
1952,490
1953,490
1954,491
1955,491
1956,490
1957,490
1958,491
1959,491
1960,491
1961,491
1962,490
1963,490
1964,491
1965,491
1966,490
1967,490
1968,490
1969,491
1970,491
1971,491
1972,490
1973,490
1974,490
1975,490
1976,490
1977,490
1978,490
1979,490
1980,490
1981,490
1982,489
1983,490
1984,490
1985,490
1986,490
1987,489
1988,489
1989,489
1990,490
1991,490
1992,489
1993,490
1994,490
1995,490
1996,490
1997,489
1998,489
1999,489
2000,490
2001,490
2002,489
2003,489
2004,489
2005,490
2006,490
2007,489
2008,489
2009,490
2010,490
2011,490
2012,490
2013,490
2014,490
2015,490
2016,490
2017,490
2018,490
2019,490
2020,491
2021,491
2022,490
2023,490
2024,491
2025,491
2026,491
2027,491
2028,491
2029,491
2030,491
2031,491
2032,491
2033,491
2034,491
2035,492
2036,492
2037,492
2038,491
2039,491
2040,491
2041,491
2042,491
2043,491
2044,491
2045,492
2046,491
2047,491
2048,491
2049,491
2050,491
2051,491
2052,491
2053,491
2054,491
2055,491
2056,491
2057,491
2058,491
2059,491
2060,491
2061,491
2062,491
2063,491
2064,491
2065,491
2066,491
2067,491
2068,490
2069,490
2070,490
2071,490
2072,490
2073,490
2074,490
2075,490
2076,490
2077,490
2078,490
2079,490
2080,490
2081,490
2082,490
2083,490
2084,490
2085,490
2086,490
2087,490
2088,490
2089,490
2090,490
2091,490
2092,490
2093,490
2094,490
2095,490
2096,491
2097,491
2098,490
2099,490
2100,490
2101,490
2102,490
2103,490
2104,490
2105,490
2106,491
2107,490
2108,490
2109,490
2110,490
2111,490
2112,490
2113,490
2114,490
2115,490
2116,490
2117,490
2118,490
2119,490
2120,490
2121,490
2122,490
2123,490
2124,490
2125,490
2126,490
2127,490
2128,490
2129,489
2130,490
2131,490
2132,490
2133,490
2134,489
2135,489
2136,489
2137,489
2138,489
2139,489
2140,489
2141,489
2142,490
2143,490
2144,489
2145,489
2146,489
2147,490
2148,490
2149,490
2150,490
2151,490
2152,490
2153,490
2154,490
2155,490
2156,490
2157,490
2158,490
2159,490
2160,490
2161,490
2162,491
2163,491
2164,491
2165,491
2166,491
2167,491
2168,491
2169,491
2170,491
2171,491
2172,491
2173,491
2174,491
2175,491
2176,491
2177,492
2178,491
2179,491
2180,491
2181,491
2182,492
2183,492
2184,492
2185,491
2186,491
2187,492
2188,492
2189,492
2190,491
2191,491
2192,491
2193,491
2194,491
2195,491
2196,491
2197,491
2198,491
2199,491
2200,491
2201,491
2202,491
2203,491
2204,491
2205,490
2206,491
2207,491
2208,491
2209,491
2210,490
2211,491
2212,491
2213,491
2214,491
2215,490
2216,490
2217,490
2218,490
2219,490
2220,490
2221,490
2222,490
2223,491
2224,490
2225,490
2226,490
2227,490
2228,490
2229,490
2230,490
2231,490
2232,490
2233,490
2234,490
2235,490
2236,490
2237,490
2238,490
2239,490
2240,490
2241,490
2242,490
2243,491
2244,491
2245,490
2246,490
2247,490
2248,490
2249,490
2250,490
2251,490
2252,490
2253,491
2254,491
2255,491
2256,490
2257,490
2258,491
2259,490
2260,490
2261,490
2262,490
2263,491
2264,490
2265,490
2266,490
2267,490
2268,490
2269,490
2270,490
2271,490
2272,490
2273,490
2274,490
2275,490
2276,490
2277,490
2278,490
2279,490
2280,490
2281,490
2282,490
2283,490
2284,490
2285,490
2286,490
2287,490
2288,490
2289,490
2290,490
2291,489
2292,489
2293,489
2294,490
2295,490
2296,490
2297,490
2298,490
2299,490
2300,490
2301,489
2302,489
2303,490
2304,490
2305,490
2306,490
2307,490
2308,490
2309,490
2310,490
2311,490
2312,490
2313,490
2314,491
2315,491
2316,491
2317,490
2318,490
2319,491
2320,491
2321,491
2322,491
2323,491
2324,491
2325,491
2326,491
2327,491
2328,491
2329,492
2330,492
2331,491
2332,491
2333,491
2334,491
2335,491
2336,491
2337,491
2338,491
2339,491
2340,491
2341,491
2342,491
2343,491
2344,491
2345,491
2346,491
2347,491
2348,491
2349,491
2350,491
2351,491
2352,491
2353,491
2354,491
2355,491
2356,491
2357,491
2358,491
2359,491
2360,491
2361,491
2362,491
2363,491
2364,491
2365,491
2366,490
2367,490
2368,490
2369,490
2370,491
2371,491
2372,490
2373,490
2374,490
2375,491
2376,491
2377,490
2378,490
2379,490
2380,491
2381,490
2382,490
2383,490
2384,490
2385,491
2386,491
2387,490
2388,491
2389,491
2390,491
2391,491
2392,491
2393,490
2394,490
2395,491
2396,491
2397,490
2398,490
2399,490
2400,491
2401,490
2402,490
2403,490
2404,490
2405,490
2406,490
2407,490
2408,490
2409,490
2410,490
2411,490
2412,490
2413,490
2414,490
2415,490
2416,490
2417,490
2418,490
2419,490
2420,490
2421,490
2422,490
2423,490
2424,490
2425,490
2426,490
2427,490
2428,489
2429,490
2430,490
2431,490
2432,490
2433,489
2434,489
2435,489
2436,489
2437,489
2438,489
2439,489
2440,489
2441,489
2442,489
2443,489
2444,489
2445,490
2446,490
2447,490
2448,489
2449,489
2450,490
2451,490
2452,490
2453,490
2454,490
2455,490
2456,490
2457,490
2458,490
2459,490
2460,490
2461,490
2462,490
2463,490
2464,490
2465,490
2466,490
2467,490
2468,490
2469,490
2470,490
2471,490
2472,490
2473,490
2474,490
2475,490
2476,491
2477,491
2478,491
2479,490
2480,490
2481,491
2482,491
2483,491
2484,490
2485,490
2486,491
2487,491
2488,491
2489,491
2490,491
2491,491
2492,491
2493,491
2494,490
2495,491
2496,491
2497,491
2498,491
2499,490
2500,490
2501,490
2502,490
2503,490
2504,490
2505,490
2506,490
2507,490
2508,490
2509,490
2510,490
2511,490
2512,490
2513,490
2514,490
2515,490
2516,490
2517,490
2518,490
2519,490
2520,490
2521,490
2522,491
2523,491
2524,490
2525,490
2526,490
2527,490
2528,490
2529,490
2530,490
2531,490
2532,490
2533,490
2534,490
2535,490
2536,490
2537,491
2538,491
2539,491
2540,491
2541,491
2542,491
2543,491
2544,491
2545,491
2546,491
2547,491
2548,491
2549,491
2550,491
2551,491
2552,491
2553,491
2554,491
2555,491
2556,491
2557,491
2558,491
2559,491
2560,490
2561,491
2562,491
2563,491
2564,491
2565,490
2566,491
2567,491
2568,491
2569,491
2570,490
2571,490
2572,490
2573,490
2574,490
2575,490
2576,490
2577,490
2578,490
2579,490
2580,489
2581,490
2582,490
2583,490
2584,490
2585,489
2586,489
2587,489
2588,490
2589,490
2590,489
2591,489
2592,489
2593,490
2594,490
2595,489
2596,489
2597,489
2598,490
2599,490
2600,490
2601,490
2602,490
2603,490
2604,490
2605,490
2606,490
2607,490
2608,490
2609,490
2610,490
2611,490
2612,490
2613,491
2614,491
2615,491
2616,490
2617,490
2618,491
2619,491
2620,491
2621,491
2622,491
2623,491
2624,491
2625,491
2626,491
2627,491
2628,491
2629,491
2630,491
2631,491
2632,491
2633,491
2634,491
2635,491
2636,491
2637,491
2638,491
2639,491
2640,491
2641,490
2642,490
2643,491
2644,491
2645,491
2646,490
2647,490
2648,490
2649,490
2650,490
2651,490
2652,490
2653,490
2654,491
2655,491
2656,490
2657,490
2658,490
2659,491
2660,491
2661,490
2662,490
2663,490
2664,491
2665,490
2666,490
2667,490
2668,490
2669,491
2670,491
2671,490
2672,490
2673,490
2674,491
2675,490
2676,490
2677,490
2678,490
2679,491
2680,491
2681,491
2682,491
2683,491
2684,491
2685,491
2686,491
2687,491
2688,491
2689,491
2690,491
2691,491
2692,491
2693,491
2694,491
2695,491
2696,491
2697,491
2698,491
2699,491
2700,491
2701,491
2702,491
2703,491
2704,491
2705,491
2706,491
2707,490
2708,490
2709,490
2710,490
2711,490
2712,490
2713,490
2714,490
2715,490
2716,490
2717,490
2718,490
2719,490
2720,490
2721,490
2722,490
2723,490
2724,490
2725,490
2726,490
2727,490
2728,490
2729,490
2730,490
2731,490
2732,489
2733,489
2734,489
2735,490
2736,490
2737,489
2738,489
2739,489
2740,490
2741,490
2742,490
2743,490
2744,490
2745,490
2746,490
2747,490
2748,490
2749,490
2750,491
2751,491
2752,490
2753,490
2754,490
2755,491
2756,491
2757,491
2758,491
2759,491
2760,491
2761,491
2762,491
2763,491
2764,491
2765,491
2766,491
2767,491
2768,491
2769,491
2770,492
2771,491
2772,491
2773,491
2774,491
2775,491
2776,491
2777,491
2778,491
2779,491
2780,491
2781,491
2782,491
2783,491
2784,491
2785,491
2786,491
2787,491
2788,491
2789,491
2790,491
2791,491
2792,491
2793,491
2794,491
2795,491
2796,491
2797,491
2798,490
2799,490
2800,490
2801,490
2802,490
2803,490
2804,490
2805,490
2806,490
2807,490
2808,490
2809,490
2810,490
2811,490
2812,490
2813,490
2814,490
2815,490
2816,490
2817,490
2818,490
2819,490
2820,490
2821,490
2822,490
2823,490
2824,490
2825,490
2826,490
2827,490
2828,490
2829,490
2830,490
2831,490
2832,490
2833,490
2834,490
2835,490
2836,491
2837,491
2838,490
2839,490
2840,490
2841,491
2842,491
2843,491
2844,490
2845,490
2846,491
2847,491
2848,491
2849,490
2850,490
2851,491
2852,491
2853,490
2854,490
2855,490
2856,491
2857,491
2858,490
2859,490
2860,490
2861,490
2862,491
2863,491
2864,490
2865,490
2866,490
2867,490
2868,490
2869,490
2870,490
2871,490
2872,490
2873,490
2874,489
2875,489
2876,490
2877,489
2878,489
2879,489
2880,489
2881,489
2882,489
2883,489
2884,489
2885,489
2886,489
2887,489
2888,489
2889,489
2890,489
2891,489
2892,489
2893,489
2894,489
2895,489
2896,489
2897,490
2898,490
2899,489
2900,489
2901,489
2902,490
2903,490
2904,490
2905,490
2906,490
2907,490
2908,490
2909,490
2910,490
2911,490
2912,490
2913,490
2914,490
2915,490
2916,490
2917,491
2918,491
2919,491
2920,490
2921,490
2922,491
2923,491
2924,491
2925,491
2926,491
2927,491
2928,491
2929,491
2930,491
2931,491
2932,491
2933,491
2934,491
2935,491
2936,491
2937,491
2938,491
2939,491
2940,491
2941,491
2942,491
2943,491
2944,491
2945,490
2946,491
2947,491
2948,491
2949,491
2950,491
2951,491
2952,491
2953,491
2954,491
2955,490
2956,490
2957,490
2958,491
2959,491
2960,490
2961,490
2962,490
2963,491
2964,491
2965,490
2966,490
2967,490
2968,490
2969,490
2970,490
2971,490
2972,490
2973,490
2974,490
2975,490
2976,490
2977,490
2978,490
2979,490
2980,490
2981,490
2982,490
2983,491
2984,490
2985,490
2986,490
2987,490
2988,491
2989,491
2990,491
2991,490
2992,490
2993,491
2994,491
2995,490
2996,490
2997,490
2998,490
2999,490
3000,490
3001,490
3002,490
3003,491
3004,490
3005,490
3006,490
3007,490
3008,490
3009,490
3010,490
3011,490
3012,490
3013,490
3014,490
3015,490
3016,490
3017,490
3018,490
3019,490
3020,490
3021,490
3022,490
3023,490
3024,490
3025,490
3026,489
3027,490
3028,490
3029,490
3030,490
3031,489
3032,490
3033,490
3034,490
3035,490
3036,490
3037,490
3038,490
3039,490
3040,490
3041,490
3042,490
3043,490
3044,490
3045,490
3046,490
3047,490
3048,490
3049,490
3050,490
3051,490
3052,490
3053,490
3054,491
3055,490
3056,490
3057,490
3058,490
3059,491
3060,491
3061,491
3062,491
3063,491
3064,491
3065,491
3066,491
3067,490
3068,490
3069,491
3070,491
3071,491
3072,490
3073,490
3074,491
3075,491
3076,491
3077,490
3078,490
3079,491
3080,491
3081,490
3082,490
3083,490
3084,490
3085,490
3086,490
3087,490
3088,490
3089,490
3090,490
3091,490
3092,489
3093,489
3094,490
3095,490
3096,490
3097,489
3098,489
3099,489
3100,489
3101,489
3102,489
3103,489
3104,489
3105,489
3106,489
3107,489
3108,489
3109,489
3110,489
3111,489
3112,489
3113,489
3114,489
3115,489
3116,489
3117,489
3118,489
3119,489
3120,489
3121,489
3122,489
3123,489
3124,489
3125,489
3126,489
3127,489
3128,489
3129,490
3130,490
3131,490
3132,490
3133,490
3134,490
3135,491
3136,491
3137,491
3138,490
3139,490
3140,491
3141,491
3142,491
3143,490
3144,490
3145,491
3146,491
3147,491
3148,490
3149,490
3150,491
3151,491
3152,491
3153,490
3154,490
3155,491
3156,491
3157,491
3158,490
3159,490
3160,490
3161,491
3162,491
3163,490
3164,491
3165,491
3166,491
3167,491
3168,491
3169,491
3170,491
3171,491
3172,491
3173,490
3174,490
3175,490
3176,490
3177,490
3178,490
3179,490
3180,490
3181,490
3182,490
3183,489
3184,489
3185,489
3186,490
3187,490
3188,490
3189,490
3190,490
3191,490
3192,490
3193,490
3194,490
3195,490
3196,490
3197,490
3198,490
3199,490
3200,490
3201,491
3202,491
3203,490
3204,490
3205,490
3206,491
3207,491
3208,490
3209,490
3210,490
3211,490
3212,490
3213,490
3214,489
3215,490
3216,490
3217,490
3218,490
3219,489
3220,490
3221,490
3222,490
3223,490
3224,490
3225,490
3226,490
3227,490
3228,490
3229,490
3230,490
3231,490
3232,490
3233,490
3234,489
3235,490
3236,490
3237,490
3238,490
3239,489
3240,489
3241,490
3242,490
3243,490
3244,489
3245,489
3246,490
3247,490
3248,490
3249,489
3250,489
3251,489
3252,490
3253,490
3254,489
3255,489
3256,489
3257,490
3258,490
3259,490
3260,490
3261,490
3262,490
3263,490
3264,490
3265,490
3266,490
3267,491
3268,490
3269,490
3270,490
3271,490
3272,491
3273,491
3274,490
3275,490
3276,490
3277,491
3278,491
3279,491
3280,491
3281,491
3282,491
3283,491
3284,491
3285,490
3286,490
3287,491
3288,491
3289,491
3290,490
3291,490
3292,490
3293,490
3294,490
3295,490
3296,490
3297,490
3298,490
3299,490
3300,490
3301,490
3302,490
3303,490
3304,490
3305,490
3306,490
3307,490
3308,490
3309,490
3310,489
3311,490
3312,490
3313,490
3314,490
3315,489
3316,489
3317,490
3318,490
3319,490
3320,489
3321,489
3322,489
3323,490
3324,490
3325,489
3326,489
3327,489
3328,490
3329,490
3330,489
3331,489
3332,489
3333,490
3334,490
3335,490
3336,490
3337,490
3338,490
3339,490
3340,490
3341,490
3342,490
3343,490
3344,490
3345,490
3346,490
3347,490
3348,491
3349,491
3350,490
3351,490
3352,490
3353,491
3354,491
3355,491
3356,491
3357,491
3358,491
3359,491
3360,491
3361,491
3362,491
3363,491
3364,491
3365,491
3366,491
3367,491
3368,491
3369,491
3370,491
3371,490
3372,491
3373,491
3374,491
3375,491
3376,490
3377,490
3378,490
3379,490
3380,490
3381,490
3382,490
3383,490
3384,490
3385,490
3386,490
3387,490
3388,490
3389,490
3390,490
3391,489
3392,490
3393,490
3394,490
3395,490
3396,489
3397,489
3398,489
3399,490
3400,490
3401,489
3402,489
3403,489
3404,490
3405,490
3406,489
3407,489
3408,489
3409,490
3410,490
3411,489
3412,489
3413,489
3414,490
3415,490
3416,490
3417,489
3418,489
3419,490
3420,489
3421,489
3422,489
3423,489
3424,490
3425,490
3426,490
3427,489
3428,489
3429,490
3430,490
3431,490
3432,489
3433,489
3434,489
3435,489
3436,490
3437,489
3438,489
3439,490
3440,490
3441,490
3442,489
3443,489
3444,490
3445,490
3446,490
3447,489
3448,489
3449,490
3450,490
3451,490
3452,489
3453,489
3454,489
3455,489
3456,489
3457,489
3458,489
3459,489
3460,489
3461,489
3462,489
3463,489
3464,489
3465,489
3466,489
3467,489
3468,489
3469,489
3470,489
3471,489
3472,488
3473,489
3474,489
3475,489
3476,489
3477,489
3478,489
3479,489
3480,489
3481,489
3482,489
3483,489
3484,489
3485,490
3486,490
3487,489
3488,489
3489,489
3490,490
3491,490
3492,490
3493,490
3494,490
3495,490
3496,490
3497,490
3498,490
3499,490
3500,490
3501,490
3502,490
3503,490
3504,490
3505,490
3506,490
3507,490
3508,490
3509,490
3510,490
3511,490
3512,490
3513,490
3514,490
3515,491
3516,491
3517,491
3518,490
3519,490
3520,490
3521,490
3522,490
3523,490
3524,490
3525,490
3526,490
3527,490
3528,490
3529,490
3530,490
3531,490
3532,490
3533,490
3534,490
3535,490
3536,490
3537,490
3538,490
3539,490
3540,490
3541,490
3542,490
3543,489
3544,489
3545,490
3546,490
3547,490
3548,490
3549,490
3550,490
3551,490
3552,490
3553,490
3554,490
3555,490
3556,490
3557,490
3558,490
3559,490
3560,490
3561,490
3562,490
3563,490
3564,490
3565,490
3566,490
3567,490
3568,490
3569,490
3570,490
3571,491
3572,491
3573,490
3574,490
3575,490
3576,491
3577,491
3578,491
3579,490
3580,490
3581,491
3582,491
3583,490
3584,490
3585,490
3586,490
3587,490
3588,490
3589,490
3590,490
3591,490
3592,490
3593,490
3594,490
3595,490
3596,490
3597,490
3598,490
3599,490
3600,490
3601,490
3602,490
3603,490
3604,489
3605,489
3606,490
3607,490
3608,490
3609,490
3610,490
3611,490
3612,490
3613,490
3614,489
3615,489
3616,489
3617,490
3618,490
3619,489
3620,489
3621,489
3622,490
3623,490
3624,489
3625,489
3626,489
3627,490
3628,490
3629,490
3630,490
3631,490
3632,490
3633,490
3634,490
3635,490
3636,490
3637,491
3638,491
3639,490
3640,490
3641,490
3642,491
3643,491
3644,491
3645,491
3646,491
3647,491
3648,491
3649,491
3650,491
3651,491
3652,492
3653,492
3654,492
3655,491
3656,491
3657,491
3658,491
3659,491
3660,491
3661,491
3662,492
3663,492
3664,491
3665,491
3666,491
3667,491
3668,491
3669,491
3670,491
3671,491
3672,491
3673,491
3674,491
3675,491
3676,491
3677,491
3678,491
3679,491
3680,491
3681,491
3682,491
3683,491
3684,491
3685,491
3686,491
3687,491
3688,491
3689,491
3690,491
3691,491
3692,491
3693,491
3694,491
3695,490
3696,490
3697,490
3698,491
3699,490
3700,490
3701,490
3702,490
3703,490
3704,490
3705,490
3706,490
3707,490
3708,491
3709,490
3710,490
3711,490
3712,490
3713,491
3714,491
3715,491
3716,490
3717,490
3718,491
3719,490
3720,490
3721,490
3722,490
3723,490
3724,490
3725,490
3726,490
3727,490
3728,490
3729,490
3730,490
3731,490
3732,490
3733,490
3734,490
3735,490
3736,490
3737,490
3738,490
3739,490
3740,490
3741,490
3742,490
3743,490
3744,490
3745,490
3746,490
3747,490
3748,490
3749,490
3750,490
3751,490
3752,490
3753,490
3754,490
3755,490
3756,489
3757,489
3758,490
3759,490
3760,490
3761,490
3762,490
3763,490
3764,490
3765,490
3766,490
3767,490
3768,490
3769,490
3770,490
3771,490
3772,490
3773,490
3774,490
3775,490
3776,490
3777,490
3778,490
3779,490
3780,490
3781,490
3782,490
3783,490
3784,491
3785,490
3786,490
3787,490
3788,490
3789,491
3790,491
3791,490
3792,490
3793,490
3794,491
3795,491
3796,491
3797,491
3798,491
3799,491
3800,491
3801,491
3802,490
3803,490
3804,491
3805,491
3806,491
3807,490
3808,490
3809,491
3810,490
3811,490
3812,490
3813,490
3814,490
3815,490
3816,490
3817,490
3818,490
3819,490
3820,490
3821,490
3822,490
3823,490
3824,490
3825,490
3826,490
3827,490
3828,490
3829,490
3830,490
3831,490
3832,490
3833,490
3834,490
3835,490
3836,490
3837,489
3838,490
3839,490
3840,490
3841,490
3842,490
3843,490
3844,490
3845,490
3846,490
3847,490
3848,490
3849,490
3850,490
3851,490
3852,490
3853,490
3854,490
3855,490
3856,490
3857,490
3858,490
3859,490
3860,490
3861,490
3862,490
3863,490
3864,490
3865,491
3866,490
3867,490
3868,490
3869,490
3870,490
3871,490
3872,490
3873,490
3874,490
3875,490
3876,490
3877,490
3878,489
3879,489
3880,490
3881,490
3882,490
3883,489
3884,490
3885,490
3886,490
3887,490
3888,490
3889,490
3890,490
3891,490
3892,490
3893,489
3894,489
3895,489
3896,490
3897,490
3898,489
3899,489
3900,489
3901,489
3902,489
3903,489
3904,489
3905,489
3906,489
3907,489
3908,489
3909,489
3910,489
3911,489
3912,489
3913,488
3914,488
3915,489
3916,489
3917,489
3918,489
3919,489
3920,489
3921,490
3922,490
3923,489
3924,490
3925,490
3926,490
3927,490
3928,490
3929,489
3930,489
3931,490
3932,490
3933,490
3934,490
3935,490
3936,490
3937,490
3938,490
3939,490
3940,490
3941,491
3942,491
3943,491
3944,491
3945,491
3946,491
3947,491
3948,491
3949,491
3950,491
3951,492
3952,492
3953,491
3954,491
3955,491
3956,492
3957,492
3958,492
3959,491
3960,491
3961,492
3962,492
3963,492
3964,491
3965,491
3966,491
3967,491
3968,491
3969,491
3970,491
3971,491
3972,492
3973,492
3974,491
3975,491
3976,491
3977,491
3978,491
3979,491
3980,491
3981,491
3982,491
3983,491
3984,491
3985,491
3986,491
3987,491
3988,491
3989,490
3990,490
3991,490
3992,491
3993,490
3994,490
3995,490
3996,490
3997,490
3998,490
3999,490
4000,490
4001,490
4002,490
4003,490
4004,490
4005,490
4006,490
4007,491
4008,490
4009,490
4010,490
4011,490
4012,490
4013,490
4014,490
4015,490
4016,490
4017,490
4018,490
4019,490
4020,490
4021,490
4022,490
4023,490
4024,490
4025,489
4026,489
4027,490
4028,490
4029,490
4030,489
4031,489
4032,490
4033,490
4034,490
4035,490
4036,490
4037,490
4038,490
4039,490
4040,490
4041,490
4042,490
4043,490
4044,490
4045,489
4046,489
4047,490
4048,490
4049,490
4050,489
4051,489
4052,490
4053,490
4054,489
4055,489
4056,489
4057,489
4058,489
4059,489
4060,489
4061,489
4062,489
4063,490
4064,490
4065,490
4066,490
4067,490
4068,490
4069,490
4070,490
4071,490
4072,490
4073,490
4074,490
4075,490
4076,490
4077,490
4078,491
4079,490
4080,490
4081,490
4082,490
4083,491
4084,490
4085,490
4086,490
4087,490
4088,491
4089,490
4090,490
4091,490
4092,490
4093,491
4094,491
4095,490
4096,490
4097,490
4098,490
4099,490
4100,490
4101,490
4102,490
4103,490
4104,490
4105,490
4106,490
4107,490
4108,490
4109,490
4110,490
4111,490
4112,490
4113,490
4114,490
4115,490
4116,490
4117,490
4118,490
4119,490
4120,490
4121,489
4122,490
4123,490
4124,490
4125,490
4126,490
4127,490
4128,490
4129,490
4130,490
4131,489
4132,489
4133,490
4134,490
4135,490
4136,489
4137,489
4138,489
4139,490
4140,490
4141,489
4142,489
4143,490
4144,490
4145,490
4146,490
4147,490
4148,490
4149,490
4150,490
4151,490
4152,490
4153,490
4154,491
4155,490
4156,490
4157,490
4158,490
4159,491
4160,491
4161,491
4162,491
4163,491
4164,491
4165,491
4166,491
4167,490
4168,490
4169,491
4170,491
4171,491
4172,490
4173,490
4174,490
4175,490
4176,490
4177,490
4178,490
4179,490
4180,490
4181,490
4182,490
4183,490
4184,490
4185,490
4186,490
4187,490
4188,490
4189,490
4190,490
4191,490
4192,489
4193,490
4194,490
4195,490
4196,490
4197,490
4198,490
4199,490
4200,490
4201,490
4202,489
4203,489
4204,489
4205,490
4206,490
4207,489
4208,489
4209,489
4210,489
4211,489
4212,489
4213,489
4214,489
4215,489
4216,489
4217,489
4218,489
4219,490
4220,490
4221,490
4222,490
4223,490
4224,490
4225,490
4226,490
4227,490
4228,490
4229,490
4230,491
4231,491
4232,491
4233,491
4234,491
4235,491
4236,491
4237,491
4238,490
4239,490
4240,491
4241,491
4242,491
4243,491
4244,491
4245,491
4246,491
4247,491
4248,490
4249,490
4250,491
4251,491
4252,491
4253,491
4254,491
4255,491
4256,491
4257,491
4258,490
4259,491
4260,491
4261,491
4262,491
4263,490
4264,490
4265,490
4266,491
4267,491
4268,490
4269,490
4270,490
4271,491
4272,491
4273,490
4274,490
4275,491
4276,491
4277,491
4278,490
4279,490
4280,490
4281,490
4282,490
4283,490
4284,490
4285,490
4286,490
4287,490
4288,490
4289,490
4290,490
4291,490
4292,490
4293,490
4294,490
4295,490
4296,490
4297,490
4298,490
4299,490
4300,490
4301,491
4302,491
4303,490
4304,490
4305,490
4306,491
4307,491
4308,490
4309,490
4310,491
4311,491
4312,491
4313,491
4314,490
4315,490
4316,490
4317,490
4318,490
4319,490
4320,490
4321,490
4322,490
4323,490
4324,490
4325,490
4326,490
4327,490
4328,490
4329,490
4330,490
4331,490
4332,490
4333,490
4334,490
4335,490
4336,490
4337,490
4338,490
4339,490
4340,490
4341,490
4342,490
4343,490
4344,490
4345,490
4346,490
4347,490
4348,490
4349,490
4350,490
4351,490
4352,490
4353,490
4354,490
4355,490
4356,490
4357,491
4358,491
4359,490
4360,490
4361,490
4362,491
4363,490
4364,490
4365,490
4366,490
4367,491
4368,491
4369,490
4370,491
4371,491
4372,491
4373,491
4374,491
4375,491
4376,491
4377,491
4378,491
4379,491
4380,491
4381,491
4382,491
4383,491
4384,491
4385,491
4386,491
4387,491
4388,491
4389,491
4390,491
4391,491
4392,491
4393,491
4394,491
4395,491
4396,491
4397,491
4398,491
4399,491
4400,491
4401,491
4402,491
4403,491
4404,490
4405,490
4406,490
4407,490
4408,490
4409,490
4410,490
4411,490
4412,490
4413,490
4414,490
4415,489
4416,489
4417,490
4418,490
4419,490
4420,490
4421,490
4422,490
4423,490
4424,490
4425,490
4426,490
4427,490
4428,490
4429,490
4430,490
4431,490
4432,490
4433,490
4434,490
4435,490
4436,490
4437,490
4438,490
4439,490
4440,490
4441,490
4442,490
4443,490
4444,490
4445,490
4446,490
4447,490
4448,491
4449,491
4450,491
4451,491
4452,491
4453,491
4454,491
4455,491
4456,491
4457,491
4458,492
4459,492
4460,491
4461,491
4462,491
4463,492
4464,492
4465,492
4466,491
4467,491
4468,491
4469,491
4470,491
4471,491
4472,491
4473,491
4474,491
4475,491
4476,491
4477,491
4478,491
4479,491
4480,491
4481,490
4482,490
4483,490
4484,490
4485,490
4486,490
4487,490
4488,490
4489,491
4490,491
4491,491
4492,491
4493,491
4494,491
4495,491
4496,490
4497,490
4498,490
4499,491
4500,491
4501,490
4502,490
4503,490
4504,491
4505,490
4506,490
4507,490
4508,490
4509,490
4510,490
4511,490
4512,490
4513,490
4514,491
4515,491
4516,490
4517,491
4518,491
4519,491
4520,491
4521,491
4522,491
4523,491
4524,491
4525,491
4526,491
4527,490
4528,490
4529,491
4530,491
4531,491
4532,491
4533,491
4534,491
4535,491
4536,491
4537,491
4538,491
4539,491
4540,491
4541,491
4542,490
4543,490
4544,491
4545,491
4546,491
4547,490
4548,490
4549,491
4550,491
4551,491
4552,490
4553,490
4554,490
4555,490
4556,490
4557,490
4558,490
4559,490
4560,490
4561,490
4562,490
4563,490
4564,490
4565,490
4566,490
4567,490
4568,490
4569,490
4570,490
4571,490
4572,490
4573,490
4574,490
4575,490
4576,490
4577,490
4578,490
4579,490
4580,491
4581,491
4582,490
4583,490
4584,490
4585,491
4586,491
4587,490
4588,490
4589,490
4590,491
4591,491
4592,491
4593,491
4594,490
4595,491
4596,491
4597,491
4598,491
4599,490
4600,491
4601,491
4602,491
4603,490
4604,491
4605,491
4606,491
4607,491
4608,490
4609,490
4610,491
4611,490
4612,490
4613,490
4614,490
4615,490
4616,490
4617,490
4618,490
4619,490
4620,490
4621,490
4622,490
4623,490
4624,490
4625,490
4626,490
4627,490
4628,490
4629,490
4630,490
4631,490
4632,490
4633,489
4634,489
4635,490
4636,490
4637,490
4638,489
4639,489
4640,489
4641,489
4642,489
4643,489
4644,489
4645,489
4646,490
4647,490
4648,489
4649,489
4650,490
4651,490
4652,490
4653,490
4654,490
4655,490
4656,490
4657,490
4658,490
4659,490
4660,490
4661,490
4662,490
4663,490
4664,490
4665,490
4666,491
4667,491
4668,490
4669,491
4670,491
4671,491
4672,491
4673,491
4674,490
4675,490
4676,491
4677,491
4678,491
4679,491
4680,491
4681,491
4682,491
4683,491
4684,490
4685,490
4686,491
4687,491
4688,491
4689,490
4690,490
4691,491
4692,491
4693,491
4694,490
4695,490
4696,491
4697,490
4698,490
4699,490
4700,490
4701,490
4702,490
4703,490
4704,490
4705,490
4706,490
4707,490
4708,490
4709,490
4710,490
4711,490
4712,490
4713,490
4714,489
4715,489
4716,489
4717,489
4718,489
4719,489
4720,489
4721,489
4722,489
4723,489
4724,489
4725,489
4726,489
4727,489
4728,489
4729,489
4730,489
4731,489
4732,490
4733,490
4734,489
4735,489
4736,490
4737,490
4738,490
4739,490
4740,490
4741,490
4742,490
4743,490
4744,490
4745,490
4746,490
4747,490
4748,490
4749,490
4750,490
4751,490
4752,490
4753,490
4754,490
4755,490
4756,490
4757,490
4758,490
4759,490
4760,490
4761,490
4762,490
4763,490
4764,490
4765,490
4766,490
4767,490
4768,490
4769,490
4770,490
4771,490
4772,490
4773,490
4774,490
4775,490
4776,490
4777,490
4778,490
4779,490
4780,489
4781,490
4782,490
4783,490
4784,490
4785,490
4786,490
4787,490
4788,490
4789,490
4790,490
4791,490
4792,490
4793,490
4794,490
4795,490
4796,490
4797,490
4798,490
4799,490
4800,490
4801,490
4802,490
4803,490
4804,490
4805,490
4806,490
4807,490
4808,490
4809,490
4810,490
4811,490
4812,490
4813,490
4814,490
4815,490
4816,490
4817,490
4818,491
4819,491
4820,490
4821,491
4822,491
4823,491
4824,491
4825,491
4826,490
4827,490
4828,491
4829,491
4830,491
4831,490
4832,490
4833,490
4834,490
4835,490
4836,490
4837,490
4838,490
4839,490
4840,490
4841,490
4842,490
4843,490
4844,490
4845,490
4846,490
4847,490
4848,490
4849,490
4850,490
4851,490
4852,490
4853,490
4854,490
4855,490
4856,490
4857,490
4858,490
4859,490
4860,490
4861,490
4862,490
4863,490
4864,491
4865,491
4866,490
4867,490
4868,491
4869,491
4870,491
4871,490
4872,490
4873,491
4874,491
4875,491
4876,491
4877,491
4878,491
4879,491
4880,491
4881,491
4882,491
4883,491
4884,491
4885,491
4886,491
4887,491
4888,491
4889,492
4890,492
4891,491
4892,491
4893,491
4894,492
4895,492
4896,491
4897,491
4898,491
4899,492
4900,492
4901,491
4902,491
4903,491
4904,491
4905,491
4906,491
4907,491
4908,491
4909,491
4910,491
4911,491
4912,490
4913,491
4914,491
4915,490
4916,490
4917,490
4918,490
4919,490
4920,490
4921,490
4922,489
4923,490
4924,490
4925,490
4926,490
4927,489
4928,489
4929,489
4930,490
4931,490
4932,489
4933,490
4934,490
4935,490
4936,490
4937,489
4938,489
4939,489
4940,490
4941,490
4942,489
4943,489
4944,490
4945,490
4946,490
4947,490
4948,490
4949,490
4950,490
4951,490
4952,490
4953,490
4954,490
4955,490
4956,490
4957,490
4958,490
4959,490
4960,491
4961,491
4962,491
4963,490
4964,490
4965,491
4966,491
4967,491
4968,491
4969,491
4970,491
4971,491
4972,491
4973,491
4974,491
4975,492
4976,492
4977,492
4978,491
4979,491
4980,491
4981,491
4982,491
4983,491
4984,491
4985,491
4986,491
4987,491
4988,491
4989,491
4990,491
4991,491
4992,491
4993,490
4994,490
4995,491
4996,490
4997,490
4998,490
4999,490
5000,490
5001,491
5002,491
5003,490
5004,490
5005,490
5006,490
5007,490
5008,490
5009,490
5010,490
5011,490
5012,490
5013,490
5014,490
5015,490
5016,490
5017,490
5018,489
5019,489
5020,489
5021,490
5022,490
5023,489
5024,489
5025,489
5026,490
5027,490
5028,490
5029,490
5030,490
5031,490
5032,490
5033,490
5034,490
5035,490
5036,490
5037,490
5038,490
5039,490
5040,490
5041,490
5042,490
5043,490
5044,490
5045,490
5046,491
5047,491
5048,491
5049,490
5050,490
5051,490
5052,490
5053,490
5054,490
5055,490
5056,491
5057,491
5058,491
5059,490
5060,490
5061,491
5062,491
5063,491
5064,490
5065,490
5066,491
5067,490
5068,490
5069,490
5070,490
5071,490
5072,490
5073,490
5074,490
5075,490
5076,490
5077,490
5078,490
5079,489
5080,489
5081,490
5082,490
5083,490
5084,489
5085,489
5086,489
5087,490
5088,490
5089,490
5090,490
5091,490
5092,490
5093,490
5094,490
5095,490
5096,490
5097,490
5098,490
5099,490
5100,490
5101,490
5102,490
5103,490
5104,490
5105,490
5106,490
5107,490
5108,490
5109,490
5110,490
5111,490
5112,490
5113,490
5114,490
5115,490
5116,490
5117,491
5118,490
5119,490
5120,490
5121,490
5122,490
5123,490
5124,490
5125,490
5126,490
5127,490
5128,490
5129,490
5130,490
5131,490
5132,490
5133,490
5134,490
5135,489
5136,490
5137,490
5138,490
5139,490
5140,489
5141,489
5142,490
5143,490
5144,490
5145,489
5146,489
5147,489
5148,490
5149,490
5150,489
5151,489
5152,490
5153,489
5154,489
5155,489
5156,489
5157,489
5158,489
5159,489
5160,489
5161,489
5162,489
5163,489
5164,489
5165,489
5166,489
5167,489
5168,489
5169,489
5170,489
5171,489
5172,489
5173,490
5174,490
5175,489
5176,490
5177,490
5178,490
5179,490
5180,490
5181,490
5182,490
5183,490
5184,490
5185,490
5186,490
5187,490
5188,490
5189,490
5190,490
5191,489
5192,490
5193,490
5194,490
5195,490
5196,489
5197,489
5198,490
5199,490
5200,490
5201,489
5202,489
5203,490
5204,490
5205,490
5206,490
5207,490
5208,490
5209,490
5210,490
5211,490
5212,490
5213,490
5214,490
5215,490
5216,490
5217,490
5218,490
5219,490
5220,490
5221,489
5222,489
5223,489
5224,490
5225,490
5226,489
5227,489
5228,489
5229,489
5230,489
5231,489
5232,489
5233,489
5234,489
5235,489
5236,489
5237,489
5238,489
5239,490
5240,490
5241,490
5242,490
5243,490
5244,490
5245,490
5246,490
5247,490
5248,490
5249,490
5250,490
5251,490
5252,490
5253,490
5254,490
5255,490
5256,490
5257,490
5258,490
5259,490
5260,490
5261,490
5262,490
5263,490
5264,490
5265,490
5266,490
5267,490
5268,490
5269,491
5270,491
5271,491
5272,490
5273,490
5274,491
5275,491
5276,491
5277,490
5278,490
5279,491
5280,491
5281,491
5282,490
5283,490
5284,490
5285,490
5286,490
5287,490
5288,490
5289,490
5290,490
5291,490
5292,490
5293,490
5294,490
5295,490
5296,490
5297,489
5298,489
5299,490
5300,490
5301,490
5302,489
5303,489
5304,490
5305,490
5306,490
5307,490
5308,490
5309,490
5310,490
5311,490
5312,490
5313,490
5314,490
5315,490
5316,490
5317,490
5318,490
5319,490
5320,490
5321,490
5322,490
5323,490
5324,490
5325,490
5326,490
5327,490
5328,490
5329,490
5330,491
5331,491
5332,490
5333,491
5334,491
5335,491
5336,491
5337,491
5338,490
5339,490
5340,491
5341,491
5342,491
5343,490
5344,490
5345,491
5346,491
5347,491
5348,490
5349,490
5350,490
5351,490
5352,491
5353,490
5354,490
5355,490
5356,490
5357,490
5358,490
5359,490
5360,490
5361,490
5362,490
5363,490
5364,490
5365,490
5366,490
5367,490
5368,490
5369,490
5370,490
5371,490
5372,490
5373,489
5374,490
5375,490
5376,490
5377,490
5378,490
5379,490
5380,490
5381,490
5382,490
5383,490
5384,490
5385,490
5386,490
5387,490
5388,490
5389,490
5390,490
5391,491
5392,491
5393,491
5394,491
5395,491
5396,491
5397,491
5398,491
5399,491
5400,491
5401,491
5402,491
5403,491
5404,491
5405,491
5406,491
5407,491
5408,491
5409,491
5410,491
5411,491
5412,491
5413,491
5414,491
5415,491
5416,492
5417,491
5418,491
5419,491
5420,491
5421,491
5422,491
5423,491
5424,491
5425,491
5426,491
5427,491
5428,491
5429,490
5430,490
5431,491
5432,490
5433,490
5434,490
5435,490
5436,490
5437,490
5438,490
5439,490
5440,490
5441,490
5442,491
5443,491
5444,490
5445,490
5446,490
5447,491
5448,491
5449,490
5450,490
5451,490
5452,490
5453,490
5454,490
5455,490
5456,490
5457,491
5458,490
5459,490
5460,490
5461,490
5462,491
5463,490
5464,490
5465,490
5466,490
5467,490
5468,490
5469,490
5470,490
5471,490
5472,491
5473,490
5474,490
5475,490
5476,491
5477,491
5478,491
5479,491
5480,491
5481,491
5482,491
5483,491
5484,491
5485,491
5486,491
5487,492
5488,492
5489,491
5490,491
5491,491
5492,491
5493,491
5494,491
5495,491
5496,491
5497,491
5498,491
5499,491
5500,490
5501,490
5502,491
5503,491
5504,491
5505,490
5506,490
5507,490
5508,490
5509,490
5510,490
5511,490
5512,490
5513,491
5514,490
5515,490
5516,490
5517,490
5518,490
5519,490
5520,490
5521,490
5522,490
5523,490
5524,490
5525,489
5526,489
5527,489
5528,490
5529,489
5530,489
5531,489
5532,489
5533,489
5534,489
5535,489
5536,489
5537,489
5538,489
5539,489
5540,489
5541,489
5542,489
5543,490
5544,490
5545,490
5546,490
5547,490
5548,490
5549,490
5550,490
5551,490
5552,490
5553,491
5554,490
5555,490
5556,490
5557,491
5558,491
5559,491
5560,491
5561,491
5562,491
5563,491
5564,491
5565,491
5566,491
5567,491
5568,492
5569,492
5570,492
5571,491
5572,491
5573,492
5574,492
5575,492
5576,491
5577,492
5578,492
5579,492
5580,492
5581,491
5582,491
5583,491
5584,491
5585,491
5586,491
5587,491
5588,491
5589,491
5590,491
5591,491
5592,491
5593,491
5594,491
5595,491
5596,491
5597,491
5598,491
5599,491
5600,491
5601,491
5602,491
5603,491
5604,491
5605,491
5606,490
5607,490
5608,490
5609,491
5610,491
5611,490
5612,490
5613,490
5614,490
5615,490
5616,490
5617,490
5618,490
5619,490
5620,490
5621,490
5622,490
5623,490
5624,491
5625,491
5626,490
5627,490
5628,490
5629,491
5630,491
5631,491
5632,490
5633,490
5634,491
5635,490
5636,490
5637,490
5638,490
5639,490
5640,490
5641,490
5642,490
5643,490
5644,490
5645,490
5646,490
5647,489
5648,489
5649,490
5650,490
5651,490
5652,489
5653,489
5654,490
5655,490
5656,490
5657,489
5658,489
5659,489
5660,489
5661,489
5662,489
5663,489
5664,489
5665,489
5666,489
5667,489
5668,489
5669,489
5670,489
5671,489
5672,489
5673,489
5674,489
5675,490
5676,490
5677,489
5678,489
5679,489
5680,490
5681,490
5682,490
5683,490
5684,490
5685,490
5686,490
5687,490
5688,490
5689,490
5690,491
5691,491
5692,490
5693,490
5694,490
5695,491
5696,491
5697,491
5698,491
5699,491
5700,491
5701,491
5702,491
5703,491
5704,491
5705,491
5706,491
5707,491
5708,491
5709,491
5710,491
5711,491
5712,491
5713,491
5714,491
5715,491
5716,491
5717,491
5718,491
5719,491
5720,491
5721,491
5722,491
5723,491
5724,491
5725,491
5726,491
5727,491
5728,490
5729,490
5730,490
5731,490
5732,490
5733,490
5734,490
5735,490
5736,490
5737,490
5738,489
5739,489
5740,490
5741,490
5742,490
5743,489
5744,489
5745,489
5746,489
5747,489
5748,489
5749,489
5750,489
5751,489
5752,489
5753,489
5754,489
5755,489
5756,489
5757,489
5758,489
5759,489
5760,489
5761,489
5762,489
5763,489
5764,489
5765,489
5766,490
5767,490
5768,489
5769,489
5770,489
5771,490
5772,490
5773,490
5774,490
5775,490
5776,490
5777,490
5778,490
5779,490
5780,490
5781,491
5782,491
5783,491
5784,490
5785,490
5786,491
5787,491
5788,491
5789,490
5790,491
5791,491
5792,491
5793,491
5794,491
5795,491
5796,491
5797,491
5798,491
5799,491
5800,491
5801,491
5802,491
5803,491
5804,490
5805,491
5806,491
5807,491
5808,491
5809,490
5810,490
5811,490
5812,491
5813,490
5814,490
5815,490
5816,490
5817,490
5818,490
5819,490
5820,490
5821,490
5822,490
5823,490
5824,489
5825,489
5826,489
5827,490
5828,490
5829,489
5830,489
5831,489
5832,490
5833,490
5834,490
5835,490
5836,490
5837,490
5838,490
5839,490
5840,490
5841,490
5842,490
5843,490
5844,490
5845,490
5846,490
5847,491
5848,491
5849,490
5850,490
5851,490
5852,490
5853,490
5854,490
5855,490
5856,490
5857,491
5858,491
5859,491
5860,490
5861,490
5862,491
5863,491
5864,491
5865,490
5866,490
5867,491
5868,491
5869,491
5870,490
5871,490
5872,491
5873,491
5874,491
5875,490
5876,490
5877,490
5878,490
5879,490
5880,490
5881,490
5882,490
5883,490
5884,490
5885,490
5886,490
5887,490
5888,491
5889,491
5890,490
5891,490
5892,491
5893,491
5894,491
5895,490
5896,491
5897,491
5898,491
5899,491
5900,491
5901,491
5902,491
5903,492
5904,491
5905,491
5906,491
5907,491
5908,491
5909,491
5910,491
5911,491
5912,491
5913,492
5914,492
5915,491
5916,491
5917,491
5918,492
5919,492
5920,492
5921,492
5922,492
5923,492
5924,492
5925,492
5926,492
5927,492
5928,492
5929,492
5930,492
5931,491
5932,491
5933,492
5934,492
5935,492
5936,491
5937,491
5938,491
5939,491
5940,491
5941,491
5942,491
5943,491
5944,491
5945,491
5946,490
5947,490
5948,491
5949,491
5950,490
5951,490
5952,490
5953,490
5954,490
5955,490
5956,490
5957,490
5958,490
5959,490
5960,490
5961,490
5962,490
5963,490
5964,490
5965,490
5966,489
5967,489
5968,490
5969,490
5970,490
5971,489
5972,489
5973,490
5974,490
5975,490
5976,489
5977,489
5978,489
5979,490
5980,490
5981,490
5982,490
5983,490
5984,490
5985,490
5986,490
5987,490
5988,490
5989,490
5990,490
5991,490
5992,490
5993,490
5994,491
5995,491
5996,491
5997,491
5998,491
5999,491
6000,491
6001,491
6002,491
6003,491
6004,492
6005,492
6006,491
6007,491
6008,491
6009,492
6010,492
6011,491
6012,491
6013,491
6014,492
6015,491
6016,491
6017,491
6018,491
6019,491
6020,491
6021,491
6022,491
6023,491
6024,491
6025,491
6026,491
6027,491
6028,491
6029,491
6030,491
6031,491
6032,490
6033,490
6034,490
6035,490
6036,490
6037,490
6038,490
6039,490
6040,490
6041,490
6042,489
6043,489
6044,489
6045,490
6046,490
6047,489
6048,489
6049,489
6050,490
6051,490
6052,489
6053,489
6054,489
6055,490
6056,490
6057,489
6058,489
6059,490
6060,490
6061,490
6062,490
6063,490
6064,490
6065,490
6066,490
6067,490
6068,490
6069,490
6070,491
6071,491
6072,491
6073,491
6074,491
6075,491
6076,491
6077,491
6078,491
6079,491
6080,491
6081,491
6082,491
6083,491
6084,491
6085,492
6086,492
6087,492
6088,491
6089,491
6090,492
6091,491
6092,491
6093,491
6094,491
6095,491
6096,491
6097,491
6098,491
6099,491
6100,491
6101,491
6102,491
6103,490
6104,491
6105,491
6106,491
6107,491
6108,491
6109,491
6110,491
6111,491
6112,491
6113,490
6114,490
6115,490
6116,491
6117,491
6118,490
6119,490
6120,490
6121,490
6122,490
6123,490
6124,489
6125,490
6126,490
6127,490
6128,490
6129,490
6130,490
6131,490
6132,490
6133,490
6134,490
6135,490
6136,490
6137,490
6138,490
6139,490
6140,490
6141,490
6142,490
6143,490
6144,490
6145,490
6146,490
6147,490
6148,490
6149,489
6150,489
6151,490
6152,490
6153,490
6154,489
6155,489
6156,489
6157,489
6158,489
6159,489
6160,489
6161,490
6162,490
6163,490
6164,489
6165,489
6166,490
6167,490
6168,490
6169,489
6170,489
6171,490
6172,490
6173,490
6174,489
6175,489
6176,490
6177,490
6178,490
6179,489
6180,489
6181,490
6182,490
6183,490
6184,489
6185,489
6186,489
6187,490
6188,490
6189,490
6190,490
6191,490
6192,490
6193,490
6194,490
6195,490
6196,491
6197,491
6198,491
6199,491
6200,491
6201,491
6202,491
6203,491
6204,491
6205,491
6206,491
6207,491
6208,491
6209,491
6210,491
6211,491
6212,492
6213,492
6214,491
6215,491
6216,491
6217,492
6218,492
6219,491
6220,491
6221,491
6222,492
6223,492
6224,492
6225,491
6226,491
6227,492
6228,491
6229,491
6230,491
6231,491
6232,492
6233,491
6234,491
6235,491
6236,491
6237,491
6238,491
6239,491
6240,491
6241,491
6242,491
6243,491
6244,490
6245,490
6246,490
6247,490
6248,490
6249,490
6250,490
6251,490
6252,490
6253,490
6254,490
6255,489
6256,489
6257,490
6258,490
6259,490
6260,489
6261,489
6262,489
6263,490
6264,490
6265,489
6266,489
6267,489
6268,490
6269,490
6270,489
6271,489
6272,490
6273,490
6274,490
6275,490
6276,490
6277,490
6278,490
6279,490
6280,490
6281,490
6282,490
6283,490
6284,490
6285,490
6286,490
6287,490
6288,490
6289,490
6290,490
6291,490
6292,490
6293,491
6294,491
6295,491
6296,490
6297,490
6298,491
6299,491
6300,491
6301,490
6302,491
6303,491
6304,491
6305,491
6306,490
6307,490
6308,491
6309,491
6310,491
6311,490
6312,490
6313,490
6314,490
6315,490
6316,490
6317,490
6318,490
6319,490
6320,490
6321,490
6322,490
6323,490
6324,490
6325,490
6326,489
6327,489
6328,489
6329,489
6330,489
6331,489
6332,489
6333,489
6334,489
6335,489
6336,488
6337,488
6338,488
6339,489
6340,489
6341,488
6342,488
6343,488
6344,489
6345,489
6346,488
6347,489
6348,489
6349,489
6350,489
6351,489
6352,489
6353,489
6354,489
6355,489
6356,489
6357,489
6358,489
6359,490
6360,490
6361,489
6362,489
6363,489
6364,489
6365,489
6366,489
6367,489
6368,489
6369,490
6370,490
6371,490
6372,489
6373,489
6374,490
6375,490
6376,490
6377,490
6378,490
6379,490
6380,490
6381,490
6382,490
6383,490
6384,490
6385,490
6386,490
6387,490
6388,490
6389,490
6390,490
6391,490
6392,490
6393,490
6394,490
6395,490
6396,490
6397,490
6398,490
6399,490
6400,491
6401,491
6402,490
6403,490
6404,491
6405,491
6406,491
6407,490
6408,490
6409,490
6410,491
6411,491
6412,491
6413,491
6414,491
6415,491
6416,491
6417,491
6418,491
6419,491
6420,491
6421,491
6422,491
6423,491
6424,491
6425,491
6426,491
6427,491
6428,491
6429,491
6430,491
6431,491
6432,491
6433,491
6434,491
6435,491
6436,491
6437,491
6438,491
6439,491
6440,491
6441,491
6442,491
6443,491
6444,491
6445,491
6446,491
6447,491
6448,491
6449,491
6450,491
6451,491
6452,490
6453,490
6454,490
6455,491
6456,491
6457,490
6458,490
6459,490
6460,490
6461,490
6462,490
6463,490
6464,490
6465,490
6466,490
6467,490
6468,490
6469,490
6470,490
6471,490
6472,490
6473,490
6474,490
6475,490
6476,490
6477,490
6478,489
6479,490
6480,490
6481,490
6482,490
6483,489
6484,489
6485,490
6486,490
6487,490
6488,490
6489,490
6490,490
6491,490
6492,490
6493,490
6494,490
6495,490
6496,490
6497,490
6498,490
6499,490
6500,490
6501,490
6502,490
6503,490
6504,490
6505,490
6506,490
6507,490
6508,490
6509,490
6510,490
6511,491
6512,490
6513,490
6514,490
6515,490
6516,491
6517,491
6518,491
6519,490
6520,490
6521,490
6522,490
6523,490
6524,490
6525,490
6526,490
6527,490
6528,490
6529,490
6530,490
6531,490
6532,490
6533,490
6534,490
6535,490
6536,490
6537,490
6538,490
6539,490
6540,490
6541,490
6542,490
6543,490
6544,490
6545,490
6546,490
6547,490
6548,490
6549,489
6550,489
6551,490
6552,490
6553,490
6554,490
6555,490
6556,490
6557,490
6558,490
6559,490
6560,490
6561,490
6562,490
6563,490
6564,490
6565,490
6566,490
6567,490
6568,490
6569,490
6570,490
6571,490
6572,491
6573,491
6574,491
6575,491
6576,491
6577,491
6578,491
6579,491
6580,491
6581,491
6582,491
6583,491
6584,491
6585,491
6586,491
6587,491
6588,491
6589,491
6590,491
6591,491
6592,491
6593,491
6594,491
6595,491
6596,491
6597,492
6598,491
6599,491
6600,491
6601,491
6602,491
6603,491
6604,491
6605,491
6606,491
6607,491
6608,491
6609,491
6610,490
6611,490
6612,490
6613,490
6614,490
6615,490
6616,490
6617,490
6618,490
6619,490
6620,490
6621,490
6622,490
6623,490
6624,490
6625,490
6626,490
6627,490
6628,490
6629,490
6630,490
6631,490
6632,490
6633,490
6634,490
6635,490
6636,490
6637,490
6638,490
6639,490
6640,489
6641,489
6642,489
6643,490
6644,490
6645,490
6646,490
6647,490
6648,490
6649,490
6650,490
6651,490
6652,490
6653,490
6654,490
6655,490
6656,490
6657,490
6658,490
6659,490
6660,490
6661,490
6662,490
6663,490
6664,490
6665,490
6666,489
6667,489
6668,490
6669,490
6670,490
6671,489
6672,490
6673,490
6674,490
6675,490
6676,489
6677,489
6678,490
6679,490
6680,490
6681,490
6682,490
6683,490
6684,490
6685,490
6686,489
6687,490
6688,490
6689,490
6690,490
6691,489
6692,489
6693,490
6694,490
6695,490
6696,489
6697,489
6698,489
6699,490
6700,490
6701,489
6702,489
6703,490
6704,490
6705,490
6706,490
6707,490
6708,490
6709,491
6710,491
6711,490
6712,490
6713,490
6714,491
6715,491
6716,491
6717,491
6718,491
6719,491
6720,491
6721,491
6722,491
6723,491
6724,491
6725,491
6726,491
6727,491
6728,491
6729,491
6730,491
6731,491
6732,491
6733,491
6734,492
6735,491
6736,491
6737,491
6738,491
6739,492
6740,491
6741,491
6742,491
6743,491
6744,491
6745,491
6746,491
6747,491
6748,491
6749,491
6750,491
6751,491
6752,491
6753,491
6754,491
6755,491
6756,491
6757,490
6758,490
6759,491
6760,490
6761,490
6762,490
6763,490
6764,490
6765,490
6766,490
6767,490
6768,490
6769,490
6770,490
6771,490
6772,489
6773,490
6774,490
6775,490
6776,490
6777,489
6778,489
6779,490
6780,490
6781,490
6782,490
6783,490
6784,490
6785,490
6786,490
6787,490
6788,490
6789,490
6790,491
6791,491
6792,490
6793,490
6794,490
6795,491
6796,491
6797,490
6798,491
6799,491
6800,491
6801,491
6802,491
6803,490
6804,490
6805,491
6806,491
6807,491
6808,491
6809,491
6810,491
6811,491
6812,491
6813,491
6814,491
6815,491
6816,491
6817,491
6818,491
6819,491
6820,491
6821,491
6822,491
6823,491
6824,491
6825,491
6826,491
6827,491
6828,491
6829,491
6830,491
6831,491
6832,491
6833,490
6834,490
6835,490
6836,491
6837,491
6838,490
6839,490
6840,490
6841,490
6842,490
6843,490
6844,490
6845,490
6846,490
6847,490
6848,489
6849,489
6850,489
6851,490
6852,490
6853,489
6854,489
6855,489
6856,490
6857,490
6858,489
6859,489
6860,489
6861,490
6862,490
6863,490
6864,490
6865,490
6866,490
6867,490
6868,490
6869,490
6870,490
6871,490
6872,490
6873,490
6874,490
6875,490
6876,491
6877,491
6878,490
6879,490
6880,490
6881,491
6882,491
6883,491
6884,491
6885,491
6886,491
6887,491
6888,491
6889,490
6890,491
6891,491
6892,491
6893,491
6894,491
6895,491
6896,491
6897,491
6898,491
6899,491
6900,491
6901,491
6902,491
6903,491
6904,490
6905,491
6906,491
6907,491
6908,491
6909,490
6910,490
6911,491
6912,491
6913,491
6914,491
6915,491
6916,491
6917,491
6918,491
6919,491
6920,491
6921,491
6922,491
6923,491
6924,490
6925,490
6926,490
6927,491
6928,491
6929,490
6930,490
6931,490
6932,491
6933,491
6934,490
6935,490
6936,490
6937,491
6938,491
6939,491
6940,491
6941,491
6942,491
6943,491
6944,491
6945,491
6946,491
6947,491
6948,491
6949,491
6950,491
6951,491
6952,491
6953,491
6954,491
6955,491
6956,491
6957,491
6958,491
6959,491
6960,490
6961,490
6962,490
6963,490
6964,490
6965,489
6966,489
6967,489
6968,489
6969,489
6970,489
6971,489
6972,489
6973,489
6974,489
6975,489
6976,489
6977,489
6978,489
6979,489
6980,489
6981,489
6982,489
6983,489
6984,489
6985,488
6986,489
6987,489
6988,489
6989,489
6990,488
6991,489
6992,489
6993,489
6994,489
6995,488
6996,488
6997,488
6998,489
6999,489
7000,488
7001,488
7002,488
7003,489
7004,489
7005,489
7006,489
7007,489
7008,489
7009,489
7010,489
7011,489
7012,489
7013,489
7014,490
7015,489
7016,490
7017,490
7018,490
7019,490
7020,490
7021,490
7022,490
7023,490
7024,490
7025,490
7026,490
7027,490
7028,491
7029,491
7030,490
7031,490
7032,490
7033,491
7034,491
7035,491
7036,490
7037,490
7038,491
7039,491
7040,490
7041,490
7042,490
7043,490
7044,490
7045,490
7046,490
7047,490
7048,490
7049,490
7050,490
7051,490
7052,490
7053,490
7054,490
7055,490
7056,490
7057,490
7058,490
7059,490
7060,490
7061,489
7062,489
7063,490
7064,490
7065,490
7066,489
7067,490
7068,490
7069,490
7070,490
7071,489
7072,489
7073,489
7074,490
7075,490
7076,489
7077,489
7078,489
7079,490
7080,490
7081,489
7082,489
7083,489
7084,490
7085,490
7086,490
7087,490
7088,490
7089,490
7090,490
7091,490
7092,490
7093,490
7094,491
7095,491
7096,491
7097,491
7098,491
7099,491
7100,491
7101,491
7102,491
7103,491
7104,492
7105,492
7106,492
7107,491
7108,491
7109,492
7110,492
7111,492
7112,491
7113,491
7114,492
7115,492
7116,491
7117,491
7118,491
7119,492
7120,491
7121,491
7122,491
7123,491
7124,491
7125,491
7126,491
7127,491
7128,491
7129,491
7130,491
7131,491
7132,490
7133,491
7134,491
7135,491
7136,491
7137,490
7138,490
7139,490
7140,490
7141,490
7142,490
7143,490
7144,490
7145,490
7146,490
7147,489
7148,489
7149,489
7150,490
7151,489
7152,489
7153,489
7154,489
7155,489
7156,489
7157,489
7158,489
7159,489
7160,490
7161,490
7162,490
7163,490
7164,490
7165,490
7166,490
7167,490
7168,489
7169,489
7170,490
7171,490
7172,489
7173,489
7174,489
7175,489
7176,489
7177,489
7178,489
7179,489
7180,490
7181,490
7182,490
7183,489
7184,489
7185,490
7186,490
7187,490
7188,489
7189,490
7190,490
7191,490
7192,490
7193,490
7194,490
7195,490
7196,490
7197,490
7198,489
7199,490
7200,490
7201,490
7202,490
7203,489
7204,489
7205,490
7206,490
7207,490
7208,489
7209,489
7210,489
7211,490
7212,490
7213,489
7214,490
7215,490
7216,490
7217,490
7218,490
7219,490
7220,490
7221,491
7222,491
7223,491
7224,491
7225,491
7226,492
7227,492
7228,491
7229,491
7230,491
7231,492
7232,492
7233,491
7234,491
7235,491
7236,492
7237,492
7238,492
7239,492
7240,492
7241,492
7242,492
7243,492
7244,492
7245,492
7246,492
7247,492
7248,492
7249,492
7250,492
7251,492
7252,492
7253,492
7254,491
7255,492
7256,492
7257,492
7258,492
7259,491
7260,491
7261,491
7262,491
7263,491
7264,491
7265,491
7266,491
7267,491
7268,491
7269,491
7270,491
7271,491
7272,491
7273,491
7274,490
7275,490
7276,490
7277,490
7278,490
7279,490
7280,490
7281,490
7282,490
7283,490
7284,490
7285,490
7286,490
7287,490
7288,490
7289,490
7290,490
7291,490
7292,490
7293,490
7294,490
7295,490
7296,490
7297,490
7298,490
7299,490
7300,490
7301,490
7302,490
7303,490
7304,490
7305,490
7306,490
7307,491
7308,491
7309,491
7310,491
7311,491
7312,491
7313,491
7314,491
7315,491
7316,491
7317,491
7318,491
7319,491
7320,491
7321,491
7322,491
7323,491
7324,491
7325,491
7326,491
7327,492
7328,491
7329,491
7330,491
7331,491
7332,492
7333,491
7334,491
7335,491
7336,491
7337,491
7338,491
7339,491
7340,491
7341,491
7342,491
7343,491
7344,491
7345,490
7346,490
7347,490
7348,490
7349,490
7350,490
7351,490
7352,490
7353,490
7354,490
7355,489
7356,489
7357,489
7358,489
7359,489
7360,489
7361,489
7362,489
7363,489
7364,489
7365,488
7366,488
7367,488
7368,488
7369,488
7370,488
7371,488
7372,488
7373,489
7374,489
7375,488
7376,488
7377,488
7378,489
7379,489
7380,488
7381,488
7382,489
7383,489
7384,489
7385,489
7386,489
7387,489
7388,489
7389,489
7390,489
7391,489
7392,489
7393,490
7394,490
7395,490
7396,490
7397,490
7398,490
7399,490
7400,490
7401,490
7402,490
7403,491
7404,491
7405,491
7406,490
7407,490
7408,491
7409,491
7410,491
7411,490
7412,490
7413,491
7414,491
7415,491
7416,491
7417,491
7418,491
7419,491
7420,491
7421,490
7422,491
7423,491
7424,491
7425,491
7426,491
7427,491
7428,491
7429,491
7430,491
7431,491
7432,491
7433,491
7434,491
7435,491
7436,491
7437,491
7438,491
7439,491
7440,491
7441,490
7442,490
7443,491
7444,491
7445,491
7446,490
7447,490
7448,490
7449,491
7450,491
7451,491
7452,491
7453,491
7454,491
7455,491
7456,491
7457,491
7458,491
7459,491
7460,491
7461,491
7462,491
7463,491
7464,491
7465,491
7466,491
7467,491
7468,491
7469,491
7470,491
7471,491
7472,490
7473,490
7474,490
7475,490
7476,490
7477,490
7478,490
7479,490
7480,489
7481,489
7482,489
7483,489
7484,490
7485,490
7486,489
7487,489
7488,489
7489,489
7490,489
7491,489
7492,489
7493,489
7494,489
7495,489
7496,489
7497,489
7498,489
7499,489
7500,489
7501,489
7502,489
7503,489
7504,489
7505,489
7506,489
7507,488
7508,489
7509,489
7510,489
7511,489
7512,488
7513,488
7514,488
7515,489
7516,489
7517,489
7518,489
7519,489
7520,489
7521,489
7522,489
7523,489
7524,489
7525,489
7526,489
7527,489
7528,489
7529,489
7530,490
7531,490
7532,490
7533,490
7534,490
7535,490
7536,490
7537,490
7538,490
7539,490
7540,490
7541,490
7542,490
7543,490
7544,490
7545,490
7546,490
7547,490
7548,489
7549,489
7550,490
7551,490
7552,490
7553,489
7554,489
7555,490
7556,490
7557,490
7558,489
7559,489
7560,490
7561,490
7562,490
7563,490
7564,490
7565,490
7566,490
7567,490
7568,489
7569,490
7570,490
7571,490
7572,490
7573,489
7574,489
7575,490
7576,490
7577,489
7578,489
7579,489
7580,489
7581,489
7582,489
7583,489
7584,489
7585,489
7586,489
7587,489
7588,489
7589,489
7590,489
7591,489
7592,489
7593,489
7594,489
7595,489
7596,490
7597,489
7598,489
7599,490
7600,490
7601,490
7602,490
7603,490
7604,490
7605,490
7606,490
7607,490
7608,490
7609,490
7610,490
7611,491
7612,491
7613,491
7614,491
7615,491
7616,491
7617,491
7618,491
7619,491
7620,491
7621,491
7622,491
7623,491
7624,491
7625,491
7626,491
7627,491
7628,491
7629,491
7630,491
7631,491
7632,491
7633,491
7634,491
7635,491
7636,491
7637,491
7638,491
7639,491
7640,491
7641,491
7642,491
7643,491
7644,490
7645,490
7646,490
7647,490
7648,490
7649,490
7650,490
7651,490
7652,490
7653,490
7654,489
7655,489
7656,489
7657,489
7658,489
7659,489
7660,489
7661,489
7662,489
7663,489
7664,489
7665,489
7666,489
7667,489
7668,489
7669,489
7670,489
7671,489
7672,489
7673,489
7674,489
7675,489
7676,489
7677,490
7678,489
7679,489
7680,489
7681,489
7682,489
7683,489
7684,489
7685,489
7686,489
7687,490
7688,490
7689,490
7690,489
7691,489
7692,490
7693,490
7694,489
7695,489
7696,489
7697,490
7698,489
7699,489
7700,489
7701,489
7702,490
7703,490
7704,490
7705,489
7706,489
7707,490
7708,490
7709,490
7710,489
7711,489
7712,489
7713,489
7714,489
7715,489
7716,489
7717,489
7718,489
7719,489
7720,489
7721,489
7722,489
7723,489
7724,489
7725,489
7726,489
7727,489
7728,490
7729,490
7730,490
7731,490
7732,490
7733,491
7734,491
7735,490
7736,490
7737,491
7738,491
7739,491
7740,491
7741,491
7742,491
7743,491
7744,491
7745,491
7746,491
7747,491
7748,492
7749,492
7750,492
7751,492
7752,492
7753,492
7754,492
7755,492
7756,492
7757,492
7758,492
7759,492
7760,492
7761,492
7762,492
7763,492
7764,492
7765,492
7766,492
7767,492
7768,492
7769,492
7770,492
7771,491
7772,491
7773,491
7774,491
7775,491
7776,491
7777,491
7778,491
7779,491
7780,491
7781,490
7782,490
7783,490
7784,490
7785,490
7786,490
7787,490
7788,490
7789,490
7790,490
7791,489
7792,489
7793,489
7794,489
7795,489
7796,489
7797,489
7798,489
7799,489
7800,489
7801,489
7802,489
7803,489
7804,489
7805,489
7806,489
7807,489
7808,489
7809,490
7810,489
7811,489
7812,489
7813,489
7814,490
7815,489
7816,489
7817,489
7818,489
7819,490
7820,490
7821,490
7822,490
7823,490
7824,490
7825,490
7826,490
7827,490
7828,490
7829,490
7830,490
7831,490
7832,490
7833,490
7834,491
7835,491
7836,490
7837,490
7838,490
7839,491
7840,491
7841,491
7842,490
7843,490
7844,491
7845,491
7846,490
7847,490
7848,490
7849,490
7850,490
7851,490
7852,490
7853,490
7854,490
7855,490
7856,490
7857,490
7858,490
7859,490
7860,490
7861,490
7862,489
7863,489
7864,490
7865,490
7866,490
7867,489
7868,490
7869,490
7870,490
7871,490
7872,489
7873,489
7874,489
7875,490
7876,490
7877,489
7878,489
7879,489
7880,490
7881,490
7882,489
7883,489
7884,489
7885,490
7886,490
7887,489
7888,489
7889,490
7890,490
7891,490
7892,490
7893,490
7894,490
7895,490
7896,490
7897,490
7898,490
7899,490
7900,491
7901,491
7902,491
7903,491
7904,491
7905,491
7906,491
7907,491
7908,491
7909,491
7910,492
7911,492
7912,492
7913,492
7914,492
7915,492
7916,492
7917,492
7918,492
7919,492
7920,492
7921,492
7922,492
7923,492
7924,492
7925,492
7926,492
7927,492
7928,491
7929,491
7930,491
7931,491
7932,491
7933,491
7934,491
7935,491
7936,491
7937,491
7938,491
7939,491
7940,491
7941,492
7942,492
7943,491
7944,491
7945,491
7946,491
7947,491
7948,491
7949,491
7950,491
7951,491
7952,491
7953,490
7954,490
7955,490
7956,491
7957,491
7958,490
7959,490
7960,490
7961,491
7962,490
7963,490
7964,490
7965,490
7966,490
7967,490
7968,490
7969,490
7970,490
7971,491
7972,490
7973,490
7974,490
7975,490
7976,491
7977,491
7978,491
7979,490
7980,490
7981,491
7982,490
7983,490
7984,490
7985,490
7986,490
7987,490
7988,490
7989,489
7990,489
7991,490
7992,489
7993,489
7994,489
7995,489
7996,490
7997,490
7998,490
7999,489
8000,489
8001,490
8002,490
8003,490
8004,489
8005,489
8006,490
8007,490
8008,490
8009,489
8010,489
8011,489
8012,489
8013,489
8014,489
8015,489
8016,489
8017,489
8018,489
8019,489
8020,489
8021,489
8022,490
8023,490
8024,489
8025,489
8026,490
8027,490
8028,490
8029,490
8030,490
8031,490
8032,490
8033,490
8034,490
8035,490
8036,490
8037,491
8038,491
8039,491
8040,491
8041,491
8042,491
8043,491
8044,491
8045,491
8046,491
8047,491
8048,491
8049,491
8050,491
8051,491
8052,491
8053,491
8054,491
8055,491
8056,491
8057,492
8058,491
8059,491
8060,491
8061,491
8062,492
8063,492
8064,491
8065,491
8066,491
8067,492
8068,491
8069,491
8070,491
8071,491
8072,491
8073,491
8074,491
8075,491
8076,491
8077,491
8078,491
8079,491
8080,490
8081,490
8082,491
8083,491
8084,490
8085,490
8086,490
8087,490
8088,490
8089,490
8090,490
8091,490
8092,490
8093,490
8094,490
8095,489
8096,489
8097,490
8098,490
8099,490
8100,489
8101,489
8102,489
8103,490
8104,490
8105,489
8106,489
8107,490
8108,490
8109,490
8110,489
8111,489
8112,490
8113,490
8114,490
8115,490
8116,490
8117,490
8118,490
8119,490
8120,490
8121,490
8122,490
8123,490
8124,490
8125,490
8126,490
8127,490
8128,490
8129,490
8130,490
8131,490
8132,490
8133,491
8134,491
8135,491
8136,490
8137,490
8138,491
8139,491
8140,491
8141,490
8142,490
8143,491
8144,491
8145,491
8146,490
8147,490
8148,491
8149,491
8150,491
8151,490
8152,490
8153,490
8154,490
8155,490
8156,490
8157,490
8158,490
8159,490
8160,490
8161,489
8162,489
8163,490
8164,490
8165,489
8166,489
8167,489
8168,489
8169,489
8170,489
8171,489
8172,489
8173,489
8174,489
8175,489
8176,489
8177,489
8178,489
8179,489
8180,489
8181,489
8182,489
8183,489
8184,489
8185,489
8186,489
8187,489
8188,489
8189,490
8190,490
8191,489
8192,489
8193,489
8194,490
8195,490
8196,489
8197,490
8198,490
8199,490
8200,490
8201,490
8202,490
8203,490
8204,490
8205,490
8206,490
8207,490
8208,490
8209,490
8210,490
8211,490
8212,490
8213,490
8214,491
8215,491
8216,491
8217,490
8218,490
8219,491
8220,491
8221,491
8222,490
8223,490
8224,491
8225,491
8226,490
8227,490
8228,490
8229,490
8230,490
8231,490
8232,490
8233,490
8234,490
8235,490
8236,490
8237,490
8238,490
8239,490
8240,491
8241,491
8242,491
8243,491
8244,491
8245,491
8246,491
8247,491
8248,491
8249,491
8250,491
8251,491
8252,491
8253,491
8254,491
8255,492
8256,492
8257,491
8258,491
8259,491
8260,492
8261,492
8262,492
8263,492
8264,492
8265,492
8266,492
8267,492
8268,492
8269,492
8270,492
8271,492
8272,492
8273,492
8274,492
8275,492
8276,492
8277,492
8278,492
8279,492
8280,492
8281,492
8282,492
8283,492
8284,492
8285,492
8286,492
8287,492
8288,491
8289,491
8290,491
8291,491
8292,491
8293,491
8294,491
8295,491
8296,491
8297,491
8298,490
8299,490
8300,490
8301,490
8302,490
8303,489
8304,490
8305,490
8306,490
8307,490
8308,489
8309,489
8310,490
8311,490
8312,490
8313,489
8314,489
8315,490
8316,490
8317,490
8318,489
8319,489
8320,489
8321,490
8322,490
8323,489
8324,489
8325,490
8326,490
8327,490
8328,490
8329,490
8330,490
8331,490
8332,490
8333,490
8334,490
8335,490
8336,490
8337,490
8338,490
8339,490
8340,491
8341,491
8342,491
8343,491
8344,491
8345,491
8346,491
8347,491
8348,491
8349,491
8350,491
8351,492
8352,492
8353,491
8354,491
8355,491
8356,492
8357,492
8358,492
8359,491
8360,491
8361,492
8362,492
8363,492
8364,491
8365,491
8366,492
8367,492
8368,492
8369,491
8370,491
8371,491
8372,491
8373,491
8374,491
8375,491
8376,491
8377,491
8378,491
8379,490
8380,491
8381,491
8382,491
8383,490
8384,490
8385,490
8386,490
8387,491
8388,490
8389,490
8390,490
8391,490
8392,490
8393,490
8394,489
8395,490
8396,490
8397,490
8398,490
8399,489
8400,489
8401,490
8402,490
8403,490
8404,490
8405,490
8406,490
8407,490
8408,490
8409,490
8410,490
8411,490
8412,490
8413,490
8414,490
8415,490
8416,490
8417,491
8418,491
8419,490
8420,490
8421,490
8422,490
8423,490
8424,490
8425,490
8426,490
8427,491
8428,491
8429,491
8430,490
8431,490
8432,491
8433,491
8434,491
8435,490
8436,490
8437,491
8438,491
8439,490
8440,490
8441,490
8442,491
8443,491
8444,491
8445,490
8446,490
8447,490
8448,491
8449,491
8450,490
8451,490
8452,490
8453,490
8454,490
8455,490
8456,490
8457,490
8458,490
8459,490
8460,490
8461,490
8462,490
8463,490
8464,490
8465,490
8466,490
8467,490
8468,490
8469,490
8470,490
8471,490
8472,490
8473,490
8474,490
8475,490
8476,490
8477,490
8478,490
8479,490
8480,490
8481,490
8482,490
8483,491
8484,490
8485,490
8486,490
8487,490
8488,491
8489,491
8490,491
8491,490
8492,490
8493,491
8494,491
8495,490
8496,490
8497,490
8498,490
8499,490
8500,490
8501,490
8502,490
8503,490
8504,490
8505,490
8506,490
8507,490
8508,490
8509,490
8510,490
8511,490
8512,490
8513,490
8514,490
8515,490
8516,489
8517,489
8518,490
8519,490
8520,490
8521,489
8522,489
8523,489
8524,489
8525,489
8526,489
8527,489
8528,489
8529,489
8530,489
8531,489
8532,489
8533,489
8534,489
8535,489
8536,489
8537,489
8538,489
8539,489
8540,489
8541,489
8542,489
8543,489
8544,489
8545,489
8546,489
8547,489
8548,489
8549,490
8550,490
8551,490
8552,490
8553,490
8554,490
8555,490
8556,490
8557,490
8558,490
8559,490
8560,490
8561,490
8562,490
8563,490
8564,491
8565,490
8566,490
8567,490
8568,490
8569,491
8570,490
8571,490
8572,490
8573,490
8574,491
8575,491
8576,490
8577,490
8578,490
8579,490
8580,490
8581,490
8582,490
8583,490
8584,490
8585,490
8586,490
8587,490
8588,490
8589,490
8590,490
8591,490
8592,490
8593,490
8594,490
8595,490
8596,490
8597,490
8598,490
8599,490
8600,490
8601,490
8602,489
8603,490
8604,490
8605,490
8606,490
8607,489
8608,489
8609,489
8610,489
8611,489
8612,489
8613,489
8614,489
8615,490
8616,490
8617,489
8618,489
8619,489
8620,490
8621,490
8622,489
8623,489
8624,489
8625,490
8626,490
8627,490
8628,490
8629,490
8630,490
8631,490
8632,490
8633,490
8634,490
8635,490
8636,490
8637,490
8638,490
8639,490
8640,491
8641,491
8642,491
8643,490
8644,490
8645,491
8646,491
8647,491
8648,491
8649,491
8650,491
8651,491
8652,491
8653,491
8654,491
8655,491
8656,491
8657,491
8658,491
8659,491
8660,491
8661,491
8662,491
8663,491
8664,491
8665,491
8666,491
8667,491
8668,491
8669,491
8670,491
8671,491
8672,491
8673,490
8674,490
8675,490
8676,491
8677,491
8678,490
8679,490
8680,490
8681,490
8682,490
8683,490
8684,490
8685,490
8686,490
8687,490
8688,489
8689,489
8690,489
8691,490
8692,490
8693,490
8694,490
8695,490
8696,490
8697,490
8698,490
8699,490
8700,490
8701,490
8702,490
8703,490
8704,490
8705,490
8706,490
8707,490
8708,490
8709,490
8710,490
8711,490
8712,490
8713,490
8714,490
8715,490
8716,490
8717,490
8718,490
8719,490
8720,490
8721,491
8722,491
8723,491
8724,490
8725,490
8726,490
8727,490
8728,490
8729,490
8730,490
8731,491
8732,491
8733,491
8734,490
8735,490
8736,491
8737,491
8738,491
8739,490
8740,490
8741,490
8742,490
8743,490
8744,490
8745,490
8746,490
8747,490
8748,490
8749,490
8750,490
8751,490
8752,491
8753,491
8754,491
8755,491
8756,491
8757,491
8758,491
8759,491
8760,491
8761,491
8762,491
8763,491
8764,491
8765,491
8766,491
8767,491
8768,491
8769,490
8770,490
8771,490
8772,491
8773,491
8774,491
8775,491
8776,491
8777,491
8778,491
8779,491
8780,491
8781,491
8782,491
8783,491
8784,491
8785,491
8786,491
8787,491
8788,491
8789,491
8790,491
8791,491
8792,491
8793,491
8794,491
8795,490
8796,490
8797,490
8798,490
8799,490
8800,490
8801,490
8802,490
8803,490
8804,489
8805,489
8806,489
8807,490
8808,490
8809,490
8810,489
8811,489
8812,489
8813,489
8814,489
8815,489
8816,489
8817,489
8818,489
8819,489
8820,489
8821,489
8822,489
8823,489
8824,489
8825,489
8826,489
8827,489
8828,489
8829,489
8830,489
8831,489
8832,489
8833,489
8834,489
8835,489
8836,489
8837,489
8838,489
8839,489
8840,489
8841,489
8842,489
8843,490
8844,490
8845,489
8846,490
8847,490
8848,490
8849,490
8850,490
8851,490
8852,490
8853,490
8854,490
8855,490
8856,490
8857,490
8858,491
8859,491
8860,490
8861,490
8862,490
8863,491
8864,491
8865,490
8866,490
8867,490
8868,491
8869,491
8870,491
8871,490
8872,490
8873,490
8874,490
8875,490
8876,490
8877,490
8878,490
8879,490
8880,490
8881,490
8882,490
8883,490
8884,490
8885,490
8886,490
8887,490
8888,490
8889,490
8890,490
8891,490
8892,490
8893,490
8894,490
8895,490
8896,490
8897,490
8898,490
8899,490
8900,490
8901,489
8902,489
8903,489
8904,489
8905,489
8906,489
8907,489
8908,489
8909,489
8910,489
8911,489
8912,489
8913,489
8914,489
8915,489
8916,489
8917,489
8918,489
8919,490
8920,489
8921,489
8922,489
8923,490
8924,490
8925,490
8926,490
8927,490
8928,490
8929,490
8930,490
8931,490
8932,490
8933,490
8934,491
8935,491
8936,491
8937,491
8938,491
8939,491
8940,491
8941,491
8942,491
8943,491
8944,491
8945,491
8946,491
8947,491
8948,491
8949,491
8950,491
8951,491
8952,491
8953,491
8954,491
8955,491
8956,491
8957,491
8958,491
8959,491
8960,492
8961,491
8962,491
8963,491
8964,491
8965,491
8966,491
8967,491
8968,491
8969,491
8970,491
8971,491
8972,491
8973,491
8974,491
8975,491
8976,491
8977,491
8978,491
8979,491
8980,491
8981,491
8982,490
8983,490
8984,490
8985,491
8986,490
8987,490
8988,490
8989,490
8990,490
8991,490
8992,490
8993,490
8994,490
8995,490
8996,490
8997,490
8998,490
8999,490
9000,491
9001,491
9002,491
9003,490
9004,490
9005,491
9006,491
9007,490
9008,490
9009,490
9010,490
9011,490
9012,490
9013,490
9014,490
9015,490
9016,490
9017,490
9018,489
9019,489
9020,490
9021,489
9022,489
9023,489
9024,489
9025,489
9026,489
9027,489
9028,489
9029,489
9030,490
9031,489
9032,489
9033,489
9034,489
9035,489
9036,489
9037,489
9038,489
9039,489
9040,489
9041,489
9042,489
9043,489
9044,489
9045,489
9046,489
9047,489
9048,488
9049,488
9050,489
9051,489
9052,489
9053,489
9054,489
9055,489
9056,489
9057,489
9058,489
9059,489
9060,489
9061,490
9062,490
9063,489
9064,489
9065,490
9066,490
9067,490
9068,490
9069,490
9070,490
9071,490
9072,490
9073,490
9074,490
9075,490
9076,490
9077,490
9078,490
9079,490
9080,490
9081,490
9082,490
9083,490
9084,490
9085,490
9086,491
9087,491
9088,490
9089,490
9090,490
9091,491
9092,491
9093,491
9094,490
9095,490
9096,491
9097,491
9098,491
9099,491
9100,491
9101,491
9102,491
9103,491
9104,491
9105,491
9106,491
9107,491
9108,491
9109,490
9110,490
9111,491
9112,491
9113,491
9114,490
9115,490
9116,490
9117,490
9118,490
9119,490
9120,490
9121,490
9122,490
9123,490
9124,490
9125,490
9126,490
9127,490
9128,490
9129,490
9130,490
9131,490
9132,490
9133,490
9134,490
9135,490
9136,490
9137,490
9138,490
9139,490
9140,490
9141,490
9142,490
9143,490
9144,489
9145,489
9146,489
9147,490
9148,490
9149,490
9150,490
9151,490
9152,490
9153,490
9154,490
9155,490
9156,490
9157,490
9158,490
9159,490
9160,490
9161,490
9162,491
9163,491
9164,491
9165,490
9166,490
9167,491
9168,491
9169,491
9170,490
9171,490
9172,491
9173,491
9174,491
9175,490
9176,490
9177,491
9178,491
9179,491
9180,490
9181,490
9182,490
9183,490
9184,490
9185,490
9186,490
9187,490
9188,490
9189,490
9190,489
9191,489
9192,490
9193,489
9194,489
9195,489
9196,489
9197,489
9198,489
9199,489
9200,489
9201,489
9202,489
9203,489
9204,489
9205,489
9206,489
9207,489
9208,489
9209,489
9210,489
9211,489
9212,489
9213,489
9214,489
9215,489
9216,489
9217,489
9218,490
9219,490
9220,489
9221,490
9222,490
9223,490
9224,490
9225,490
9226,490
9227,490
9228,490
9229,490
9230,490
9231,490
9232,490
9233,490
9234,490
9235,490
9236,490
9237,490
9238,491
9239,491
9240,491
9241,491
9242,491
9243,491
9244,491
9245,491
9246,491
9247,491
9248,491
9249,491
9250,491
9251,491
9252,491
9253,491
9254,491
9255,491
9256,491
9257,491
9258,491
9259,491
9260,491
9261,491
9262,491
9263,491
9264,491
9265,491
9266,491
9267,491
9268,491
9269,491
9270,491
9271,491
9272,491
9273,491
9274,491
9275,491
9276,491
9277,491
9278,491
9279,491
9280,491
9281,491
9282,491
9283,491
9284,491
9285,491
9286,490
9287,490
9288,490
9289,491
9290,491
9291,491
9292,491
9293,490
9294,491
9295,491
9296,491
9297,491
9298,491
9299,491
9300,491
9301,491
9302,490
9303,490
9304,491
9305,491
9306,490
9307,490
9308,490
9309,490
9310,490
9311,490
9312,489
9313,489
9314,489
9315,489
9316,489
9317,489
9318,489
9319,489
9320,489
9321,489
9322,489
9323,489
9324,489
9325,489
9326,489
9327,489
9328,489
9329,489
9330,489
9331,489
9332,489
9333,489
9334,489
9335,489
9336,489
9337,489
9338,489
9339,489
9340,489
9341,489
9342,489
9343,489
9344,489
9345,489
9346,489
9347,488
9348,489
9349,489
9350,489
9351,489
9352,489
9353,489
9354,489
9355,489
9356,489
9357,489
9358,489
9359,489
9360,490
9361,490
9362,490
9363,490
9364,490
9365,490
9366,490
9367,490
9368,490
9369,490
9370,490
9371,490
9372,490
9373,490
9374,490
9375,491
9376,491
9377,490
9378,490
9379,490
9380,491
9381,491
9382,491
9383,490
9384,490
9385,491
9386,491
9387,491
9388,490
9389,490
9390,491
9391,491
9392,491
9393,490
9394,490
9395,491
9396,491
9397,491
9398,490
9399,491
9400,491
9401,491
9402,491
9403,490
9404,490
9405,491
9406,491
9407,491
9408,490
9409,490
9410,490
9411,490
9412,490
9413,490
9414,490
9415,490
9416,490
9417,490
9418,489
9419,489
9420,490
9421,490
9422,490
9423,489
9424,489
9425,489
9426,490
9427,490
9428,489
9429,489
9430,489
9431,490
9432,490
9433,489
9434,489
9435,489
9436,490
9437,490
9438,490
9439,490
9440,490
9441,490
9442,490
9443,490
9444,490
9445,490
9446,490
9447,490
9448,490
9449,490
9450,490
9451,490
9452,490
9453,490
9454,490
9455,490
9456,490
9457,490
9458,490
9459,490
9460,490
9461,490
9462,490
9463,490
9464,490
9465,490
9466,490
9467,490
9468,490
9469,490
9470,490
9471,490
9472,491
9473,491
9474,490
9475,490
9476,490
9477,491
9478,491
9479,490
9480,490
9481,490
9482,491
9483,491
9484,490
9485,490
9486,490
9487,490
9488,490
9489,490
9490,490
9491,490
9492,490
9493,490
9494,490
9495,490
9496,490
9497,490
9498,490
9499,490
9500,490
9501,490
9502,490
9503,490
9504,490
9505,490
9506,490
9507,490
9508,490
9509,490
9510,490
9511,490
9512,491
9513,491
9514,491
9515,490
9516,490
9517,491
9518,491
9519,491
9520,490
9521,490
9522,490
9523,490
9524,490
9525,490
9526,490
9527,490
9528,490
9529,490
9530,490
9531,490
9532,490
9533,490
9534,490
9535,490
9536,490
9537,491
9538,491
9539,491
9540,490
9541,490
9542,491
9543,491
9544,491
9545,490
9546,491
9547,491
9548,491
9549,491
9550,490
9551,490
9552,491
9553,490
9554,490
9555,490
9556,490
9557,490
9558,491
9559,491
9560,490
9561,490
9562,491
9563,491
9564,491
9565,491
9566,491
9567,491
9568,491
9569,491
9570,491
9571,491
9572,491
9573,491
9574,491
9575,491
9576,491
9577,491
9578,491
9579,491
9580,491
9581,491
9582,491
9583,491
9584,491
9585,491
9586,491
9587,491
9588,491
9589,491
9590,491
9591,491
9592,491
9593,491
9594,491
9595,491
9596,491
9597,491
9598,491
9599,491
9600,491
9601,491
9602,491
9603,491
9604,491
9605,491
9606,491
9607,491
9608,491
9609,491
9610,491
9611,490
9612,490
9613,490
9614,490
9615,490
9616,490
9617,490
9618,491
9619,491
9620,490
9621,490
9622,490
9623,490
9624,490
9625,490
9626,490
9627,490
9628,490
9629,490
9630,490
9631,490
9632,490
9633,490
9634,490
9635,490
9636,490
9637,490
9638,490
9639,490
9640,490
9641,490
9642,490
9643,490
9644,490
9645,490
9646,490
9647,490
9648,490
9649,490
9650,490
9651,490
9652,490
9653,490
9654,490
9655,490
9656,490
9657,490
9658,490
9659,490
9660,490
9661,490
9662,490
9663,490
9664,490
9665,490
9666,490
9667,490
9668,490
9669,491
9670,490
9671,490
9672,490
9673,490
9674,491
9675,491
9676,491
9677,491
9678,491
9679,491
9680,491
9681,491
9682,490
9683,490
9684,491
9685,491
9686,491
9687,490
9688,490
9689,491
9690,491
9691,491
9692,490
9693,490
9694,491
9695,491
9696,491
9697,490
9698,490
9699,491
9700,491
9701,491
9702,490
9703,490
9704,491
9705,491
9706,491
9707,490
9708,490
9709,490
9710,491
9711,491
9712,490
9713,490
9714,490
9715,490
9716,490
9717,490
9718,490
9719,490
9720,490
9721,490
9722,490
9723,490
9724,490
9725,490
9726,490
9727,490
9728,490
9729,490
9730,490
9731,490
9732,490
9733,490
9734,490
9735,490
9736,490
9737,490
9738,490
9739,490
9740,491
9741,491
9742,490
9743,490
9744,490
9745,491
9746,491
9747,490
9748,490
9749,491
9750,491
9751,491
9752,491
9753,491
9754,491
9755,491
9756,491
9757,491
9758,491
9759,491
9760,491
9761,491
9762,491
9763,490
9764,490
9765,491
9766,491
9767,491
9768,490
9769,491
9770,491
9771,491
9772,491
9773,490
9774,491
9775,491
9776,491
9777,491
9778,490
9779,490
9780,491
9781,490
9782,490
9783,490
9784,490
9785,490
9786,490
9787,490
9788,490
9789,490
9790,490
9791,490
9792,490
9793,490
9794,490
9795,490
9796,490
9797,490
9798,490
9799,490
9800,490
9801,490
9802,490
9803,490
9804,490
9805,490
9806,490
9807,490
9808,490
9809,490
9810,490
9811,491
9812,490
9813,490
9814,490
9815,490
9816,490
9817,490
9818,490
9819,490
9820,490
9821,490
9822,490
9823,490
9824,490
9825,490
9826,490
9827,490
9828,490
9829,489
9830,490
9831,490
9832,490
9833,490
9834,490
9835,490
9836,490
9837,490
9838,490
9839,490
9840,490
9841,490
9842,490
9843,490
9844,490
9845,490
9846,490
9847,490
9848,490
9849,490
9850,490
9851,490
9852,490
9853,490
9854,490
9855,490
9856,490
9857,490
9858,490
9859,489
9860,489
9861,490
9862,490
9863,490
9864,490
9865,490
9866,490
9867,490
9868,490
9869,490
9870,490
9871,490
9872,491
9873,491
9874,490
9875,490
9876,490
9877,491
9878,491
9879,491
9880,491
9881,491
9882,491
9883,491
9884,491
9885,491
9886,491
9887,491
9888,491
9889,491
9890,491
9891,491
9892,491
9893,491
9894,491
9895,491
9896,491
9897,491
9898,491
9899,491
9900,490
9901,490
9902,491
9903,491
9904,491
9905,490
9906,490
9907,491
9908,491
9909,491
9910,490
9911,491
9912,491
9913,491
9914,491
9915,490
9916,490
9917,490
9918,490
9919,490
9920,490
9921,490
9922,490
9923,490
9924,490
9925,490
9926,490
9927,490
9928,490
9929,490
9930,489
9931,490
9932,490
9933,490
9934,490
9935,489
9936,490
9937,490
9938,490
9939,490
9940,490
9941,490
9942,490
9943,491
9944,491
9945,490
9946,490
9947,490
9948,491
9949,491
9950,491
9951,491
9952,491
9953,491
9954,491
9955,491
9956,491
9957,491
9958,491
9959,491
9960,491
9961,491
9962,491
9963,491
9964,491
9965,491
9966,491
9967,491
9968,491
9969,491
9970,491
9971,491
9972,491
9973,492
9974,492
9975,492
9976,491
9977,491
9978,492
9979,492
9980,492
9981,491
9982,491
9983,492
9984,492
9985,492
9986,491
9987,491
9988,491
9989,491
9990,491
9991,491
9992,491
9993,491
9994,491
9995,491
9996,490
9997,490
9998,490
9999,490
10000,490
